,rna_id,logits_0th_model_0,logits_0th_model_1,scores_0th_model,logits_1th_model_0,logits_1th_model_1,scores_1th_model,logits_2th_model_0,logits_2th_model_1,scores_2th_model,logits_3th_model_0,logits_3th_model_1,scores_3th_model,logits_4th_model_0,logits_4th_model_1,scores_4th_model,scores,rna,rna_id_original,rna_seq,confirmed
0,-1319,-6.730076,6.753796,0.99999857,-4.8942933,4.630423,0.9999269,-6.4191427,6.516899,0.9999976,-4.728682,4.640417,0.99991465,-3.9243484,3.7247357,0.99952376,0.9998723,ENST00000554639.5,-1319,GCAGAGAGGGAGCGCGCCTTGGCTCGCTGGCCTTGGCGGCGGCTCCTCAGGAGAGCTGGGGCGCCCACGAGAGGATCCCTCACCCGGGTCTCTCCTCAGGGATGACATCATCCGTCCACCTCCTTGTCTTCAAGGACCACCTCCTCTCCATGCTGAGCTGCTGCCAAGGGGCCTGCTGCCCATCTACACCTCACGAGGGCACTAGGAGCACGGTTTCCTGGATCCCACCAACATACAAAGCAGCCACTCACTGACCCCCAGGACCAGGATGGCAAAGGATGAAGAGGACCGGAACTGACCAGCCAGCTGTCCCTCTTACCTAAAGACTTAAACCAATGCCCTAGTGAGGGGGCATTGGGCATTAAGCCCTGACCTTTGCTATGCTCATACTTTGACTCTATGAGTACTTTCCTATAAGTCTTTGCTTGTGTTCACCTGCTAGCAAACTGGAGTGTTTCCCTCCCCAAGGGGGTGTCAGTCTTTGTCGACTGACTCTGTCATCACCCTTATGATGTCCTGAATGGAAGGATCCCTTTGGGAAATTCTCAGGAGGGGGACCTGGGCCAAGGGCTTGGCCAGCATCCTGCTGGCAACTCCAAGGCCCTGGGTGGGCTTCTGGAATGAGCATGCTACTGAATCACCAAAGGCACGCCCGACCTCTCTGAAGATCTTCCTATCCTTTTCTGGGGGAATGGGGTCGATGAGAGCAACCTCCTAGGGTTGTTGTGAGAATTAAATGAGATAAAAGAGGCCTCAGGCAGGATCTGGCATAGAGGAGGTGATCAGCAAATGTTTGTTGAAAAGGTTTGACAGGTCAGTCCCTTCCCACCCCTCTTGCTTGTCTTACTTGTCTTATTTATTCTCCAACAGCACTCCAGGCAGCCCTTGTCCACGGGCTCTCCTTGCATCAGCCAAGCTTCTTGAAAGGCCTGTCTACACTTGCTGTCTTCCTTCCTCACCTCCAATTTCCTCTTCAACCCACTGCTTCCTGACTCGCTCTACTCCGTGGAAGCACGCTCACAAAGGTTCCCAGTGCCCCCGACAAGCCCCTGCTGGTGTCTCCATCTCCTGCCAAGCATCCTCCAGTGCCTCCTCCTGTGGGCCTGGCCTCAGGGCTATGGACAGACTCCTGTCCCATCCCAGAGACCCCTCGTGATCGTGCCCTGGCACGTGGGCCGTGGCCCGGCTGGGTCGGCTGAAGAACTGCGGATGGAAGCTGCGGAAGAGGCCCTGATGGGGCCCACCATCCCGGACCCAAGTCTTCTTCCTGGCGGGCCTCTCGTCTCCTTCCTGGTTTGGGCGGAAGCCATCACCTGGATGCCTACGTGGGAAGGGACCTCGAATGTGGGACCCCAGCCCCTCTCCAGCTCGAAATCCCTCCACAGCCACGGGGACACCCTGCACCTATTCCCACGGGACAGGCTGGACCCAGAGACTCTGGACCCGGGGCCTCCCCTTGAGTAGAGACCCGCCCTCTGACTGATGGACGCCGCTGACCTGGGGTCAGACCCGTGGGCTGGACCCCTGCCCACCCCGCAGGAACCCTGAGGCCTAGGGGAGCTGTTGAGCCTTCAGTGTCTGCATGTGGGAAGTGGGCTCCTTCACCTACCTCACAGGGCTGTTGTGAGGGGCGCTGTGATGCGGTTCCAAAGCACAGGGCTTGGCGCACCCCACTGTGCTCTCAATAAATGTGTTTCCTGTCTTAACAAAAA,True
1,-710,-6.407501,6.437139,0.9999974,-4.611692,4.364907,0.99987364,-5.9369893,6.0104914,0.99999356,-4.6460443,4.571984,0.9999008,-3.8887358,3.6426091,0.99946433,0.999846,ENST00000455531.1,-710,GAAATGGAGTCTCGCTCTGTCGCCCAGGCTGGAGTGCAGTGGCGTGATCTCGGCTCACTGCAACCTCTGCCTTCCGGGTTCAAGCAATTCTCCCACCTCAGCCTCCTGAGTAGCTGGGATTACAGGCGCCCACCACCACAGCCGGCTACTTTTTGTATTTTTAGGAGAGACGGGGTTTCACCATGTTGGTCAGGCTGGTCTTGAACTCCTGACCTCATGATCCACCTGCCTTAGCCTCCCAAAGTGCTGGGATTACAGGCGTGAGCCACCATGCCCAGCCCTATAGTAGTTCTTCTTTTGCCCCTTAATATCTTCACCCACATGTCCTGTACCCTGCCTGAACCCTCCTCCTCTTTTTGTTCTGATCTTTGAGCTCCCTAGAGCCCATAATTCTTTAGAGCAGGTATGTCCCGAGTCTGAAACATGCCCTTATTTGTCCCAAGCTCTGGACATTTCTCACCCCAAGGCGGATCAATCATGATTAAATCACTCCAATTAAACTTTAGGCTCCAGTCAGACCTTCAGCCAAATGGAAAAAAAAACTAGGGGATAAGGGAGGTAGTTGGAGCAAGAAAATGTTATTAGTTGAAACCTTACGGGACCTTCCTCCCTTAGTGAGTCTGTTGGCTAAAGGTTCTCTGGCTTCGTGAATTAGAATCGGATACTGTTTCCAAGTTAGCAAAACCAACTCTACCCCAGCACCCCACGAGGAAGAATGTGGAAGGATCTCCCATTGGCCGGTTGGGGCAAAAGCCTGAGGCAATCTTTCATCCCCTTTTGCCAAGGCGAGACTTTCCCAGTGACGGTGATGTAGTTGGCCACTCTGACTATGGGTGGACTCGGGTGTAGACCTCTGAAGCTGAGATCACACGAAAACCTGGCCTCCCCGCCATGTAGCTGTTGGAGAGTAGAAAAATAGAGCACGCCTGATGTTTCTAAATGAGAAGACTTTCAATAGTAATGAAGAATCCATGGCACTCTCCTCACCCTCAAACACATGGCAGTCATTCACATACAGGCCCCAAAGCCACTGTTAGTGCTGCAGTAGCTCCTGTGGACATTGGAAAGCCCGGAGAGGGCGTGGAAGAAATCAGCTGGCCCCCGGCAGGTTCTCTGGGGTTTTGTGCCCAAGGCTCCTGGAGCCCTAAAAACTTTCAAAAGTTAACTCCCCACGTCCCCATCCTGCTTGGGTTTCTGGACTTTTCTGAGGCACCGGCAGAGGGGTCTCGTTGCTCCCTTGAGTGTAGGGGCAGCCCTTTAACCTGGCTCCTTGAGTCCCTGCTTTTTCTGCTTCTGTTGCCTTCTTCCTCGTCTTCCTCTCTCTCAATATCTCCCTCTCTTTGTCCCTCCCCAGTTCCTGACCTGGCCATCCCGGGGTGCCCTTGACCAGCCCCGTGTCTCCTCAGGGTGTCCCAGCACCAGCCTGGCACAGAGTGGGGCTCAGTTAGAGTATGTGGGATGTTGGTTTCGCCAGGTGAGTGAATGAAAGGACTCGACCACCACAGCTGAGCCACTAGCTGGGCCATGCGAAGAGTTCTAGGTGCAAAGGCTGGAGGGTGGAATTCATTTTTGAGAGGTGTGTGAGCAGCTTCCGACCCCTGCCCCATTTGAACGGGGGCCTTGCTGGTCGCGTCCCTGCATTCACCCGCGCGGCCATCCCGTCATCCAACAGTTGATCCTAACTGAGCACGCCCACGGCCCTGGTCTGGCCTGGGCACCGGCCACCGTAGCCCATCCCTTGATGGCCTCTGTGTCCCCAGGAGGGCGGGCCGGGGGGTTGCCCAGGGGCTGGAGCAGTGGACTGTGGCTCCATAGAGGTAGGCCGGAGGGTGTGAGGGCAGATTCAAGCTATCCCCAGGGCTCTGCTCTGGTCGGAGCCAGCCCCTTCTCCCTCTCTGCCTTCCCCGCCCCATTCCTGATGCTGAACTGTTCTGGACCCCTGGCCCTGAGTCTCTCAGGACCAAAGTGGGCACGGGAACAGCTGTAGTGTGTGCCCCCCCGGGCTTTGGCCACAGGTCTCCCTCTCGAGGTGTGGTTGTGACTGCGACCCTTCCCTTGCCGTGATGCCTTCCTCCCCCGGGGCTTGGTCCAGCTCCTTCACTCTCTAGCAGCTGCTGGGGCCCACCTCCCATGCCGAGGACCAGCAGGGGAAACCTCCAGGGAGCATCTGCAGGCTCTGCTTCTGCCCGGCTGCTGGCTTGCTCTCCCTGGTGGCTCTCCAGCGGCCAGCTTCCTCACCCACCCGGCACTCCGCTTTGCTCTGTCTCCTGAGGTGGGCCTGACCAACCTCCCCTTCTCTGCCTCAGTCCCTGGGCTCCAGGGCTCAGCTCCACAGCCCTCTGCCTAGCAGGCTGGTTCTCCCTGCCAAGCCCATACCTGTGGTCACCTGGCCCTCCTGTGGTCTGAGTACCACTCCCCTGCCCCAGGAGCCACTCCCACTCCAGCTGCCTGTTTCCAGCAGGTTCCCAGTGCCCCCGACAAGCCCCTGCTGGTGTCTCCATCTCCTGCCAAGCATCCTCCAGTGCCTCCTCCTGTGGGCCTGGCCTCAGGGCTATGGACAGACTCCTGTCCCATCCCAGAGACCCCTCGTGATCGTGCCCTGGTGGGTGTTGCCCCCGCCTGCCTTTGCCTCCGCCGTGGCCCTGAGAGTCCTGGGCTCTGCCCCGCCCGGTCCCTTGCTCCCCACTCAGTTCTGGATTTGGGGCTGCCCCTAACCCAGCCCGTTGCTGCTTTGCACCTTTTCCTGTCATTGGGCATCCCCCAGTAGTCACCCCACTCCACCGAAAAGTAAACTGCAGGTGAGGCCGTGCCCCGAGTCTTTCTTCGGTGTGTTTGGCTTTTCCGGGGCGCTTGCCTTGCCATGATTCTAACTCTCTGCCCTTCCCCAAGGCACGTGGGCCGTGGCCCGGCTGGGTCGGCTGAAGAACTGCGGATGGAAGCTGCGGAAGAGGCCCTGATGGGGCCCACCATCCCGGACCCAAGTCTTCTTCCTGGCGGGCCTCTCGTCTCCTTCCTGGTTTGGGCGGAAGCCATCACCTGGATGCCTACGTGGGAAGGGACCTCGAATGTGGGACCCCAGCCCCTCTCCAGCTCGAAATCGTAAGTGGCTGGAGTGTAAAGAACACACATGTGGCCTTGCTGCTGAGGGTGGGGCCAGCTGCCCGGAGCACACCGCCAGGCGGACCTCGTGGAGGGGCTGGCGGGCACTGGCCGGGGGTCTGTGCACCGGGAGGTGGGTGCCCATCGAGTCAAGCCAAGTGCAGACCTGGGGGCTCCTGTTTTCTAAGACAGGAGCCCCCTGCCTCCTTGTGTTGTCTCTGTGGCAAAAGAATTCTATAGGCGGGCTTCAAATGTCGGACCCCAAAAGAATTTCTTCTTTTTCACTCTTCTAAATGAATGGCTCTTTCATTATTGAGTCTCCCTTTGGCTCTTGTGCCGCAGGGCAGACTAGGATGGAAGTGCCCTGTGAGCTGGGGGGCCCTTCAAAGGGCCAAGGAGAAAACGCAGGCCGAGGGACCAGCCTTCCAAATGGGCTTCAAGCTCCAATGACCTCCGCTCGCCCCCTCGAAATGTCTGGAAAACATAATGGGCAGATTTTCTGTCTTCAAAGTTTCCGGCTAAACCTCTTCAAGTTCTTTATTGTTTGGGACTGAGACACTCAGCCATGTTAATGGGTAGTTTCTTTTGTATTTGCCTTGAAAGGCCAAAATATTTTTATATTGCCACAGACAAAGCCACCTATTTAAAAATGAACTCCATGTCCGTCGTTTCCCACCAGGAGACTATGTACCATGTGTGTGTCTCTATGTATTCTGGGGTCTTGAAACAGGTTTCTCATGGGGATGGTCATTCACCACGGTCCAGAGGGGCAGAACAGGCGGCGCTTGCCTTGCCCAGGGGGCCTGGGGAACGTGGGCCCTCATCTCAGATCTGCCCCCAGTATGTTTAGGACGCGAGCCCCAGAAGGATCTGGGAGTAAACTTAACATTCACTGTGTCTCTGCTCTGCATCCGCCATTTGTGTGTGTTTCTGGACTGTGGGCTGTGTGTACCTTGGTTGGTGACTCAGTGAGAAGAAGCAGGAATGCCAAAGATACTGTGAATGTTCTGAGTTTTGTTGCTGTTGTTGTTGAGAGGTTGTTTCACTGGTATCTATTGCATTGTATAATAAATGACCAGATGAATGAATGAGTGAAGCAAGAGAGAATGAATAAACAAGTAAATAGGTAAAGAAGTAAGCAAGCCAGGATGAGAGTGTGTGTACACAAGACCATGGTTCATCCGCTTTGATGGCTAGGCAATCAATATATAAATAGAAAAAAACCAGTGAATCACTAAGTAATAGGGCAACACACAAAGCGATATCAGGTGATTATGGACTAAGGGGTATGTGTAACTCAAATATATGCCTCTGACATTTGACAATGAAAAAGAACCTAAATGAAAGAAAGAATGGATGTATGAGTAGTGAAGTGCAGAATGAGACATAGATTTTGAGGCCCGTCAAAATGAAAAGATGCAAGTTAGGGAACAAGTGATCAAAAGGGAGAAGGGAAAGGTTTTTTTTAAAAAACCAAAACAACAAAGAAAGGTTAAAAAAAAAAACAGACTAGAGGATGAGTAATGAGTAACTCTGTAAGGAGGACCATGTCAGACTATTGTAAGCTAAGCATTAGGACTGATACAAATAATATATGCTCCTGGCATAGAAAAATAAACCACAGAGAACGAGTTCAAAGAATAGCAAAGAAAGAAAGAGGACCCAGTGGGCGAAAGATGAGAGTGTACTTTTACCAAAAGTTATCTAAGCCTGAGCACTTGAAGTCTGCACATAAATAAATAAATGACAAAAGAAAGAAAAAAAGGCC,True
2,-1272,-5.1109695,4.919217,0.9999559,-5.183204,5.095322,0.99996567,-4.05022,4.3704433,0.99977976,-3.9860947,3.53732,0.99946004,-5.534289,5.27985,0.99997985,0.9998282,ENST00000443799.5,-1272,CTTTTCGAGGTAGGAGTCGACTCCTGTGAGGTATGGTGCTGGGTGCAGATGCAGTGTGGCTCTGGATAGCACCTTATGGACAGTTGTGTCCCCAAGGAAGGATGAGAATAGCTACTGAAGTAAGTTGAAAATTCCCTCTCAAAAAGGTTTAAAGCCATTGGATGTGCCACAATGATGACAGTTTATTTGCTACTCTTGAGTGCTAGAATGATGAGGATCTTAACCACCATTATCTTAACTGAGGCACCCAAAATGGTGAGTTGGGGAACATAGAGAGTACACCTAAGTTCACATGAAGTTGTTTCTTCCCAGGTCCTAAAGAGCAAGCCTAACTCAAGCCATTGGCACACAGGCATTAGACAGAAAGCTGGAAGTTGAAATGGTAAGTGAAACTGTATCCAAGTAAGCAGGTAACTGGGCAAACTTCCTACGGCACAAATGGCTTTTTAGTTACCTCCTAGTGCTGAATGCATTAAATAAATGGCGGATTCTTGTCTTGTTATGATTAATAAGAAAGTTTGTAAATGCAGCCTGGATGATGATAAGCAAATGCTGACTGAACATGAAGGTCTTAATTAGCTCTAACTGACTAAAGGCATTTGTTAGTTTTGGCAGGGGGTGAACACTCATCTGTGGCTATTCTAAGACCACTCTTATTTCTTAGGTGGAGTCCAACTTGCCTGGACCAGCTTAATGGTTCTGCTCCTGGTAACGTTTTTATCCATGGATGACTTGCTTGGGTAAGGACATGAAGACAGTTCCTGTCATACCTTTTAAAGGTACATGTTTTATTGATGTTAACGTTAATTGATTGAGCTACTGTTAGTGATGATTTTAAAATTAAAGCAGATGGGAATCTCTCTGAGAAAGAAAATGGAGATTAATCTTAAACTGAAA,True
3,-708,-6.694686,6.71768,0.99999845,-4.7978587,4.552588,0.9999131,-6.1620927,6.273245,0.99999607,-4.6165953,4.5526505,0.9998958,-3.744547,3.542723,0.99931633,0.9998239,ENST00000455286.1,-708,GATTCGTTTACCCAAGAGGGAACAGTTTTGAGACCCCCCGGATTCACTGCGGAGTGGCCGCAGAGGCCGGGGTCGGCCTTTGCGCCGTGGCTTCGGGTGTTGTGGAGGCGCACAGAGGGTCTCTCCTCAGGGATGACATCATCCGTCCACCTCCTTGTCTTCAAGGACCACCTCCTCTCCATGCTGAGCTGCTGCCAAGGGGCCTGCTGCCCATCTACACCTCACGAGGGCACTAGGAGCACGGTTTCCTGGATCCCACCAACATACAAAGCAGCCACTCACTGACCCCCAGGACCAGGATGGCAAAGGATGAAGAGGACCGGAACTGACCAGCCAGCTGTCCCTCTTACCTAAAGACTTAAACCAATGCCCTAGTGAGGGGGCATTGGGCATTAAGCCCTGACCTTTGCTATGCTCATACTTTGACTCTATGAGTACTTTCCTATAAGTCTTTGCTTGTGTTCACCTGCTAGCAAACTGGAGTGTTTCCCTCCCCAAG,True
4,-1318,-6.5290613,6.556291,0.999998,-4.838513,4.5805416,0.9999188,-6.3002133,6.400218,0.9999969,-4.7456617,4.656509,0.9999175,-3.7280297,3.5150754,0.9992854,0.9998233,ENST00000429159.6,-1318,AGCCCCTAGCGCAGACGGCGGAGAGCAGAGAGGGAGCGCGCCTTGGCTCGCTGGCCTTGGCGGCGGCTCCTCAGGAGAGCTGGGGCGCCCACGAGAGGATCCCTCACCCGGGTCTCTCCTCAGGGATGACATCATCCGTCCACCTCCTTGTCTTCAAGGACCACCTCCTCTCCATGCTGAGCTGCTGCCAAGGGGCCTGCTGCCCATCTACACCTCACGAGGGCACTAGGAGCACGGTTTCCTGGATCCCACCAACATACAAAGCAGCCACTCACTGACCCCCAGGACCAGGATGGCAAAGGATGAAGAGGACCGGAACTGACCAGCCAGCTGTCCCTCTTACCTAAAGACTTAAACCAATGCCCTAGTGAGGGGGCATTGGGCATTAAGCCCTGACCTTTGCTATGCTCATACTTTGACTCTATGAGTACTTTCCTATAAGTCTTTGCTTGTGTTCACCTGCTAGCAAACTGGAGTGTTTCCCTCCCCAAGGGGGTGTCAGTCTTTGTCGACTGACTCTGTCATCACCCTTATGATGTCCTGAATGGAAGGATCCCTTTGGGAAATTCTCAGGAGGGGGACCTGGGCCAAGGGCTTGGCCAGCATCCTGCTGGCAACTCCAAGGCCCTGGGTGGGCTTCTGGAATGAGCATGCTACTGAATCACCAAAGGCACGCCCGACCTCTCTGAAGATCTTCCTATCCTTTTCTGGGGGAATGGGGTCGATGAGAGCAACCTCCTAGGGTTGTTGTGAGAATTAAATGAGATAAAAGAGGCCTCAGGCAGGATCTGGCATAGAGGAGGTGATCAGCAAATGTTTGTTGAAAAGGTTTGACAGGTCAGTCCCTTCCCACCCCTCTTGCTTGTCTTACTTGTCTTATTTATTCTCCAACAGCACTCCAGGCAGCCCTTGTCCACGGGCTCTCCTTGCATCAGGGCTAATCTCGGGCCTTGTCGAAGGAAGAGGCTGCAGACGTTAATGAGGTTAGCTGCTGGATTCCAGTATTCGTCGCATAAGGATCCTTCTTTGTCTGCGAAGGAAAAACACACTGATTATCATAATGAGGCACGTGGGCCGTGGCCCGGCTGGGTCGGCTGAAGAACTGCGGATGGAAGCTGCGGAAGAGGCCCTGATGGGGCCCACCATCCCGGACCCAAGTCTTCTTCCTGGCGGGCCTCTCGTCTCCTTCCTGGTTTGGGCGGAAGCCATCACCTGGATGCCTACGTGGGAAGGGACCTCGAATGTGGGACCCCAGCCCCTCTCCAGCTCGAAATCCCTCCACAGCCACGGGGACACCCTGCACCTATTCCCACGGGACAGGCTGGACCCAGAGACTCTGGACCCGGGGCCTCCCCTTGAGTAGAGACCCGCCCTCTGACTGATGGACGCCGCTGACCTGGGGTCAGACCCGTGGGCTGGACCCCTGCCCACCCCGCAGGAACCCTGAGGCCTAGGGGAGCTGTTGAGCCTTCAGTGTCTGCATGTGGGAAGTGGGCTCCTTCACCTACCTCACAGGGCTGTTGTGAGGGGCGCTGTGATGCGGTTCCAAAGCACAGGGCTTGGCGCACCCCACTGTGCTCTCAATAAATGTGTTTCCTGTCTTAACAA,True
5,-1274,-5.037793,4.8451924,0.999949,-5.139646,5.054637,0.99996257,-4.0342784,4.3621225,0.9997744,-3.8632147,3.4136791,0.9993092,-5.5849094,5.3210726,0.99998164,0.9997953,ENST00000425771.5,-1274,TGGTGCTGGGTGCAGATGCAGTGTGGCTCTGGATAGCACCTTATGGACAGTTGTGTCCCCAAGGAAGGATGAGAATAGCTACTGAAGTCCTAAAGAGCAAGCCTAACTCAAGCCATTGGCACACAGGCATTAGACAGAAAGCTGGAAGTTGAAATGTTTTGGCAGGGGGTGAACACTCATCTGTGGCTATTCTAAGACCACTCTTATTTCTTAGGTGGAGTCCAACTTGCCTGGACCAGCTT,True
6,-711,-6.520507,6.5655336,0.999998,-4.5294237,4.2657156,0.9998485,-6.4817724,6.578252,0.99999785,-4.673158,4.59712,0.9999058,-3.6833138,3.4607284,0.9992111,0.9997923,ENST00000522618.1,-711,AGCTGCCTGTTTCCAGCAGGTTCCCAGTGCCCCCGACAAGCCCCTGCTGGTGTCTCCATCTCCTGCCAAGCATCCTCCAGTGCCTCCTCCTGTGGGCCTGGCCTCAGGGCTATGGACAGACTCCTGTCCCATCCCAGAGACCCCTCGTGATCGTGCCCTGGTGGGTGTTGCCCCCGCCTGCCTTTGCCTCCGCCGTGGCCCTGAGAGTCCTGGGCTCTGCCCCGCCCGGTCCCTTGCTCCCCACTCAGTTCTGGATTTGGGGCTGCCCCTAACCCAGCCCGTTGCTGCTTTGCACCTTTTCCTGTCATTGGGCATCCCCCAGTAGTCACCCCACTCCACCGAAAAGTAAACTGCAGGTGAGGCCGTGCCCCGAGTCTTTCTTCGGTGTGTTTGGCTTTTCCGGGGCGCTTGCCTTGCCATGATTCTAACTCTCTGCCCTTCCCCAAGGCACGTGGGCCGTGGCCCGGCTGGGTCGGCTGAAGAACTGCGGATGGAAGCTGCGGAAGAGGCCCTGATGGGGCCCACCATCCCGGACCCAAGTCTTCTTCCTGGCGGGCCTCTCGTCTCCTTCCTGGTTTGGGCGGAAGCCATCACCTGGATGCCTACGTGGGAAGGGACCTCGAATGTGGGACCCCAGCCCCTCTCCAGCTCGAAATCCCTCCACAGCCACGGGGACACCCTGCACCTATTCCCACGGGACAGGCTGGACCCAGAGACTCTGGACCCGGGGCCTCCCCTTGAGTAGAGACCCGCCCTCTGACTGATGGACGCCGCTGACCTGGGGTCAGACCCGTGGGCTGGACCCCTGCCCACCCCGCAGGAACCCTGAGGCCTAGGGGAGCTGTTGAGCCTTCAGTGTCTGCATGTGGGAAGTGGGCTCCTTCACCTACCTCACAGGGCTGTTGTGAGGGGCGCTGTGATGCGGTTCCAAAGCACAGGGCTTGGCGCACCCCA,True
7,-713,-6.581025,6.6316442,0.9999982,-4.445,4.201042,0.9998242,-6.25825,6.367669,0.99999666,-4.633571,4.5688467,0.99989915,-3.6980872,3.4851267,0.99924135,0.9997919,ENST00000521256.1,-713,AGTGATGGCTTTTTCCTTCCTCAGAGTTTGCCCTGCCCCCCATTCCAACGTGGGCTGCTGCTTCTCCCCAGCGGGTTGTAGCTGGCAGGGCCGTTGTGCTTTGGGGTTTGCTGTACCTGTCGCTGCCGTGAGGGGACGATCTGTCTGCCCGGAGGGGTTTCTGCAAACATTCATCCTCCACAGCCACGGGGACACCCTGCACCTATTCCCACGGGACAGGCTGGACCCAGAGACTCTGGACCCGGGGCCTCCCCTTGAGTAGAGACCCGCCCTCTGACTGATGGACGCCGCTGACCTGGGGTCAGACCCGTGGGCTGGACCCCTGCCCACCCCGCAGGAACCCTGAGGCCTAGGGGAGCTGTTGAGCCTTCAGTGTCTGCATGTGGGAAGTGGGCTCCTTCACCTACCTCACAGGGCTGTTGTGAGGGGCGCTGTGATGCGGTTCCAAAGCACAGGGCTTGGCGCACCCCACTGTGCTCTCAATAAATGTGTTTCCTGTCTTAAC,True
8,-1261,-4.9629354,4.7673445,0.9999405,-5.0936446,5.0128794,0.99995923,-4.010417,4.337803,0.9997632,-3.8482912,3.394748,0.9992854,-5.6116405,5.348374,0.9999826,0.9997862,ENST00000414075.5,-1261,GCATTAGACAGAAAGCTGGAAGTTGAAATGGTGGAGTCCAACTTGCCTGGACCAGCTTAATGGTTCTGCTCCTGGTAACGTTTTTATCCATGGATGACTTGCTTGGGTATGGAGAGTCGGCTTGACTACACTGTGTGGAGCAAGTTTTAAAGAAGCAAAGGACTCAGAATTCATGATTGAAGAAATGCAGGGTTTTTAATGACCACAACAAGCAAGCATGCAGCTTACTGCTTGAAAGGGTCTTGCCTCACCCAAGCTAGAGTGCAGTGGCCTTTGAAGCTTACTACAGCCTCAAACTTCTGGGCTCAAGTGATCCTCAGCCTCCCAGTGGTCTTTGTAGACTGCCTGATGGAGTCTCATGGCACAAGAAGATTAAAACAGTGTCTCCAATTTTAATAAATTTTTGCAATCCA,True
9,-712,-6.274247,6.3231077,0.99999666,-4.6593814,4.41906,0.9998859,-6.0443892,6.1358747,0.9999949,-4.7535753,4.6759324,0.99991965,-3.6223454,3.3704844,0.99908245,0.9997759,ENST00000398460.3,-712,ATGTTAGAAAGCGCGTAGCCTTAGGATCTGGCAGACCCAGGGGCCACTTAATTAACCCTTTGCCTCTTTGACCCTCAATCTCCTTTTCTCTAAGCCATAGGTCACCTGAAAGCCTACCTCACAGGGCTGTTGTGAGGGCCGAGGGTGGGTGTGTTTCAACAGTGTGCAGATGCTGGCTTTCCCTGGGAATGGGCATATGTTGGGATTTGTCTTGAAAGCATGAGTGATGGCTTTACTAGTCCTAAGTGAATAAAAAGTCAGCCCTGACCTTACGCTGGGATTGCATTTCCCACAGTCAGTGGCATGTGCAGACCACTGGCAGAGCAGCCTGCAGGTGCTTAGCGATGTGGGCCCAGAGTAAATATTTGTTTGATTGATGAGTGATGGCTTTTTCCTTCCTCAGAGTTTGCCCTGCCCCCCATTCCAACGTGGGCTGCTGCTTCTCCCCAGCGGGTTGTAGCTGGCAGGGCCGTTGTGCTTTGGGGTTTGCTGTACCTGTCGCTGCCGTGAGGGGACGATCTGTCTGCCCGGAGGGGTTTCTGCAAACATTCATGTATGCCCCTGCTTTCGTTTGTTAGGGAGAAGGAGTGGGGTGACCTAGAGAGAGGATGAGGAAGGGGTTCTGGGTGGCATCCTTGGGGTACCAACCCTGCTTCCATCCTGCGCTCTGAATTTCCTCACAGCCCTTTTCTGTCTCTGGTAGAAGGTGCAGAAGGTAGGCTTTGCCACCTTCCCTGGGCCTGGCACCAAGCTCGGGGGTCTTGTACACACTTTCCCTTCTCTAACTGGGGTGTGGGCCCATTTCCTAGATGAGCTTGCTGAGAATCAGGACAGCTGGTATCAGAGCCAGGACTTCCCAGTCTTGCACAAACAACCTGTGCATTTTTGAGTCCACCAAATAAGGCCTCCTGCCTGGTCCGGCTCACCCCTGCCAGCCCCCAGCAAATGCAGCCTGGTGCGTCCCCACCCCTGCCAAGAGCCCAGGAGTGCTCTGGCAGAGAAGTGCAGGGATGAGGAAGGAGGCTGTGCCCTCCAGGGGACTCAGCTGCGTTAGAGGAGGTGCTGCTGCAGTGGCAGGGGTCTCCAGACATCCCACGCAGGGGTCCTTTCAGATCAGGCATCTCTTCACCAGACCACCGTATTCCTTTTTCAGCCCTCGTCTCTTGCACGTGGGGGTGCAGTGTTTGGCTCTCACATCCCCACATTCCAGCTGGTGGGGGTTTGAGCTGGGTGTTCCTTCTGCTCCCCACTCCCCACTCACGGCCCCCACCCCACGCAAGCCTCCCTTGCCCCCACTCTTTGTCTCCAGCTTTCACAGCCTTGGCGGGCAGGCTGCTGCGCCTGTTGCTGCCCCGGCTCTCTTCCACCCGCCTCTTCTTTCTCAGCCTGAGCTTTACCGTGAGGTCTGGGCGCCACACCTTGGCCCCTGCCATGCCTGCTCCCAGAAGCACCCACGTGGGTCCCCTGATTCTCTCCTCCCCTGGGCTTTGCTAAGGAGCCCTTTCATTGTGGCCTTTGGTGTCTGCCTCATGCCCATCCCCTGTTCTTGAGAACTTGGAAGCAGAGGGGGCCCCTCCTATTGCTCCCAAGAGGCTCCACAGTAGGGAGCCCCTCCCAGGAGATTCTGAGTCTGTGTTTAGGTGTCGATTCCTGGGTGGGCCTTGGGGTCCCCTCAGGCCAGGCCTGTGTGTGACCTAAGGCTGGGGGGCTCTGTCAGGCACCTAGTGTCCCTTGGAGGTGGGCGGGGCTGGGTCCTGGTCTCCTGAGGACGGGTGGGGAGACAGGCTCAGGGAGATTTCCACGAAGCTGCCCTTGAACCCCTCCTCTGAGGCCCACACTGCCCTGGCCCTTTACACCCTGCCTCCTGCACTAGTAGGCACATAATAGATGCTCGCCACCTGTGGAGGGCAGGGTTTAAATGGCTGGAAAGAGCTGAGTGGGCTGTTTGGCTAGCGTACGCGCATTTGTTTAAAAGGAAAGGGTGTGTTTCTTGGCAAAGACTCTTCGGAGGAAACGCTGAACTGGGGATGGGTCTCTACCTGTTCTGGGGCCTCACTGCCCTTCCTGCCGGGGACAGGCAGTCACTGGTGGGTTTCCCCCCAGTGGAAACACAATATTTTGGAAATATTTGTATCTAGGATAAAACTTCATCTGGACCAACATGTCTTTGTTGGTGTTGTGGCCCAGGTGATTTTGAGAATGTAGAATACATTTGGCAATTTCCAAACGGAGTGATGACCTGCTCCTCCGCCCCCCATGCCCTCCCTGAGGCTGGAGGCTTCAGAAGCCCCTGCCTTGGGAGGAGGCTGTTCTACCTGAGAAGTCTTTGTCCCCACCGTTGGTGACAATCAGCATTGACCTGTGAGGCACCTGCCAGGTTCGGGACGCAGCTTTAGACATCCAGAAAACCGGGGGTGGAGGGGTGGGGTGGGGGCTTAAGACCCCAGAGCTTGATTCCTTTTAACTGTCTCATCCCCAAAGAATGGTACATGGGTACCAGGTAGGTTACTTGAATCACCCTGAGCCTCGATTTTCCCACCCGTTAGAAACAGGGTAATTCATGACAGTGTCCGCTTGGGAGACGGCTGTGACCCCTGAGAATTCTCGCTGCATGCCGTGGGCTGGCTCGTGAGACTCAAGGTCTGGGTTCGAGGCCCCCGCAACCCCTTCTGACTGTGTGGCCTGGGCGAGTTTGTTGTTTGTAACCTGGAAAGCGTCACACCTGCCTGGCACGGTTATTGTGGGCTTCAATGAGATTGTTTGTGTGAAATAAACGCTTTGTGACTGGCACACAGGCGCTCTCATCCCGGCTCTCCTGGTGGGCCCGGACCGCTGGGTGCTGGCTGCGGAGGCCCTGTGCTCCCTGGAACTGTCTGCGCTGGTCCCAGGGACTCTTGGGCAGAGTGGAGGGCAAGGGGGAAAGCACCAGCCTGCTCTGGGGAGACAGTGGCAGAGGGAAGTGTTTGCTTTTAAATACACTCAGCAGGTTCAGACAGGAGAGGATCCGAGGGGAAATGTTTAGAGCCCTCAGGAGGAGGAAGAGACCGAGTTTTAGGAAAAACATCAAAGCTGGATAGGTTGGGCAGAAGAGCTGGGGATAGCATTTAGAGAGACTCTGGACCCGGGGCCTCCCCTTGAGTAGAGACCCGCCCTCTGACTGATGGACGCCGCTGACCTGGGGTCAGACCCGTGGGCTGGACCCCTGCCCACCCCGCAGGAACCCTGAGGCCTAGGGGAGCTGTTGAGCCTTCAGTGTCTGCATGTGGGAAGTGGGCTCCTTCACCTACCTCACAGGGCTGTTGTGAGGGGCGCTGTGATGCGGTTCCAAAGCACAGGGCTTGGCGCACCCCACTGTGCTCTCAATAAATGTGTTTCCTGTCTT,True
10,-1320,-6.7066193,6.7316885,0.99999857,-4.9205704,4.648666,0.99993014,-6.290569,6.3751125,0.9999969,-4.697594,4.5708375,0.9999056,-3.5970244,3.3519456,0.99904126,0.99977446,ENST00000452514.6,-1320,GAGGAGGTGATCAGCAAATGTTTGTTGAAAAGGTTTGACAGGTCAGTCCCTTCCCACCCCTCTTGCTTGTCTTACTTGTCTTATTTATTCTCCAACAGCACTCCAGGCAGCCCTTGTCCACGGGCTCTCCTTGCATCAGAGACTGGCAGGAGCTTTTACCAGTGGTTTTTACATCCTTAATGTTCAGGACGAATAATTTATGGTCAGTGAAAATCCAGGCCCCAGTGAGATTCGAGTGGGCTGTAAAATCGAGAGTCCTGCTCCCAGCACGTGGGCCGTGGCCCGGCTGGGTCGGCTGAAGAACTGCGGATGGAAGCTGCGGAAGAGGCCCTGATGGGGCCCACCATCCCGGACCCAAGTCTTCTTCCTGGCGGGCCTCTCGTCTCCTTCCTGGTTTGGGCGGAAGCCATCACCTGGATGCCTACGTGGGAAGGGACCTCGAATGTGGGACCCCAGCCCCT,True
11,-1322,-5.853279,5.899934,0.99999213,-4.73622,4.456928,0.9998983,-6.034963,6.101516,0.99999464,-4.396104,4.3209476,0.9998362,-3.6902294,3.356346,0.9991304,0.99977034,ENST00000398461.5,-1322,CATTGAGGACATCCAAAACTCACTCAAGATCACCAAGTGGTAGGAAAGTACTAACTCCTGGGCATAGCCCTAGGGGAGTGACTACAATGTGAATACTCATGGAATGCCTAGCCAGGTGAAGAAGTGAATGCATGTTGGCATCCCAGAGGGACCCCCCTTAAGAGGGCATAGTTTGGGGTTCAGATTTGACTCCAGCATACTGTTGAAATTGGGCACAGGGGGCTAGTGATTAGTCAGGATCAATCAGTGGAGAGGAGATTAAAACTCACATCTGGGAGTCCGGAATCAGAACTTGTAGTTCTTTTTTTTGAAATGGAGTCTCGCTCTGTCGCCCAGGCTGGAGTGCAGTGGCGTGATCTCGGCTCACTGCAACCTCTGCCTTCCGGGTTCAAGCAATTCTCCCACCTCAGCCTCCTGAGTAGCTGGGATTACAGGCGCCCACCACCACAGCCGGCTACTTTTTGTATTTTTAGGAGAGACGGGGTTTCACCATGTTGGTCAGGCTGGTCTTGAACTCCTGACCTCATGATCCACCTGCCTTAGCCTCCCAAAGTGCTGGGATTACAGGCGTGAGCCACCATGCCCAGCCCTATAGTAGTTCTTCTTTTGCCCCTTAATATCTTCACCCACATGTCCTGTACCCTGCCTGAACCCTCCTCCTCTTTTTGTTCTGATCTTTGAGCTCCCTAGAGCCCATAATTCTTTAGAGCAGGTATGTCCCGAGTCTGAAACATGCCCTTATTTGTCCCAAGCTCTGGACATTTCTCACCCCAAGGCGGATCAATCATGATTAAATCACTCCAATTAAACTTTAGGCTCCAGTCAGACCTTCAGCCAAATGGAAAAAAAAACTAGGGGATAAGGGAGGTAGTTGGAGCAAGAAAATGTTATTAGTTGAAACCTTACGGGACCTTCCTCCCTTAGTGAGTCTGTTGGCTAAAGGTTCTCTGGCTTCGTGAATTAGAATCGGATACTGTTTCCAAGTTAGCAAAACCAACTCTACCCCAGCACCCCACGAGGAAGAATGTGGAAGGATCTCCCATTGGCCGGTTGGGGCAAAAGCCTGAGGCAATCTTTCATCCCCTTTTGCCAAGGCGAGACTTTCCCAGTGACGGTGATGTAGTTGGCCACTCTGACTATGGGTGGACTCGGGTGTAGACCTCTGAAGCTGAGATCACACGAAAACCTGGCCTCCCCGCCATGTAGCTGTTGGAGAGTAGAAAAATAGAGCACGCCTGATGTTTCTAAATGAGAAGACTTTCAATAGTAATGAAGAATCCATGGCACTCTCCTCACCCTCAAACACATGGCAGTCATTCACATACAGGCCCCAAAGCCACTGTTAGTGCTGCAGTAGCTCCTGTGGACATTGGAAAGCCCGGAGAGGGCGTGGAAGAAATCAGCTGGCCCCCGGCAGGTTCTCTGGGGTTTTGTGCCCAAGGCTCCTGGAGCCCTAAAAACTTTCAAAAGTTAACTCCCCACGTCCCCATCCTGCTTGGGTTTCTGGACTTTTCTGAGGCACCGGCAGAGGGGTCTCGTTGCTCCCTTGAGTGTAGGGGCAGCCCTTTAACCTGGCTCCTTGAGTCCCTGCTTTTTCTGCTTCTGTTGCCTTCTTCCTCGTCTTCCTCTCTCTCAATATCTCCCTCTCTTTGTCCCTCCCCAGTTCCTGACCTGGCCATCCCGGGGTGCCCTTGACCAGCCCCGTGTCTCCTCAGGGTGTCCCAGCACCAGCCTGGCACAGAGTGGGGCTCAGTTAGAGTATGTGGGATGTTGGTTTCGCCAGGTGAGTGAATGAAAGGACTCGACCACCACAGCTGAGCCACTAGCTGGGCCATGCGAAGAGTTCTAGGTGCAAAGGCTGGAGGGTGGAATTCATTTTTGAGAGGTGTGTGAGCAGCTTCCGACCCCTGCCCCATTTGAACGGGGGCCTTGCTGGTCGCGTCCCTGCATTCACCCGCGCGGCCATCCCGTCATCCAACAGTTGATCCTAACTGAGCACGCCCACGGCCCTGGTCTGGCCTGGGCACCGGCCACCGTAGCCCATCCCTTGATGGCCTCTGTGTCCCCAGGAGGGCGGGCCGGGGGGTTGCCCAGGGGCTGGAGCAGTGGACTGTGGCTCCATAGAGGTAGGCCGGAGGGTGTGAGGGCAGATTCAAGCTATCCCCAGGGCTCTGCTCTGGTCGGAGCCAGCCCCTTCTCCCTCTCTGCCTTCCCCGCCCCATTCCTGATGCTGAACTGTTCTGGACCCCTGGCCCTGAGTCTCTCAGGACCAAAGTGGGCACGGGAACAGCTGTAGTGTGTGCCCCCCCGGGCTTTGGCCACAGGTCTCCCTCTCGAGGTGTGGTTGTGACTGCGACCCTTCCCTTGCCGTGATGCCTTCCTCCCCCGGGGCTTGGTCCAGCTCCTTCACTCTCTAGCAGCTGCTGGGGCCCACCTCCCATGCCGAGGACCAGCAGGGGAAACCTCCAGGGAGCATCTGCAGGCTCTGCTTCTGCCCGGCTGCTGGCTTGCTCTCCCTGGTGGCTCTCCAGCGGCCAGCTTCCTCACCCACCCGGCACTCCGCTTTGCTCTGTCTCCTGAGGTGGGCCTGACCAACCTCCCCTTCTCTGCCTCAGTCCCTGGGCTCCAGGGCTCAGCTCCACAGCCCTCTGCCTAGCAGGCTGGTTCTCCCTGCCAAGCCCATACCTGTGGTCACCTGGCCCTCCTGTGGTCTGAGTACCACTCCCCTGCCCCAGGAGCCACTCCCACTCCAGCTGCCTGTTTCCAGCAGGTTCCCAGTGCCCCCGACAAGCCCCTGCTGGTGTCTCCATCTCCTGCCAAGCATCCTCCAGTGCCTCCTCCTGTGGGCCTGGCCTCAGGGCTATGGACAGACTCCTGTCCCATCCCAGAGACCCCTCGTGATCGTGCCCTGGCACGTGGGCCGTGGCCCGGCTGGGTCGGCTGAAGAACTGCGGATGGAAGCTGCGGAAGAGGCCCTGATGGGGCCCACCATCCCGGACCCAAGTCTTCTTCCTGGCGGGCCTCTCGTCTCCTTCCTGGTTTGGGCGGAAGCCATCACCTGGATGCCTACGTGGGAAGGGACCTCGAATGTGGGACCCCAGCCCCTCTCCAGCTCGAAATCCCTCCACAGCCACGGGGACACCCTGCACCTATTCCCACGGGACAGGCTGGACCCAGAGACTCTGGACCCGGGGCCTCCCCTTGAGTAGAGACCCGCCCTCTGACTGATGGACGCCGCTGACCTGGGGTCAGACCCGTGGGCTGGACCCCTGCCCACCCCGCAGGAACCCTGAGGCCTAGGGGAGCTGTTGAGCCTTCAGTGTCTGCATGTGGGAAGTGGGCTCCTTCACCTACCTCACAGGGCTGTTGTGAGGGGCGCTGTGATGCGGTTCCAAAGCACAGGGCTTGGCGCACCCCACTGTGCTCTCAATAAATGTGTTTCCTGTCTTAAC,True
12,-1270,-5.087929,4.896982,0.99995387,-5.1209817,5.031044,0.999961,-3.8897798,4.2210054,0.99969983,-3.826914,3.381711,0.99926037,-5.362326,5.1055164,0.9999715,0.99976933,ENST00000416952.5,-1270,TTTTCGAGGTAGGAGTCGACTCCTGTGAGGTATGGTGCTGGGTGCAGATGCAGTGTGGCTCTGGATAGCACCTTATGGACAGTTGTGTCCCCAAGGAAGGATGAGAATAGCTACTGAAGTAAGTTGAAAATTCCCTCTCAAAAAGGTTTAAAGCCATTGGATGTGCCACAATGATGACAGTTTATTTGCTACTCTTGAGTGCTAGAATGATGAGGATCTTAACCACCATTATCTTAACTGAGGCACCCAAAATGGTGAGTTGGGGAACATAGAGAGTACACCTAAGTTCACATGAAGTTGTTTCTTCCCAGGTCCTAAAGAGCAAGCCTAACTCAAGCCATTGGCACACAGGCATTAGACAGAAAGCTGGAAGTTGAAATGGTGGAGTCCAACTTGCCTGGACCAGCTTAATGGTTCTGCTCCTGGTAACGTTTTTATCCATGGATGACTTGCTTGGGTAAGGACATGAAGACAGTTCCTGTCATACCTTTTAAAGGTACATGTTTTATTGATGTTAACGTTAATTGATTGAGCTACTGTTAGTGATGATTTTAAAATTAAAGCAGATGGGAATCTCTCTGAGAAAGAAAATGGAGATTAATCTTAAACTGAAACAGTAGTTGGGAAATCTTTTAGAAATCCACCTATTACTACCTATTGGTAAAGGAGATTAAATTTCTACAGGTATGGAGAGTCGGCTTGACTACACTGTGTGGAGCAAGTTTTAAAGAAGCAAAGGTATAGCAGTTCCAAGTATTTTTTTTTTTTTTTTAGACAAGAGTCTAGCTCTTGCCCAGAA,True
13,-1262,-5.011484,4.819084,0.99994624,-5.050009,4.962459,0.9999552,-3.8576095,4.187187,0.9996793,-3.8400006,3.3944314,0.9992792,-5.352466,5.0923834,0.9999709,0.9997662,ENST00000436656.5,-1262,CTTTTCGAGGTAGGAGTCGACTCCTGTGAGGTATGGTGCTGGGTGCAGATGCAGTGTGGCTCTGGATAGCACCTTATGGACAGTTGTGTCCCCAAGGAAGGATGAGAATAGCTACTGAAGTCCTAAAGAGCAAGCCTAACTCAAGCCATTGGCACACAGGCATTAGACAGAAAGCTGGAAGTTGAAATGGTGGAGTCCAACTTGCCTGGACCAGCTTAATGGTTCTGCTCCTGGTAACGTTTTTATCCATGGATGACTTGCTTGGGTAAGGACATGAAGACAGTTCCTGTCATACCTTTTAAAGGTACATGTTTTATTGATGTTAACGTTAATTGATTGAGCTACTGTTAGTGATGATTTTAAAATTAAAGCAGATGGGAATCTCTCTGAGAAAGAAAATGGAGATTAATCTTAAACTGAAACAGTAGTTGGGAAATCTTTTAGAAATCCACCTATTACTACCTATTGGTAAAGGAGATTAAATTTCTACAGGTATGGAGAGTCGGCTTGACTACACTGTGTGGAGCAAGTTTTAAAGAAGCAAAGGACTCAGAATTCATGATTGAAGAAATGCAGGCAGACCTGTTATCCTAAACTAGGGTTTTTAATGACCACAACAAGCAAGCATGCAGCTTACTGCTTGAAAGGGTCTTGCCTCACCCAAGCTAGAGTGCAGTGGCCTTTGAAGCTTACTACAGCCTCAAACTTCTGGGCTCAAGTGATCCTCAGCCTCCCAGTGGTCTTTGTAGACTGCCTGATGGAGTCTCATGGCACAAGAAGATTAAAACAGTGTCTCCAATTTTAATAAATTTTTGCAATCCA,True
14,-1267,-5.2985754,5.107258,0.9999697,-5.409554,5.309559,0.9999778,-3.916664,4.2462797,0.99971503,-3.7767708,3.3296044,0.99918085,-5.489372,5.2304554,0.99997795,0.99976426,ENST00000434796.5,-1267,AATGATGATAACATAGTTCAGCAGACTAACGCTGATGAGCAATATTAAGTCTTTCGCTCCTATCTGATGTATCTGGCGGTAACATTCTAGTTTATGCCCCGAAAAGGGGAATATAGCCATTCTATAATGTTTGGAGATTTTGGATTACTCCTAATTGTATGCAAGTTGTCTTACTGTGTATTGTCCCTTAATTTCAGGACTCAGAATTCATGATTGAAGAAATGCAGGCAGACCTGTTATCCTAAACTAGGGTTTTTAATGACCACAACAAGCAAGCATGCAGCTTACTGCTTGAAAGGTGAGGATTGGAAATGTTGGGACTATTATAATTGCAGAATACATGATGATCTCAATCCAACTTGAACTCTCTCACTGATTACTTGATGACAATAAAATATCTGATATTCTGCATTCCCATGTAGCATTTTAATTGAAGTCTGTAAATGTGGCTAAAAGTCTTGTCTTATTTTTTGAGACAGGGTCTTGCCTCACCCAAGCTAGAGTGCAGTGGCCTTTGAAGCTTACTACAGCCTCAAACTTCTGGGCTCAAGTGATCCTCAGCCTCCCAGTGGTCT,True
15,-1265,-4.9745054,4.7748694,0.9999417,-5.14886,5.057979,0.99996305,-3.8583724,4.1908855,0.99968076,-3.7720602,3.3226311,0.99917126,-5.498504,5.2356453,0.9999782,0.999747,ENST00000454068.5,-1265,ATGGTGCATGCGTGACCTAAGCTGCGACTATGTTAGAGTAGAACTGCGGAGAAGCCTCGGCTCTCGTGCCCTGCCTCTGATGAAGCCTGTGTTGGTATGGTGCTGGGTGCAGATGCAGTGTGGCTCTGGATAGCACCTTATGGACAGTTGTGTCCCCAAGGAAGGATGAGAATAGCTACTGAAGTCCTAAAGAGCAAGCCTAACTCAAGCCATTGGCACACAGGCATTAGACAGAAAGCTGGAAGTTGAAATGGTGGAGTCCAACTTGCCTGGACCAGCTTAATGGTTCTGCTCCTGGTAACGTTTTTATCCATGGATGACTTGCTTGGGTAAGGACATGAAGACAGTTCCTGTCATACCTTTTAAAGGTATGGAGAGTCGGCTTGACTACACTGTGTGGAGCAAGTTTTAAAGAAGCAAAGGACTCAGAATTCATGATTGAAGAAATGCAGGCAGACCTGTTATCCTAAACTAGGGTTTTTAATGACCACAACAAGCAAGCATGCAGCTTACTGCTTGAAAGGGTCTTGCCTCACCCAAGCTAGAGTGCAGTGGCCTTTGAAGCTTACTACAGCCTCAAACTTCTGGGCTCAAGTGATCCTCAGCCTCCCAGTGGTCTTTGTAGACTGCCTGATGGAGTCTCATGGCACAAGAAGATTAAAACAGTGTCTCCAATTTTAATAAATTT,True
16,-1266,-5.0507383,4.8569946,0.9999502,-5.1243024,5.0382347,0.9999614,-3.8660882,4.197514,0.9996853,-3.7589297,3.3112004,0.99915063,-5.543732,5.2829075,0.9999801,0.9997455,ENST00000444470.5,-1266,ATACAATGATGATAACATAGTTCAGCAGACTAACGCTGATGAGCAATATTAAGTCTTTCGCTCCTATCTGATGTATCTGGCGGTAACATTCTAGTTTATGCCCCGAAAAGGGGAATATAGCCATTCTATAATGTTTGGAGATTTTGGATTACTCCTAATTGTATGCAAGTTGTCTTACTGTGTATTGTCCCTTAATTTCAGGACTCAGAATTCATGATTGAAGAAATGCAGGCAGACCTGTTATCCTAAACTAGGGTTTTTAATGACCACAACAAGCAAGCATGCAGCTTACTGCTTGAAAGGGTCTTGCCTCACCCAAGCTAGAGTGCAGTGGCCTTTGAAGCTTACTACAGCCTCAAACTTCTGGGCTCAAGTGATCCTCAGCCTCCCAGTGGTCTTTGTAGACTGCCTGATGGAGTCTCAT,True
17,-1273,-5.1960278,5.00307,0.9999628,-5.199245,5.1067376,0.9999666,-3.8563564,4.18931,0.9996797,-3.7351377,3.288449,0.99911016,-5.5677896,5.3058343,0.99998105,0.99974,ENST00000421068.5,-1273,TTTCGAGGTAGGAGTCGACTCCTGTGAGGTATGGTGCTGGGTGCAGATGCAGTGTGGCTCTGGATAGCACCTTATGGACAGTTGTGTCCCCAAGGAAGGATGAGAATAGCTACTGAAGTAAGTTGAAAATTCCCTCTCAAAAAGGTTTAAAGCCATTGGATGTGCCACAATGATGACAGTTTATTTGCTACTCTTGAGTGCTAGAATGATGAGGATCTTAACCACCATTATCTTAACTGAGGCACCCAAAATGGTGAGTTGGGGAACATAGAGAGTACACCTAAGTTCACATGAAGTTGTTTCTTCCCAGGTCCTAAAGAGCAAGCCTAACTCAAGCCATTGGCACACAGGTGAGACACCTCTATTTTGTACTTCTCACTTTTAAGGGATTAGAAAATAGCCAAAGCAATGATGATTATCTATGTTAGTGCTTCTCTCCCCTCTTTTCAAATGAGAATTTTGCTCTCATATTGATACTAAGTTTAATACTGAAGAAAATGTGAAAACAGATACTATGATGGTTGCATAGTTCAGCAGATTTAATCATGAAGAGATGTACTATCTGTCTGATGTATCTGGGGTAGTTGTGGTTTGCTGTTAATGGTTAAGCAGTGTACCACCAATCTACCATTAAAATATTTTTTGCTGACAATTTTGTATTAAAATTACAGGCATTAGACAGAAAGCTGGAAGTTGAAATGGTAAGTGAAACTGTATCCAAGTAAGCAGGTAACTGGGCAAACTTCCTACGGCACAAATGGCTTTTTAGTTACCTCCTAGTGCTGAATGCATTAAATAAATGGCGGATTCTTGTCTTGTTATGATTAATAAGAAAGTTTGTAAATGCAGCCTGGATGATGATAAGCAAATGCTGACTGAACATGAAGGTCTTAATTAGCTCTAACTGACTAAAGGCATTTGTTAGTTTTGGCAGGGGGTGAACACTCATCTGTGGCTATTCTAAGACCACTCTTATTTCTTAGGTGGAGTCCAACTTGCCTGGACCAGCTTAATGGTTCTGGTAAGTATTAATGAAAACAGTAGATAGACTTAATGAAAA,True
18,-1257,-5.1159935,4.924849,0.99995637,-5.307206,5.201311,0.9999727,-3.9078066,4.225116,0.9997063,-3.707258,3.2630904,0.9990615,-5.149743,4.9085417,0.9999572,0.9997309,ENST00000452197.5,-1257,GAGGTAGGAGTCGACTCCTGTGAGGTATGGTGCTGGGTGCAGATGCAGTGTGGCTCTGGATAGCACCTTATGGACAGTTGTGTCCCCAAGGAAGGATGAGAATAGCTACTGAAGTCCTAAAGAGCAAGCCTAACTCAAGCCATTGGCACACAGGTATGGAGAGTCGGCTTGACTACACTGTGTGGAGCAAGTTTTAAAGAAGCAAAGGACTCAGAATTCATGATTGAAGAAATGCAGGCAGACCTGTTATCCTAAACTAGGGTTTTTAATGACCACAACAAGCAAGCATGCAGCTTACTGCTTGAAAGGGTCTTGCCTCACCCAAGCTAGAGTGCAGTGGCCTTTGAAGCTTACTACAGCCTCAAACTTCTGGGCTCAAGTGATCCTCAGCCTCCCAGTGGTCTTTGTAGACTGCCTGATGGAGTCTCATGGCACAAGAAGATTAAAACAGTGTCTCCAATTTTAATAAATTTTTGCAATCCA,True
19,-1259,-5.1458244,4.952776,0.9999589,-5.2214384,5.1111207,0.99996746,-3.9193928,4.2417574,0.99971455,-3.691841,3.24087,0.9990256,-5.7041345,5.4691844,0.99998593,0.99973047,ENST00000430245.5,-1259,CAGCACTTGAGCAGCTTTCTTCTGCGTTAGGAAGCCTGGGGAGAGGGGAACTGGCTAAAGGGCAAAATGTCACTGAGGAACTTCGGAGAAGATGGGGACAAGGCGTCGGGCGGGGGAGCCAGCGCTCAGGAGCCCAGGCACCATACTGTCTTTTCGAGGTATGGTGCTGGGTGCAGATGCAGTGTGGCTCTGGATAGCACCTTATGGACAGTTGTGTCCCCAAGGAAGGATGAGAATAGCTACTGAAGTCCTAAAGAGCAAGCCTAACTCAAGCCATTGGCACACAGGCATTAGACAGAAAGCTGGAAGTTGAAATGGTGGAGTCCAACTTGCCTGGACCAGCTTAATGGTTCTGCTCCTGGTAACGTTTTTATCCATGGATGACTTGCTTGGGTATGGAGAGTCGGCTTGACTACACTGTGTGGAGCAAGTTTTAAAGAAGCAAAGGACTCAGAATTCATGATTGAAGAAATGCAGGCAGACCTGTTATCCTAAACTAGGGTTTTTAATGACCACAACAAGCAAGCATGCAGCTTACTGCTTGAAAGGGTCTTGCCTCACCCAAGCTAGAGTGCAGTGGCCTTTGAAGCTTACTACAGCCTCAAACTTCTGGGCTCAAGTGATCCTCAGCCTCCCAGTGGTCTTTGTAGACTGCCTGATGGAGTCTCATGGCACAAGAAGATTAAAACAGTGTCTCCAATTTTAATAAATTTTTGCAATCCA,True
20,-1264,-5.181262,4.990181,0.99996173,-5.203983,5.110105,0.99996686,-3.8746574,4.2047625,0.9996903,-3.7063215,3.2538407,0.999052,-5.4879947,5.2358465,0.99997795,0.9997298,ENST00000422207.5,-1264,GATACAATGATGATAACATAGTTCAGCAGACTAACGCTGATGAGCAATATTAAGTCTTTCGCTCCTATCTGATGTATCTGGCGGTAACATTCTAGTTTATGCCCCGAAAAGGGGAATATAGCCATTCTATAATGTTTGGAGATTTTGGATTACTCCTAATTGTATGCAAGTTGTCTTACTGTGTATTGTCCCTTAATTTCAGGACTCAGAATTCATGATTGAAGAAATGCAGGTTAGTTTAAACTTTGAAGGAAATTTTTAAGGTGGCAAAAGGTTTTGGTGGCATATACACCTTAATCTGTAGATGGGAGTGATTAGCTGTTTAAAAGTTAAAATGTGACTGAGAAGGAAATTGAGTAGGGCAAATTTTAAATGGGTATTATTTTTCATCTTCAAACAGGCAGACCTGTTATCCTAAACTAGGGTTTTTAATGACCACAACAAGCAAGCATGCAGCTTACTGCTTGAAAGGGTCTTGCCTCACCCAAGCTAGAGTGCAGTGGCCTTTGAAGCTTACTACAGCCTCAAACTTCTGGGCTCAAGTGATCCTCAGCCTCCCAGTGGTCTTTGTAGACTGCCTGATGGAGTCTCATGGCACAAGAAGATTAAAACAGTGTCTCCAATTTTAATAAATTTTTGCAAT,True
21,-1170,-5.020938,5.1281357,0.9999609,-6.2737565,6.09688,0.9999957,-5.3518023,5.5597486,0.99998176,-6.300224,5.9985294,0.99999547,-3.5243707,3.1277275,0.9987104,0.99972886,ENST00000520306.1,-1170,CAGGTAGCTTTGAACACATGGTAAGGAAATACATTCATCTTTTCACTGAGAACTGCTCACCTAATTGCTTGGTACAGTCATGTTCAATGATATGTAGTTGATTAAAAAATGACAAATACTGTGACCAGCTGCCCTTTTGATGTCAAATAATGTGGAAGATTGAACACCATGCTGATCCATTAGCCATTTCCAGGAAACATTGCAGCGTTATAAGAGAAATTATAGACTATTTGTTGAAGCTCAGCATGTCCATCTCCCTGCTTTGAAGAAGGCAAGCTTCATTAAAACCAACATCTTACTTGGCCTAAAACATCTTTGGAGTAGGAGATTTATGGCCTTTCTGGGAAAGTAGTTCTAATTTTTATAAACCTTAGAATTAAGAAGTTCTTTTGTAAATACAATTATAATTCTTTCTTCTCGA,True
22,-1263,-4.9981785,4.80259,0.99994457,-5.067209,4.9836564,0.99995685,-3.904665,4.2352476,0.99970835,-3.684898,3.23285,0.9990109,-5.539293,5.2786245,0.99998,0.9997201,ENST00000422183.5,-1263,GTATGGTGCTGGGTGCAGATGCAGTGTGGCTCTGGATAGCACCTTATGGACAGTTGTGTCCCCAAGGAAGGATGAGAATAGCTACTGAAGTCCTAAAGAGCAAGCCTAACTCAAGCCATTGGCACACAGGCATTAGACAGAAAGCTGGAAGTTGAAATGGTGGAGTCCAACTTGCCTGGACCAGCTTAATGGTTCTGCTCCTGGTAACGTTTTTATCCATGGATGACTTGCTTGGGTATGGAGAGTCGGCTTGACTACACTGTGTGGAGCAAGTTTTAAAGAAGCAAAGGACTCAGAATTCATGATTGAAGAAATGCAGGCAGACCTGTTATCCTAAACTAGGGTTTTTAATGACCACAACAAGCAAGCATGCAGCTTACTGCTTGAAAGGTGAGGATTGGAAATGTTGGGACTATTATAATTGCAGAATACATGATGATCTCAATCCAACTTGAACTCTCTCACTGATTACTTGATGACAATAAAATATCTGATATTCTGCATTCCCATGTAGCATTTTAATTGAAGTCTGTAAATGTGGCTAAAAGTCTTGTCTTATTTTTTGAGACAGGGTCTTGCCTCACCCAAGCTAGAGTGCAGTGGCCTTTGAAGCTTACTACAGCCTCAAACTTCTGGGCTCAAGTGATCCTCAGCCTCCCAGTGGTCTTTGTAGACTGCCTGATGGAGTCTCATGGCACAAGAAGATTAAAACAGTGTCTCCAATTTTAATAAATTTTTGCAATCC,True
23,-587,-5.063998,4.8705606,0.9999515,-5.1577024,5.070401,0.9999639,-3.8613603,4.1932,0.9996824,-3.6872,3.2361443,0.9990164,-5.5820794,5.3221674,0.99998164,0.99971926,ENST00000454813.1,-587,GCTGATGAGCAATATTAAGTCTTTCGCTCCTATCTGATGTATCTGGCGGTAACATTCTAGTTTATGCCCCGAAAAGGGGAATATAGCCATTCTATAATGTTTGGAGATTTTGGATTACTCCTAATTGTATGCAAGTTGTCTTACTGTGTATTGTCCCTTAATTTCAGGACTCAGAATTCATGATTGAAGAAATGCAGGCAGACCTGTTATCCTAAACTAGGTGAGTCAGCTTTTGGTACATGTGATGATTTTCAGTGTAACCAATGATGTAATGATTCTGCCAAATGAAATATAATGATATCACTGTAAAACCGTTCCATTTTGATTCTGAGGTTACTCTACTAACAAGCATCACACATTTGTATTTTGCCCTGATTAATATGTTGGCTTCGCTTTCAGGGTTTTTAATGACCACAACAAGCAAGCATGCAGCTTACTGCTTGAAAGGGTCTTGCCTCACCCAAGCTAGAGTGCAGTGGCCTTTGAAGCTTACTACAGCCTCAAACTTCTGGGCTCAAGTGATCCTCAGCCTCCCAGTGGTCTTTGTAGACTGCCTGATGGAGTCTCATGGCACAAGAAGATTAAAACAGTGTCTCCAATTTTAATAAATTTTTGCAATCC,True
24,-1258,-5.075247,4.8817186,0.99995255,-5.1506405,5.063174,0.9999633,-3.854097,4.1868124,0.99967813,-3.668722,3.216973,0.99897873,-5.5946703,5.333189,0.999982,0.9997109,ENST00000412059.5,-1258,TTTCGAGGTAGGAGTCGACTCCTGTGAGGTATGGTGCTGGGTGCAGATGCAGTGTGGCTCTGGATAGCACCTTATGGACAGTTGTGTCCCCAAGGAAGGATGAGAATAGCTACTGAAGTCCTAAAGAGCAAGCCTAACTCAAGCCATTGGCACACAGGCATTAGACAGAAAGCTGGAAGTTGAAATGGTGGAGTCCAACTTGCCTGGACCAGCTTAATGGTTCTGCTCCTGGTAACGTTTTTATCCATGGATGACTTGCTTGGGTAAGGACATGAAGACAGTTCCTGTCATACCTTTTAAAGGTATGGAGAGTCGGCTTGACTACACTGTGTGGAGCAAGTTTTAAAGAAGCAAAGGACTCAGAATTCATGATTGAAGAAATGCAGGTTAGTTTAAACTTTGAAGGAAATTTTTAAGGTGGCAAAAGGTTTTGGTGGCATATACACCTTAATCTGTAGATGGGAGTGATTAGCTGTTTAAAAGTTAAAATGTGACTGAGAAGGAAATTGAGTAGGGCAAATTTTAAATGGGTATTATTTTTCATCTTCAAACAGGCAGACCTGTTATCCTAAACTAGGTGAGTCAGCTTTTGGTACATGTGATGATTTTCAGTGTAACCAATGATGTAATGATTCTGCCAAATGAAATATAATGATATCACTGTAAAACCGTTCCATTTTGATTCTGAGGTTACTCTACTAACAAGCATCACACATTTGTATTTTGCCCTGATTAATATGTTGGCTTCGCTTTCAGGGTTTTTAATGACCACAACAAGCAAGCATGCAGCTTACTGCTTGAAAGGGTCTTGCCTCACCCAAGCTAGAGTGCAGTGGCCTTTGAAGCTTACTACAGCCTCAAACTTCTGGGCTCAAGTGATCCTCAGCCTCCCAGTGGTCTTTGTAGACTGCCTGATGGAGTCTCATGGCACAAGAAGATTAAAACAGTGTCTCCAATTTTAATAAATTTTTGCAATCCA,True
25,-1256,-4.838565,4.6424937,0.9999237,-4.8893995,4.809778,0.9999386,-3.6811078,4.0090847,0.99954295,-3.6914444,3.2382677,0.9990227,-5.262358,5.0221004,0.9999658,0.9996788,ENST00000431268.5,-1256,CTTTTCGAGGTAGGAGTCGACTCCTGTGAGGTATGGTGCTGGGTGCAGATGCAGTGTGGCTCTGGATAGCACCTTATGGACAGTTGTGTCCCCAAGGAAGGATGAGAATAGCTACTGAAGTAAGTTGAAAATTCCCTCTCAAAAAGGTTTAAAGCCATTGGATGTGCCACAATGATGACAGTTTATTTGCTACTCTTGAGTGCTAGAATGATGAGGATCTTAACCACCATTATCTTAACTGAGGCACCCAAAATGGTGAGTTGGGGAACATAGAGAGTACACCTAAGTTCACATGAAGTTGTTTCTTCCCAGGTCCTAAAGAGCAAGCCTAACTCAAGCCATTGGCACACAGGCATTAGACAGAAAGCTGGAAGTTGAAATGGTGGAGTCCAACTTGCCTGGACCAGCTTAATGGTTCTGCTCCTGGTAACGTTTTTATCCATGGATGACTTGCTTGGGTAAGGACATGAAGACAGTTCCTGTCATACCTTTTAAAGGTATGGAGAGTCGGCTTGACTACACTGTGTGGAGCAAGTTTTAAAGAAGCAAAGGTATAGCAGTTCCAAGTATTTTTTTTTTTTTTTTAGACAAGAGTCTAGCTCTTGCCCAGAATGGAGTGCAGCGGCACTATCAGTTCACTGCAACCTCTGCCTCCCAGGTTCAAGGAATTCTCCTGCCTCAGCCTCTTGAGTAGCTGGGATTACAGGCATGTGACACCATGCCTGGCTAATTTTGTACAGCTATGTTGTCCAGGCTGGTCTCGAACTCTTGACCTCAAGTGATACTGCCCGCACTGACCTCCCAAAGTGCTGGGATTACAGGCGTGAGCCACCATGCCCCGCCTCAAGTCTGGTTTTTAAGTGTTGTAAAGCCGATACAATGATGATAACATAGTTCAGCAGACTAACGCTGATGAGCAATATTAAGTCTTTCGCTCCTATCTGATGTATCTGGCGGTAACATTCTAGTTTATGCCCCGAAAAGGGGAATATAGCCATTCTATAATGTTTGGAGATTTTGGATTACTCCTAATTGTATGCAAGTTGTCTTACTGTGTATTGTCCCTTAATTTCAGGACTCAGAATTCATGATTGAAGAAATGCAGGTTAGTTTAAACTTTGAAGGAAATTTTTAAGGTGGCAAAAGGTTTTGGTGGCATATACACCTTAATCTGTAGATGGGAGTGATTAGCTGTTTAAAAGTTAAAATGTGACTGAGAAGGAAATTGAGTAGGGCAAATTTTAAATGGGTATTATTTTTCATCTTCAAACAGGCAGACCTGTTATCCTAAACTAGGTGAGTCAGCTTTTGGTACATGTGATGATTTTCAGTGTAACCAATGATGTAATGATTCTGCCAAATGAAATATAATGATATCACTGTAAAACCGTTCCATTTTGATTCTGAGGTTACTCTACTAACAAGCATCACACATTTGTATTTTGCCCTGATTAATATGTTGGCTTCGCTTTCAGGGTTTTTAATGACCACAACAAGCAAGCATGCAGCTTACTGCTTGAAAGGGTCTTGCCTCACCCAAGCTAGAGTGCAGTGGCCTTTGAAGCTTACTACAGCCTCAAACTTCTGGGCTCAAGTGATCCTCAGCCTCCCAGTGGTCTTTGTAGACTGCCTGATGGAGTCTCATGGCACAAGAAGATTAAAACAGTGTCTCCAATTTTAATAAATTTTTGCAATCCA,True
26,-1255,-5.366804,5.1851416,0.9999739,-5.184971,5.0732384,0.99996495,-3.7860641,4.099037,0.9996238,-3.5911624,3.1535943,0.9988243,-5.785117,5.5635376,0.9999882,0.9996751,ENST00000449289.5,-1255,CTTTTCGAGGTAGGAGTCGACTCCTGTGAGGTATGGTGCTGGGTGCAGATGCAGTGTGGCTCTGGATAGCACCTTATGGACAGTTGTGTCCCCAAGGAAGGATGAGAATAGCTACTGAAGTCCTAAAGAGCAAGCCTAACTCAAGCCATTGGCACACAGGCATTAGACAGAAAGCTGGAAGTTGAAATGGTGGAGTCCAACTTGCCTGGACCAGCTTAATGGTTCTGCTCCTGGTAACGTTTTTATCCATGGATGACTTGCTTGGGACTCAGAATTCATGATTGAAGAAATGCAGGCAGACCTGTTATCCTAAACTAGGGTTTTTAATGACCACAACAAGCAAGCATGCAGCTTACTGCTTGAAAGGGTCTTGCCTCACCCAAGCTAGAGTGCAGTGGCCTTTGAAGCTTACTACAGCCTCAAACTTCTGGGCTCAAGTGATCCTCAGCCTCCCAGTGGTCTTTGTAGACTGCCTGATGGAGTCTCATGGCACAAGAAGATTAAAACAGTGTCTCCAATTTTAATAAATTTTTGCAATCCAT,True
27,-1169,-5.394101,5.503918,0.9999815,-6.402977,6.227179,0.9999968,-5.835918,5.995551,0.9999927,-5.247992,4.9637194,0.9999633,-3.451785,2.994323,0.9984158,0.99967,ENST00000524166.1,-1169,GGAAACATTGCAGCGTTATAAGAGAAATTATAGACTATTTGTTGAAGCTCAGCATGTCCATCTCCCTGCTTTGAAGAAGGATGTTGGGAACTGACTGTAAGGAAGACAGGATTGGAGAACCAGGTTTAGAAGAGAAAAGGCAGTGCCAGAAGTTTTTGATTGGAGAAAACTACAGGGTAATGTTGCACAAGAACCATTGCTGGACTGCATCATTGCTTACCCAACATGACTCAGCCTCGGTATTGCCACTGACTCACGGAGCTCCTAATAGAGGAGAATTAGTGTCACAGATCGACTGGAAAACCAATCCACATGAAGCCAGGAAGAGAAATGAAGCTGCTGTTGCTGAATCCATAGCTGGCCTTAATGATGCTGGCTAGGAAAGACGGCCCATTCTGGGGGAGATAAGTCAATTTTGCAGTGTCTGTTATTATCATAGTGACTATTGTCTTCCTGTTTTATATTTATTTACCTAAATTGTTTTGGAAAGACTCAGAGGTATAGAGACATGCCTACTTTTTGCAAAAATCATCACACTGTCATGGAGGTAGTCCAGGCTATGGGGCTCTTATTTGTTGGTGTCTTGGGCAAGTTGCTTGACCTCTGATCATTGTTTGCTTATTCTTATATGGCCCCTGTATTTCAGACTCACTCTGTGTCAGGCATTTGTTTACCTTTGTAGCAAGCTCAGGAGGAAAATACCATTGCCCTTGTTTTACAGGTGATGAAACTGTACGTTTTCCAAGGACACAGTGCTAGTAAGTAATGAATGTGAAATTTTAACTGTTTCAATCTCTTCTCAGAGCCAGTGCTAACTACTCTCCTAAACTTCCTCT,True
28,-1260,-4.9334135,4.737302,0.99993694,-5.0614424,4.971104,0.999956,-3.7218301,4.0565815,0.9995815,-3.5368626,3.0858448,0.998672,-5.5920515,5.3367214,0.9999821,0.9996258,ENST00000456812.6,-1260,GTATGGTGCTGGGTGCAGATGCAGTGTGGCTCTGGATAGCACCTTATGGACAGTTGTGTCCCCAAGGAAGGATGAGAATAGCTACTGAAGTCCTAAAGAGCAAGCCTAACTCAAGCCATTGGCACACAGGCATTAGACAGAAAGCTGGAAGTTGAAATGGTGGAGTCCAACTTGCCTGGACCAGCTTAATGGTTCTGCTCCTGGTAACGTTTTTATCCATGGATGACTTGCTTGGGTATGGAGAGTCGGCTTGACTACACTGTGTGGAGCAAGTTTTAAAGAAGCAAAGGACTCAGAATTCATGATTGAAGAAATGCAGGGTTTTTAATGACCACAACAAGCAAGCATGCAGCTTACTGCTTGAAAGGTGAGGATTGGAAATGTTGGGACTATTATAATTGCAGAATACATGATGATCTCAATCCAACTTGAACTCTCTCACTGATTACTTGATGACAATAAAATATCTGATATTCTGCATTCCCATGTAGCATTTTAATTGAAGTCTGTAAATGTGGCTAAAAGTCTTGTCTTATTTTTTGAGACAGGGTCTTGCCTCACCCAAGCTAGAGTGCAGTGGCCTTTGAAGCTTACTACAGCCTCAAACTTCTGGGCTCAAGTGATCCTCAGCCTCCCAGTGGTCTTTGTAGACTGCCTGATGGAGTCTCATGGCACAAGAAGATTAAAACAGTGTCTCCAATTTTAATAAATTTTTGCAATCCA,True
29,-1271,-4.9170866,4.7192783,0.9999347,-5.1493416,5.044144,0.99996257,-3.5697024,3.9078023,0.99943465,-3.56887,3.1184723,0.998755,-5.030114,4.7894382,0.99994564,0.9996065,ENST00000456293.5,-1271,GTCTTTTCGAGGTAGGAGTCGACTCCTGTGAGGTATGGTGCTGGGTGCAGATGCAGTGTGGCTCTGGATAGCACCTTATGGACAGTTGTGTCCCCAAGGAAGGATGAGAATAGCTACTGAAGTCCTAAAGAGCAAGCCTAACTCAAGCCATTGGCACACAGGCATTAGACAGAAAGCTGGAAGTTGAAATGGTAAGTGAAACTGTATCCAAGTAAGCAGGTAACTGGGCAAACTTCCTACGGCACAAATGGCTTTTTAGTTACCTCCTAGTGCTGAATGCATTAAATAAATGGCGGATTCTTGTCTTGTTATGATTAATAAGAAAGTTTGTAAATGCAGCCTGGATGATGATAAGCAAATGCTGACTGAACATGAAGGTCTTAATTAGCTCTAACTGACTAAAGGCATTTGTTAGTTTTGGCAGGGGGTGAACACTCATCTGTGGCTATTCTAAGACCACTCTTATTTCTTAGGTGGAGTCCAACTTGCCTGGACCAGCTTAATGGTTCTGCTCCTGGTAACGTTTTTATCCATGGATGACTTGCTTGGGTATGGAGAGTCGGCTTGACTACACTGTGTGGAG,True
30,-1268,-4.953228,4.757007,0.9999393,-5.021608,4.9252753,0.9999521,-3.5125184,3.8483257,0.9993648,-3.5649464,3.1213872,0.99875367,-5.238816,4.9984465,0.99996424,0.9995948,ENST00000449589.5,-1268,CTTTTCGAGGTAGGAGTCGACTCCTGTGAGGTATGGTGCTGGGTGCAGATGCAGTGTGGCTCTGGATAGCACCTTATGGACAGTTGTGTCCCCAAGGAAGGATGAGAATAGCTACTGAAGTAAGTTGAAAATTCCCTCTCAAAAAGGTTTAAAGCCATTGGATGTGCCACAATGATGACAGTTTATTTGCTACTCTTGAGTGCTAGAATGATGAGGATCTTAACCACCATTATCTTAACTGAGGCACCCAAAATGGTGAGTTGGGGAACATAGAGAGTACACCTAAGTTCACATGAAGTTGTTTCTTCCCAGGTCCTAAAGAGCAAGCCTAACTCAAGCCATTGGCACACAGGCATTAGACAGAAAGCTGGAAGTTGAAATGGTGGAGTCCAACTTGCCTGGACCAGCTTAATGGTTCTGCTCCTGGTAACGTTTTTATCCATGGATGACTTGCTTGGGTAAGGACATGAAGACAGTTCCTGTCATACCTTTTAAAGGTATGGAGAGTCGGCTTGACTACACTGTGTGGAGCAAGTTTTAAAGAAGCAAAGGACTCAGAATTCATGATTGAAGAAATGCAGGCAGACCTGTTATCCTAAACTAGGGTTTTTAATGACCACAACAAGCAAGCATGCAGCTTACTGCTTGAAAGGGTCTTGCCTCACCCAAGCTAGAGTGCAGTGGCCTTTGAAGCTTACTACAGCCTCAAACT,True
31,-588,-4.837722,4.63669,0.9999232,-5.13296,5.0311484,0.9999615,-3.543162,3.8802803,0.99940324,-3.2831173,2.8305237,0.99779236,-5.5055737,5.2590494,0.9999789,0.9994119,ENST00000458220.1,-588,TTTCGAGGTAGGAGTCGACTCCTGTGAGGTATGGTGCTGGGTGCAGATGCAGTGTGGCTCTGGATAGCACCTTATGGACAGTTGTGTCCCCAAGGAAGGATGAGAATAGCTACTGAAGTCCTAAAGAGCAAGCCTAACTCAAGCCATTGGCACACAGGTGAGACACCTCTATTTTGTACTTCTCACTTTTAAGGGATTAGAAAATAGCCAAAGCAATGATGATTATCTATGTTAGTGCTTCTCTCCCCTCTTTTCAAATGAGAATTTTGCTCTCATATTGATACTAAGTTTAATACTGAAGAAAATGTGAAAACAGATACTATGATGGTTGCATAGTTCAGCAGATTTAATCATGAAGAGATGTACTATCTGTCTGATGTATCTGGGGTAGTTGTGGTTTGCTGTTAATGGTTAAGCAGTGTACCACCAATCTACCATTAAAATATTTTTTGCTGACAATTTTGTATTA,False
32,-1173,-5.0737114,5.1739683,0.9999646,-6.307074,6.140407,0.99999607,-5.5058184,5.7103186,0.9999865,-6.236924,5.9582486,0.999995,-3.1218538,2.7176752,0.9970982,0.99940807,ENST00000523995.1,-1173,AGTAATTTTGTCGCTAGTTACTGTATTACTGGAAAATGTATTCCTAGGCTTTAAGATTTGGGAAGCGTGTGAGTCTAACTTCTCAAACAGAATTTGACAAGGACGTAGCAGTGTTTTAAAAAGTCAGGGAAAGGAAAGAGGTGTGTTCAGCATTCCTGCCCCATCTTAACATATTCTTTTTCTCGTCTTAACAGTGGTAATATTTTATGTTATTTTGGTTTGATTTTTGTTTGTGGCATATGGCTCTGCTGTCCTGTGACTCTAAGTAGAAGAGAAAATAGTGCCAATAATTCTTCATGGAGATGCACCTCTCTCAAGTCTTGAACAATGTTTGAGGAAAAGTGCTTTCAGCTGGGCTGATGAGAACACCTTGGCACTCTTTCCTGCAATGGGCACTGATTGAGGGTCTTCCTGGTGTGGCATCATCAAATCCCTGTTGCTCAAACCCACTAATTAGCTCATTCTTATCTACAAGTAGCAGGGGCCCTAAAGCTCTCTGAGAAGATCTCATACTGTGTCTCCTACATTTCATCTTCTATAATCTCTTATTCTTAGAGACAGAAAGATGGTTAAAAGACATCACTTCATTTCTTTCTCTGGATTTGGAAAGAGTTATATATTGGGATTATGCTGTTAGTTTACACTTGCATTGTTTAAATTAGAGGAAAGGTTATTTTGTGCAGAACAAATAAAAATTACTCTTTAACTACCTTTCAGAATATCCCAACTTTTAACATAAGCTGTTTTGTAAAGGCTGGTTGTAGTGA,True
33,-1321,-5.998811,6.0244985,0.99999404,-4.3157206,4.0549073,0.99976844,-5.6478796,5.7034416,0.9999882,-3.8719964,3.8490956,0.99955684,-3.1274877,2.8515904,0.9974752,0.99935657,ENST00000398474.7,-1321,TGAATTAATTCAACAAACATTTTCTGGGGCACCGACAATCTGCCCAGTGCACCAGGCTAGGTATCTGATACAAAGATAATGAAAACAGTCTCTTGGAACCTAATTGGGGTCCTCATTTGACCAGGAATTTCTTTCGTCCCGTTTTAAGCCAACCAGTTTTGTCCGGACAAGACAAAAACAACTTGGGCTGCTTTAGAGAAGCCCAGCTCAGTGTAGACAATAGCTGCCCAGCCTCTGAAAGGGGCTGATTGGATTATGTGGCAAATGGAGGTGCAAGGATGACTTGGACGGTGACAAATGAAGTGGGCGGAGACCTGCTTTGAGTTAATCCAGGCTATTAGGAGGGGACCTTTTGTCTTCCAGAGACTGGCAGGAGCTTTTACCAGTGGTTTTTACATCCTTAATGTTCAGGACGAATAATTTATGGTCAGTGAAAATCCAGGCCCCAGTGAGATTCGAGTGGGCTGTAAAATCGAGAGTCCTGCTCCCAGTGAGTAATGGTAGTGAATGTTTCTGTCACTTTTTGCAACCGTCCATTCATTTGATCCTCACAACTCCCTGTCCTGAGCCAGGACCGGCCACTGCCACTCCCAGGGAAACAGAGGCTGTCAAGAGGCTCCACAGATTGGGCCCCACTGGATCATTGAACCCCTGTTCCCTGAGTTCTAGAGGAAGAATTGTACCTGTCTCAGTCCCGGCCACCTCCAGAAGGCCTCCCTCTGCATTTCTGACTTTGCTGTGCCGGCAGCCTGGAGCCTCCCAGGTCCCTGCTGTCATCTTTTCTAGCCACTACAGTCTCTGTCTTTCCTTTCACAGCCAAGCTTCTTGAAAGGCCTGTCTACACTTGCTGTCTTCCTTCCTCACCTCCAATTTCCTCTTCAACCCACTGCTTCCTGACTCGCTCTACTCCGTGGAAGCACGCTCACAAAGGGCTAATCTCGGGCCTTGTCGAAGGAAGAGGCTGCAGACGTTAATGAGGTTAGCTGCTGGATTCCAGTATTCGTCGCATAAGGATCCTTCTTTGTCTGCGAAGGAAAAACACACTGATTATCATAATGAGTTCCTGACCTGGCCATCCCGGGGTGCCCTTGACCAGCCCCGTGTCTCCTCAGGGTGTCCCAGCACCAGCCTGGCACAGAGTGGGGCTCAGTTAGAGTATGTGGGATGTTGGTTTCGCCAGGCACGTGGGCCGTGGCCCGGCTGGGTCGGCTGAAGAACTGCGGATGGAAGCTGCGGAAGAGGCCCTGATGGGGCCCACCATCCCGGACCCAAGTCTTCTTCCTGGCGGGCCTCTCGTCTCCTTCCTGGTTTGGGCGGAAGCCATCACCTGGATGCCTACGTGGGAAGGGACCTCGAATGTGGGACCCCAGCCCCTCTCCAGCTCGAAATCCCTCCACAGCCACGGGGACACCCTGCACCTATTCCCACGGGACAGGCTGGACCCAGAGACTCTGGACCCGGGGCCTCCCCTTGAGTAGAGACCCGCCCTCTGACTGATGGACGCCGCTGACCTGGGGTCAGACCCGTGGGCTGGACCCCTGCCCACCCCGCAGGAACCCTGAGGCCTAGGGGAGCTGTTGAGCCTTCAGTGTCTGCATGTGGGAAGTGGGCTCCTTCACCTACCTCACAGGGCTGTTGTGAGGGGCGCTGTGATGCGGTTCCAAAGCACAGGGCTTGGCGCACCCCACTGTGCTCTCAATAAATGTGTTTCCTGTCTTAAC,False
34,-1269,-4.4690933,4.264879,0.99983895,-4.436965,4.346561,0.9998468,-3.1477387,3.489916,0.9986916,-3.3355696,2.8949776,0.9980355,-5.0601683,4.853569,0.9999505,0.99927264,ENST00000422008.5,-1269,TGCAGATGCAGTGTGGCTCTGGATAGCACCTTATGGACAGTTGTGTCCCCAAGGAAGGATGAGAATAGCTACTGAAGTCCTAAAGAGCAAGCCTAACTCAAGCCATTGGCACACAGGCATTAGACAGAAAGCTGGAAGTTGAAATGGTGGAGTCCAACTTGCCTGGACCAGCTTAATGGTTCTGCTCCTGGTAACGTTTTTATCCATGGATGACTTGCTTGGGTATGGAGAGTCGGCTTGACTACACTGTGTGGAGCAAGTTTTAAAGAAGCAAAGGACTCAGAATTCATGATTGAAGAAATGCAGGTTAGTTTAAACTTTGAAGGAAATTTTTAAGGTGGCAAAAGGTTTTGGTGGCATATACACCTTAATCTGTAGATGGGAGTGATTAGCTGTTTAAAAGTTAAAATGTGACTGAGAAGGAAATTGAGTAGGGCAAATTTTAAATGGGTATTATTTTTCATCTTCAAACAGGCAGACCTGTTATCCTAAACTAG,True
35,-1475,-5.1160994,5.2373886,0.9999682,-6.714794,6.538281,0.9999982,-5.3931985,5.5834007,0.99998295,-5.9128947,5.6427517,0.99999046,-3.0153465,2.5918272,0.996342,0.99925643,ENST00000504145.5,-1475,GGACGGCAAGGCGGGGAGAGGGGCAGCCCGCTCGCGGCCCTCCCGCCTGGCTCTCGCCTCGGCCTGCGGCCGGGATCCTCCGCCCGGGTCGCGCAGCGGAGGCCGAGGGCTGGGACGGGCGGCTGGGAAGTGGGAAAGGGAGCTCCTTTTGTCTTCTCTTCCCATCCCCCAGGTTTGGGAAAGTTTTCCTTTTGGGAAAGCCCCTCTCTTCAGCCTGCTGGCGGGTGTCGGATTGGTTAGCGACCACCGGCCCCCGCCTCCCCCAACAGGATTCTCCTTTGGGCCACAGGTCTTCCGGAAGTTGCCAAACCCCGGTAGCGGCAGCGTCCGGCTGGGGGCTTTATTAGGGGGCACCGGGGTCTGCTTTCCGACTCCCTTCCGACTCCGCGCCTGCGCAGGAAGCGATTTGGGGAGTGTTGTGAATTCCGAGGGCTCCACACTTAAGAGGTTGTACACTCACCTGTCTACCTGGACTCCAATTTCCATATTTCCAGCCACTTGAGGACTGAGAGGTGGATGATAAACCCTGTCATAGTGGAGCAAGTTCAGGTGTTTAACCGCTGTTATGGGGGATCTGCCTTTTCTCCCTCTTCTTTCTTACTTCCATAAGTATGTATGTGCAGAGATTGAAAAATAACCTTGAGAGAGTCCATCCATCTAACTCCAGTTCATTGGAAATTTCTGCTTCTTTGAGACTGAGGTTATATTCCACTTCTTCTGACTACACCACCACCATCAATCTCCTTCTCTGAACTCTTGGATCATTACTTCAACCTGAAACAACTCATCAGGCAGAATAGTTGCCTACTGCCCCAACCCCACCAAATGTTCCAGCACCTCTGATATTACCTCACATGGCAAGAGGGCTTTGAAGATGTGATTGAGTCAAGGATCTTGAATGGGGAGATTATCCTGAATTATTCAGCTGGACCCAGTGTAATCACAAAGGTTTTTCAAAGATGGAAGAGAGGCAGAAGAGCCAGAAAAGGATATGTGACAATGGAGTCAGTGTCAGAGTTGGAGTGACGTGATGTGAGAAGGATTCAACCTGCTGTTTCTGGCTTTGAGGATGAAAGAAGGGGCCATGAGCCAAGCAATACAGGTGGCTTCTTTCAAGAAGTTGGAAAAGTGGTAATATTTTATGTTATTTTGGTTTGATTTTTGTTTGTGGCATATGGCTCTGCTGTCCTGTGACTCTAAGTAGAAGAGAAAATAGTGCCAATAATTCTTCATGGAGATGCACCTCTCTCAAGTCTTGAACAATGTTTGAGATTTCCCCAGGCCACCATCACTGGATTTGGCTATTTGACTTGCTGTAGTCAATGGAATGTGAGTGAAAAGTGACTCTGTACCAGTGGGGAGGCAAAGCCTTAAAAGACCCAGCAAATTTCTTCCAGCCCTTTTGTGCTTCTGCCAAAAGAATACTGTGAGCAATCAGTGCCCTTAAGCCTGGGCCTCAGAACGAGAGATATGGAGCAAACCTGAACCTGAACAGCAGCCTACAATCAAGCCAGGATGACCCTGCAAAGCCCAGCCAACGATAGCAAAGCCACAGCAGACTTGTAGACCAAT,True
36,-1172,-6.0857773,6.194559,0.99999535,-6.56988,6.4432826,0.99999774,-5.8996854,6.0495625,0.99999356,-6.4417825,6.128561,0.99999654,-3.0046487,2.53545,0.9960892,0.99921453,ENST00000524190.1,-1172,TGATAAACCCTGTCATAGTGGAGCAAGTTCAGGTGTTTAACCGCTGTTATGGGGGATCTGCCTTTTCTCCCTCTTCTTTCTTACTTCCATAAGTATGTATGTGCAGAGATTGAAAAATAACCTTGAGAGAGTCCATCCATCTAACTCCAGGCTGGAGTGCAGTGGCGTGATTTTGGCTCACTGTATCCTTCGCCTCCCTGGCTCAAGTGATTCTCCTGCCTCAGCCTCCCAAGTAGCTTGGATTACAGAGGTTGTTGGCTTCCATCAGGGGTGGTCATTTCCAATCAGACACCTAAGAACTCCTGCTAATGGGCAATGATGGAGGCACATTCTAGATGGAGGCACATTCTAGAAACGCTTGAAACTGTGTGTTGCTTTGGACA,True
37,-1474,-5.492897,5.4874873,0.99998295,-5.847637,5.690729,0.9999902,-4.118509,4.414094,0.9998031,-6.0168257,5.777886,0.9999925,-2.775422,2.3753176,0.99423826,0.9988014,ENST00000621883.1,-1474,TACTGTGTCTCCTACATTTCATCTTCTATAATCTCTTATTCTTAGAGACAGAAAGATGGTTAAAAGACATCACTTCATTTCTTTCTCTGGATTTGGAAAGAGTTATATATTGGGATTATGCTGTTAGTTTACACTTGCATTGTTTAAATTAGAGGAAAGGTTATTTTGTGCAGAACAAATAAAAATTACTCTTTAACTACCTTTCAGAATATCCCAACTTTTAACATAAGCTGTTTTGTAAAGGCTGGTTGTAGTGACTTGCTTCATAATAGACTATTAAAATAAGATGCATTGAAATCTTGTTCTTTTCTTTGCAATACCATGTATCAGCTTTGTTTTGAGAGGCAAACTCAATTTTCCCCTGAAATTAGGAAATTACTGTAAGGGACTGGAATGACACACAAGAAAAGATTACATCATAGCAGGGAGACTAGCCAGTTAGAATGGGGATTTCTTTACAAACACTAGACTGGACTATGGATTATAATTTACCTAGTGTTAATAGTTGCAGTCATACATTAAGGACAATATGTATGTTCTTTAGTTTTTTGTCACTGAGCAGAGGTAGAAACAGGGAAACAACAAAGGCCGAATAATTTCCAGCCATTGCTGCTTTGTTTGCACGGAGCCCTTTGAAATGTGAACTAAGAATATTTCTCAGAAGGTTTTTAGGTGATTCATATACACAGTAAAGTTTCAGAAGTGCTATATTCGAGGGCATATGGAAACCCATGGCTTTTCTGCTAGAGGATTGTCAAAAGTCCAGAATTTCATAACTAAATACCATGAATTTAGTATAGTAGAGCACAGAACTAAAGGCTGTCTTGTGGCTGCAAAGAGTTGACTTCACATAGCATAAACTATAGTCTAAGACAGTGACTTAGACATAAGAGAGAATAGAACTTGGTAACTGGGATTGTTTTACAGCGTGATCATGTATATTTCTATATTATTCTAAAAATATTTATTATATTTATATAAAAATTGTTACAACCGTGTACAAGTGTGCATAAATAAATAGTGTATTTATGTAGTCTTTATTTGAATGTCAGGCCAGTTAGAGAAGCTAGACATGTATAACCAGTTTAGTCTTAACAATCAAGTTCAGAAAATAATATGTAGACTTCCACCTAGTTCCTTTTCTGAATAATATTATAGACTTAAGGAAGCTAATAAGAGTCCAAGATTCTCTGAGTGCCTTTGTGAATTATTTCATCTGATTCATGTATGTACCTTCATATAATGGCTTTTAATATTGAGGAATATTTGGAGATTAAAAGATTAGAGTAATTCTGAGCTCATTAAATTGTAGATTGTCATTTCTTATGAGGATTTACTTTTCTGGTACAACATGTTCTTATCACTAGTTATAATGTATTTTTTTACTTTTGGCTTAGATTTTGAGCCCTCTATTCATGACATATCAAATGTAGTTCTTTAGATATGCTGCTTTCTAATTAGGAAGCAGAATGTGATTGCCTACTATTCTCTAGCCACGTACCTACTAGTGAATATATAAAGGATGGAATTCAGGCCGTGGTTTATGAAATTCAGGCTGTGTTTTTGAGTACTTCCAAGTATGTTTCAAGTAACTTGGTTATGGTTTTGAATGACTAGGAAAATGCTTTGCTTTTTTTGAAAGGGAAATTGTTCAAAAATGAGATTCAATGGAAAACACAGAGGGTGCTAAAAATGCAGAGACATTGTATAAACCTATAAGAAATTTTACATGGAACCAGAATTTTGATGCCCCTTAAAAGGAAACCAATGAGATTCCTTATTCATTAGTACTTTGAAAGTTGGCAGTGGAATGAGGATCTGTGGAGGAAGGGACAGCTGGATCTTGCACTCAGGACTTCTGCCCTCTGCTCCTCAAAGAACTCATTAGTCACTGTTCCCACTCCCACCCTGGCACCAAGGAAAATGTGGATGTTTCCACCTTTCCCACCCAGGCCTATTTAGGGCATACAACCCTTCCTGAATTTCCTGCAGTACAGTTGAGATCACACTGTAGCCTCTAACAAGCATTTACCAGAGATTCAGCGATGACAACAGAGAACTACAATATAATGAGTAACAGATAACCACTCCATAGATGTTGCATGCATTTCCGAGTGTATACAGCCCATTCTCACCTTACAGGAGAACCAGGAAAAGAGAACAATTTGGGAAGGTCTCTTCATTTAATTTTTCCCACACTGCTGCCTCTTCTATCTTTGGCTTGTTTCTTCTTCTCACTTAGGAGGAAGTGGTTCTCAGATAATTGACTAATCACTTCTTCATGGTCGTGAACTCAAGGACTTACCTGTTATGAGGGGAGAAGCATAATAAAGATTACATCATGTGAACTTTTGAAATAAAATGCCCGAAGACATAAGAGAGACCCTTACCACTGTCACACTCAAAAGGAAAGCTTAGTAGCTACAGAGATTTAAAAAGCAAGCAAACAAGCAACCAAGCAAACAACAAAGACCTGAAGAAAATTCCAGAATAATCCTCAACCTGTGCTTTCACATGCTAAATTTTCATAATGAGAAAGATAAACTGTGTATCTTGTGGTGTCAGTGGTCAGTGTGGTGATAGTAGTTGTGGTTTGGGCTGCTTTTTTCCTTGTTTATTTTTTCCAAATTTTATTTGGGAAAATTTCTGCTGTTTCCATTGTGAACTAAAGTTACATATACTGGATGATATAACTTTAACTCCTAAGAGTATGTTTGGCTATGTTTTTGGAATTAGGTATTATGCATGCCACCTTGTGGCCATTATTAAGAAAACACCTAACATGAAGACGAGAAACAGGATCATTAGTGAGAGCAGCTTGAGCTTGGAGCAGTACTTTCCCAAGTCTGTTTCTCCAACAGCATCCTTAGAACCCTTAGAACCTGGATATCACATTTTAGTGGGAGGAGACAGACAATAAATAAAACAAAGTATAGTAAGTGCTCTGGAGAAAAGTAATGCAAAGAAGAGGGCCAGAAAGTATCAAAAAGTTTGAAATTACAAATAAGGTACTCTTGGAAGACCTCACTAAGGTCACATTTGAGCAGAGATCTGAACAGCATGAGAGACAACTGGGGGTGGGGGGGGGCAGAATAATGTTTCAGATATGTACATTGCAACTGCAAAGGCCTGAGACAGGAATTTGCCTGGCCTGTTCCAGCTTAGCAAAGAAAGAGGCCTGTGTTAATGATACTCAGAGAGGAAGGAGGCAATAGTAGAACATGAAGCCAGAAAAGTGACCAGATGCAGGAGTGACTAAGGCTTTGTAGACTGCTGTATAGACTCTGAGGGAAATGAGCAGTCATTGATGGGTTTTTCGCACAGAAGGATCTTGGTGTGTTTTAAAAGGAACATTCTGTATTCTATGTTGAAAACAGACTGAAAAGCACAAGAGAAAGAACAGGAAGAGCAATTAGGAGGCTGTGGTAGATTATTATTCAGCAAATATTCACCCTACTGTCCTCCCCATAAGATTTCCCCAGGCCACCATCACTGGATTTGGCTATTTGACTTGCTGTAGTCAATGGAATGTGAGTGAAAAGTGACTCTGTACCAGTGGGGAGGCAAAGCCTTAAAAGACCCAGCAAATTTCTTCCAGCCCTTTTGTGCTTCTGCCAAAAGAATACTGTGAGCAATCAGTGCCCTTAAGCCTGGGCCTCAGAACGAGAGATATGGAGCAAACCTGAACCTGAACAGCAGCCTACAATCAAGCCAGGATGACCCTGCAAAGCCCAGCCAACGATAGCAAAGCCACAGCAGACTTGTAGACCAATGAGCATGAAATAAATTGCATTGAAAGCTA,True
38,-1171,-4.95751,5.080792,0.99995625,-6.6424637,6.4943194,0.999998,-5.5019813,5.6933203,0.9999863,-6.2125545,5.9717045,0.9999949,-2.7354722,2.327054,0.9937103,0.9987291,ENST00000519854.1,-1171,TGCCCGTGCTTTCACCGTGCAATGTGCCTGCTCCTGCTTTGCCTTCTGTCATGATTGGAAGCTTCCTGAGACCTCCCCAGAAGCATATGCCACCATGCTTCCTGTACAGACTGCAGAACTGAAACATTGCAGCGTTATAAGAGAAATTATAGACTATTTGTTGAAGCTCAGCATGTCCATCTCCCTGCTTTGAAGAAGGCAAGCTTCATTAAAACCAACATCTTACTTGGCCTAAAACATCTTTGGAGTAGGAGATTTATGGCCTTTCTGGGAAAGTAGTTCTA,True
39,-1174,-5.1412535,5.2558985,0.9999695,-6.9527526,6.777457,0.9999989,-5.613498,5.804426,0.99998903,-6.1933627,5.931351,0.99999464,-2.7124114,2.3101213,0.99345523,0.99868155,ENST00000523859.1,-1174,GGGGCACCGGGGTCTGCTTTCCGACTCCCTTCCGACTCCGCGCCTGCGCAGGAAGCGATTTGGGGAGTGTTGTGAATTCCGAGGGCTCCACACTTAAGAGGTTGTACACTCACCTGTCTACCTGGACTCCAATTTCCATATTTCCAGCCACTTGAGGACTGAGAGGTGGATGATAAACCCTGTCATAGTGGAGCAAGTTCAGGTGTTTAACCGCTGTTATGGGGGATCTGCCTTTTCTCCCTCTTCTTTCTTACTTCCATAAGTATGTATGTGCAGAGATTGAAAAATAACCTTGAGAGAGTCCATCCATCTAACTCCAGGGAGTCGTGCTCTGTCACCCAGGCTGGAGTGTAGTGGCGCGATCTCTGCTCTGCTCATTGCAACCTCTGCCTCCCTGGTTCAAGCAATTCTTCTGCCTCAGCCTCCCAAGTAGCTTGGATTACAGGCGCCCGCCACCACACCCAGCTAATTTTTGTATTTTTAGTAGAGACGGGGTTTCACCGTGTTGGCCAAGCTGGTCTCGAACTCCTGACCTCGTGATCCGCCCACCTTGTCCTCCCAAAGTGCTGGGATTACAGGCGTGAGCCACCGCGCCCGGCCAATAAGCTTTTTTCTTAAAAAGTACTCAGAAGACTTTTCTATCCATTCATTCTGTTAACGCGCGTCAGTGTGAAGAGACCACCAAACAGGCTTTGG,True
40,-1317,-6.359214,6.415773,0.99999714,-4.668086,4.425851,0.9998877,-5.2818246,5.3814754,0.99997663,-3.8256643,3.8157887,0.99952006,-2.5208726,2.378504,0.99260396,0.99839705,ENST00000556407.5,-1317,ACTTGCAAAGTCTCGGCTTAGTTCCTGGCACTCTGAGGTCCACCTCCTTCCTGAGGCTGGTGGTTACCGTGCTAATGAGCTAGGCCGCAGCGGCTATTAGACATGGCTGCGTGGGGTGTCCTGCCAGCCCAGCCCCGTCACCACGGGCTGCCTCGAGCAGCTCCCCCAGCACCAGGCACTCCAGATGCTGAGCAGCAGAGTCTGCCCATGAAGGATGGATGCACTACCCCTGCCTCCATATTCAGGGGTCTCAGGCAAGGAGCCCGTCCTCACTACACCACACATGGAGGGCATGAGGCTGGACCACACCAGAACGTCCCTCCCCCCGGAGCCTGGAGCTGCAGGTCTTGATGCGGAGAGGTTTCCATCTGGGTCTCTCCTCAGGGATGACATCATCCGTCCACCTCCTTGTCTTCAAGGACCACCTCCTCTCCATGCTGAGCTGCTGCCAAGGGGCCTGCTGCCCATCTACACCTCACGAGGGCACTAGGAGCACGGTTTCCTGGATCCCACCAACATACAAAGCAGCCACTCACTGACCCCCAGGACCAGGATGGCAAAGGATGAAGAGGACCGGAACTGACCAGCCAGCTGTCCCTCTTACCTAAAGACTTAAACCAATGCCCTAGTGA,False
41,-118,-4.0369596,3.961555,0.9996642,-2.5284624,2.5098128,0.9935569,-3.6521456,3.6792812,0.9993457,-4.4899306,4.525276,0.9998784,-3.26396,2.9624357,0.99802727,0.99809444,ENST00000553102.1,-118,GAGATATTCAGAGGTCTTTTAGGATGCGCTAAAGGGTCGTGAGGGCTCTCTTAAAATTTTCTTCACAAGCGGTTATCCAGTCGTGCCCCGCGGCCCTGCTGCTGGCCCCGGGGATCTGAGTCGTACCCTCTTGTTTTTCTCTGAGTCAGTCTTAAGGTGAAATGAAGTGTGGCCCAGTGGCTCCTCACTGTCGCTTCTCTAGTTTTCTGCCTCCTTTTAGAAAATTGAATTGAAAAGACAGGATGAAGTGGACACAGCATGTGAAGACAATTCTTTCAAGAAGTTTGGCTGTCAAGGAAAACAGAGAATGTGAGTAGCCAAAGCAGAATGACAGTGAAAGAAAGAAATTGGGAGCCAGACAATACAGCCCGACAGTTTACGCCTGTACGGATGTACCTCTTTCACAAAAGATTGAGTATGCTTGGGGAAAAAAAATACACACTATAATAGGAGAAAATGATGAAGAGAAACTGAGGTAAAGGTAATTGGAAAACAAAATAAAGCCAGGGGTATATTAATACCCCAAAACTTCATACCAAAAGGTCCGTGTATTTACTAGAGGGGTGCCACAAATTGGGCTCTGAGGTTCCTAGCAATTAAACCAAAGGGAAAATATAAGTTTAACATGATCCGTATGAGGGAGGAGGCCTAATGGCATATTATAGAATCCTGTTACACATTAGCTGTATGAAATTGATTGGGTAA,True
42,-709,-7.1437607,7.1036816,0.9999994,-6.648744,6.4397674,0.999998,-6.3738656,6.465967,0.9999974,-6.002524,5.8314543,0.9999927,-2.3870778,2.101802,0.9888916,0.99777585,ENST00000521812.1,-709,GCGTGCAGGAGAGACAGGAGAAGAGAATAACTAAACAAAGACATTAAAGACAAAAAAAAAGTAGGAAAGGGAGACTTAGAAAATATTAAAAGCCACCAAAAACACATCCAAAGACGGTTTCCCCTTACGTTAGTTGGGCTAAAAGAAAGCAAATGGGAAGAAGGTTTTAAATTGATTATCCCAGTGACAAATCCCAGGAAGCTTTCACATCAAATCACCCTATTCTGGGTTTTTAACTCCTTCCATCGAGTTTAACCTCTTTACCTCCCACATCCTGGTAAACCCTGCCCCCTCCCTACCGCCCCCTTTGCTGGTGATTAAATCCTGAAGGTACACGAAGTATTTCAGTGAATGAATGGCTAACAGAAAAGGGCCTCCCCTCCCCCTTACCCTGGCGGTGTTTTTCAGTTTTATTCCACTTTCCGCCCTTTTCCCTTAATGAACACAGGGCTAATCTCGGGCCTTGTCGAAGGAAGAGGCTGCAGACGTTAATGAGGTTAGCTGCTGGATTCCAGTATTCGTCGCATAAGGATCCTTCTTTGTCTGCGAAGGAAAAACACACTGATTATCATAATGAGGCACGTGGGCCGTGGCCCGGCTGGGTCGGCTGAAGAACTGCGGATGGAAGCTGCGGA,True
43,-117,-3.7962308,3.7097418,0.9994505,-1.8212037,1.7984189,0.97390634,-3.5303671,3.5504508,0.9991596,-4.101558,4.14452,0.9997378,-3.0559082,2.781472,0.997092,0.9938692,ENST00000547492.1,-117,TATTCAGAGGTCTTTTAGGATGCGCTAAAGGGTCGTGAGGGCTCTCTTAAAATTTTCTTCACAAGCGGTTATCCAGTCGTGCCCCGCGGCCCTGCTGCTGGCCCCGGGGATCTGAGTCGTACCCTCTTGTTTTTCTCTGAGTCAGTCTTAAGGTGAAATGAAGTGTGGCCCAGTGGCTCCTCACTGTCGCTTCTCTAGTTTTCTGCCTCCTTTTAGAAAATGTAAGTTGAGAATTTCTAATTTACATCGGGATGTGTTCTAATGCGCTTGTTTTTAAAACTGTGGAAAATTTTTAAAAGAAAATAAATCTCACCAGTCATCCAGCTACCCAGAAGTAACATTTTCATGCATTACCTATTAATTTTTTTCTCTGCATATTTTTTCATAGTTGAGATAATTTAGGGAAAACCATTTTGTGTCCTTCATATATGGATGAATACAATATAATTTTGGTATTAATATCATAGCAACAAAGAAGGCATTGAAGGCTTTAAATCTGTTTACAGTGAATTGAAAAGACAGGATGAAGTGGACACAGCATGTGAAGACAATTCTTTCAAGAAGTTTGGCTGTCAAGGAAAACAGAGAATGTGCTAAAGAACATACAGACACAGAGCAGACAGGCCACCTTTGCAACCACATGGAGGTTTGTCTGATATTGAAGCTAAAGAAGCTAAGCTGGAAGACAGAGAGACCAAGTCCTGATGACATTGTTTGAACCCAGAGATCCAGACATGCCTGAAAACTAGTTTTACCACT,True
44,-875,-5.5487013,5.28864,0.99998033,-1.7778771,1.7455137,0.97134596,-3.4747837,3.554219,0.99911493,-3.0750117,2.9606028,0.99761367,-2.711154,2.4072301,0.9940499,0.992421,ENST00000456746.5,-875,AGCCACCGCGGCGACTTGGCGGCGGGTGCCATGCGTCTGGAGCTTCACATTCTCTGCCCCCCACCCACCGCGCCGGCGCTCCCTTGTCACGCCTCGGGAAGCGCGCACCTGCCAAGCAGGCAAGAAAGAACCCTCAAGTGGATTGCCTCTGGCAGTTGGAGCCACACCGGTGTTCTCAGAATACACCCTGTCCTTTCCAATTTCCTTCATATGCGGTAACCACCAACAGTCTTGGAGTAACAAGTCTTAAATTCTGATTCTCAGTCGGCTAAAGATGAATAATCTGATATCATGTGAAATGAGGAAATAAGAAGCTTTCTGCTGACTTCATTTTGACCCAGGGTCCAAAAGGTGATGTAATCCTGTGGCAAGAAGATTCAAAACTGTGGACTATCTTGCAAAAAATACAAGAAGATATTGAAAGTTTTCATGAGTGCCTACCACCTAATCTCAAACACTATCATTCATATGTGCCTCATTGAGCAAATCTTTAATGAGGATCTATATGCCAGCAATATCTTTTGCTTGGGAGCAGAAACAGAAAGTACATGATGGACTTCATTGAAGGATGGAGATTTGGAAGACATGAATGGATGAAGAACCAAGTGCGTGAGGGCACCTATCAGGATTATTGCTGAAATCCTTATGGAGTTAACTGGCTGAGAGGAAGGCAAGCAAGCGAGGACTGATGGGCCCTTGGCACTGTGAGAACAGTGGAGGAGGAGGGAGCAGGGTTCATAAGGAGGAGCACAAACAGAAAGTTCAGTGGCCCCAATAAAAATAACACCAGAATCTTCCAGATACTTTCTCCATAAGGCGAAAAGAACAGGTTTCTCTTATTGCCTGGATCCAAGAGCATCTCCTGGGTTCTTCCTGTTAGAATACTGAATGTCCATGGAGAGTTTAACATAAGGAAGAAGAGGCCTGTCTCCCAGCTGAAACTGGTGCAGCAGATCATGCAAAGTAAAACCTCAGCAGCTGTGATGAAGTAGAGCAGAGGGCCTGGGTGTCTGTCAGCTCCAAGCGGAAGATTTCCCCAGCTTTCTAGGTAACTGTGCTTCCACTGAGCAAGCCAGACACAGACTTGAATGTCATCACAATCTGTGCCTGTGACATCTTTCCCCAAGAATAGCACAAATTGAACTTTTACATTCTTCATAATATGGAAGGAAAGGTATTGACTGAGCCACTTCTTTATGCCTCAAGACATCTCATATGTATTTATATGGATACATACATGAATGTATATATTCTGTCATAATAACATATTCTATTTTTCTTATTATAGCACAGTGTTAGGATAGGCTACATAGGCTGCATTAAACCCTCAAATAGAAGTTTATATTATGCATCAGAAGCCAGTGCAGGGACTCTCCTCAGCACAACATCTCTAAGTGGTGACTTGGAGGTTCAGGCTCCTTTCATCTTAAAATGCCATCATCTTCAGCATTTGGCCTCAACAGTTGCCAGAGAGGGAGAAGAGAGTATGTATAAGACCACACTGCAGGATCTGTGTTAGGTCTGCAAGCACTGCTGTCACCTCTGCCAAATCCCGTTAGCCAGAACCCAATCATATGGCCCCATCCTAACTGCAAGGGAAGCCTGGGAAAGGTCTTCTTGTATGCCAGGAAAAGAAAATGAAATCGACAAGTATCTAGCCAGTCTTTGCTACAAGTTTCTACATGTTGGAATTATTATCTATATTTTTCTTCTGATCATGCTTAGCATTTGATACTATGTAGACTGCCTTGTTGAGTCCTGCTGTATTTTGTGACATCCACATGCAGCATCCCATTCCTCACAACAGGACTAGGAGTGGTCAGAAGTTTTATCACCCACTTTATGGACGGAAACCCTGAGACCCAGAGCAGTTACATGGCTTGTCCAAAGTTACATAGTACTGTTAACTTAAAAACACAATTTATAAATTTAGACAAAGAAAGAGGAGACTTTATTTCTTATAAAGGGTTATAGCCTTCAAAGTGGCTATCTCACAGGCTGGGAAGCTCAGCCTTCAGCAGAAGCCCAGAGACAAGCATTTTGAAGGCAGAGGGGTTGGGATGGAGCTTTATGCTGAACAGGTTGACTAAATATACATATTCAACAGGTTACAGGAGGAGCTATGAATATTCATGAGGGTGGTCCTGACACATGCGTATTGAACAAACATACATGTAACACATGACCCATGTTCACTTTGGGATGGAGACTTAACATTTCAATGTATTACAGTTAGGCCCTACACATCAAAAGGTCATTTCAGGACACAAAAGCTCACAAGTACACAATCTCTGTAAACTAGTCAGAACCAGTCCATGGTTGGTGGTCTTATCAGGAAAAAGTTACTAAAATTAGTCTCTCATCCAATGAAAGCTGTAGTTATGGCTGGTGGAACAGGGGTTCAGTTGGGCAGAGTCTATGAGCAGGATGATTTGCAATTGTTTAAATATTGCTTATCTTGAGGCCAGTGCTTGTTTAGCTGCTGGAGAAAAAGAAAATCCTTGTGGCAGTTAGAGCATAGTTTCTTCCTTAGGTGTAGGAGTACATGACTTCCCCTCACCTGGCATGGCCTTAGGTCCTGTTTATAATTCGGTATCTTATTGCCACAAAGAATCTGTTCTGTGAGTCATGTGATCTCTATTGGAACATTAATGCTGCTCAGTTGTTGTGTCTAAACCATAAAAGAGAAGGAGAGTATAATTAGGCATGTCTGACCTCTCATCATAGCTGGGAACTAAGTCTTTAAATTTTTTTCTGGGGTCCTCTTGGCCACAAGGGGGTCCATTTAGTCAGTGGGGGCCTTGGGATTTATTTTTAGTTTACATTGCTAAGTGACAGAGCTTTGCTTCTTTCACTCTGAGGTTAGTGGTCTCTCTGCTGTGCCACATTGTCTTCCCCAGAAGCTCAAACTGGATGCCCAGCCCTCAGTGTACAAACTCAAGTATGCAAGAAATACATCTTTATTCTTTTATGAATATACCTAATTTATATGTTGGAAGGTGTCAGCAATGAATTTGATCACTTTGGTATTTCTCTACCTTTAAAGATATGTTTACATTTGGGGTGGGATGAAGGTTTGGTGGAGGGGAAGGTGGTCAGGTTGGGCCAAGGTATTGGGAAATCCATTTGTTCCTCATGTCAGCTGTTTGAGGAGGCACCAACCCAGATGTCCACAGTTCCTTCTGGCCTTCCTTTACCGATACTGATGCACCTGTGCCTCCTTCCTGTGTGCATGGCCCATTTGTGCCCAGCATCTCCCTGCTATTTTGGGGCCACTCCAGGGTCTGGGAAGTTCTGTAGGCTTATAACATACAGTCATTCTTCTCCCCAGCTTGCTGCCTCCCTGAGACACAGAGGTAGAGAAGTAGGAAAGGACCTACCGTACCCAGGCCTTTGCCCTCTCACTTTTCATCCATCCTTCTTCCCACCAGTGGAGGGATGTGTTTCTAGTCTTCCAGGGAAGCTCCTCTCTCCTCAAACCATTTTCTTCCAAATACTTTGGCTTTATTCCAAATCCTCTCTAGTCCTCTGAGATTTTTTTATAACACAAAACACAACTTACAGAAGTTGTGTTGTTGTTTTGCTGTTTATCTTGTCACATTATTTCTCTACCTTGAGGCAACAGGACAAGGGCCTGCTGTCCAGCGCACGGAGGCAGGGAGGAAGGGGTAGGGGAATACTAAGAAAAAAAAATTTCTCGATCACATGTGTACCACATTTAACTTTATCAGGTCCTTGTGAGGTGAGTATCTGTGTGTCATTGTTCTGAAACTAACAGTGAGGGGACAAAGCATTGATAGGAGTTCTTACAATATATTTGGGAACTCGCAGGTGAGGGCCTCTCCTGCCTGATTGGTCTTTCAATGTACCATCCCAACCCACCCACCTCAATCCCCATGGCTTGATCCTGCTGTCTCGGTGATCAAGCTTTCAGTTAAGAATTGGGTGATAATGAGCTAGTTAATCCAATTTAAAAAAAAAGAATTAGGATCTGGGCTCAGAAGCCCCACAGCTGTGAAAGCCTGGCCGTAGATTACTAGTCTTCTAGATGTAGAAAAGATTTTTCCTTTCTCTGGCTATTTAAGTCTTTATCAGTCACCCTGCCTCAGTTATCAACACACACCCTAGAGTAAATCTGTTCCCTGGGGGTGGAAATAGAAGGGGCATGTCATTGTACATCCACACTGATGAAAGGAAAGGAAACATTAAGATGGCTTAAGTGGAAAGGTCACATACGGCTTGTACTAGAGAGACACCATGCTAAAGCAAAACATCGTTTAAAAAAATTCTGACTTATCATGTGCTCAGAAATGCTCAAATGGGTACAACCATCACCAAGGGTGGGATGGGAGGGCAGGGGAAAAAAATATGAAGCATCAAAAAAAATTCTGATTTGTATTTGTGAAATTCAATAGTAACCCTATTCATTAACTGGATTTTAAAATCATTTCAAAGCACATTCGGCTTTCAAAAGATGTTTGTTTAAATAATACAGTTGGCTTTTGGTCAAAAAATGAAGTTTCGGTAATGCATAGTAACAACTGTAGTGTAATTACTGGCCACAAAATACCAGGTGCCAGACCAACCCTTTTCGAACCATTTAAGAGAACCAAGCCAAGCAAAAATGCCCAGCCTAGCCTTACCCAGAAGTTCAAAAGCTCAGCCTTTGTCACCAGGAAAAAATTAATTCAAAGAGCAAAGCCATTATTCGGCACAACCAGGTATTCTGTTGTAAACATCTTTTGTTAATACATGTTGAAAGCTGAACTTTCTCACGTTTGAGTGAAAGAGGGCTGCTTAAAGAGAGTTTAAACCAAGCCAGGTTCAAGGTTTTTTTCTTTTCTTTCTTTTTAGATTTCTGACTTCATATCTGTGGGATCCACACAATGGGGAGGTACTGGCCTTGGAATCCATGGTTCCCCAGCTATCATTTTACTTTAGAATTACAGTGTTCTCTGTTAGTGTCAAGGGAATGAACCTGACGAGAAAAGACCAAACATAGGACTGTTACAGGGAAGAAAAATATGAAAAGACCTAAAGATGCACGTCCTCATTATATGTAAGGAATCTATTTCCTAGAATCCTATAAAAAGCTCAAGTGAATTTGCTTCAGTTAATAAATGTGATTTAATTATAATGATAATGCC,False
45,-1196,-4.9560328,4.7678742,0.99994016,-5.7551003,5.8428345,0.9999908,-1.5661658,1.9448917,0.9710008,-2.473586,2.2601874,0.9912834,-4.0860085,3.793699,0.99962175,0.9923674,ENST00000602587.5,-1196,CCACTCTTCAATCCACATGAAGAAAAGGATCTTCCTCAGAAGAATAGGCTTGTTGTTTTACAGTGTTAGTGATCCATTCCCTTTGACGATCCCTAGGTGGAGATGGGGCATGAGGATCCTCCAGGGGAAAAGCTCACTACCACTGGGCAACAACCCTAGGTCAGGAGGTTCTGTCAAGATACTTTCCTGGTCCCAGATAGGAAGATAAAGTCTCAAAAACAACCACCACACGTCAAGCTCTTCATTGTTCCTATCTGCCAAATCATTATACTTCCTACAAGCAGTGCAGAGAGCTGAGTCTTCAGCAGGTCCAAGAAATTTGAACACACTGAAGGAAGTCAGCCTTCCCACCTGAAGATCAACATGCCTGGCACTCTAGCACTTGAGGATAGCTGAATGAATGTGTCTTACCCATTTCCATGTTTCTCTTGCTAATTTCTTTCGTGTGTGCCTTTGCCTCATTTTCTCTTTTTGTTCACAAGAGTGGTCTGTGTCTTGTCTTAGACATATCTCTCATTTTTCATTTTGTTGCTATTTCTCTTTGCTCTCCTAGATGTGGCTCTTCTTTCACGCTTTATTTCAT,False
46,-1155,-3.185257,2.9890306,0.997922,-4.5409327,4.4948454,0.9998809,-1.7694935,1.9322155,0.97591317,-2.3329537,2.401214,0.9912868,-2.8107738,2.647211,0.995756,0.99215186,ENST00000417032.1,-1155,GTTTCCTCAGGAAGAGGACGGCCTCCCGCGCGCTGCCGGCTTCCTCAGGAAGAGGACGGCCTCCCGCGCGCTGCCGGCTTCCACAGGAAGAGGACGGCCTCCCGCGCGCTGCCGGCTTCCTCAGGAAGAGGACGGCCTCCCGCGCGCTGCCGGCTTCCTCAGGAAGAGGACGGCCTCCCGCGCGCTGCCGGCTTCCTCAGGAAGAGGACGGCCTCCCGCGCGCTGCTGGCTTTATCTGGGCTCCTGAGGTTCTCCTTTGAGTGTCATCACACCCACACTTGCGACTCCTTCCCGCCACAGAGGGAGGGGATGGACTCTTGCTTCTTTTCCCAACTCCACCAAGAGGGACCGTCCCAGGACGTCCTTCCCCGGGCATCTGGCCCTACAGCTGCCTGAGGTCTCCATCACCGTTGGCGCCATCAGTCTGCTGTGCAGCCAGCTGTTGGTTTGGAGAGCCTGAAGAACTGCAGTTCACGTCTCATCTAAAGGAGCTGAAATGATATTGCAGCTTTTTCTTTTGGTTGCGTGCAGTGAGAATCTGGGAGC,False
47,-1323,-4.1286125,4.143348,0.9997445,-3.083696,2.8520682,0.99736375,-5.947473,6.045512,0.9999938,-1.5795143,1.5771935,0.9591722,-3.325179,2.92014,0.9980642,0.99086773,ENST00000524131.5,-1323,CTCCGCTTTGCTCTGTCTCCTGAGGTGGGCCTGACCAACCTCCCCTTCTCTGCCTCAGTCCCTGGGCTCCAGGGCTCAGCTCCACAGCCCTCTGCCTAGCAGGCTGGTTCTCCCTGCCAAGCCCATACCTGTGGTCACCTGGCCCTCCTGTGGTCTGAGTACCACTCCCCTGCCCCAGGAGCCACTCCCACTCCAGCTGCCTGTTTCCAGCAGGTTCCCAGTGCCCCCGACAAGCCCCTGCTGGTGTCTCCATCTCCTGCCAAGCATCCTCCAGTGCCTCCTCCTGTGGGCCTGGCCTCAGGGCTATGGACAGACTCCTGTCCCATCCCAGAGACCCCTCGTGATCGTGCCCTGTCACCCCACTCCACCGAAAAGTAAACTGCAGGCACGTGGGCCGTGGCCCGGCTGGGTCGGCTGAAGAACTGCGGATGGAAGCTGCGGAAGAGGCCCTGATGGGGCCCACCATCCCGGACCCAAGTCTTCTTCCTGGCGGGCCTCTCGTCTCCTTCCTGGTTTGGGCGGAAGCCATCACCTGGATGCCTACGTGGGAAGGGACCTCGAATGTGGGACCCCAGCCCCTCTCCAGCTCGAAATCCCTCCACAGCCACGGGGACACCCTGCACCTATTCCCACGGGACAGGCTGGACCCAGAGACTCTGGACCCGGGGCCTCCCCTTGAGTAGAGACCCGCCCTCTGACTGATGGACGCCGCTGACCTGGG,False
48,-1066,-3.2746878,3.1440341,0.9983719,-3.085218,3.1076357,0.9979602,-1.459284,1.769149,0.96189034,-2.9866552,2.8790052,0.99717283,-3.1615877,2.920347,0.9977214,0.9906233,ENST00000602698.5,-1066,AGCTCCCTCTTTGCCCACTAGCAGGGCATTAGCTGGTGCTGAAGACAGTGGCTGCTTGGCGAGCCTGGATCTCCAAGTGACCCCCTCAGCAACTCCTGATGAACAGGACTGAAGCCAATATTAAAGCAAGTCAACCAAAGGTTCTCTGGTGTAGACAAGACAGCAAAAGGACAGACTACCTTGTGGAACCTAGCATTGTTCTCCTTCTGCAGCACTAAGTACTGTGTGCAGAAATGTGATTGAGATTCAAGTCAGGGCCTCTCTGCCCTTTTCCCTCCAGAAACAAAACCAAGATAATTTATCCTGAACACGGTGAAAAAAGGAAGGGAGGGAGGAGAAAAAGTCCGGGTCTCACCTGGGATTCTCTGTCTCCTGCAACATGAAGGATTTAGCCTGGGAGGAGGTGGTGAGAACTCTGGGAGAGAAAAAAGAAGGAAAGAATAGTTTTACCCATGCTGAAGTTAATTTAAACCTTCACCTAGAGAAGCAAAAAAAAAAAACCCACACTTTCCCATTTTGTGCCTCCCTTCCTAGAGTTTTAGCCAAAGGTTTAGCTAAGTAATTGGTTTTACC,True
49,-427,-3.3032534,3.1801226,0.9984737,-3.1568255,3.1833885,0.99823916,-1.3751526,1.6907628,0.95546466,-2.9601557,2.853714,0.99702305,-3.160658,2.9185603,0.99771523,0.9893831,ENST00000602498.1,-427,CCTGTTCTTTCCACTTCTGGGGCTGTGACTTGAGTTTCTCCGCAGGAGCAGATAGTGTTTGTGTAGGGACTGCGGACTTTTGCATTACAGCCTCCCTGCTTTGCCCGCCTGCTGCTGGAAGCTTAGCAGGTGAGGAAAGAGGACTTCCTGTATATCTCTATCCTTTTGTTTCCATTACTCACTTTCTGTGGCTGCTGCTGCAGAAGCCACTGCTGACTGATGTGGATACCTCAATCTTTGGTTTACAAAAAGCCTAGGTGTCTTTTGGCCTCTCTCCAGGTTGATAGCCATGGCTCCTGAAAGAAATAAAAGATGATCATCTTTCTA,True
50,-1437,-3.0348446,2.917477,0.9974069,-3.1446404,3.1708226,0.9981951,-1.3708156,1.6880809,0.955165,-2.9563146,2.857616,0.99702317,-3.1406584,2.906409,0.99764085,0.98908615,ENST00000444126.5,-1437,GACTTCAAATACTCTTTGTCCTGCCCCTGCTTGGCGAAATTTACCGAAATTATCTACCTATCCCGCTGGAGTGGGAGCCGGGGGAGAGCTGGAACCGCGTCTCTGCTGCTCACCTTTGTGTCCTTAGCTCCTTCGCATGGGGTCCGACCGCAACACGTGCGCTGGATAAACGCTTGTTAACTGGGTGAGAGCCAAGGCCTGTTCTTTCCACTTCTGGGGCTGTGACTTGAGTTTCTCCGCAGGAGCAGATAGTGTTTGTGTAGGGACTGCGGACTTTTGCATTACAGCCTCCCTGCTTTGCCCGCCTGCTGCTGGAAGCTTAGCAGGTAAAAGTCTTGCAGTGAAAAACCCGAGGACCCTTACCGCAAGTGTCTTTTGCTCCCAGCTACTGATACTGGATTCCACTCGTGATTCTCCCTTTCTTAGCGCATTCATGATATAGACATCAGTCTCTGAGCTGGAGGAGGACAAAGGCAGCGGTCCTGTGAATTCTATGCTCTAGCTTGGGTTAAGGGATTTGGAATTGCACTTGTTTCAGAGAGCTCCCTCTTTGCCCACTAGCAGGGCATTAGCTGGTGCTGAAGACAGTGGCTGCTTGGCGAGCCTGGATCTCCAAGTGACCCCCTCAGCAACTCCTGATGAACAGGACTGAAGCCAATATTAAAGCAAGTCAACCAAAGGTTCTCTGGTGTAGACAAGACAGCAAAAGGACAGACTACCTTGTGGAACCTAGCATTGTTCTCCTTCTGCAGCACTAAGTAACATTTGTTCTCCGTTAAGATCTTTGCAAACCACACACAAGAATTGCTGGTCATCCTGCCAATAGATGCTGCTCACAGAACCAAATTTCCTGTGCTGAATTGTCACTCATGGGCTTGAGAGTAGGAGACTGGAGACCAAGGTGGCTAGAATCCAGTTGGGCCTGATGTCTCCCTGTTGAAAGGGCTCCTTGTGGAATGAATAGCACATGGCTCCTGTGGTGGATCTGATAGTGGCATAGCACCAAGTGATGCAGGCCTGCCAGGGGCCACAGACACAGAAGATGCTCCCGGGGTCCCCCATGTACTCCAGACACACTGCAGGCCACCTCTCCCAGCAGGTTGCCAGTCATGGGCCCCATCATCATGACTTCTGTCCAAGGTGTGCTCGGAAATCTCTTCCTTAACTGTGACTTTCTGACAGGTGGAGGATGTGGTCAGGAGTGGGAAAAGGATTCGAGACGGGAAGAGGGAGGGGTTCAGGATGAAGAGAGATAATCTGTGCCACAGATGCTGGCCCTGCAGTTAGCTCCCACCTAGTCCGTGCACACACATTCTAATCCCCTCCCATTCCTTTACATGCTGCGGCCAGAGAGGCCTTTCTCAAAGTGGAAGTCTCATCCTCACTTCTCTGGTTACAGTGCTGGGCCATGGTAACTTACAAGGCTTAGCAGGAACTGTCTGCGCACTCCCCCTTCCTGCCCACTACCTTGTTTCCCTCCAGTTGCGAGAGAAAACATTGATTGAGCATTAACTATGTGCCAGGCTTGTCCTAAGTCCTTTGCATGTATTCACTCAAACAATCCTCACAACATTCCTATCACATCTCCCATTTCACAGTGAGGGTTCTAAAGCACGTAGTGGGTGAGGAACTTGTCCAGGGTCACACAACTAAGTGGGGGTGGAGAAACATCAAATCTAGGTGGTCCAGGTGGTGGCCAGAACCCATCAGCACCTCACTACAGCTGCCTCCAGTTTCTCGCTCTAGGAAATACTCTTCCCTGTCAACTCCTGTTGTCCTCTGGGCTCAGTTGACATGTCATCTCCTTGAGGAGGACATCCTGAGATGCTCCCCGACTAGGGTGGGCACCCACTTCCACACTCCAAATGCCTATTTGACCTGTGTATCGCTGCATCCCCACTGCCTGGCAGATAGCAGGCCCCTAATAAATATGATTTGAGCAAATAAATATAGTTCTTCAAAAAATAGGGAGGACTTCTTGCTTCAGGTAATGGTAGGCTAGGACATTTGGACCAACCCTCCTGCAGAAAATAGCCATTTATTTTGATGCAATATATCTGGCTATGACTAGAGATTTCAAATATTTGGAGGGCTATTATGTGAAGAACTAAACTTACTCTTTGTGACATAGAGGTCAGAAATTGGTCGTTTCCATAGAGTATGAGAGAGACAGAATTGTGCTCATCATAAGTATCTTTTTTAAAAGTTAGACTTAATAAAATGGGCTGCCTTGGTAGGTGGTGAGTTCTCTGTCACGAAAGAGATTCAGCCACTTGCTCTGAGAAAGCATGGAGAATATCAACATTGTAAGGGTCGACCACCTCATCTCTGAGGCCCCCTCCTCACTTAGGTTGCCATTGCAGGTGGAACACTGGGCTGAGTGTCAAAGAACCTGGGTTCCACAAGCTGTGCGACCATGGCTGGTTGTTTTGGATCTCATTCCTAATATCTGTTAGTTAAGCTGACCCGTCAATACTGACCCACTTCACAGAGTTATGAAGGGATTAAATTAGGTATTACATGTAAATCTGTTTTGTTTGCTTTTTGTTGTTCTTTTTTGTTTTGCTTTTTTCTTTGCATTATGAAATCCCAAGTCAACTTTTTCCATTCTTTTATTTTTTTAAAAATTGACATCATCATTATAACCACAAAATAATTTTTAAAATGGAAAAAAAAAACTCACCTGCAACCCCACAATCTAATACAATAATCATACTTTTTTCCCTTTATTCTCCTTTATTGTGACCAAGGATGACTTTGGGCATTGCTGTGAGGAACTATTTCGTTTAACACCCTACTACCTGAACATGATGCGTACTCAGCCTTTCACCACCCCCCAAGTAGCTACACATGATGTGATAATAGTATTGGTGGTGGTTTTAGAGAGTTGGAGAGAAAACTGAAGTTGGATTTGGGTAAAAGAAAAAAGAGTGGGAATTATTTTTTCTCCATTCTAAAGCCCATAAAGCAATGTTAATTGTTCCCACCCCTCTGCTATTCTGTCTCCTCAGGTACTGTGTGCAGAAATGTGATTGAGATTCAAGTCAGGGCCTCTCTGCCCTTTTCCCTCCAGAAACAAAACCAAGATAATTTATCCTGAACACGGTGAAAAAAGGAAGGGAGGGAGGAGAAAAAGTCCGGGTCTCACCTGGGATTCTCTGTCTCCTGCAACATGAAGGATTTAGCCTGGGAGGAGGTGGTGAGAACTCTGGGAGAGAAAAAAGAAGGAAAGAATAGTTTTACCCATGCTGAAGTTAATTTAAACCTTCACCTAGAGAAGCAAAAAAAAAAAACCCACACTTTCCCATTTTGTGCCTCCCTTCCTAGAGTTTTAGCCAAAGGTTTAGCTAAGTAATTGGTTTTACCAGCGCACTCACTCCTCCTATCCCAAGTCTGTTTGACTCCCTCCCCATCATCCTCCTCACCTCTTTTCAGGCAGGGTGGGGATAGCAGCAGGAGGAGATTTTGGGAGCCTGGCAACTCCTGCAAGGACCGCAGGACAGCCCCTCTGTGGGGATGCGTGGTGCCCCATCTGCCGCCCTTCTGAAGAATGCACTGCCTTCACTTTTTACTGTGTTAGAGTCCATCCAGACTGTTCTATCCAAAAAAGTTTCTTTTTCCCCCACAGGCAATCAGGAAATGATTCCTTTCCCGACTGCTTCTGTCTAGTGCCTGGGAATCTTGAGTCAATCCCTCAGTAAGTCAGTGACTAGGGAAATCCCTCTCTGAGCCTCCCAGTTCATGTTGCTTAGGGAACCTGATATTTTCGTGAAACCTGCCTACACATGGGCAGCCCAACAGCAGAACAAATGGTGGTGACCAAAGTGAACAAAGAAGTATAGTTGTGCCAGCTTCGTAGTTGCCCATGTGGACAAGTCAGCAGGATCAGGACACGAGGAAGAGTAAATGTGAGACAGTCAATGTGACTTCTGCGATAAACAGATTTTTAAACCCCGAAATTTTGCAAAATTTTGGTGAAACCTGAACTTTCTTCGTTGCATATACTGGCACTATCTGTACCATCATACAACTGTCTCACATTAAAGCTATTTTTCTTGGGCACTGATGAGTAAGGTTGGTATAAGTTCCTCAGATCAACAAAAACCCATTTTCCTGTAAGTCTTACATTTAGTATTTAAGGAACTAAAACTTAAATACATTTTGTGAAATGGTTGACACTTCACTGATAATGATTTATTGCTTGGATTAATAAATTTTCCAAAAGTTGTCTTATGTAGAATATGGTTTGCAACCAGCAGAACCATTAATCTATACTGCAATGATATGCACTATGTATAATTGTTTAAAAGCCTCTACTTAATGATGTAAAATGCTCTATTTAATTACACATTTGGGTAAACTGTATACTAACATCTGATGGCATTTTTCCACTGTTTGTTGCTTTTTTCAAATACTTTATTGTACAAAGCTGTTCTTAATATTTTTCAAGTTTTTTTCTTTGAATTTTGCTAATGTTTTCCTTGAATTATGAGCACTGACAGAATGTGCTTAGCACTTTTGGCTATTCACACAGCTTTTGAGCATGATTTGCATCCAATATTTACATTGCTAGCAATAATAAGCCATCTGTGAGTTTTGTCAAAA,True
51,-426,-3.0219486,2.9037635,0.99733716,-2.9542756,2.961899,0.99731183,-1.3288494,1.6436071,0.9513141,-3.0891268,3.0013797,0.99774086,-3.6775331,3.4714003,0.9992149,0.98858374,ENST00000602516.1,-426,TTAGAGGATCCTGTTTGGTAGTTAAAACCGTATTAAAATAGAGAGGGAAGAAATTAAGCCTCCTTGATGGTGAAGAGATTGGGAACCACCACTCCAGTGTTAGAAAATGTCAAATGACAGAAGGTGGGCTATATTAAGTGGGAATTTCCAAACCCCACCCCCTGGAAGGAAGGAATGCTTGGTGACAAGCCTTAGAGGAGAGAGATGCTTGTCTAGCCCATTGCCTGTGTGCCCAGGAAGAGATGTGCATACCTTGAGATATAGAGAAGACTCTAGTGGGGAGAAGCCCCAGGCCAGCTTGTCAGCACAGGGCATCGGAGGCCCCCAACCAGCTCCAAGTTCTGAACAGCACACAGCCTTCAAAGGCTTGTACTGCTGCTCATACCCAGCAGAGGCCTTGCACCAGGCCTCCCCATGCAAATCAGTGTCCCCGCAGCGTAGGTAAAGGAGCTCTAGCTGTGCTCCCTATGGGGGAACAGATATACCGTGGGACACTGAGAGACTGGAAGATTGCCCAACATTTATTTACTGATCTGTGTTCACCACAGAACCTAAGGTATTTATTGGTATTGTTTCAACCAGTACGAGTGATTCTTTCATTTAGTGGTCATCTCTGCACTCCACCACAGACTTTTGGGAATTACAAGATGAAAAGGGCCACATCCTCACCCTGGCATAGCTCAGAAAATTTGGTTGGGGAAGTAGGGACATAGACGTGATCACTACACCATAATTTACTAAGCTGTGAGAACTGGAGGTGCATCAGTGACCAGAGTGCATTTGAGCCAGAGGTAGAAGGTACTGTAGACAAAAGGAACAACATGCGCTCTAGGCTGTATCATTAGGTACAATTTTCTGTCCTTGGGGGAGTCTTTTTAACCCTAAGACAAAAATTATGAATATAGAAAGAGGCCACGGTTCATCTTTGCAATTCTTTCAGGAGAAAATTTGCTGCAACTCACTTTCTAAGTTTAAAAAAAAAAAGAGTAAATGATATGAATATCACCTGAAAGAATTTGAGGTCTCAAACTTGGGAGGATCTTTGAACAACAATCTTGGGGAATGCCTAACAGTTCATACTCATTTCTTGATATCTACAGATGGAAACTCTACAGCCTTACATATATTTCTTTTTTCTTTTAACTACTTTATACTCACAGAAAATCAGTGTTCAGCACTTCTAATAGCAGGTCTAGTGGAAGCTTGAGATCAGAACAGAGTTCCATAAAGGGAAACTGAGGGCACACAAGGCAGAGCAGTACCCCCTTATCCATGGGGACCTGTCTGACTGGAAGTAAGGGAGAAGATTCTACTCCACAGAGAATCAGGGAAGGTTAAAACTGTGTGTGTTTGTGACACTTTTGCTCTCTTGGGCCCAGATACAGGCCGGAAATCCTTTGGGTTCTGGTGACTCAAAGTGTGGCCAAAAGGACCAGCAGCTTTAGCTTCTCTGGGAGAACATATGAGTGCAGAATTTCAGGCCTGCACCAAGTTTTTAAACGTCTGCATTTTAACAAGCTGCTCTTAATTTGCTTACGTATTAAAATTTCCAGAAGCACTGTTCTAGGACCATCTTTAAGTGTTATCCAAAAACATGTAAGATCTTTTTTCAAAGCAAATTCTCAAGCTCTACCCTAGAGGGATTGCTTCTGGTTCTCTGGGGTTGGTGCAGGAATCTACATTTTCGGCAAGTGCCTTAGATCCTTGTGCACACTAGCATTTGAGGATTGCTGCCTTAGATGGTGGGAAATCTGAGCAGGGGAGGGCTGTGGGCTGAAAATGAAATGATGATGTTTAGGAACTGGCACAAGCATGCTTCTGCTCCTGGTGGGAAGCAGTGGGACAGATCCAGTTGATTGTAGAGAATGCAGACCTCGTGTCATGCTCAAGTGTCACCTTAATGTAATGGCTGGAGACAGCCACATATGACCCTCTCATTGTCCAGTCAGTAAGCTCAATCAATGACAGGAACCACTGACTCTGGTAATTAAAAACTTATTGTGGCCGGGCACAGTGGCTCACGCCTGAAATCCCAGCACTTTGGGAGGCAAAGGTGGGCAGATCACCTGAGGTCAGGAGTTCAAGACCAGCCTGGCCAACATGGTGAAACCCCATCTCTACTAAAAATACAAAATTAGCTGGGCGTGGTGGGGTTGCCTATAATTCCAGCTACTCAGGAGGCTAAGACAGGAGAAACACTTGAACCCAGGAGGTGGAGGTTGCAGTAAGCTGAGATCGCATCATTGCACTCCAGCCTGGGCAACAAGAGTGAAACTGTCTAAAAAACAAACAACAACAACAACAACAAAAACACTTATTGGTGGGCAGGTTCTCATAAGAGGCCATGGGAAAGCCATGTCCTATCTCAGGGACACAGGGTCATCTGGGCCTCTGGCTAATAGAGGCCAAATAATGGGACTATTTTCCCTGTGAAATCCTGAAAACCAAAAATGGTGGCGTCTTTATCTGCATTAGCAGAGGTAATTTGCTCCTTCTTGAAATCCAAGGTCACGTCTACTGTCTGGGGATTTTGATCCAGGGTCAGTGTGGTTTCTCCTTTACAGGAGAGCCGAGTCTCAGAAAGGTGAGGTGGTTTGTGTTGGTCATTGGCTACCTCAGATTTTAGAGCAGCTCTACCTTGATTGTGGGGTTGACCTAATTTTTTTTGCTGTCTTCTTTCTTCTCCAGGTGAGGAAAGAGGACTTCCTGTATATCTCTATCCTTTTGTTTCCATTACTCACTTTCTGTGGCTGCTGCTGCAGAAGCCACTGCTGACTGATGTGGATACCTCAATCTTTGGTTTACAAAAAGCCTAGGTGTCTTTTGGCCTCTCTCCAGGTTGATAGCCATGGCTCCTGAAAGAAATAAAAGATGATCATCTTTCTAAAAA,False
52,-425,-3.074605,2.9485126,0.99758375,-2.9981308,3.0123482,0.99755305,-1.306722,1.6302526,0.9496442,-2.9668255,2.8694081,0.99708873,-3.5485663,3.3287623,0.99897015,0.98816794,ENST00000602319.1,-425,GCCATGGCTCCTGAAAGAAATAAAAGATGATCATCTTTCTAAAAAGTCTTAAGTCTGAATTATTAGTAACTTAACTGGAGAATCTCACTTTTCCTACTCTCGTATTTTAACCACAGTTGCTCTAACACAGACCTTTGAGGATCTTTTCATGACTTCATTCACAAATACCTATTTATGCTGTACAGATGCTACTAGGAAGGAAATAGGGATGTCTGTTTTGACTGTGGAACTTAACTTGGTCTCGTCTCTTCGTGCATGCAACCCTGTCCTTGGGATAGCTTTCTTGAGCATATCTACTTATGTTCAAGAGGTAAATTGTCCTGAAACCCCCATTGCTATAAGTATTTATTTTATTACTCATAATACTTAATGCTCCTAAAGTTGGGGTATTTTTTTTTTTGGATACCTAAACTTCATTGAGATACTTTGAACTATTTATAGAGAAAACGGAACCTTCTAATACCTGGCTTCTATTTCTTAAAATGTTATGATCATACATGGCTTAGGGCTTTATGGCCAAATAACTTCACTGAACCCAGGAAAAAGAATAGATCCATCTGAAACAGACCTGTAGCTTCCAGAGGCCTAAATTTTCGGCTCCATTTGTATCCTTCATTTTCTGTGAGGTAAAGAAGTGGAAGGAGACAAGCCTCAGCCCTTCCCCTGGCACCTTTACTCTTCGCCCTTCCTCCTGGCATGGTGGAAAGTGCACTGGAGGAGGAGTGAAGGGCCCTAGGTTTGCATCCATATTCTGCCACTTGCCAACCTTAATGGCCCTTACAATTGATTTACCCTCATGAAATTTGGAATGATTTCTAAAGTCTTTCCTCGCCCTGAATGTTAACATTTTTTGATAGTCAGGACTTTCTGTAGCTTCACCTTCCTTATTTAGTGTTATTTTTTTCTCAAGACTGAACAGAGAGGGAAGCTGTCAAAGTGTGCTGGGCACACACCCTGCAGTGGGGCAATGGCCAATTCTAATCTCAAGTCATTAGGCTGCAGTAGCATGACCACTGCTTCCTGTCTACCCTCAGAGGGTAGAGACAGCTGAGCTCCTGTAGTTGGGGTCAGGCCCAGCCACTCTGTGGGGACAGTGATTAGTGTTGTGTCACCAATTCAGGGAAGGAGCCACCTTGTCTTATTTTCCCTCTTGAATTATCTTGATATGACCCCATTATAAATTTCCTTTTGTAAACCTCTGTCTCCCAATTTCTCCTTTTAGCTTACTTTCTATTGAAGTAGAGGAACAGAGTACAACTTCCATCCTCTTTCATCAGCCCTGAGAGCAGAACGCAAGCGCCGTTACTGGGAACTATATCCTTGGCTCCCTGGATGTGGCTATTAACTTCTGGCCTGCCACTCTATCACATACACATATGGAGATGGTGTCATCCATGTACCTTACCCCGTATTTACAACTTCTATCACCCAACAGTGCCAATGGCCCTGATGGTCCCTCTGGGAGGGAGAGAAGAGTAAGCTGGAGTCACCCCTTCCCTGTACTTCCCACCTCGCCAGGCCTGTTGGTGTTAGTGTCCCTTCTGATCTTGGCCTGACCCCTGTGCCCTGGGCACTGGGCTGCAGGTTGGAGAGGCAGCATGATGGAGTGGGGATAACACATACTCCAAAACCAAACAGAAGCCAGACCTGGGTTGGGTCCTGGCGAAACAGTCTAGAGGCTTGGTGACCTTAACCTCCTAATTAATCTTCCTAAGCATAAGTTTCCTTATCATAAGTTATGTATGATAAAATTTTCCTTGGATGCATTCATTTTAGCATGACTTGAAATTATGTGTGAAGGAACCTGGCCCACGGAAGTTGCCCTGTAAATTCAGATTCACTTTCCCTTGGACATATGGATGACATTAGCTCATTACAGTTATGACCTCCCTAAAACTCCCAAATATTCTTTAAGTTCTTCTCTTATTTTCCCTTTAGTTTGTAGTCATATTTCTTAGTTCTTATATCAGTTGGGATTCCCACATCTTCTAGTTGGACAATATTGGAGAAGACACCACATTTTAACTGAGTTCCAGTGATATGACAGGCTTTCAATTCTCTAATCTCACAGAAGTTAGAAAAAAAGTAGATAATCAAAATCCACAGAAAATATAGAAGATTCCATTAACTCTGAGAATGATTCTCAGGTATCCTTAGGACCTCAAGAAAGCTGTTCTCTCCTGGGCCTGTAGAGAGTTCAAGTGCCAGGAATCTACCACAAAGTAGCCGGGAGGTGCAGGGCAGCAGGGGGCACAGTGAAGTGCTGAAGGGCTTCTCAGTCTTCTTTAATTAGAGTGAGAAGAAAAGAGCACCTCCTCATTTTAGAGTACATGGTGTGAACTCACTCTCAGCTGCCAAGTGAGCTTCACCTTGGGCTGTTTTGCATGCTTTCTCCTAGTGCTTTAAGCCACCCTGAGATGTACAGACCAATACTGGCCATCACAAAAATATACTCGAGTACATAGACCATTGACACTATAAAGCAAGTAAACAATGAAGTCTACATAACAGCCAAATAACAACATGATGATAGGATCAAATCTGCACATATCAATATTAACCTTGAATGTAAATGAGCTAAATGCCTCAATTAATAGGCAGAGAGTGGCAAGTTGGACAGAGAAGCAAGACCCAACTGTATGTCTTCAAGAGACCCATCTCATATGCAGGGACACCAATAGCCTCAAAGTAAGGGATGGAGAAAGATCTATCAAGCAAATGGAAAACAAAAAACAGCACTCTCTGTCCAACAAAAACAGAATATACATTCTTTTCAGCTGCACATGGTACATACTCTTAAAATCGACCACAATTGCTTTATTGGCCAGAAAGCAATTCTCAACAAATTCAAGAAACCTGAAATACCGGCCAGGTGTAGTGGCTCACACCTGTAATCCCAACACTTTGGAAGGCTGAGGTGGGCAAATCACTTGAGGTCAAGAGTTTGAGACCAGCCTGGCCAACATGGCAAAAACCCATCTCTTCTAAAAAATATAAAAATTAGCCGTGCATGGTGGCATGCGCCTGTAATCCCAGCTACTTCGGAGGTTGAGTCACGAGAATTGCTTGAACCTGGGAGGAGGAGGTTGCAGTGAGCTGAGATCACGCCATTGCACTCCAGTCTGGTTGACAGAGTGAGACTCATCTCAAAAAAACAAAAAAACCCTGAAATACCAACCACACTCTTGGACCACAGTGCCATAAAAATAAATACCAAGAAGATCTCTCAAAACCATATAATTAAGTGGAAATTAATCTACTCCTGAATGACTTGGGTAAACAAAGAGAAATTAAGGCAGAAATCAAGAAATTGTTTACAACTAATGAAAACAAAGATAAAAA,True
53,-1486,-4.8907557,4.691963,0.9999311,-5.9971514,6.0894647,0.9999944,-1.211568,1.6091429,0.9437848,-2.6894367,2.4579961,0.9942193,-3.8735485,3.5691607,0.9994147,0.9874689,ENST00000417942.5,-1486,GACCCCAGAAGCCCTAGACTGAGAAGATAAAATGGTCAGGTTGTTGGGGAAAAAAAAGTGCCAGGCTCTCTAGAGAAAAATGTGAAGAGATGCTCCAGGCCAATGAGAAGAATTAGACAAGAAATACACAGATGTGCCAGACTTCTGAGAAGCACCTGCCAGCAACAGCTTCCTTCTTTGAGCTTAGACACTTCATTTTCCTAGTCCATCCCTCATGAAAAATGACTGACCACTGCTGGGCAGCAGGAGGGATGATGACCAACTAATTCCCAAACCCCAGTCTCATTGGTACCAGCCTTGGGGAACCACCTACACTTGAGCCACAATTGGTTTTGAAGTGCATTTACAAGTTTCTGGCATCACTACCACTACTGATTAAACAAGAATAAGAGAACATTTTATCATCATCTGCTTTATTCACATAAATGAAGTTGTGATGAATAAATCTGCTTTTATGCAGACACAAGGAATTAAGTGGCTTCGTCATTGTCCTTCTACCTCAAAGATAATTTATTCCAAAAGCTAAGATAAATGGAAGACTCTTGAACTTGTGAACTGATGTGAAATGCAGAATCTCTTTTGAGTCTTTGCTGTTTGGAAGATTGAAAAATATTGTTCAGCATGGGTGACCACCAGAAAGTAATCTTAAGCCATCTAGATGTCACAATTGAAACAAACTGGGGAGTTGGTTGCTATTGTAAAATAAAATATACTGTTTTGAAAA,False
54,-1156,-3.0009284,2.7643275,0.99687517,-4.37646,4.3155727,0.99983203,-1.4400448,1.5939867,0.9540881,-2.5021777,2.5900116,0.993893,-2.5019717,2.3358152,0.99213773,0.98736525,ENST00000413238.1,-1156,GGCCTCCCTGCCTAGGTTACATGCAGTGGTCATCCCGGTCGCTCCCACACCCGTGTGGGCTCTGGGATCCCCTCTTCCAGCCAGCCCAGGGGACATCTGGCTGTCTCAGGACCCAGCCATCTGTAAAAATTAGGCAGGTCCCTTCAGTATGCTCCTGGTCAACAAAGAAAAACTTCAATTTTGAGAATGGCATCTGTATTCCGAAGTGTTCTCTCAGATGTTTGAGTTCCACTAAGTAGGGGAAGAAGATGCTGCATACAGGATGGAATATCCAGGGGAAGACGTCTAAGGAGAGATGCCCAGCTGGGAGTCCTATGCAAGGGGAAGAAGATGCTGCATACAGGATGGGATATCCAGGGGAAGATTTCTAAGAAGAGATGCCCAGCTGGGAGTCCTATGCAAGGGGAAGAAGATGCTGCATACAGGATGGGATATCCAGGGGAAGATTTCTAAGGAGAGACACCCGGCTGGAAGTCAAGATATGTCAGTTGTTTCCATTATAATAAAACCACTCATGTTAGATGAGCTGAACTTTCCCTTTTCCCCAGTTCTTACGATCAAAAAGTGGCTGTCCTAAATTTCATCACTCAATATCCTTGCTAGAGTCTTCCTTTGTCAGCCAGGCTGGAGTGCAATGTGCAATGGCACAATCTTGGCTCACTGCAACCTCTGTCTCCTGGGCTCAAGCAATTCTTCTGCCTCAGCCTCCTGAGTAGCTGGGATTACAGTTCCAGGTACTGAATAGAAGCTTTACAAAAGATCCCGGTACCGGTAATAGCCCTGGGGCGCCCACTTCACGGGGCCTGCAGGAAGTCCTGGGAAGGGACTGTTTCCACAAGTGGAACAAGTGGGCCCCCCACTGCCCTCGCTGCCTGCCCCTCTCTCCTCATTAAACCTTCAGAGAACACAAAGGAGCCGAGAGCCCCTTTTCTCTCCATCTTCCAAAGAAGACTTTTCAGTATAAAAGGTGCCCTAAATCCTTTGTGATGCCGCCCACAAGCAGCGTGCGCTGACACAAAGCAACGCCGCCGGCCACTGCTGCCTGCAGACAAGAGGCCGACTCTTGTCCTCGTCTCGGGTCCCAAGAACGGGAGTAAGTTTGTGGACTGGCACGCAGACTTGTGTGCGGGGCAGCCCCTGGAGACACAGGCAGCTGCGATGTGAGTGTGTCAGGCAGAGGTTCAGCTTTACGTCAGTGTTAAAGAAAAAAACCTGTGAAGAAACTATTCAAGACATGCAAAAGGAAGTGTTTCCCACGCACCCAGGGCAGGATGCTCGGTGAGGGGTGGTGGAGCCGTAGAGCAAACATCCTTCGAGAGCCAAATGTGCGTGACCTTTGACCTTTCCCCTTCAGGAGTGTACAGTGAGGGAATACTCGGGTAAGCACAGAAACACCTGCAAAAACAACTCACACATTCGCCAGCAGGGAGTCGGTCAAACCAACCAGGCCCAGGCTGTGGAATGTTAGGCGGCGGTTAAAAGTCACGAGATACGCACCTTCAGATGGGAAAGATGGACACCACCTGTCTCAGCGGGAGAAAGACAGCTGCAGAAGCTTCACACAATTTAGCCCGATTCCCACGAATAAACAGAAGAAAGGGCAGACAAGTTTGTACCGACGGAGGAAGGCACTGGGACCCCGCTTCAGTCGGGCACGAGTTTCCCCCAGAGAGGGGAGGAGGCAGGCAGAGGACTTCACTTTCTATGTAATCTTTGCCTACAGAGTTTGACGTTTTGTAACTGTCCTGTATAATTTGTCATCTGAAAGCCTGAAAAAAATAGCCAATTAAAAAGCTGCCATTGGTGATGAGAAAGAACGAAGCTATTGCCACGGGTGGAGGAGGGGCTTCTGCAGATCGGCCCCCGGCCCTGCACCTTCTGCCTCCCATCAGGGCTGAGTCTCCTCAGGCGGCTGAATATTTCCCACCTCAGGCAAATGGACACTAAGCTCCTGAGTCAGACAAAACAGTGACTCCCTGGAGGGCTGTGTGCCCAGCCCCTTCTCCCCCTTCCCACCTGCTTTGCTCTTAGGAAAGTCACCAAAGGCTGGTTGGTGTGGCTCATTCTAGGTTTGACTCCTTAGGAATGTGGCTTTTACCAGCGTGCTGTATCCCTCCTGACAACACAGCCATCTGGTGGAGCGTGGAGTTCATTGGAAATGCATTTTATTTGCTTGTAGCATACATGTGGCTAAGGCTCAGCACACACGGAGATTCGCATATGTGTGCACACGCCCCACGCACACACCCACACACGCATGTGCATCACATGAACGCGCGTGCACACACACACTCCTGCACTCAGTCCTGCTCTATTAACAGGTTCTTGGGCTCTGCAGAGCTGACAGAGGCCGTGTTGGGTGCGGCAGGACAAGGCTGGGCGTGCAGGCGCCTCCTCCACAGGGCACTGCTCATGCGTCACAGCTGCCAGACGGAGGCTCCCCAATGGCGACGCTCTGACAGGGGTCCGTGACTCTCCTCAGGGAGAGGTGGCTGTTTCCAATGTCCTCCCTGGTGCCCTGTGGCTGGCAGGACCCTGCCCACCCTCTCCCTCCCCGTCCAAGCTCTGTTTTCATCTGAATGCAGCAGCCACGACTAACACGCCAAGTGTGTCCTCCATGCTCCAGAGCCTCAGATCTGGTCAGAGCAAGTTCTTACTCAGCATGCAGATGTGAAGTCAGGCTTTATTGAAGTATTTACACAGCTCATTCCCGCCACGTGGAGGAGTCTGCGACATTCCACACACAATGACAGTTAAAGACACCTGCTGACCACTGGGTCCTGCTTCCCCTGCTCACCAGGCATCTGTCAGGAAACAGCCGGCCCCTCTACCAGGAGAAACCAGTCAGCTCCGCTGAACAGTGGCACATGTGCGGTTGAGGGGAGATTGTCCCCTGAGCACACCTGATGACTGATGACTGCCCACACCCAACCACCGACCATCAACAACCAGTGCCTGGTAACCACCTGACACGTCCACTCACGCCCACTTCCTCAGCGTCCCCTCTGGGTCACAGCTCAGTGTCGGCACCTGGCCACTGACCCAACACCTTCAGTTACCACAAATCTTTGTTTCCTCAAAAACCTGAGAGTAGGTGGGGGATGCTCCCTTTTGTCCTTTGAAAGCTGGGCAAGGCTGGGGGTGGGTCTGTCCAAACCCTACAGGGGAGGAACAGCCGAGGGGCCGCACTGAACCTGGGGTCTGCAGCGTCCACCTGCCTCCCTCTCGCTCCACATGCTCAGCCGTCCTTTCCTGGGCACCTGGCCTGGGCCGTTTACTCCCCAGTATCCGTCTGTGATGGATCCTCTGCGGCCCCCAGAAATGGTGGGTTGTTCTGTAGATCCGACCGCCTCACCTGTCTCCCCAAACCAACCTCGGGTTCATTCTCCCAGAAGTCCAGGGATGAGCTTGTTGCAGCAGAGGGGTGTGGCCGGCGTGGCCCAGGGTGTGCAGGACAGGGTGCGGACCTTTGGGGATTGAGGGGTCTCTGGACACTGCTGCTTTGCTGTCCTAACAGCCCCTCTGTCCGGCCTCATTTTACCGGGGATATGGGTTTTGCAAACCAAGGTGACACTGACAGGATGTGTGAGCTTCCCTGTGGCTGCCTCCCGGCACAGCTGTCCCGACCTTTGACATCGCGCCCCAGCTGGGGTCTGTGATGCCACCAATGCACAGGAACAAGACATTCATTTTTAAGGGAAAAGTGGAGTCAAATGTGCTCAGAACAACTGAGTCCCACAGTCGGGGCACCTGGGCCAGGGCTGGGCAGCTTGCTGAGGTCCATCGAGCGCTGTGGGGGCCAGGGCTTGGCACACACATGGAGACTGTGCCCTGATATCCCCACCCTTCTGCAGCTGGCTCAGCAACGTCCCCAGACACCCTCCCCACATCTGCAAACCACCCTTCGCCTGAAGGAGCAGCCGCTAGGGCTGCTGAGCGCCAGCTCTGGGGAGGAGGGCTTGAAACAGTTTTATATGTTGTTAAAATAATTCTTATCCTAAGATTATTTTTGTTAAAAAGAGAATAGGTTTCCGGTTCCCACTCAGCTGTATCCCGCACCCCACGTAACCCCATCACCAGGGGCCCGCAGGCCTGGCCGCAGCTGGCCTGGGGCTGAGCGTCAGGCTCTGCGGCTCCCACAGGGCGGCAGGTGACCTCCTGAGGCAGAGCCAGAGCTGCTGAGGGTCCCACGGAACACCTGTGTGGAGAGGTCCCCTCCTTCATGACCTTGCTCTCCTGATCTGGTTGTCTCCTCAGCCCGCCTTCCGTGGGGAGGCAAAACAGCCCTGTGGAGTTGGGTGGGGCAGGGCTCAGCCGGGCCGGGTGGGCGCCCCAAGAGAGAGGACGGGCTGCCCTCCTGTTGATTTCTCCTGGTCCTAACGTCAGGGGGGCCCTGACTGGCTTCCCTCTGTCCTGCAGATGAGGGGGCTACCCTTATGGGACCTGGGAGGCCGCCCTGATGTGGGACGGATGTCACCCGGTGGTCGCCCAGGCTCGTGCTGGGCCACACAACTGCGTTTCCACATTTCCTCCTTGGCTCCCCTATTCTCTTGGGCCGGGCGCAGTGGCTCACGCCTTAATCCCAGCACTTTGGGAGGCCGAGGCGGGCCCATCACGAGGTCAGGAGATCGAGACCATCCTGGCTAACATGGTGAAACCCTGTCTCTACTAAAAATACAAAAAA,False
55,-876,-3.1955738,2.8859794,0.99772054,-2.8969574,2.8262017,0.99674135,-3.042195,3.2694685,0.9981883,-5.5655255,5.378582,0.99998236,-1.4474448,1.0304177,0.9225753,0.9830416,ENST00000430416.5,-876,GGAGCACAAACAGAAAGTTCAGTGGCCCCAATAAAAATAACACCAGAATCTTCCAGATACTTTCTCCATAAGGCGAAAAGTAGAGATGGGGTTTCACCATGTTGCCCAGGCTGGTCTCAAACTCCTGAGCTCAGGCCATCTGCCCGCCTCGGCCTCCCAAAGTGCTAGGATTACAGAAGGTGCCTGCTTCCCCTTCACCTTCCACCATGATTGTAAGTTTCCTGAGGCCTCCCCAGACATGTGGAACTAACAGGTTTCTCTTATTGCCTGGATCCAAGAGCATCTCCTGGGTTCTTCCTGTTAGAATACTGAATGTCCATGGAGAGTTTAACATAAGGAAGAAGAGGCCTGTCTCCCAGCTGAAACTGGTGCAGCAGATCATGCAAAGTAAAACCTCAGCAGCTGTGATGAAGTAGAGCAGAGGGCCTGGGTGTCTGTCAGCTCCAAGCGGAAGATTTCCCCAGCTTTCTAGGTAACTGTGCTTCCACTGAGCAAGCCAGACACAGACTTGAATGTCATCACAATCTGTGCCTGTGACATCTTTCCCCAAGAATAGCACAAATTGAACTTTTACATTCTTCATAATATGGAAGGAAAGATTTCTGACTTCATATCTGTGGGATCCACACAATGGGGAGGTACTGGCCTTGGAATCCATGGTTCCCCAGCTATCATTTTACTTTAGAATTACAGTGTTCTCTGTTAGTGTCAAGGGAATGAACCTGACGAGAAAAGACCAAACATAGGACTGTTACAGGGAAGAAAAATATGAAAAGACCTAAAGATGCACGTCCTCATTATATGTAAGGAATCTATTTCCTAGAATCCTATAAAAAGCTCAAGTGAATTTGCTTCAGTTAATAAATGTGATTTAATTATAATGATAATG,False
56,-315,-3.390917,3.0657585,0.99843246,-4.674426,4.6498933,0.99991083,-2.1371648,2.302201,0.9883343,-5.0405297,4.814431,0.99994755,-1.3104848,0.9647178,0.9068024,0.97868556,ENST00000447413.1,-315,GCGACTTGGCGGCGGGTGCCATGCGTCTGGAGCTTCACATTCTCTGCCCCCCACCCACCGCGCCGGCGCTCCCTTGTCACGCCTCGGGAAGCGCGCACCTGCCAAGCAGGATGAATAATCTGATATCATGTGAAATGAGGAAATAAGAAGCTTTCTGCTGACTTCATTTTGACCCAGGGTCCAAAAGGTGATGTAATCCTGTGGCAAGAAGATTCAAAACTGTGGACTATCTTGCAAAAAATACAAGAAGATATTGAAAGTTTTCATGAGTGCCTACCACCTAATCTCAAACACTATCATTCATATGTGCCTCATTGAGCAAATCTTTAATGAGGATCTATATGCCAGATAATGTAGGCATTGTTCCTAAGTCATGCAGAGGGGTTGTGTAAGCATGGTCATTTGCATCATTATCCTGCACGTCTGATACAGCCAAACTCCACGCCACCTGGTTTGCTCAATATCTTTTGCTTGGGAGCAGAAACAGAAAGTACATGATGGACTTCATTGAAGGATGGAGATTTGGAAGACATGAATGGATGAAGAACCAAACGGAGTCTCGCTCTGTTGCCCAGGCTGTAGTTCAGTGGTGCAATCTCAGCTCACTGCAAGCTCTGCCTCCCGGGTTCATGCCATTCTTCTGCCTCAGCCTCCCGAGTAGCTGGGACTACAAGCGCCTGCTACCACGCCTGGCTAATTTTTTGTATTTTTTAGTAGAGACGGAGTTTCACCATGTTAGCCAGGATGGTCTCGATCTCCTGACCTTGTGATCCACCCATCTCGGCCTCCCAAAGTGCTAGGATTACAGGCATGAGCCACCACGCCCAGCCAACTTATAACTTTTATATCATTAGACACATGGAATATGGGCCTCCGTTTGTACTCTTGCCCTTGGCCCCACAAACGTTAGGGAGAGGCCTGGCTCCTGCAATGTACTATTTACCTGTTGTAAAGAATAGCCCTTCAAAAGTATTATTCTAAGTCTGTTTGACATAATAGGTCCAAATTGTATTACAACATGGTAAAAAAACAACAATCCATTAACAATCCTCTTTGGATTTCTAAAAAAGTTTTGGTAGCCTAAACTCTTTCCCCAATTTTTGATATCACTTCATGTCATTTTAGAGAGTAAGTTTTCCTGTTTTATTAATGTTTATATTTAAGCTGAATTTTCTAAAAGAA,False
57,-974,-3.1975474,3.075172,0.9981165,-3.0822816,3.0782208,0.9978933,-0.8802233,1.2316691,0.8920537,-2.4766896,2.3612566,0.9921389,-2.6333594,2.4037719,0.9935495,0.97475034,ENST00000430166.5,-974,GTCGCTCACGAGGTCGCGCCTCGCACCCGCCTTCCTCCTTTTCTTTTACCCTCCCCTTCAGAAAAAACGGCGGTTGGGCTGCGACGGCCGCCAAAGGCGGACTAGAAGCGGAGGGGTGAAAATCCCGGCAGAGAAGGAAGAAGGGACTGCAGGCGGGAGGAGGAGGAGGATAAGGAGGAAGGGAGCCCGCCCAGCCGGAGCCATCTCCGTCGAGAACAAAATGGCGGCGCTGGCGGAGGGCCAACTATAAGGCGGGGCCGCGGCCATTCCCCCTCCACCCCCACCCTTGCGCCGGCCGGGCCGGTCAGGGGGAACCCGCTCGCTTCGCCCGGCCGCGGGCGGGGAGGGGAGGGGAGCGGCCCGGCCCACTATGCAAAGCGCCGGGCGCCGCCGCCGCCACCCCGTGGCAAAGGTCGAGGGGTTAATGCTCTGGAAGACGGATGAAAAGGCACTGCCCGAGAAGCGGGGTGAAGACAGCGGGAAGCTCATGCTCACAGGCCGCTCTGTAACTGAAAGAAGCCACATGGAAGGGAGAATCCACATATTGGAAAATGGTGCCCGAACCTCTGTTTCCTCCCTCCATGGAGTGAATAACTCCCTCCAGGGAAAGCGGTTTCAGGCATGAACCATGGACCACAGAGAAGCCACTGGAGCCTGGGGAGAAGCCACCAGGCCACTTGGAAGAAGGCAAGTGGTCCCCAGGTTACCTCTCATCAGGCCCGGGACAGCCCTGCCCCGCTTCTTCAGCTCCCCGAAGCAGCCGTCGCAGACCTTGGCCATCCTGTCCTTCAGCAACAGAATTGGCTGAGTAATGTGGAATGTGGCCAGGAGACCAGCCAGATGCAGAGCCCAGTGAGCCCTGCCCTGCGTCTCTGTGCAGGGTGTGTGATGTGTGGCTTCCCAGACAGTCATCCAACAGGCACTTTCCAAGTCCCTGCTCTGCACCAGGGAGGGCTTCCTGAGTGGCAAGAGCTACGCCTGGGCTGGGTGCCAGCTAGCTGGGTGAAGTTCTCACAGTGTCCACTAGATGCCGCGCCTACACCACAGGGTCTCACTATGTTGCCCAGGCTGGTCCCAAACTCCTGGCCTCAAGTAATCCTTCAGCCTCAGCCTCCCAGATTGATGGAATTACAGGTATAAGCCACCATGCCCCACCTAATAAATGATTTTAATGAGAAAATGCA,False
58,-36,-2.6094306,2.435135,0.99359703,-1.1661155,1.1690457,0.9117475,-1.273651,1.4888179,0.9406137,-4.0854173,3.82566,0.99963343,-3.183435,2.683426,0.9971763,0.96855354,ENST00000562952.1,-36,AAAATGTTTAAATTCACTTGAAACTAGGCGTATGCAAATTAAAACCACTCAGATACCATTTATCACTTTCCAGACTCCATGAAATGTAAAAATATGGCAATACATTCTGTTGGGAAGGCTGTGGGAAAATAGGTACATTCATACATTGCTGATGGGAATGCAAAAGTTTATTAGTTGCAATATTGTTCTTAGTTGCAAAGTATTGGAAGCAACCTAAATTCCCATCCACAGGAGAGTGATTTAATAAACTATAGCATGTCATGCAGTGGAATATTAAATAGGTATAAGAAAAGAATGAGGAAGAGCTCTATGAACTAATATGGAGTGATTTCCAAGATGGACTGTCAAATGAAAAAAGCAAAGCACAAAAGAGTATCCATAGCATGCTACCTTCATGTAGGAAAGAAAGGATATAGAAAGTAAATAGTTATCTGCTCATTTGTTCAAAAGAAATACAGGAAAGATAAAATACTAGTAAGGCTGATTACCTAGAGGGAAAGGAATAAAGAAGGAAATGAGGTTAGCAAGGATGAAGTACAGTAACATTTCTTTGATTATATCTTTCTGTGTAGCTCTGACTCTTGGAATCATAATTATGTCTCACATACCCTTCACATAATCCCAAATAAATAAATGATAAAACCAACCAAGAAGTGTGGGAAACCCTAAATGGAATACAAATACTAACAAATGAAAGTAAATGTATTAAGAATGAATAACAACCACAGTTAAGCAAGTGAGGAAGAAAATAACTAGGTAACTCTAAGTATCTTTTCTGGGCAATAAAAGGCTAATGACAAAAAGAATGGTACTAAAGTGCTGTAATCTAGTTAGTAAAAGGGTTTCTTGCAGGGGTATGAATTAGTGCTACTGAAGCTACCTTTACATGTACATTAGAATTGAACAACTAAGTACATATATTGTAGATAATAAGAGCCAGGTTTCTCACTGTTGGAGAAAGACTTATTAAAAGAAAGGAGGTAGGCCAAAATACACCCTGTAATGTTGGATTGGAGTAAGAGGTGTCAGTATAAATTAATGGTTCTTAATATAAATGTAGACAGATTAAGAAATATACATGTGACTATATCTGTGGCATAGTATATACATTTATACATTTCCTAACTCTTAAAGGGCCTAGAAGCAGTGAAACTTCAGAGTAATGAGCACATTTAACACCAGATCTTGTTTTTTATCTTCTTTTTTTACTTTAAACTTTTTATTTTTAATTTTTGTGAGTACATAGTAGGTGTATATATTCATGGAATACATGAGATATTTTAATATAGGCATGTAATGAGAAATAATCACATCATGAAGAATAGGGTACCCACCTTTTCAAACATTTATCCTTTGTGTTACAAGAAATCCAGTTACACTCTTCTAGTTATTTTAAAATGTTCAATCAACTTATTGTTGACTAGAGTCATGCTATTGTGCTATCAAATAGTAGGTCTTATTCATTCTTTCTATTTTTATGTATCCATTAACAATCCCTACCTCCCCCTCCAGTGCCCAAGTACCCTTCCCAGCCTCTGATAACTATCCTACTATCTCCATGAGTTCAATTGTTTTGATTTTTAGATCTCATAAATAAGTGAGAACATGCAATGTTTGTCTTTCTGTGTCTGGCTTATTTCACTTAACATAATAACCTCCAGTTCCATCCATGTTGTTGCAAATGACAGGGTGTCATTCTTTTAATTACTGAATAGTACTCCATTGTGTAAATGCACTACATTTTATTTATCCATTCATTTGTTGATAGACACTTAGGTTGCTTCCAAATCTTGCCTATTGTGAACATTGTGGCAACAAACATGGAAGTTCAGATATCTCTTCAATATACTGATTTCTTTTTTTGGAGGGTACATACCCAGCAGTGGGATTTCTGGATATATGGTAGCTCTATTTTTATTTTTTTCAGGAACCTCCAAACTGTTCTCAATAGTAGTTGTGCTAATGTACATTCCCACCAACAGTGTAGGAGAGTTCCCTTTCTCCACATCCTAGCCAGCATTTGTTATTGCCTGTCTTTTGGATAAAAACCATTTTAACTGGGGAGAAATGATATCTCATTGTAGTTTTGACTTTCATTCTCTGATGATCAGTGATGTTGAACACATTTTCATATGCCTGCTTGCTATTTGTATGTCTTCTTTTGAGAAATGTGTATTCAAATCTTTTGCTCATTTTTTGATCAGATTTTTTTTTCCTGTTGAGTTGTTAGAGCTCCTTACGTATTCTGGTTTTTAATCCCTTGTCAGATGGGTAGTTTGCAAATATTTTGTCCCATTCTGGAGGTTGTCTCTTCACTTTGTTGATTGTTTCCTTTGCTGTGCAGAAGCTTCTTAACTTGATGTGATCCCATTTGTCCGTTTTTGCTTTGGTTGTCTGTGTTTGTGGGGTACTACTCAAGAAATTTTTGCTCAGACAAATGTCCTGGAGATTTTCATCAATGTTTTCTTATAGTAGTTTCATAGTTTGAGGTCTTAGATTTAATCCTTTAGTCTACTTTGTATATGACTTTTGTATATGGCGAGAAATAGGAGTCTAGTTTCATTCTTCTGCATGTGGATATCTAGTTTCCCAGAACTATTTACTGAAGAGAATGTCTTTTCCCCAGTATATTTTCTTGGCACCTTTGTCAAAAATGAGTTCACTGTAAATGTGTGGATTCGTTTCCAGGTTCTCTGTTCTGTTCCATGGGTCTGTCTGGTTTTATGCCAATGCCATGCTGTTTTGGTTATTATAGTTCTGTGGCATAATTTAAAGTCAGGTAATATGATTCCTCCAGTTTTGTTCTTTTTGCTTAAGATAGCTTTGGCTCTTCTTGGTCTTTTGTGGTTCCATATAAGTTTTTGGATAGTTTTTTTTTCTATTTCTGTGATGAATGTCATTGGTACTTTGATAGGGATTGCATTGAATCTATAGATTGCTTTAGGTAGTTTGGACTTTTTTTTTTTTTTTTTTTTTGAGACGGAGTCTCGCTGTGTCTCCCAGGTTGGAGTGCAGTGGCGCGATCTCGGCTCACTGCAAGCTCCGCCTCCCAGGTTCATGCCATTCTCCTGCCTCAGCCTCCCAAGTAGCTGGGACTACAGGCGCCCGCCAACACGCCCGGCTAATTTTTTGTATTTTTAGTAGAAATGGGGTTTCACCGTGTTAGCCAAGATGGTCTCGATCTCCTGACCTTGTGATCCGCCCGTCTCGGCCTCCCAAAGTGCTAGGATTACAGGCGTGAGCCAGGACATTTTTAACTATATTGATTCTTTTGCTCCATGAACGTGGAATTTTTATTTTGGTGTTCTCTTCAATTTCTTTCATCAGTGTTTTATAGTTTTTATTATAGAGGTCTTTCACTTCTTTGATTAATTCCTAGATATTAATTTTATTTGTAGCTATCGTAAATGGGATTACTTTTTTCATATTGTTCACTGTTTGCCTATAGAAATGCTACTGATGTTGATTTTTTATGTTGTTTTTGTATCCTGGAACTTTACTGATTTTTTAAATTAGTTCTAATAGTTTTTTGGTGGAGTCTTTAAGCTTTTTGACTATAAGATCATATCATCTGCAAACAAAAATAATTTGACCTCTTCCTGTCCAATCTGGATGCCCTTTATTTCTTTCTCTTGGCTGACTTCTCTAGCTAGAACTTCCAGTACTATGCTGAATAACAGTGGTGAAAGTGGGCATCCTTATTGTGTTCCAGATCTTAGAGGAAAGGCTTTCAGTTATTCCCCATTCAGTATGATACTAGCTATGGGACCATCATATATGGCTTTTTTAAATGTTGAAGTGTGTTCCTTCTATCCCAAGTTCTTTGAGGGTTTTTGTCATGAAAGATGTTGAATTTTATCAAATACTTTTTCAGTATCAATTGAAATGATCATATCATTTTTATCTTTCATTCTGTTGATATGATGTGTCATGTTAATCGATTTGTGTATGTTGTACCATCCTTGCATCCCAGGGATAAATCCCACTTAGTCATGATGAATTATCTTTCTAATATATTGTTGGATTTGGCTTGTTAGTATTTTGATGAGTATTTTTGCATCAATATTCATCAGAGATATTGGCCTGTAGTTTTCATTTTTCATGTGTCTTTGTCTGGTTTTGGTATCAGGGAAATACTGGCCTCATAGAATGAGTTTGGAAGTATTCCTTCCTCCTCATTTTTTCAGAATAGTTTGAGTGAGATTGGTATTAGTTCTTCTCTCGATGCTTGATAGAATTGAGTAGTGAAGCCATTGGGTCTTGGGCTTTTCTTTACCGGAAGACTTTTTATTATGACTTTGATCTTACTATTTTTATTGGTCTTTTCAGATTTTGGATTTCTTCATAGTTCAATCTTGGAACATTATATGTGTCTAGGAATTTGTTCATGTTCTCAGGTTTTCTAATTTATTGGCATATAGTTGCTCATAGTAGCCTCTAATGATCCTTTGAATTTCTGCAGTATCAGTTGTAATGCTCCTTTTTCATTTCTGATTTTATTAATTTGTGTCTCCTTTTTTCTTCTTAGTCTGGCTAAAGGTTTGTAAATTTTGTTTAACTTTTCAAAAAACCATTTTGTTTCATTGATCTTTTGTATTTTCTCTATTTCAATTTCATTTATTTCTGCTCTTTATTATTTCTTTTCTTCTACTAATTTTGGGTGAGGTTTGCTCTTGCTTTTCTAGTTCTTTAAGATGCATTGTTAGATTGTTTATTTGAAGTTTTCCCCTTTTTGATGTAGGCACTTATAGCTATAAACTTCACTCTTAGTACTGCCTTTGTTGTATCCTGTAAGTTTTGGTATGTTGTGTTTCCATTATCACTTGTTTCAAGAAATTTTTCAATTTCCTTTTTAATTTCTTCATCAACCCACTGGTCATTCTGGAGCATATTGTTTAATTTCCATGTATTTGTATAGTTTTCAAGGTTCTTCTTGTTATTAATTTCTAGTTTTATTCCATTGTGATCAGAGAAGATGCTTGATATTATTTCAATTTTTTTGAATGTTTTAAGACTCGTTTTGTTACCTAAAATATGGTATATCCTTGAGATTTATTCATGTATTGAGGAGAAGCATGTGTATTCTGCAGCCGAGGGATGAAATGTTCTATAATTATCTGTAAGTCCATTTGGTCAATAGTGCAGATTAGGTCTGATGTTTCTTTGTTGATTTTCTGTCTGAAAGATATGTCCAATGCTGAATATTGGGTGTTCAAGTCTCCAGCTATTATTGTATTAGGGTCTATCCCTCGCCTTAGCTCTAATAATATTTGGTTTATATATCTGGGTGCTCAAGGCATGCATATTTAAAATTGTTATATCCTCTTGCTGAATTGACCTCTTTATCATTATAGAATGACCTTCCTTGTCTCTTCTGATAGTTTTTGTCTTGTAATATATTTTGTATGATATAAGTATAGCTACTCATGCTCTTTTTGGGTTTCCATTGGAATGGAATATCTTTTTCCATCCCTTTATTTGTAGTCTATATGTGTCTTTATAGTTGAATTGTGTTTCTTGTAGGCAACAGATTAATGAATATTGTTTTTTCATCCACTCAGCCATTCTCTTTTAATTGGAGAGTTTAGTCCATTTACATTCAATGTTATTATTGATAAGTAAGAGCTTACTCTGGCCATTTTGTTATTTGTTTTCTGGTCTTCTCCTCCTTCTTTCTTTCCTCCTGTCTTCCTTTAGTGAAGGTAGTTTTTTCTGGTGATATGATTTAGTTTCTTGCTTTTTATTTTTTGTGTATTCATTGTATGTTTTTTGTTTGAGATCACCGTGAAGCTTGCAAATACCATCTTTTAAACCATTATTTCAATCCGATAACTACTTAACACTGTGTGTATAAACAAACAAAGAAGCAAAAACAAAGCTAATAAAAAGTATATGCCTTAACTTCATCCTTCAACTTTTTAACTTTTTCCTGTTTCTATGTATATCTTATTGTACTATGTCATTAAAAGTTATTGCTATTTGTGA,False
59,-214,-2.68667,2.7035203,0.9954596,-1.9817935,1.6673547,0.9746463,-3.9648328,4.15145,0.99970144,-1.1895708,1.2045546,0.91637826,-1.719603,1.2927859,0.95313066,0.96786326,ENST00000548801.1,-214,TTTCTCTCCTCCGCGCCGCCGCCGCCGGTGCGCAGGCCGGCTGGGGACTCGCCTCCGCTCGGGCCTTCGGTTTCGCTCCCTCGCTGAGTCCCTTCTCCCCGCCAACAAAAGGTGATGATTCCTAGCGGACTGGGCACGCCTGGACGGCGGAGGGTGGCTGGGAGGGGCGAGGTCACGCTAGCAACCTGTGGCTGCCAGGAGAAGGCGGCTGGGAAGCCACGGAAAGACCCGGGAGCGCAGGGGAGGTGGCTCAGCTCGCGCGCAGCCCCTGCTCTTATTTTACTATTATGCGTGTTGCTGTTCGTATCCTTCTGGGCGGTGAAGGGGAGAGGCAGCCTCCCGCTCCGGTGAAACCCGTCCTGGGAGTCGCCCATAAACCCTGTTCTCCATCTCAGGCGGCTGGAGGGGTGAGGGGGGTGCGGCGCCTTGGTGGGATTGGCAGGTGGTGACTTCCAGGGCGCAGAGGAGAAAAATCTCTGCTCTTGGGCGCCAGGATCAAGGATACCCAAACCCGCGGTGGCTCTGCCGCCTGTTCCTCTCTCTTGGGGTGCTGGGGCACCTGGGCCGCATCCCTTGTGAAGTGTAGAGCAGCAGAGAGGCCCGGCCGCCGGCCCAGCGGCCCTCCCAAACTTCCGAAATGCCGACGGGTTGGACGGGTTTCCGAGAGCTGGCGAGTTGAGAAGGACAGGAGGTATGGGGTGGGGGAGGGGCCTGGACCGTTGGAGTGGGTCCTGGAGACCCTAAGTGGCCTATGACAAGATTTGGAAAGGTCCCTGGTTGACGCTAGGGAGCTGGTGGGGATCCTAGCAGCGCATTTTGTCTGTGGGCCCTGGGCCAGACTCTAGTCTCCCTGAGTGCCCAGATGGGGGTCTGAGATTACCTATTGGACCCTCTCTTGGCAAAGACAACCATAGTGTGATAGTTTGCTTTTTTCTCCCAAATATGTGTGAGTTCAGCCTGTCTGGGAGAATGTTGATGTTAGAAATCAGGCCCAGAGGCCAACATTGGCAATTCCTAGATTTAAGATTAAAAGAAAATCAGAGGGTCTCTGGACCTAGTTGTGGGCAGGTGGGAACTCTCCTCCTACCCACCTGCAAGGTCCCAGGACTGGGCATAGGCAGAGATCTCTGGAGTGTTGCAGTTAGAGGGTTGTTTTTGTGTTGTTCCTGTATTTGTTAATGAAATTGATATTATTTTGACTTCCTCACTAAAGATGCAAGTATTTCTCAGACCTAGGGAGTTGAGTAGGGAGTCTGGGTGGGGTGGAGGCTTTTTCTATGCACATTTTCCCTTACTCTGTCACAGCTTTCACAGTCTCAGTTCCCTCCAGCCCAATCCCCAGACTCTCAGCTTAGTAAATTCACGGCTTCTGGGAGCTTCAGAAAGTTGGTTCGTAAACCCCAGATGCCCATTTTGGCCCTACCACCAGCAACCCAAGCAGGTGGCTAGGCGAGTTCATATGTGTTTAGAAGGAAAGGACCCGTCTGGGGCTAGGAAGGTGGGGAAATGGGGTTCCTCCCCACACCTCCCCGGGATAGACCCTCTCTCCTGGCTCCCAGGATGTGTGAGAGGCTGGGAGGGGCCCTATATCATCTGGCTGCATCTTTTATGGTTCCTCATTGCCCTTCATTCGGAAATGAAACGCCTTTGATCTTTTCTCAGGTTGTAAACGGAATTGCCCGTCATTAAATATCCGGGGCCCCATCTGCTTGGTCTCCCAGCATTTTTCTTTACAGCTGTTTCTCTCTCTTTTTACCACTGAATTTTTCCAAAAGGACTTTTATTACACCACCTTCACACCCAGCCGCCTCTTCCTCCTCCCTTCGCTGAGAGGCGCTTTGGAAAATATCTAGATATTCGTTTGATCACAAACTAAAGGCTTGGAGGGGCACGGAGGAGCCGATTGGGGTTTTGTTTTTTCTAAAAAAAAAAAAAAAAAAAAAGTCCTGGGGGGAGGGGAGGGGCGCGAAGGCACCCAGAAAGGCCTGAATCTGACTTCGTGGCAGCCTCAGAATGACCCTTCCTCCTTTTGTGCTTAGCTAATGTTTACATCTCATAATTCATGCGCCACCGAGAGTTGCGCGGCGGCGGCGGAGGCAAGGTTCTCGTCCCTTTGCGAACTGGCTACTTGAAATTCTAATAGAAGAGGAGAATTGAAAACCTTGTAATCCCAAGAACAGACTCGCACTGCCTTTTTCTGTTCCCAGAGCTCAAAACTAGAACAAAACGAAATAAAACCAAAGCACTCAAACCACACCCCAAACGAAGAAGGCGCGGAAAGTAGGAGAACTGGAAAATTTCTGGGCCAAGAAGATCTGTCTGTCTTCTGTATATACCCTGTAGATCCGAATTTGTGTAAGGAATTTTGTGGTCACAAATTCGTATCTAGGGGAATATGTAGTTGACATAAACACTCCGCTCTTATTTTTCCAGAAGAAAAAAATATATATATATGTATATGTAGTATTTTTCTGAATGAGGACAGTCTGGTGACTGGCCACACGAAGACTCCTTCCTCTTTATTCCTCTATCTTTTCCTCCTTCAACTGGTTAGAGATGGAGAAATCATCTACCTGAACTCTCCCCACGCCTGCCCCTGGGAGCCTTGGTCCCTTTTCACATCTCTTTAA,False
60,-1471,-2.6009927,2.408883,0.99337244,-3.699492,3.617072,0.99933594,-0.7875682,0.9649521,0.8522704,-1.7178994,1.854065,0.97266746,-2.8667727,2.7052965,0.99621177,0.9627716,ENST00000447563.5,-1471,ATGAGATGTTAGTTGGTACAGGGAGGGGTTTCCAGGACCCGCACGCCCTTGCGGAGTGCCTGCTGGAGGGAGCCGGTGTGTCCAGGACACCCTTGCGGAGTGTCTGCTGGAGGGAGCCAGTGTGTCAGTGAGATGGCTATGCCCCTGGGCTGCTGTGTCCCAGGTTTCCTCAGTCTCTAACCCTTTGTTCTCACAGGGGATGGACTCTTGCTTCTTTTCCCAACTCCACCAAGAGGGACCGTCCCAGGACGTCCTTCCCCGGGCATCTGGCCCTACAGCTGCCTGAGGTCTCCATCACCGTTGGCGCCATCAGTCTGCTGTGCAGCCAGCTGTTGGTTTGGAGAGCCTGAAGAACTGCAGTTCACGTCTCATCTAAAGGAGCTGAAATGATATTGCAGCTTTTTCTTTTGGTTGCGTGCAGTGAGAATCTGGGAGCTGAACCTGTTATCTGCATGGTCTTCAGAAATCAGGCAAACTCGGAAAATGCCAACGCCAAAAATGCTGATGGGTGACAAAGTGTCACAGGTGTGATGCATTACAAATCTCAGGACTTTTGTTCACTGGATTTGAAAGGTCAAGCTTCACAGGAAAATGATGAAGTCCCAAAAGACCAGAAATATATTTCAGAAGATGCCAGTTACTACTTTAAATGTCAAACCAACATTTCAGAAATAACTTTCAATGATTATTTCCTGCCAAGAAGGTGAACGCTGGAGACCTTAATGGTGGAAGATGGAGGGCGTCTTTCCTTCTGTTAAGCTGACAACTTGGCTTCCATCTTGTGAGGACCTCACCCTACCTGGTGGCAGAGGACGTCTGACGCCCTCAATCATTGCCGTTACACTTCCCAGCCTGGTGGTCAGTCTCCTGGGGTCTGTGTGTTAACAAACCATCGACTGGACAATCGCAGTTTTCCTTATGAAGGCTTACTTTAAAAAGGCTCTGGATTTTCAGAAGCGAAGTCGCTTTCATCCCCGATTCAGACCCATCCTAGTGGAGGAAAAATCCTACCAGAAGAAGGGCTGACCATAGGAACTTGCCATTTCCTTGACCCCATCATATCTGAGGAAAAAACAACAGAAAAGGTCAAAACCCACGTGTACGCCCAACGTCCTGATTGACGACTTTGCCTGCAGCTTCTGCTTTCCTGAAATTCGCTGCTGCCTTTAGAACCCTTGTCTGCAGCCAGTGGGGAGTTCAGGACTTAGGCGGAGCTGCCCCACCCTCCTGCTTGGCACCCTGCAAATACATGCCCTCCCTTCCATCGCTGCAGACCTCAGAGTGGGCGTCCGGTCTCCTGTGCGGGATGAGAATACACACCCTCCCTTCCATCGCTGCAGACCTTAGAGTGGATGTCCGGTCTCCTGTATGGGATGAGAATACACGCCTTCCCTTCCATCGCTGCAGAGTGGACGTCTGGTCTCCTGTGTGGGATAATACACGCCCTCCTTTCAATCGCTGCAGACCTCAGAGTGGACGTCCGGTCTCCTGTGTGGGATAATACACGCCCTCCTTTCAATCGCTGCGGACCTCAGAGTGGATGTCCGGTCTCCTGTATGGGATGAGATACACTCCTTCCCTTCCACTGCTGCAGACCTCAGAGTGGACGTCCGGTCTCCTGTGTGGGATGAGATACACTCCTTCCCTTCCACTGCTGCAGACCTCAGAGTGGACGTCCGGTCTCCTTTGTGGGATGAGAATACACTCCTTCCCTTCCATCACTGCAGACCTCAGAGTGGACGTCCGGTCTCCTGTGCGGGACAAGAATACACTCCTTCCCTTCCATCACTGCAGACCTCAGAGTGGACGTCCAGTCTCCTGTGCGGGATGAGATACACTCCTTCCCTTCCATCGCTGCAGACCTCAGAGTGGACGTCCAGTCTCTCTGTGCGGGCCAAGTGTACACAGTTTTGTTCCGTCACAACTTCCACGACAGGCCAGTGTGAGGTTTTTGAGCTGGTGCTGACTGAAAACTGTCAGCTGCCCAAGGACCTGGGAGCTCTGCTCCCCACTCCTGGTGTGCGGTCTTGCGCCTGGCCTCCCTGCCTAGGTTACATGCAGTGGTCATCCCGGTCGCTCCCACACCCGTGTGGGCTCTGGGATCCCCTCTTCCAGCCAGCCCAGGGGACATCTGGCTGTCTCAGGACCCAGCCATCTGTAAAAATTAGGCAGGTCCCTTCAGTATGCTCCTGGTCAACAAAGAAAAACTTCAATTTTGAGAATGGCATCTGTATTCCGAAGTGTTCTCTCAGATGTTTGAGTTCCACTAAGTAGATTTTCTTAGTCTGCTGTATCAATGACACAGAGAGACGTGCATTAAAACCTCAACCATGTGGATCTATTTCTTTTCAGTTAATTTTGCTTCATGTATCTTGAAGCTCTGTTATCAGGTGCATGCACATTTGGGATTGTTATGCTTTCCTGATGAACTGACCTTCTTTCATTATGCAAGGGGAAGAAGATGCTGCATACAGGATGGAATATCCAGGGGAAGACGTCTAAGGAGAGATGCCCAGCTGGGAGTCCTATGCAAGGGGAAGAAGATGCTGCATACAGGATGGGATATCCAGGGGAAGATTTCTAAGAAGAGATGCCCAGCTGGGAGTCCTATGCAAGGGGAAGAAGATGCTGCATACAGGATGGGATATCCAGGGGAAGATTTCTAAGGAGAGACACCCGGCTGGAAGTCAAGATATGTCAGTTGTTTCCATTATAATAAAACCACTCATGTTAGATGAGCTGAACTTTCCCTTTTCCCCAGTTCTTACGATCAAAAAGTGGCTGTCCTAAATTTCATCACTCAATATCCTTGCTAGAGTCTTCCTTTGTCAGCCAGGCTGGAGTGCAATGTGCAATGGCACAATCTTGGCTCACTGCAACCTCTGTCTCCTGGGCTCAAGCAATTCTTCTGCCTCAGCCTCCTGAGTAGCTGGGATTACAGGTATGCACCACCATGCCCAACTAATTTTTGTATTTCAGTAGAGACGAGGTTTCACCATGTTGGCCAGGCTGGTCTCGATCTCCTGACCTCAGGTAATCTGCCCACCTTGGCCTCTCAAAGTGCTGGGATTACAGACATGAGCCATCATGCCTGGACATAAGTGAGTTTTATATTGTATTATAAGACTATGATACAGTAAAACCATGAAATCCAAATTTATAATATCACACTACATAATACAACTGTAACCTCACCGCCCTATCCTGGGATGTGTGTCATTTTTATAGCCAATTATGGCCCCCAGCTTTAGTTTTCTTTTGCTTATTGGAGAGTGTAATTCTCCCTTATTCTTTTTGCTTTCTACAGTCTTGTGTACATCAGTTATCTGTTTTTGTCCTTTTGCCAGTGTTCAAAGTGTTATTTTTCGTATTTACTTAAGCTCCTGCAGGGAGATTAGAATTTCTTCCCCTAAGAAGAAATAAGTAATAGCGGAGACCTGCTGGGCACTGGTGGCGCCAGGCTTGGCTCTGGGGCTGCCCATCCATCCTCACAGCATGGCGACTGGAGGGTCTTGCCCTGAGGTCCCGTGTGCGGAGCAGGGCTTGGCATTCACTCCTAGGCACTGCTGACTCAGTCTGTCCTGGTGGTGCTGGGAGGCCGAAACCCGTCATGCATGTAAACCGCGGGGCCCCGTCTGGCATGGTGCACCTGTGCTGGGAGTGCCTATAGAGTAGGAAAAGTATTCCTGGACCTTTAAAAAACTTAGGCCAAAAAAGTGTTTTGGTTGAATCTTTGGCCAAATTGGAACTGCAAACTCTGTATTATCTCCCCTTTTGTGAAATTCTATGGAAAATTCGAGCAAATAAATATGCATTTCCCAGTG,False
61,-656,-6.3572893,6.2390804,0.99999666,-4.7741323,4.8111324,0.9999312,-0.77951443,0.9763918,0.85269624,-5.3051004,5.0922217,0.9999695,-1.7910324,1.3755724,0.95955807,0.96243036,ENST00000547179.1,-656,ACTGCGCCCGAGAGGCAGCGCTCAGACAGCGGGGAGGAGGCGGCCGCGGAGCCCCCGGAGATGGAGGGTGAAGGCCTGCTTTCAAAGTATCCCACGTCGTTCAGCAAAGATTCGTCATTTAGAATTCAGACCTGCCAAGACCACGGATGCTTTGTCTCAGCTCGGATATCTTCATTTCTCCTTCTTACAGTTTCCTTGTTTCCGAGGAAAAACACAAGATCTTGACAACTGCAATCACCTGGTAACCAATCATGAATCTGGTATGGACCACTTTCACCCTGCACCCTGTCAGGCAGTTTCCATCTTCTCACAATCTTCACAAGAATCCTACAGAAACAAGACGTATCCCCCGATTTACTGATGATGATCCTTCAGCCCAGAGATGCACTCTCCATCGGCTGAACCCAACTGGAAGTCGGAGGGTAAAGGGCCCATGACTCAGTCCGTTCAGGCTGACCCGCCTGGGGCTCAGAGCATAACAGACAAGGGTGGGGAAGAAAAAAGAATGGACTTGGAGAAGCAAATGGGAAATATTCAGGCACTTCTGATCTCAGTTTGGCCAGTCGGCTCCCCTCTCTCTGACTGTAAACACAGAGATACAGAAACTGTCATTAGAAATGAGTAGTGTTAATGATCCATGACAGAAAGCTCGTGAATTTCTACTGCTGAGGAGGCTTGAGCTTTTCTGTTTTCATTCTTTCTACACATCGGGAGCGGAGCTCCCCAATGCCTTTCTGATACATCGCTACTTCTGCTTCACCTAATCAAAGGCACTTACTGCTGCTCAGAACCTCAGGCCTCCAACTGAACAATGAACAGGTTTTCTCTCCATCACCCCCTGTTCTCTAGTGTGAGTAGTTAGATTACTGCTTTTATGTCTGTCTTCCCAACTACAGTCCACAAAACGGCTCATATTGAACAGTAATACAAATAAAGAGAAAAAGGAGAGAAGACAAGAACAAAAAGTAATGAGTTTAGAAACTTGGAAAGTAGAAACTTCTTTGGTATGTTCCTGTTGAAAACCACTGGTCTCATCTTCCACTTTTTCACATTGCTGTTTCAGAGAAAAACTTAATTATACTTAATTATAGGGTTGTAATGTTTATAGGGTTGGTTATTCTGGTTAGCCAAATTTACTGGTTATCTGTTTAGAGCCTTTGAATTTTAATTCTAGCTGACACATTTGTTAAAACATTATTAGCTTACCTTTCTTCCTTAATGAGTACTGGATCTTCCCAGAGAAAAGGTTCCCAGTCATTTACCTGGAATTTTTTATACATATTTGCAGCTGTTCTTTGAGCTCCCTAAAGAGCATAATTAGAGACATAACATTCACTCAGATTTTCTGCCCTTCTTTGTAATAAGTCAATGAGCCAGTCATTTATTCCACAAATATTTGTTGATACCTACTGTGTGCCTGTCAGCAGTTCTCCAAGCAGGGGCTACAAAAATAAAAAGATTGTCTTTTAATGAGGAGCAACTTCGAGTCTTAGCTCTTGGTACTCCCTCTGTCTAGTAATATCCATTTTTATACTTAGTATTTTAATAAATAACTCTTCCTCAAATTATTTTAAAACACACAGTAACAGAAAAAATTATTTATTTATTCTACTTTCTCTTAATTACACCTGTGGGGAGCTTGGCGGGGCAGACTCTGGGTTTCCAGCCAAGGTCTTTCTGTCCACCTGGGGGCAGCAGACCCTCACACAGAAAAGTACCTCGAAGGAAGCAATTGGCTTTCTGAGCTCCTGGCTTTCAAACACAAGTCTTCCAAATTATGGACCCATGAATATTCTAAAGACTTATACTCGAAGGACGCTTCCAAAATCAAATAAATTTGGGTTGAACCAAGTTAAATAGGGTTTTAACCCTGCAGGACTTCTCACGATGTTTAATATACTTTTTTTTTTCTTTTCTTTCTTTCTTCGACAGAGTCTCGCTGTATTGCCAGACTGGAGTGCAGTGGCGTGATCTCGGCTCACTGCAACCTCCGCCTCCCAGGTTCAACTGATTCTCCTGCCTCAGCCTCCTGAGTAGCTGGGACTACAGGCGCCCACCACCACGCCCAGCTAATTTTTTTTTATTTTTAGTAGAGATGGGGTTTCACCATGCTGGCCAAGCTGGTCTCGAATTCCTGACCTCAGGTGATCCACCCGCGTTAGCCTCCCAAAGTGCTGACATTACAGGTGTGAGCCACTGCGCCGGGCCTAATATAGTTTTGTCGTACAAAACACGATGGCATACTTGCTCTGTGCAAAGTACATCACCCACAGTGGCCTATTTAAACTTGGCAACAGTCCTATGAGATAGGCACTAATTGTGTTCCCCATTTTACAAATGAGGAAACAGAGGCACGGAGCTTATAACTGGTGGCTGAGTTTCCGGTTGGGGCCATCTAGTTACAGAACTTGCATGCTTAATCATGACACCGTAATGCTTTGCAATGGGAGATTCCAAGAGGGGGAATTTGACATTCAGTGTTTCCCAAATTTATTTGGCTTTGGAACCCTTTTATTCCTTCTAATCAACATAGAGGACAAGTATGTAATGGGATACTCTGATAAATGCTTCAATAAAGCAATGGCTTTATGCCGCCCCGCTTTAAAAGATAACTAAAAATATAAGTCCACAGGCCCATCATATAATTGAACAGGTAACGACTGAATTTTGATTTGATGGAAAGACTCTTATCATATTAATCTAAGTTCTCAAAGTGAATGCCACTAAACCAAGACTATTCAGTGTATTTGAAGTATGTACAATACCAGTCCGAATTGGGACTTCTCAGGAAGAAAAAAGGGTATATGGCAGATGGGTAAGAATAGAAAGCCACAGGTCTAGCAGGGAAGCTAAATATGGTGTGGAATGTGTTGGGGAGATGGGAAAAATGCTCACCTCTTCATGGAAGTTCGAAAAGAAGGCTGAGATTCTAAATAATGCTGGAGTATTGCAGCTGGAACAAGCATGATAGCAATGGCCAACACAAGGCCTTTCTAGAATAAATCTAAAACAATTAAGAGATAATATGATAGCATTGGGAGATATACCTAATGCTAGATGACGAGTTAGTGGGTGCAGCGCACCAGCATGGCACATGTATACATATGTAACTAACCTGCACATTGTGCACATGTACCCTAAAACTTAAAGTATAATAATAATAAAAAGAAAAGAAAAAAAAAAGAGATAATATGCCAGGGGGTTGATGCCAGGTAATACTGATAGTTACCTTAAACAATGTTTTCTCAACTTCAGTTTTTTACACACCAACTTCATGATTTTTTTCTATCAAGATACGACTACTATTATTTATCTAGCGTTTTTTAAATTGTCTTATATCTTTGCTTAAATTTATTTTTTTAAACATTAATATCTGAGAATTCATCATTTTGAAGGAATAATTATATTGTTCTAATATATAAATTTTAAAGTTAATATCTTTATTCCATCTAAAGTGGTATGTGTACTATTCTTTGGAAATGATTTTCTAAAGGATTAAAAACTTGCCAGTGTTGGAAAAAAAAGGAAACAGGAAAATTAAGACTGAGTTAAAGAAGGTGAAAACAAAATTGAAGAATAAGACTAAAGGTTAGACATGAAATAGATCTGTCTCTAATTAGAGGTGCAATGTCAAATTTTTTTGTAGATCGTTCTAAAAATATCACTTGTTCTTTTGCTTGTATTTTAATTCAATGATTAAATAAACAGATGACCTAGTTTCA,True
62,-77,-1.1750555,0.9843878,0.8965479,-1.2819561,1.2161704,0.9240104,-3.106642,3.1721075,0.99812776,-4.4344916,4.4539075,0.9998621,-2.0799637,1.9515636,0.9825623,0.96022207,ENST00000598368.1,-77,GGTCACAACGTCCTTCAAGGCATTCATTCCTGCAATTTTTTTTTTTTGAGACGGAGTTTTGCTCTTTTTGTCCAGGCTGGAGTGCAATGGCGGGGATCTTGGCTCACTGCAACCTCCGCCTCCCGGGTTCAAGCCATTCTCCTATCTCAGCCTCCCAAGTAGCTGGGATTACAGGCATGCGCCACCATGGCCAGCTAATTTTTTGTATTTTTAGTAGAGACGGAGTTTCACCATATTGGTCAGCTGGTCTTGAACTCCAGACCTCGGGTGATTCACCCACCTCGGCCTCCCAAAGTGCTGGGATTACAGGCATGAGCCACTGTGCCTGGCCTGCAATTTTTTTTCATGACCACAAAGTTACCTCTTCCTGCTTGACCAAGAAACAGCACATCAGCAGTTTATATTGTGGGAACAAGGAATATTGGGCAAAAAGTGAGTGGTTAGCACGTGCAAGCAAGCATCGGCCTGATCAGAATTTTTTTTCTTTTTTTTTTTCTTTTTGACAAGGTCTCATTCTGTCACCCAGGCTGGAGTGTGAAGGGGTGGGTTGCCCCTCCACACCTGTGGGTTTTTCTCGTTAGGTGGAACGAGAGACTTGGAAAAGAAAGAGACACAGAGACAAAGTATAGAGAAAGAAAAAAGGGGGCCCATGGGACCGGCGTTCAGCACACGGAGGATCCCCCCAGCCTCTGAGTTCCCTTAGTATTTATTGATCATTATTGGGTGTTTCTCGGAGAGGGGGATGTGGCAGGGTCATAGGATAATAGTGGAGAGAAGGTCAGCAGGTAAACAGTGAACAAAGGTCTCTGCATCATAAGGTAAAGAATTAAGTGCTGTGCTTTAGATATGTATACACATAAACATCCCAATGCCTTGAAGAGCAGTATTGCTGCCCGCATGTCCCACCTCCAGCCCTAAGGCGGTTTTCCCCTATCTCAGCAGATGGAATATACAATCGGGTTTTACACCGAGACGTTCCATTGCCCAGGGATGAGCAGGAGACAGATGCCTTCCTCTTGTCTGAACTGCAACGAGGCATTCCTTCCTCTTTTACTAATCCTCCTCAGCACAGACCCTTTACGGGTGTCGGGCTGGGGGACGGTCAGGTCTTTCCCTTCCCACGAGGCCAAATCTCAGGCTATCACATAGGGAGAAACCTTGGACAATACCTGGCTTTCCTAGGCAGAGGTCCCTGCGGCCTTCCGCAGTGTTTTTTGTCCCTGGGTACTTGAGATTAGGGAGTGGTGATGACTCTTAACAAGCATGCTGCCTTCAAGCATTTGTTTAACAAAGCACACCTTGCACAGCCCTTAAGCCATTTAACCCTGAGTTGACACAGCACATGTCTCAGGGAGCACAGGGTTGGGGGTAGGGTTACAGATTAACAGCATCTTAAGGCAGAAGAATTTTTCTTACAGAACAAAATGGAGTCTCCTATGTCTACTTTTTTCTACACAGACACAGTAACAATCTGATCTCTCTTTCTTTTCCCCACAGGAGTTCAGTGGCATGACCAGGGCTCACTGCAACCTTGATCTGGGCTCAAGTGATCCTCCTACCTCAGCTTCCTGAGTAGCTAGGACCACAGGTGTGCACCAACCACACCCGACTAATTTTTGTAGAGATGAGATCCCACTATGTTACCCAGGCTGGTCTTGAACTCCTGGGCTCAGGTGATCATCCTGCCTTGGCTTCCCAAAGTACTGGGATTATAGGCTTGAGCCACCGTGCCTGGCCTGTGATCAGAATTCTCATTTTTTTAGTCACTAAAAATGCTGGGGGGCACTCCATTCTCCATTATGTGATTAGTTCACATTGCATGCTTGTATCAAAACATCATATATACCCCACAAATATATACAAAAAACTTTAAAATTTTAAGTATTAATTGCTCAGGAAAAAATTAAAATGCTGGGGTGCTGAAATCTCAAGGGCCCCATTACAAAACTCCTTAGGAACCTCGCCCTCTCTCTGCTGTAAGGACTGGTTCCAGAATGAGAGAATTTAAAAGACATTCCCCCCCCAAAATGTTCATAATGTCACCCCGGAAACCTGCGAATATGTTATATTACATGACCAGGGAGAAGTAAGGTTGCAGATGGCAGTAAGGTTGCTAATGGGCTGACCTTAAGATAAGGAGATGATCCTGGATTATCTGGGTGGACCCAATGTAATCACAAGGGTCCTTAACTGTGGAATAGTGAGGTGGCTGAGTCAGAGGCAGAGTGATGCAATGACTGAAAGACTTAACCAGCCATCACCGGCTTTGAATACGGAAGACGGTCATGAGCCAGGGAATGCAGGCAGGCTCTGGGAGCTGAAAAAAGCAAGAAAATGGATTCTCCCCTGGAGCCTCCAGAAGGGATGCGGTCCTGCCAACCCCTTGTCAGTGAGCCATTTCAGATTTCTGACTTCCAGGACTGTAAGAAAATAAACTTGTCTTGTTTTCAGCC,False
63,-76,-1.0663561,0.88058513,0.8751127,-1.4316322,1.3664678,0.9425731,-2.8785133,2.9317315,0.99701226,-4.477261,4.4936795,0.9998729,-2.1404638,2.0146277,0.9845578,0.9598258,ENST00000597488.1,-76,CCTACAGTATTACTGATGGCTGTCTAATCCGGTTAGCTCCCAGTCACTACACCCCAGCCTCCCAGCGCCTGCAGGTGGATTGGGTTATCCTCACATTTGAGTGAAACTCCTGCACACCAGACACTGAATCGAGTTGTCTGGGAGCATCTAACTGCAAGTTATGTCGATCCGAGGAAGGGGGGTACTGATATTACCCCTGCTTTCCATAGCAAAAAGCTGCTTGCCTCACAGTTGGTGTCCAGTGTATTCAGTGACTGGAGCTTATGTAGGTTAAATAACTCATCCCAACTCACACAGCTGGCTATAGTAAGGGCAAAATTCAACCCCCAGTCTGTCTCAAGACTCAGGCTCACAATGTTGGTCTTATTGCCCACCTGTGCAGGAGCTTCTCGCAGACTGTCTCGAAGTCCTCCCACTCTAGAATGTTACATAAGCGCTTTAATTTTTTTTTTTTTTTTTTTGAGATGGGGTCTTGCTCTGTTGTCTAGGCTGGAGTGCAGCGGCATGATCTCGGCACACTGCAGCCACCGTCTTCCAGGTTCAAGCGATTCTCCCACCTCAGCCTCCCGAGGAGCTGGGATTACAGGTGCACCACCACCTCCTGCTAATTTTTGTAGTTTTAGTAGAGACGGGGTTTTCACTATGTTGGCCAGGCTGGTCCCGAACTCCTGACCTCAGGTGATCCACCCTCCTTGGCTTCCCAAAGTGCTGATTTTACAGGCGTGAGCCATCGCGCCCGGCTGCTTTAAATTCTTTTCTTCCTTTTTTTTTTTTTTTTTTTTGAGACAGAATCTTGCTCTGTCGCCCAGGCTGGAGTGCGGTGGCACGATCTTGGCTTACTGCAACCTCTGCCTCCCAGCTTCAAGCGATTCTTCTGCCTCAGCCTCCCAAGTAGGTGGGACTACAGGCGTGCCCCACCACACCTGGCTAATTTTTGTATTTTTTAGTAGAAATGGCGTTTCACCATATTGGCCAGACTGGTCTTGAACTCCCAACCCCGTGATCCGCCCACCTTGGCCTCCCAAAGTTTTGGGATTACAAGGATGAGCTACTGCGCCCGGCCTACTTTAAATTCTTAATAGCTATGTGAAGTGCATAGTGATGTCATGCTCTTTTAGTAGATAAGGAACCAGAGGCTCAGAGAAGTTAGGCCACTGTCCCAGGTTCACACAGCCTGTAAGTACCACAGTGGAATTTGAACCCAGTCCAACTGATGTCAAAGGCCAGAAGCCATTTGAGTGAAGGCAGGAAGATTGCTTCATCCAGATGGGGTGAGCCCTGTCTGAGTTCCAGTCCCTTCTGGTGTGGGTCACAACCCCTGCACCTCTTCCTTCTCCAGTGGGGAGAGTGGTAGTTATGGATGATTAAAACTGAAACCGTCTCCCAGCTGCAGGGCTGCCATGTTGCCACACTTTCCTTCCCCATCTCCTGTTGACTGAAGCAGTATCACCAGCAGCCCTGACAGAAAGGTTCTTCTGGGTTCTCAGTATCCCTCAAAACTCAGCTACCCTCTGGTGGTGGCCACCATTTGGTGACTCACCCTGGTGATGTCATGCTATTCGTGACTGAGCCACTGCTCCAAGTCTTAATTCGGGCCAGTCCTTTTGAAGGCAGGTGCTGGGGCTGGGCTGTGGATGGAAAAAAGGGGCCTGGTTAGGGTTTCATTTGGACTCTAACACTGTCATAGAAACCCAGATTCAGGCTGGTGAACCTGATGCACAGCTAAGGCCAAACAGTGGGAGATAGAGAAAGGTTTATTTGATTTGGCCAAAGTGAGAAGGCGGGAGAGCAAATCTCTCAAATCCCTATTAACAGAAAAAAAGCAGCAGGGTGGCTTACACCTGTAATCCTAGCACTTTTGGAGGCTGAGGCAGGTGGACTGCTTGAGCTCAGGAGTTCGAGATCAGCCTGGGCAACATGGTGAAACACCGGCTCTAC,False
64,-1193,-2.9969778,3.0267422,0.9975852,-3.3891902,3.2691283,0.9987184,-0.6494123,0.79120195,0.8085497,-2.057471,2.1404848,0.98519623,-2.2410202,2.2123346,0.98849446,0.9557088,ENST00000561961.2,-1193,GGACTAAAGGAAGACATGAACAAAGTCAGGAAAACAATGTATGAATAAAATTAGACTATCATTAAAGAGAAATTATAAAAAGGAGCTGAGGCCAGGTGTGATGGCTCATGCCGGTAATCCCAGCACTTTGGGAGGCCAAGGCTCGTGGATCATGAGGTCAGGAGTTCGAGACCAGCCTGGCCAACATGGTGAAACCTCATCTCTACTAAAAATACAAGAACTAGCTGGGTGTGGTGGCATGCCTGTGTTCCCAGCTACTCAGGAGGGTAAGGCAGGAGAATCACTTGAACCCAGGAGGTGGAGGTTGCAGTGCACCCAGATTGCACCACTGCACTCCAGCCTGGGTGACAGAGCGAGACTCTTAGAAAAAAAAGGAGCTGAAATGAAATTCTAGACCTGAAAGATACAGTAACTGAAATGAAAAATTTACATAGAGGGGTTCAAAAACAGATTTGAATGAGCAGAAGAAAGAACCAGCAAATTTGAATATATTTCTTTGTAAAATACCCGCGGAACCCTGTTCCTTCGTTTTACCTCCTGCTTCCTTAGCTCAAGCCTTCCTCATCTTAGGCAGCCTCCAAACTATTCTATCAACCTCCCCTTTTCCCTGCTCTAGTTTTACTAGAGTGATCTTTAAAAAAACCCCAAATCTAATATTGTCACTGTCCTTTAAAATATCCAAGGGCACCCGTGTGTCTATAGAGTGAACTTCAGTTTCCTTATTTTAGCATTCAAGGACCTTCCTATTTTGGCTCCAGCCTACTACATTGCTTTATTTCACACCAGCCCCACATTCCATTCATATACTGTAACCACATTTTCTTGGGTACAAAGTCACTTACTGAAAAAAAGTTGAGCATATTTGGAAACCAAAATTCATTTTCTGTGAATGGGATATCAATATATAGCATTGGTAGGCATTGAAACAGACTATAGTCTATTTTTAAAATGGATTAGATGATAAAAACAACATGTATGTCATCACTAATCCAGTGGTCAATATTAGCATAACTCTGTAAGATACAATAAATGTTATATCTATTGTAGATACAATGTTATGTATCTAACATAATATCTAACATGTTAGATTCATAACGTTGTATGTAATATAATGAAACATGAAGTATAACCTGTCACTTGTGAGGTATACTAGTCTGATATGTTTGACTTGAATCCACTGAGTCTTCAAATATAACTTTCTTGTTCAAGAAATACAAGGCTTGCAGGAACAAGCTCAATGACTTCATGAGGAAGCAACCACTCAGATAAAAACATTTTGCACTTCAAGTGGCCTGATTTCTACAGTGAACAAGAATCTTTTAATTTTTTTTTAAGTGCCATAATTAAAAAGTCAAGGGATGTAACCAGATGGAATGTATGGTCCTGAATTGGATAATTTGGGTATACTGGTTGTAGAAAAATATAATTTGGTCAACAGAATATTTGATTGTAGTTAGGTATTATGTGAGAGGAAATTTTCCTGTAACATTACTGAGTTAAGAAAGCCAACTGTAAAAATAACTTTAGATGGATAGAAAATGTGAATGTGATCTAGGAATTAGGTGAGAAGAAAATGTACTGAAATAAGGTAGATATTTTTAATTGAAAAAGGAGATGACTAAAGTGATCTCATTTTGAAAAAAAAAATACACACACACAGAAGGATATACTCTAAAGTATTAACATTGGCCCTGGGAATGCCATGGTTTTTTTTTGTTTTTCATTAAAACATAGAGACACGGTCTCACTATGTTGCCCAGGAGTTCGAGGGTGGAGTGTGATATGATCGTCTGTGAATAGCCACAGCACTGCATCCTGGACAAGATAGGGTCTCTTTAAAAATAAGACTTAACTAGCACTTTAATAATCATTGTTTTTGTTCCCAACTGCATTGTACATTCATTGAGGACAGGGACTTTAAACTTCATTATATTGCTGTTGCTGTGTTTCACCTTTGAATGATTTTTAAATAAAAATCTCATCTTTGAGTCAC,False
65,-487,-2.5192685,2.5592818,0.99380964,-3.3557496,3.2250886,0.99861526,-0.70353234,0.8370029,0.8235425,-1.7154893,1.7891871,0.97082055,-2.0938935,2.0808382,0.9848536,0.95432836,ENST00000566531.1,-487,CCTCAGCCTCCCAAAGTGTTAAAATTACAGGCATGAGCCACCACACCTGGCCTTTTTTATTAAAAAAAATTTTTTTTAAATGCAATGTTTTCTTTTTTTGTTGTTGTTTTAGCTTGTGTCTATTCTCCAAAGCATGTTGTACTGATTGTGTAGTACAATTTTATTTAAAAATGTATGTTAAGATTTACATAAATATTTGGGGTGTCCATGAATCAAGAAATACATGAAAGTATGGGCACCAAAACGTTAAAAGTGGTTTTGTTGGGAGTTCAGGGGATTTTACTTTCTCCCTAATACTTTATTCTTTGAATATCTTGAAATGGATATTTTGTAACTGTATAAGGAGAAAGGAAGCGAAACTATTTTTCTGCAGGGGTACACCCACATCTATTGTATTAGACAAATCACAGAGGGATTGCAACAGAACACAGATTTTTCTCACTGTTTTTTCTCTGGTTGATCGGGATGCATTATCCACCAGAAAACACTGTAGACGACTCACTCACCAGGAAAAGAGCATATGCCAGTTGGAATAAATAAAGGGGAAGAGTAAGGAAGAGGCTGTAGAATTATTTTATAAATTATCAAGTCTTATGAGCCAGGTGCAGTGGTGCATGCCTATGTACAGTCCCAGCTACTCAGGAGGCTGAGGTGGTAGGATAGCTTGAGCCCAGGAGTTCGAGGGTGGAGTGTGATATGATCGTCTGTGAATAGCCACAGCACTGCATCCTGGACAAGATAGGGTCTCTTTAAAAATAAGACTTAACTAGCACTTTAATAATCATTGTTTTTGTTCCCAACTGCATTGTACATTCATTGAGGACAGGGACTTTAAACTTCATTATATTGCTGTTGCTGTGTTTCACCTTTGAATGATTTTTAAATAAAAATCTCATCTTTGAGTCACAATCTGA,False
66,-232,-3.4395528,3.32483,0.9988471,-1.7778772,1.9191016,0.9758017,-0.9224695,1.2017133,0.89323145,-4.0151577,3.8497872,0.99961615,-1.2233328,0.88638014,0.8918436,0.95186806,ENST00000582866.1,-232,TTTATGACCTTGACACTTTTAAAGGGTACTCTCAGCTATTTTGTAGAATGTCCCTCACACTGGGGACTCTGACCTTATGACTGGACAAGGTTTTGTTTTTTGTTTTTTTTTTTTTTTTTGAGACGGAGTCTTTCTCTGTCTTCTAAGCTGGAGTGCGGTGGTGTGATCTCAGCTCACTGCAATCTCTGCCTCCCAGGTTCAAGCGATTCTCCTTCCTCAGCCTCCTGAGTAGCTGGGATTTTAGGCACCCGCCACCACACCCGGCTAATTATTGTATTTTTATTAGAGACAAGGTTTCACCATGCTGGCCAGGCTGGTCTTGAACTCCTGACCTCATGATCCATCCGCCTTGGCCTCCCAAAAGTGCTGGGATTACAGGCCTGAGCCACCACGCCCTGCTGGTTTATTTTATTTTTTGGCATGAATACCACAGCTGGGATGTCATCTTCTCAATGCATAGTGGAGATATGCAATGTCAGTCTGTCCAACTCCTGGTCCTGTTAGTTCAGGTGGTGGCAGCGGCTGCCGGGGCTTCTCCCCTACATAGTTACTGTTTTCCCTTTGTCATCCATAAATACCTTGGGGAGATACTTCCAGACTAAGTGAATGTCTGTTTCACTTCCAAGTTTTACCCACTTTTTTTTTTTTTTTTGAGATGGAGTCTCACTTTTGCCGAGGCTGTAGTGCAATGGCGCCATCTCAGCTCACTGCAACCTCCGCCTCCCAGGTTCAAGCAATTCCCCCGTCTCAGCCTCCCAAGTAGCTGGGATTACAGGCACGCGCCACCATGCCCAGGTAATTTTTTTTATTTTTAGTAGAGACGGGGTTTCACCGTGTTGCCCAGGCTGGTCTCCAACTCCTGAGCTCAGGCAGTCCACCTGCCTCAGCCTCCCAAGGTGCTAGGATTACAGGCGTGAGCCACCGTGCCCGGCCTACCCACTAATTAATTTCAGCATCCACTGGTGGGTCTTGCAATGCAGTAATTATTAACTTAGTTTTCAAAGGTGATTTTTGCATTTTCCTCATTCCTTTGACGTTTATTAATTGGAATTCATCTCTAAGAAAGAGCAGTCCCTTCAGCTTTTTTCCCTTTTTTTTTTTTGAGACAGGGTCTTGCTCTGCGGCTCAGGCTGCAGTGCAGTGGCTCGATCACGGCTCACTGCAGCCTCGACCTCCCGGGCTCACGTGATCTCCCATCTCAGCCTCCTGAGTAACCAGAACCACAGGTGCTCACCACCATGCCCAGCTGACTTTTTGTATTTTTTGTAGAGATGGGGTTTACCCATGTTGCTCAGGCTGGTCTCAAATTTTCGAGCTCAAGTGATCCGCCCGCCTTGGCCTCCCAAAAGGCATGAGCCACTGCGCCTGACCTACGATTTCTTTCTTTATATATCAGTATGAACGCAAGGGCTGTTTGTTGGATTCTGTGAGTCATAATCTGATACTGTTTCCACGCTTTGGCCATTGGGAGCTCCTGGAGATTGTCTCCTGTGCCCTATCCTTATTTAAGCACTTGTTTATTTTGGGATGTCTTCAGTTTTCCTTGTCCCAGCTCTGCACCCAGCTGCTTCTCCAGGGAGCCCTCCCTCACTGGAGACTGGGATTTAGCAACCAAGACCTGGGCACTGGCTGTGCTTGTTGCTTCTGGGCCCTCCTGGGACAGAGCTGGGAAGTGGATCTATGACACGTGCTTGTGCATTTACCCGCCCTGTTGGTTTCTGTAGCTGTCTAGTTCCTGCTGTTCCTGTCTCACCTGCCCCTTTCCTTATGTGTAGTTTCTTCCTGTGACAGGGAGAAACCTGGCTCTCAGATTGACAGGACATTCGCTTAGGCCATGTCAGTGCTGTAGGTGAACTGTTCAACCTGTGCCCCAGGGAGGCGCAGTCACTATGGAGGCACCTTACTTCCTTAATCGTGTACTGTTGTTTTTGTGTTTGACCTGTAGCATCTAAGTACTGGTTTCAAAAGTTGCCTAGATGAGTTCTTTTCTTTCTTTCCACCTCCTGCAAATTATGTGATTTGCATAATTTGTACATAGTTAGGTTCATTTGTTAGTTTGTATTCCTTTTGGCTTCCCCCATATCCTCGTTGACTTTTTCTTTCTTTTGTAACTTACATATGTTATGAAATTTATATGAGGATATATAATTTTCATAAATGTTTATGGTTTACATGTATTAGTTGTTATTATTAAGATCACCCTGGGATTGACTGGCCAAGCATTTGGTGGAAGATAGCAATAAATAATACATCATAAAAGACTTTAATGTAAAAATAAAGCCATGAAAGTACCAAGAAATAAATCTTCTCATTTTAATTACATCAGCTTGTCTGTGATCATGTAGCCTAAGGTAGGCCAGAGTTAATTTTTGTGTTATCTATACACGTTATTGAAGCGAATTATAAAATGTTTTAGCATGTTAATTACTTGTAAATTAATATCTACATATAAAAATGTGAGCATATATTCTATTTAGTATATTAATCCTTCATAAACAAGTAATGCAAGTTAGTATTAATGATATCTTAAGACTTAACATTCCTTTTTTAGTTTGTGTTGAATAAATGAACATCTAAGAGTTCATGATGATGCTTAAGGAAAGAAGCCTCATGTTTACCTTTGGAAGTTGTAAGGCACTGACTCATAAAAATTGGCAAATAAAAGGAAAGAATCGGGCATTT,False
67,-532,-2.3692112,2.3728397,0.99135464,-2.5331774,2.5235066,0.9936737,-0.75548506,0.9691981,0.84873104,-1.2872266,1.3274599,0.93180084,-2.114592,2.1293528,0.9858521,0.95028245,ENST00000602743.1,-532,GCCACTTCCGGCGGGCGGGCTCCGAAAGGAGAGCGTGGTGTCTGGAGGTGATCGGAAGGGACTGGCTGGAGTGTGGCGGGCTGACAGGTCTGAGGCCTGAAGGACTTCCGGGAACCGCAAAGCACGGTGTGCCTCCGCTGTCCTGAAGAAAAAGCCGCGCGCGGACGACTGGCCGGCCCGCGCTTGCAGCTCCCAGAAGTTGACAGGCATCCTCCGGTGACCGGAGACAAGTTCTCACTCTGTCGCCCAGGCTGGAGTGAAGTGGCGCGATCTCAGCTCACTGCAGCCTTGAACTCCCATGCTCAAGTGATCCTCCTGCCTCAGCCTCCCAAGTAGCTAGGACTACAGATCTGCATTGTAAGAAAAATGAGAAGAATTCCTTCAGGAAGAAGAAAAATGATACCAGATGGATATGTGGATCCACATAAAGGAACGAAGAGCACAGGAAATAGTAACTATACTGTCTTGCTCTGTCACCCAGGCTGGAGTGTGGTGGTGCGATCTTGGCTCACTGCTAGACTGGTTGGATCCAGGTTTCCTTCGTCAGTCCAGGCAGGACTGTGCGGTTGGAAAAGG,True
68,-627,-1.0274923,0.8572762,0.8681579,-5.4705477,5.4923053,0.9999827,-1.1861717,1.657458,0.9449885,-1.4639739,1.2529747,0.9380194,-2.3703647,2.1525526,0.98925924,0.9480816,ENST00000501122.2,-627,GGAGTTAGCGACAGGGAGGGATGCGCGCCTGGGTGTAGTTGTGGGGGAGGAAGTGGCTAGCTCAGGGCTTCAGGGGACAGACAGGGAGAGATGACTGAGTTAGATGAGACGAGGGGGCGGGCTGGGGGTGCGAGAAGGAAGCTTGGCAAGGAGACTAGGTCTAGGGGGACCACAGTGGGGCAGGCTGCATGGAAAATATCCGCAGGGTCCCCCAGGCAGAACAGCCACGCTCCAGGCCAGGCTGTCCCTACTGCCTGGTGGAGGGGGAACTTGACCTCTGGGAGGGCGCCGCTCTTGCATAGCTGAGCGAGCCCGGGTGCGCTGGTCTGTGTGGAAGGAGGAAGGCAGGGAGAGGTAGAAGGGGTGGAGGAGTCAGGAGGAATAGGCCGCAGCAGCCCTGGAAATGATCAGGAAGGCAGGCAGTGGGTGCAGGGCTGCAGGAGGGCCGGGAGGGCTAATCTTCAACTTGTCCATGCCAGCAGCCCCTTTTTTTCCAGACCAAGGGCTGTGAACCCGCCTGGGGATGAGGCCTGGTCTTGTGGAACTGAACTTAGCTCGACGGGGCTGACCGCTCTGGCCCAGGGTGGTATGTAATTTTCGCTCGGCCTGGGACGGGGCCCAGGCCGGGCCCAGCCTGGTGGAGCGTCCAGGTCTGGGTGCGAAGCCAGGCCCCTGGGCGGAGGTGAGGGGTGGTCTGAGGAGTGATGTGGAGTTAAGGCGCCATCCTCACCGGTGACTGGTGCGGCACCTAGCATGTTTGACAGGCGGGGACTGCGAGGCACGCTGCTCGGGTGTTGGGGACAACATTGACCAACGCTTTATTTTCCAGGTGGCAGTGCTCCTTTTGGACTTTTCTCTAGGTTTGGCGCTAAACTCTTCTTGTGAGCTCACTCCACCCCTTCTTCCTCCCTTTAACTTATCCATTCACTTAAAACATTACCTGGTCATCTGGTAAGCCCGGGACAGTAAGCCGAGTGGCTGTTGGAGTCGGTATTGTTGGTAATGGTGGAGGAAGAGAGGCCTTCCCGCTGAGGCTGGGGTGGGGCGGATCGGTGTTGCTTGCCTGCAGAGAGGGTGGGGAGTGAATGTGCACCCTTGGGTGGGCCTGCAGCCATCCAGCTGAAAGTTACAAAAATGCTTCATGGACCGTGGTTTGTTACTATAGTGTTCCTCATGGCGAGCAGATGGAACCGGGAGACATGGAGTCCCTGGCCAGTGTGAGTCCTAGCATTGCAGGAGGGGAGACCCTGGAGGAGAGAGCCCGCCTCAATTGATGCCTGCAGATTGAATTTCCAGAGGCTTAGGAGGAGGAAGTTCTCCAATGTTCTGTTTCCAGGCCTTGCTCAGGAAGCCCTGTATTCAGGAGGCTACCATTTAAAGTTTGCAGATGAGCTTATGGGGGGCAATCTTAAAAAGTCCACAGCAGATGCATCCGGCTCGAGGGGCCATCAGCTTTGAATAAATGCTTGTTCCAGAGCCCATGAATGCCAGCAGGCACCCCTCCTTTCCTGGGGTAAAGGTTTTCAGATGCTGCATCTTCTAAATTGAGCCTCCGGTCATACTAGTTTTGTGCTTGGAACCTTGCTTCAAGAAGATCCCTAAGCTGTAGAACATTTTAACGTTGATGCCACAACGCAGATTGATGCCTTGTAGATGGAGCTTGCAGATGGAGCCCCGTGACCTCTCACCTACCCACCTGTTTGCCTGCCTTCTTGTGCGTTTCTCGGAGAAGTTCTTAGCCTGATGAAATAACTTGGGGCGTTGAAGAGCTGTTTAATTTTAAATGCCTTAGACTGGGGATATATTAGAGGAAGCAGATTGTCAAATTAAGGGTGTCATTGTGTTGTGCTAAACGCTGGGAGGGTACAAGTTGGTCATTCCTAAATCTGTGTGTGAGAAATGGCAGGTCTAGTTTGGGCATTGTGATTGCATTGCAGATTACTAGGAGAAGGGAATGGTGGGTACACCGGTAGTGCTCTTTTGTTCTTGCTTCGTTTTTTTAAACTTGAACTTTACTTCGTTAGATTTCATAATACTTTCTTGGCATTCTAGTAAGAGGACCCTGAGGTGGGAGTTGTGGGGGACGGGGAGAAGGGGACAGCTTGGCACCGGTCCCGTGGGCGTTGCAGTGTGGGGGATGGGGGTATGCAGCTTGGCACTGGTACTGGGAGGGATGAGGGTGAAGAAGGGGAGAGGGTTGGTTAGAGATACAGTGTGGGTGGTGGGGGTGGTAGGAAATGCAGGTTGAAGGGAATTCTCTGGGGCTTTGGGGAATTTAGTGCGTGGGTGAGCCAAGAAAATACTAATTAATAATAGTAAGTTGTTAGTGTTGGTTAAGTTGTTGCTTGGAAGTGAGAAGTTGCTTAGAAACTTTCCAAAGTGCTTAGAACTTTAAGTGCAAACAGACAAACTAACAAACAAAAATTGTTTTGCTTTGCTACAAGGTGGGGAAGACTGAAGAAGTGTTAACTGAAAACAGGTGACACAGAGTCACCAGTTTTCCGAGAACCAAAGGGAGGGGTGTGTGATGCCATCTCACAGGCAGGGGAAATGTCTTTACCAGCTTCCTCCTGGTGGCCAAGACAGCCTGTTTCAGAGGGTTGTTTTGTTTGGGGTGTGGGTGTTATCAAGTGAATTAGTCACTTGAAAGATGGGCGTCAGACTTGCATACGCAGCAGATCAGCATCCTTCGCTGCCCCTTAGCAACTTAGGTGGTTGATTTGAAACTGTGAAGGTGTGATTTTTTCAGGAGCTGGAAGTCTTAGAAAAGCCTTGTAAATGCCTATATTGTGGGCTTTTAACGTATTTAAGGGACCACTTAAGACGAGATTAGATGGGCTCTTCTGGATTTGTTCCTCATTTGTCACAGGTGTCTTGTGATTGAAAATCATGAGCGAAGTGAAATTGCATTGAATTTCAAGGGAATTTAGTATGTAAATCGTGCCTTAGAAACACATCTGTTGTCTTTTCTGTGTTTGGTCGATATTAATAATGGCAAAATTTTTGCCTATCTAGTATCTTCAAATTGTAGTCTTTGTAACAACCAAATAACCTTTTGTGGTCACTGTAAAATTAATATTTGGTAGACAGAATCCATGTACCTTTGCTAAGGTTAGAATGAATAATTTATTGTATTTTTAATTTGAATGTTTGTGCTTTTTAAATGAGCCAAGACTAGAGGGGAAACTATCACCTAAAATCAGTTTGGAAAACAAGACCTAAAAAGGGAAGGGGATGGGGATTGTGGGGAGAGAGTGGGCGAGGTGCCTTTACTACATGTGTGATCTGAAAACCCTGCTTGGTTCTGAGCTGCGTCTATTGAATTGGTAAAGTAATACCAATGGCTTTTTATCATTTCCTTCTTCCCTTTAAGTTTCACTTGAAATTTTAAAAATCATGGTTATTTTTATCGTTGGGATCTTTCTGTCTTCTGGGTTCCATTTTTTAAATGTTTAAAAATATGTTGACATGGTAGTTCAGTTCTTAACCAATGACTTGGGGATGATGCAAACAATTACTGTCGTTGGGATTTAGAGTGTATTAGTCACGCATGTATGGGGAAGTAGTCTCGGGTATGCTGTTGTGAAATTGAAACTGTAAAAGTAGATGGTTGAAAGTACTGGTATGTTGCTCTGTATGGTAAGAACTAATTCTGTTACGTCATGTACATAATTACTAATCACTTTTCTTCCCCTTTACAGCACAAATAAAGTTTGAGTTCTAAACTCATTAGAATTGTTGTATTGCTATGTTACATTTCTCGACCCCTATCACATTGCCTTCATAACGACTTTGGATGTATCTTCATATTGTAGATTTAGGTCTAGATTTGCTAGCTCCAAGTAATTAAGGCCATGTAGGAGAGCATGGTAACCACAGATAGAACTGGTATTATCCCAAGTGGTCTGCAGACTGCTGAGTGGGGATGGGATCTGCTCTCTGTTGAGAGTTGGTAATCATTGGTTTGAAATGTGATGAAACCACTCAAGCCAATGAAGGTGGGTGTGTAGGTGGGGAGTACTTTGCCATAATATTTTAAAACATTACCTGGTTAGAGTTCTAAGTGGTACTTATTTTTGTTTGGTTAGGGGAAAGCCTGAATAAAAACAGAAATGGACACATAATATGCATATTCCATAGTCTTTGGGAGGCTGGAATGTGCCTGGGATTTGGGTCTAAGTGTATGCGTAATTCTTACCTCACTAAAGAATTTGCCTTGTTTTTTTCCTTTTGGTGAGTGACTAAAACGTCTGGGCTTCCCTGTGTGCGTGCTACAGTAAGCAAGCAGAGGCTGTGCAAAGGTGTGAGCAGGATCACGTGGAATCTGGAGGATACATCTTGGCTTGCAAACTGCCTCTGTCTCCTGGGTGGGACTGTTCTGTCCTTGCACTGCTGTTCTGTGTTACCTCTTGGGGTGTAAGGTTTTGCTTACAGGAGACAAACTTTGGGCGTAGAATGGAAGCCACTGCCAGCCTCTGTGCTGAGAAGGAAGGTGCTTGTTTCAAAGGGAGCAGCAAGGGAGGCTTGTTCTACTCACCTGGGCCTGTTTGCCTGAGAAGGGGAGATAAGGGCTGAACTGGGACTAGCCAGGGGGACCAACACAAATGGTGGGGGATCATGACCTGAAGGATTCTTTCCTTCCCATGAGCTGCAGGGCTGGTTGCCGTCCTTGCAACTGTGTCTTATTTGCCTGTGCCGTTATATCTTGGTGACCCCTCCACGTGTACACTACTGACAAACGGGTGGAGTGCTGGGGAGAAGTCACTGTGCCGCCCACCTAGTAAACCTTCTGTCTGTGCTCATGGCATCTCCAAGATGGGGCACTGCTGTGTGCAGAATCCAGGGTCCTCTTTCTGCTTGCAACTCCTTTCCCTGGATGCCCCAGAAACAATCCAGGCCTCCTTTCCTATCTTACCCCTTTGCTTTGCTTTTTACCCCAGCACCTCTATAACCGCCTTCTCTTCTTTTCAGAACTCCTTGTTTCTCGTCCTGTTTTTTATGATTACAAAACTCTTGCTTCCACCCTGGAAGATAACTGCTATAGATGCCTGTATGTAAATGGTGCTGTCTCCAGCAACTGGCATGCTGAAGAAGAATTGATTCACGGGGTATAAATGTTGGGGATTGGAAGTGGGGATGAAATGGCACTTGTTGATACAGGAGCAGAGAGGTGAGGCCGACTGCTGAAGACAGCTCGCCACCCTCCTTGCCTCCACTCCAATCCAGGGGCTGGGGCCACATTCTTTGCCTTCATTTATCCTCAGATCAGGTGAGATCGACAGGAGGTGTTGATGGCAGTGCCAGCAATTATTGCTAATCCGTTTGCATCCTTATGCATAGATCTGAATTCAGACTTTGTGAATTTCCAGAGGTGTGGGTAATATAATAGAATTCAGTGAGTGGGCATGGCTGATCTTGTGCAAATTAAAAGTTATGGGGCATAAGAATAGCAAAAGTTGAACTTCTTTTAAAAAGGAAAGTACCCTGAGAGCCAGTATTGGTTGAGGCTCTTCAGTATGCCCAGGTTGGCAGCACTGAGAACCGCAGGAACGGCCTGTTGTTACAAAAAGGAGATTGACTCAGCTGCCCTTGGTGCATCTGACTGACTATGACTGCTGAGAGATTCCAAGGACCCTTAATGCCAGGGCTAACCTCTCCATGTGCAGTGAGACCTCTGGAGGAAGTGTCATCCTCTGGCTTTGTGTGGTACTCATTATGGTGCAGTGCGGGCATGAAATGAAGACACCCAAATAGGCTTACAGATACGATATGTTTTAAATGTTCGTATTTAACAAAAACATACTGACACTGTTTGGAAATGGCAACAGGAAGATAGCAAAATGAATACTAACATTACGAAAAGATGAACAGGTACATGTTCCAAGGCAGGTGGCTGTGAACTTCCTCTGAGTGAAGGCATCCCCTCCAGCACCTTTCAGCCTGCTAGTTAGGACGACCCGCCGCCACCCTCCAGGACCTCCAGCCCTGCACTGCCTTTCCTCTCTTTTAAATAATTCTTCATTGAGTTCTAATATGTAAAAAAAAAAAGTTTACTGTAAAGTTTGCAAATAAGGAAATTTTTTTTAAAAGTCCTCAGTAATCTTACCAGTAACAATTGTTATGGGCACATTTGCTTTTGGAAGATTTCTTTTGTATGCATGGGATAAGTACATTTTTAAACAAAAATGGGATTATGCCATAAATTCTATTTTGTGACTTTAATATATAGTGAACACCTTTTTTAATGATGACAGGATGTTCCCTTGCATGGCTGTATCAATTTAAACAATCTTGTTTCAATGGGCATACAGGGTATTTTCTAGTTTTTTTTTCCTCTTAGAAAATAATACTTGCGATGACTTTCCTTGTAGCTCAGACTTTTTCACGTCTGTTGTTATCTCTTTGGGAATGCTGAATACATACATTTCGAGAAGGAAATGACTGTTAAACTCTTAAGACTTCAGGTTCATATTGCTAAACTGCCCAGCAGGGAGGGATTTTTTCAATTAGTGTTCTCACTGGTGAGGCAAACCTGATGCCTTCCCCTCTTCCTCAGAACCGGCTTTATCACATTGAAAACCTTTGCTCCTCCGACGGATCGAGTCTGCTTTCCCTCTGGATGTGAGCATTGCTTTGTCTGCTGGTGACTGAACATCTCTACCTTGTGTCAATTGGCCATTTGTGGTGTGTGTGTGTGTGCGTGTGTGTGTGTGTGTGTGTGTATGATTTTCTAATTCCTAGTCATTTTTCTATTGATTGTTTTGCAAAAGCCATTTACATCTTAAGGATATTGATAATCTTTTGTTATATTTGATGCAAATATTTTTTTCCAGTTTATAGGTTGCCTTTTAATTTTGTGTTTCAGGTAGATAAAAGTTAAACGATTTTCTTAGGTTAGTTTATCACTGTGGTTTCTGAACTTGTTATGTGTAGATCTTTTCCACCCCAAGAGTACATAAATATTAATCCATACTTTCTTATGGAACTTGTATGGTTTCGTTTTTTACATTTAAACCTTCTTCCCCGTGGTGTGTGTTGTGGAATCTGTGTTTGTGTGAGGAGGGGCATGGTGCTCTCAGAACCCACCTCCTGTGGCCAGAGAGCCCTGTCCTGTGAGGGTGGTTGTCACAGTGGCAGGGTTCAATTCAGAAGACCTTGAGGGCAGGCTGATGTTTCCTGAATGGGCCCCTGGTTGTTGCTTGTCCCTGACTCTCCATTTCCCCATCTGAGTGGATTTGGACCTAATAGGGCACTGGAGCTGGTTCGAATCCTGACTGGACTACTTGGCAACTTTATGTCTGGGAGCAAGTTACTTAACCTCCCCAAGCCTGTGTCTGTGAAATGCGGGTAAATGAATGTAGATGTTTGGCAGCAGCTACTCCTTGTTGAGCTCTCACAGTGAACTCTCCTGCCTCTGCCCTCCTTCCCCGCCTCCCCTGGTGCCTAGCGTCAGGTCTAGCCACTTCCTCCTGGGCCCCTCTCCCTTTTCTGTGGCTGGCTGCCTGCCCGCCTGGCGCTGGACCTTTCATGTAACGGGAATCAGCATGTATATTCTGGTCTGGTCTGTTTCTACACTTAATTTTGTTTCCAGTAGTATTTCCCTGTACCGGCAGAGTTCACAAACACATTTGAAGAGGCTTTTTCTCAGGATTCTTAACCTTCCCAAAGGAAGTCCCATGGATGGGTTTCTAGAAGTCTATAAATGCTCTGAAATTGTATTTTTCTGTGGAAAGCATAACTTTCATCTGCTTGTTCGTGCTCAAAAAAGATCATGAATGAATGATTGCATGATTTTATGCCATTGTGCTTATACTAAAGGATATGTAGCCCATCTCTTGAGCTGTTAAACTGTTTTGACTACTTTAAATCGTGCAGCTGTGAGCATCTCTGTAAATTTAGTGTACACATGTATCCCCTGGAGTGGCATTGCCTCGGCAGTGAGCACTTATGGTTTTATAACTCTCTTCACAGACTCAAATGACTCCAGAAAGCTACACTTCCTGTTGTGAGTATATGATATCCATTTCCCTACATAGCCACTAACATCAGGTTTTTACAATTTTATTTATTTCTTGCTACTTTAAGAAATTTTTGTGGTGAAATACATATAATAGAAGTTGACTATCTGAATCATTTTTAAGTATACATTCAGTAGTGTTAAGTATGTCGCCATTGTTGTACAACCAATCTCCAGAACTTTTTCATCTTGCAAAACAAACTCTGTACCCATTAAATAACATTAAACATTCCATTCCCTCCAGCCTCAGCAACCCCATTCTACTTTCTGTTTCTGTGAGTTTGACTATTCCAAGCACTTCATATCAGTTAAATCATGAAGTATTTGTCTGTCTGTGACTGGCTTATTTCTCTGAGCACAGTGTCCTCGAGATGCGTCTATGTTGTAGCATATGTCAGAATTTCCTTCCTTTTTAAAAGATCCAAATAATATTCTTATTTTATATCTTTTTTTTATCCATTCATCCATTAGTGGACACTTGGGTTGCTTTTGGCTATTGTAAATAATGGTGCTATGTACAAATATCTATATTATTGTATTTACAAGTATAATGCTGTAATGTACACACATCTTTTTGAGATCCTACCTTCAGTTCTTTTGAGTATATAGCCAGAAGTGGTATTACTAAATCTTACGATATTTCTATTTTTAATTTATTGAGGAACCACTGTAGTTTTTCATAGCAACTGCACCATTTTACGTTCTCACCAAGAGTGCACAAGGGTTCCGAGGTTCCCACATCCTCCCCAACACTTGTTATTTTCTGCTTTTTTTAGATTGCAGCCATCATAGTGGGTGTGAGGTGACATTTCATTGTGGTTTTGATTTGCATTTCCCTAATGAGGAGTGATGCTGAGCATCTTTTCATATGCTTACTGGTCATTTGTATGTTGTCTTTGGAAAAATGTCTATTCAAGTCCTTTGACTATTTTAAAAATTGGGTTATTAGAGTTATCGTTGTTGTTGACTTGTAGGAGTTTCTTTCTATATTCTGGATATTAATCCCCTATCAGATATATGATTTGCAAATATCTTCTCTTATTCCATAAGGTTACTTTTTCACTTTGTTGATTGTGTTCTTTGATGTATAGAAGTTTTTAGTTTTGAAATAGTCTAATTTATCTGTTTTTACTTTTGTGGTCTGTGCTTTTGGTGTCATATCCAAGAAATCCTTGCCAAATCCAACGTTATAAGGTACTTTTAAGGTATTTTAGTTGTCTTAGTCTATATTTCTGTACTCACCTTTCTTTATCCACTCATCAGTTGATGGGCATGTAGGTTGGTTCCATATCTTTGCAATTCTGAATTGTGCTATGATCAGGTGTCTTTTTAGTATAATGATTTACTCTCCTTTGGGTAGATACCCAGTAGTGGGATTGCTGGATCGAATGGTTTTTATAATTTTCTATTTTACCACAGTTTCTCTCTGCATTTTTCCTCTTTGACCACTAACCATGTGAAATTCTCATATTGACCTTTATAATGATCATGAACTCTTAGTATCATTGGGAAGGCCACATTTGCCACTTATGATTGTAAACCTTATCCTCCATTTTTCCTGTTATTGTTGGTGCAAAAAGCACCTATTATACCAGGACTTTAAAAATCAGTCTGATAAGTCTTTGATAAGTCTAATAATAATAACTGATAAGTCCATTGAATTTGCTTCTGATTACTTTTTCTTTAGTAGCTAAACATGTATGTACTCCTATGATTACAATGAACACTCCTCTCCATTTAAATTAATTATTTACATTGATGAAATAGCAAAATGTTAATGACTAAATACTGTCTTGGTTTTTTCGTTCCAGGTCAGTCAATATTAACTTCTTATAATTTTCTTTTTTTTCTTTATGTGTGTGTGTGTGTGTATTTTTTTTTTTTTAATTTCAATGGCTTTTGGGGTACAAATGGCTTTTGGTCATATAGATGAATTCTACAGTAGTGAAGTCTGAGATTTTACTGCACCGGTCACCTGAGTAGTGTACATTGTACCCAATATGTGGTTTTTTATACCTTGCCCCCCTCTTACCCTCCCCACTTTGAGTCTCTAGTGTCCATTATGTCACTCTGTATACCTTTTTGTACCCATAAGTTAGCTCTCACTTATAAGTGAGAACACACAGTATTTGGTTTTCCATTCCTGAGTTGCTTCACTTAGAATAATATCCTCCAGCTCCATCCAAAATTGCTGCAAAAAAAAAAAAAACCACAAACATTATTTTGTTCTTTTTTATTGCTAAGTCATATTCCATGGTGTAGAGATACCACATTTTATTTATCCACTCACTGGTTGATGGGTTGGTTCCACATCTTTGCAATTGTGACTTGTACTGCCATCAAGTGTCTTTCTGGTATAATGACTTCTTTTCCTTTGGGTAGATACCCAGGAGTGGGATTGCTAGATCAAATGGTTCTTAACATTTTCTCTCTGGATCTATTTCTGGAAATTTTAGGCTCCAGTTTTTGTTGTTGTTGTTAATAAAATGCAATGGAATGTAATGATCATCACTTTTCATTATGCTTTAAAATCTGGTAAATGGAGGCTAGAACACTCCTGTAAGGCAAGAATATTCTCTCTGTTGGAACTCAAATACACAGAACTGGGTAAATCTCAATCTTAATCTTTGATTCAGGACACAACATGGCTCTCTTTTACTTGCTTTCTTTAATTGTTTTTTAATAATGTGGTAAGCATTTCTGAATCTCCTATCCAATACAAAAACTAGGACAATACAGACAGTAACTCCTATGGTTACAATGAACACTCCTCTCCACTTAAATTAATTATTTACACTGATGAAATTGAAATAGCAAAATTTTAATGACTAAATACTGTCTTTGATTTTTTGTTCCAGGTCTGTCAATATTAACTTCTTATAATTTTCTTTTTTTTTCTTTATGTGTGTGTGTGTGTGTGTATATATATATATTTAATTTCAATGGCTTTTGGGGTACAAATGGCTTTTGGTCATATATATGAGTTCTACAGTAGTGAAGTCTGAGATTTTACTACACCTTCCACTTATGTGGTCCCACACCACCCGCCTCCCCTGCCGCCTCCTGCCACCCCCTAGGCCAAGGTAATAATCATCCTGAATCCTGGGTTTATCTCTCACTTGCTTTCTTTTCATATAATTTTGCAAAAGAATCTGATCTAAATGTGTTTTTCAGAGTATATATTTATATTTTAGCTGTTCTTAGAGAAAATTTATTATTTTGCATGTAATCTTATGGAACATTCTCATTTAATACCATGGTAAGATTCAGCCCTTGCCCAGGGGATAGTTCATTTAGTTTGTTTACTGGATAGAGCTCATCATGTGACTATACCTCAGTTAGTTTATCAGTTCTCCCATCCATGGTGACTAGGTTGCCTCTCAGCCTCTCAACAACACTGTTTCTCAGTGTCCTTGTAGAAGTGATATGTGGGTGTTTTCTCCTTACACAGAGTTGAAAGGTGACGACAACAACGTTGGCACTACCAATCCCCCACCCTCCAGAGGGGTAACCAGTGTTACCAGTTTGCTGTGTTTCCTGCTACACCTCGCCTTATTCACTTCCATTTGTATCTGAAAAACGTGTTGCATGGTTTCTTTTCTATAGAAGTGGTAAAATGCTATTGTGTCCTGTACATTATTGATTACTTTTTTTCATTTAACAGTAGGGAGATGCCTGGGAGTACACAGAGAACTGCCCTCATTGTTTTCAACTTCTGCACTGTATGTCTGTGAGTTTAGCCATTCTGCTGTTAATGGAAATTTACAGTATTCTAATCTTTTGATATTACAAACAGTTCTGTGCGATCATCGTCATACACAACCCCTTGTGCACAATGCATGAGTGTTTCTCAGGGTAGGTACCAAGAAGTGAAATTCCTGGGTCATAGGGCGTGAGTCCGACATTTTTCTCCATTCTGCCCTGTTGCCCTCCAGAGTGGGTGTCCAGCTTTGCATACCTAAGTATGAGAGTATCTGTTGTTCATATCCTCTACGACGCTCCATATATGAAACTTAAGTTTCTGCTAGTTGCCATCTTTGATCTATCATGTATGCAGTGACCTACTAAGACTGTAATTGGTACAGTAGATTCTTGTCATCTGTGTGTGAATTTAGCATTCATGGGCTTAATGCTGACAAGGCCCCCAGGGTCCAAGACATATAATCATGTATAATTTTGTCAAGGTATAATTTTTTAAATTGCTTTTGTCATGTGTCTGCTGGTGATGCCCAACCCAGTGCTCTGCACCCAGGTCACACTGTGGCTTTGTCCTCTGCTTATGCCTGCATTGCAGCAACTGTCCTGAAGAGACCAAAATTATGCAGATTTAGGTAAGTCCATGGCTAATGTTATTATATTATGTGCTATTGTAATGGATGGGGCTGTGGAGTGTATGAATTTATAAATCACTGGTCTTGTAATTAAAATTCAAACACTATAGAAAAAGGCCATGTAGAAGATAAAAGTTCCTCTATAATCCCGGACCCCTAAGATAACTACTAATGACAACTTCATTTATATTCCTTCAGACATTTTCTGGCTGTGGATGTACTAAAATGTATCCTATTATTCTCTGCCCTAAAATGGAATCATACAAGGTGTACTGTTATTTTTATGGCTCTATAACATGTCATATTGTACGTGTTGGTATGGTCATTTTAACCATTTTTCTAGTGATGGCTTTGAGGTTATTTGCAGTTTCCTAGCCATCTCAAAGTGTGCTGCGGGGATCTCTTTTGCATCCCTCTGGGTGCAGAGCTGAGGCACCCAGAGGCAGTGTCCAGAGGAGGCAGCATCTGTAGGTGTCTTCACCTGCTCTGGCTCTTGGCACATCTGGTTGGTGACACTGTTTTGTGAGATGGGTTGAAAGCACGTGCTGCCAAAATAGAATAATGTTGGTCCTCTCCTCATGTGCCGTGGAACTGGGGTAAAACTGCGTAGTGGCTGCAGCTGCCTGTCCATACCGGAATCGAGTATAACACGGTGCCTGGCTTAGCACAAAACAGTAGTGGGTCCTGCAGGCCCCAGAGTCTAATTCCTGGTATTCTTTCCCCTACACAGATTAAATAAACCAAAAACAAACTATTCTAGGAAAGCGTCTGTGACATTTGTAAAAAGTGGTATTTAATGATCTTTTATTCACTTGTCTGTTTAGTTTGTTGAAATCTTAAGTGGCATCCTGGTCTGGGAAGGAGTGCTGTCTGCGCCTGCCCTCCGCTGGGCACAGCGTGGCTGCTTCAGGGGCTAAGCACACACTTTCTGTCTTCTAAAGGGCCGCCACATGCCAGGAGCTCAGGTGTGAGCCCGGCTCTGGCTCTTACCTCATAGGGTCACTCATAGGGGCACAGGGAGCAGAACATTGTACACAGCGAGGCACCACCCGGCTTGGCATCTGCCTCGGTGGACTTACTACCTCTAGAAGGAAATACCTGAGTTCCTCTGGCCTCAGCTCCTAGAGTGACTGGTGTGCTGTCCCTGTTACTCTTCTGTCAAGGTGACAACTGTGTGACCCATCATCTGTGTGTCAAAGCAAGGCCCTGCCTGGGCCTCTGCTCCTGTGCTGACCCCAAAGGCAAATGCTTTGCTAGTTTCCTTCCAGTTAATTTCACCTATGAATAGATGTGTGAAAACTGTTCAAAGCCATACCTGCACATGTTTGAACTTCAAACCCTGTGGGTGATTCAGTGGCATCTTTCTCTAACCCCCAGCCTCCCTTCCCACAGAGGCCACCGTCATGGCCAGTTGCTGCAGTTTCTTTCCAGAGAACCTGTGTATGTGTAAAGCTGTACAGGCGTGGGTACACCACACAGCCTGTCTTGCACTGTGGACTGTTGAGTTACTAGTACATCTAGGTAAGCACCGCATATCTGTATTCATGTCTGCCTTGGTCTTTTCAACATCTGTGTGGTAGCCGTGTTTGAATTACCCATTCCCTTTTTGGGGAACCATTAAGTTGTTTCAGCAATTTTTACTGTAGATAAGGCTATACCGCATATCTGTGTACATGGGTTTTTATGTACATGGGCAAGTATATCTGTGAGAGAAAAGTTTCCTCAGGAGGAATTCTGGGCACAGCATGTGTAAATTTCTAAATATGATGGACACCCCCAGCTTCCACCTCAAGGAGGTTGGTCCCATTGACATTTCCCCACACCTTCACCCAGGCTGTGCCCTTAAACTTGGTTATTTGTCAATGTGAGAAGTGGAAAATAGTATTTAATTGTAGTTTGGATTTGTATTTCTATTGGGTTGTATACTTACTGATTAATAATAAGAGCTCTTTACATATTAAGGAAATTAACCCTTTTCAAATACATTCCTATTTCTCACTAATCTTTAAGTTTTATTGTAATATTTTGCTCTTTAGTTTATATATATATGTATATATATATATATGTATATATATATATATACATATATATATACATATATATATACTAATTTTCTTTTATGGTTCCTGGATTTTGTGAGTAGTTTGAAAAGGCTAATCCAGCTGAAGATTTTGTTGTTGTTGTTAAACCCCATGTTTTCTCCTAACTCTTTTTATTTTTATTTTGGAGGACTCTATCTAGACTTAATTTTAGCATAACAAGTGACAGGGTTAGTTAGCCTGTTGTCCTTACACCATTTTCTGGCTAATACAGCTATTAACTATTGATCTGTCTATTCACGTGCCAGTTCCTAATGGTTTTACATAGTGTAATCTGCACTTCAAAATAGCGAAGGGAAGCCCTACCTCATTATTCTACTTTTCCAGAATTCTCCTGGCTATTCCAGGCTGCATGTTTACCTTAACCTTCCCTGTGATGTCTTCATGCCGTTGTCTTCTTATGCAAGAATAAGGTACGTCTTTCCATCCACTCACGTCTATTTAATTTGACTTTGCATTACACAGAAAGCTGGTCTTGGTCTGTCTACCTCGGCATCTAGTTGTCCTCACTGCCCCCTAGCCGACCCCACCCCATCTGACTGACTACCCCATCACAGAGTACTTTTATTTACGTTTTGCTCTGCCTAATGGTTACTTGATACTGTCACGCCGACAGTGTCCAGTTCAGTGGTCTTTGCAGTTGAAATGCTCCCGTACACACTGTCTTGTTAAAAATGCCAGTAAGTTCATACAAACCCAGCTTGCACCCAAGGTCACATTCAGAGAGCGTAGGGCTGGGATGGGTTGTTTTCCAAGCTTCTGCCACTGTGTGGCTAGCTCTTCCCACTGGGAAGTTCTGTGTACCCGGAATGTCGGAGTGGAGTCCTGTTCTAGTGTCCAGCACCTGACCCTGTGCCCAACCCCTCAACAGCCTATTCCTGCTGTCCACAGCCTGCTGGAACTTTTTACAAAATATGTTGCCATGCTGGACCCTGGGCACTGGACATAAGCCCCCTGGCAGCCTTTTTCATGTCACCCAAAGGGGTAATTGTCCTACTGGTGGTCTGTAAGATGAGTTAGGGTGACTTGCTAATAGACATTGTAAATCTTAATATTTATGTATGTATTTTATTATTACCGGTTTTCCATTTATGATGGTAATATTGTTTCTTCTAAGAATATTTATTTTTCCTTCTAAATATTGAGATAAAATTCATGCTTTTGAAATGTTCTATTCAGTGGCTTTTAGTATATTTGCTATGTTGTGCAACCATCGACACTATCCATTTCTAGAACTTTTTCGTCATCCCAAACAGACGCTCTGTATTCATAAAAAAATAACTTCCTACCTGTCTCTCCCCCTAGTCTTTGGTAACCTTTGTTATACTGGTAAACTTTGTTGTGCTCTCTGTCTGTGTGAATTTGCCTATTCTAGGGGCCTCATATAAGTGTAATCATACAGTATTTGTCTTTTTGGGTCTGTCTGATTTCACTTAGCGGGTTTTCAGGGTTCATTCATGTTGCAGCATATAACAGTACTGCGTTCCTTTTTCTGGCTGAATAATATTCCACTGTATGGATAGACCCCATTTTGTTTATTCACACATCATTTGGACATTTGGATTATTTCTGGTTTTTGGCTATTATGAACAATGGTGCTATGAACAGTTGCGTACAAGTTTTTGTGTGAACATATGTTTTCAATTCTCTCATTATATACCTAGGAGTAGAATTACTGGGTCATATGGTAACTGTATATTTTTGAGGAACTGCCAAACTATTTTCCCACGTCCATGCACCATTTCACATTCCCACCAGTAAGTAAGAGGGTTCCAATTTCTGCGCATTCTTGCCAACACTAGTTATTATCTGACTTTCTGGTTATAATCATTCTAATGAGTGTGAAGTAGCCTCTGGTGTCATTTGGATTTGCATTTCTCTGATGAGTGATGCTATCAAGCACCTTTGCTGGTGCTGTTGGCCATATGTGTATGTTCCCTGGAGAAGTGTCTGTGCTGAGCCTTGGCCCACTTTTTAATTAGGCGTTTGTCTTTTTATTACTGAGTTGTAAGAGTTCTTTATATATTCTGGATTCTAGACCCTTATCAGATACATGGTTTGCAAATATTTTCTCCCATTCTGTGGGTTGTGTTTTCACTTTATCGATAATGTCCTTAGACATATAATAAATTTGTATTTTAAAAGTGACTTGATTTGGCTGTGCAAGGTGGCTCACGCTTGTAATCCCAGCACTTTGGGAGACTGAGGTGGGTGGATCATATGAGGAGGCTAGGAGTTCGAGGTCAGCCTGGCCAGCATAGCGAAAACTTGTCTCTACTAAAAATACAAAAATTAGTCAGGCATGGTGGTGCACGTCTGTAATACCAGCTTCTCAGGAGGCTGAGGCACGAGGATCACTTGAACCCAGGAGGAGGAGGTTGCAGTGAGCTGAGATCATGCCAGGGCAACAGAATGAGACTTTGTTTAAAAAAAAAAAAAAGTGACTTGATTTAAGGGAAAAAATGACTGGCTATATTCAGTCAGATATGGCAAAAAGTCTCAAGGTGTTAATGTGAATGATTAAGGTCTTGGGGGGGGTGTCCCCTATCAGACTACAGGTGTTTAGAGGCACAGAAAAAGGTGCAGTTGGGTTCTTAATGTGAAATGATGAGAAGCACAACTCCAGTGTGTCTCTTTGTGTAGAATGTCAGCAGACACCCCCTGCTAGATGTGCTGGATCATGGGAAAGCATTTCCATTTGTTACTAGATTGTTCAGAAGTTTTAATTTATGATGGGTGTGGTGGCTCATGCCTGTAGTCCCAGCACTGTGGGAGGCTGAGGCAGGAGGATCATCTGAGGCCAAGAGTTCAAGATCAGCCTGGGCAACATAGTGATACCCTATCTCTTAAAAAAGAAGAAGTTTTTAAATTTGAAATAATAATAGGTACTGGATTTATGCAAATGTCTTTTCTGCGTCTTTTGAGATGAGTATCAGGTTTTTTTTTTTCCTTTTATCATCTGATGATGAACTTAATGTTTCCATTTGTATTAATGGAATACTAAGTCCCTCTGTGATTTCTGAACCAAGCTATTCCTAGGCCTGAGTTTTATTTTGTTGACACAGAAATAAATTAGAAGGCCAAGCGTGGTGGCATGTGCCTGTAGTCCTAGTTGCTGAGGTAAGAGGATTGCTTGAGCCCAGGAGTTCAAGGCTGCAGCAAGCTTTGATTGCGCCACTGCACTCCAGCCTTGGCGACAGACTAAGACGCTGTCTCAAAAAAAAACAAAAACGACAAAAAAAAAACAAAACAGAAAAAATAAACTAAGGCAATGACAGTCCCTGGCAAATGCTGGGAGGGAGGCAGCAGTGGTCAGGGAAGGTAACCCTGAAGCAGGACTTGTAAAGCAAATAAGATTGGGAGGCCAAGGTGGGTGGATCACGAGGTCAGGAGTTCGAGACCAGCCTGGCCAACATAGTGAAACCCCGTCTTTACTAAAAATACAAAAAAATTAGCCAGGTGTGGTGGTGGGTGCCTGTAGTCCCAGCTACTTGGGAGGCTGAGGCAGGAGAATCTCGAACCCAGGAGGCGGAGGTTACAGTCAGCTGAGACCGCACCATTGCACTCCAGCCTGGGTGACAGAGCAAGATTCCGTCTCAAAAAAAAAAAAAAAAAAAAAACCAAGAAGAAAAGGAATGAATTAGAACTTCTTCTGCTTGGACTTAAGGGCATCATCAGGCAGGTTTTGGGTAGGATAGCAGGGGAGGCAGAGACATAGTCGGGGTCAGTGGTCATGAGTGTGGCTTTGAGCCCAAAAACTTGGTTTCTGTTCCCTACTTTGCCACTCAGTAGTGCATGACTTTGGCCAAATTTCTTAAATTCATGAAGCAAGTTTCCGGGTGAATGAAATGGGGATAAAAATAGTGTTCAAACCTATCCGTTGGTTTGTGTGAAACTGAAATGAATAGTATCGTGCAGGTACTTGTGAGCAAGGGGAGCTGCTGTTTCCTGTCCCTTTATGATGGGAAATATCTAGACAAGTTCCCAACCCTCTGCACTGCAGGCTGCATGGCACGGAGGGTCTTGTAACACCAGCTGGGGCTGGCCTTCTTTTAGGAGCTTCAGTGGTTCTGAAAACTTTTATTTGTTTGTTTGTTTTAGTAGATGTGGGGTCTTTCTGTGTTGCCCGGACTGGTCTCAAACTTCTGGACTCAAGTGATCCTCCCCCGCTCAACCTCCCAAAGTGTTGGGATTACAGGTGTGAGCCACTGTGCCCAGCCTTGAAAACTTTTTCAGGTTCTTCCAGGGTTACTGGGCTATTAAATATTTCTATTTCATTATAAGTCAGTTTTTCAAAGTTATATTATCTTAATTACCTTTTTTATATGTATTAGTGTAGAGTAGCATTTTATATTTTGATATCCTCCTTATGCATAGTTTTTCACTTTTTATTCCTAGTTTTTCGTTTTTAATAAGACTTTCAAGAAATTTATTTTATTGGCCTTTTGAAAAAAGCAGCTTTAGATAAAGTAAGCAGTTCTGCTTTCATTTTATAATTTATTTCTACTTTTGTTTCATTAATCTTTTCCTCCGGCATGCCTTGGATTTTGTTGTGTTACTCTTTTTCTAGAGGCTCGCATTGTGTGTCTGGTTCACTTATGATCACGCTTGCCTACTTTTAAGAATGGAAGAGGGGAGGTGGAGGGTGGCTGCACAGTCGAGGGTGTGAGGCAGTCTTGCTCTAGCCCCACCATGCCCTCAGCCCGCTGTGGCCACGCTGGTTCCTCAATTGCTGGGGCGTGCAGTGTCTGTAAGGGAGGCTACTGATGCCATCCGAGGAAGATGTAAGGTTTCGTGTGGGCAGCGAGAGCCTAGCAGGCATGTGGGGTGCCCAGCAAAGGGTAACAGTGGACAGTTGTTGCCTCATTCCACAGAGTTTTGATTTTTTTTTTTTTTTTAATGGTCACTCCATCAACATCCCCCATGGCCAGAGCCTGAGCTGGTCCCCAGAGACACAGGCATTCAGCTGACAGCCTCGCCTTCACGCTGCTGCTGTTCTCATGGGGGACAGGCCTCAGGTGGCAATGCACAAATCATTAGTTAAGGGCAGTTGTGACAGTTACCAAGGAGTGTAGTCCCCCGCCCCCCGCCCAGTGAAAACAGCCCTAACCAGGGGTGGGGACCTTTGGGCTCTGACCCGAAGGGTAGGAGAAGCTGGAAGGACAGCATTCCTGTCTGCGAAGGCAGGAGCAAAGCTGCCAGGCTATGAAGGAAATGGCTGGAGCCTGAAGTCATGCAAGCTGGGGCTGGCAGGGACAGGGCCAACTTCCAGGCCTGGGGGCCACCATGAGGATTCAGGACGTGACCCCCAGGGCACATGAAGGCCTTCCATCTGTATTTAAGAAAAGACTTTATCAGACGAGTATGGTGGCTCACGCCTGAATCTTAGCACTTTGGGAGGCTGAGGCAGGTGGATCACGAGGTCAGGAGTTCAATACCAGCCTGGCCAATATGGTAAAACCCCATCTCTACTAAAACTACAAAAATTAGCCAGGCATGGTGGCGCACGCCTGTAGTCCCAGCTACTCGGGAGGCTGAGGCAGAAGAATCACTTGAACCCGGGAGGTGGAGGTTACAGTGAGCCAAGATCGCGCCACTACACTCCAGCCTGGGTGACAGAGTGAGACTCCGTCTCAAAAAAACCAAAAGACTTTATCTTATTTCCTATATGTTTGTGGTTTCAGTCCTGATGTATAATTTGACCCTAGTTAGAATGGTTATCTGAGGAAGTGGCCTGTACGATTTCTGCTTTTTTAAATGTGTGGCTCCCTTTCTTCATTGATTAACGTATGATTATTTTTATAAATGTTCCATGGCAGTGGGAAGGGATTCTCTGTCACATTCCACATCTGGATCAGTTCCTCCCCATTTTGTTGGTCAAATCCGATCTGCCATATCCTGTGTAATGACAAGTGAGTTGCATTCTCACCGTCACTCCTGGGGTCTCTCCGCTTCCCCTGAGCTGGCTCAGCAGTCTGCTCCATGTGTTTTGATGCAGGGTGACCCATTGGTATTCCCGACACTAACGCCCCCGTCTGTGGACTGCTTGCTGCTTGGGCTTCACTGTGTCTGGTGTTGACAGTGCAGACCTAAAGGTGTGCACACATGTGCACACACACTCCGCTGTCTTCTTGTTTGCACTGGACTTAAATATCTATGAGGGTTATTTTCAACTGCTGAATTTGGAATGATTTTTATATCTTTTCTGCTTTCTGCCCATGTACATGTGTTTATTTTACACTGTTGTGATTGGTAGTTACTATGTGGGGACACAATTACTTGGGCTGAAATAATCCACCTGTTGTGGTTGGGGTCCTCTGGGGCATTCCAGGGTGAGAGGTTGTCACTGCCACCTGGGCCATGTGGGCCGGCACCAGCATTTTGTGGTTACGAATTCTACAGTCACAAATATCTTTGGGCAAATCCCCTTCTATACCTCAAGGCAGCTTTTGGTTTGCAACCCCACTGGCCAGAGGGAAGGGCCAGTCACTTGGCTCTCTCACTGCCCTGCGCCCCAGATGGTTCTAGGGCTGCTGTTTTCCCTTGGCCCTGCCAACACCACTGTTTTTACTTCTGCTCATTGGCTGAGTGCAGTGGTTCCTGGAAGCCAGTGGCACGTTTCCCCGCGTAGCTCGCTTATCCCACAGCACACACCCAAGGGTTCTGTTGCTAACACGCTGAATTAATTCTTTGCTCATCTTACAGAGTGTGTTTTGACTGCCCCCATTTCTGAGGCCTTGTAAGGCCAGAGCTTTGTTGCTTCATCGGCAGGTTGGGACTTAGATGGCCGTGAATGTTTCCTCTCTGCTGCTGCAGTAAGTAAGTGCCCGCACCATAGTGTGTTTGGAGGCTGAAGTTGAAGCGAGGCTGTGAGGGGAGATGGACGTGTGAGGAGGGATGATGGGGCTTGAGCAAAGTGGGGGAGGGGGCAAAGGCAGTTGGCCCAACACATTCCCCACCCCTTTGAGAGGTCTGAGGCCTGCAGACCTGGCTCGGAGCCCACCTGGTAGTCCTCAGACTGTGTGTGTGTGTGTGTGTGTGTGTGTGTGTGTGTGTGTGTGTGTGTGTGTGTGTGTGTAAAAGAGAGAAGTTGTGGAGAAATGGGGGGCTGATTCTGCTCAGATTCATCAGGATGAGTAGAAGGCACCCAGCTCTCACCCTGGCCTGACATGTGTGTCCCTGAGCAGGTTACAGTCCTCTCTGAGCCTCTGCTTCCCATCTGGACCCTGCTGGGCAGGGCTTCTGAGCTCCTTAGCACTAGCAGGAGGGGCTCCAGGGGCCCTCCCTCCATGGCAGCCAGGACAGGACTCTCAAATGAGGACAGCAGAGCTCGTGGGGGGCTCCCACGGACCCGCCGTGGGCCCAGGGGAGGCAGAGCCTGAGCCAACAGCAGTGGTGCTGTGGACCGTGGATCCTGAGGGTGGCCTGGGGCAAGTACCGGCTGAGGGTCCAGGTGGGCTTTGTGTACCTTTGGGTCCTGGGGCCCTGGTGACTTGGACTCCAGGTTAGAGTCAAGTGACAGGAGAAAGGCTGGTGGGGCCCTGTGCTTCCGACTTCATTTCGAGTGATGGCAGTTCCCAGGAAGGAATCCACAGCTGACGGTGGCTGACAGATCAGAGAATGGAAGGCGAGGCAGGCGGGCGTCTGCGTGACCTCAGGTGCTTGGGGCCCAGCAGACCCAGAGAACCATTTCCACTAGGCCAGGGTGCCGGAAGTGTCCACAGGTCTTAGATTCCCTGTTCAGATGAAAAGATTTGTGCCTTTAATGATAAAAGTGATCTGCATAGAGTCAAAAATTCAAGCCATGGGTATAAAATGCAAGTAAAATCCCTGCCCTCACCTATCCCACCCTACTACACAGAGATGTCCTCTCGAGTTTCCTAGACTCACTCTGGAAATTTCTGTATACACACAGAAGCTTGTGCCTCTGCTCGTGAAGGCAGAGGGAGGGAGAGCTGAAGGGCCAGCACCTTCTCACCTGTGGGCCCCCTCAGTGCTCGGTCCCAGAGCATGCAGGACTGTGCCTCGTGTTCAGTTTGCTGGTCTGACTTCATGCTCCTTGGGCAGGATATGCATGTGCCATGCTAGGAGACATGTGGATGTGAAGCTGGGGGACAATGTCCCCTGGCTATGCCTTTACAAGGGAAGTAAGGAAGGTAGGAGGTGAGCCTGGGAGGGAGGGAGGGAGGCGCGGAGCCGCCGCAGGTGTTTCTTTTACTGAGTGCAGCCCATGGCCGCACTCAGGTTTTGCTTTTCACCTTCCCATCTGTGAAAGAGTGAGCAGGAAAAAGCAAAA,False
69,-728,-4.367179,4.124877,0.999795,-1.878102,1.7905446,0.9751236,-0.82669985,1.0837854,0.8710736,-1.163436,0.9769647,0.89476836,-2.2081208,2.03545,0.98584694,0.94532144,ENST00000559368.5,-728,AAGCTGCGAAGATGGCGGAGTAAGGCGTGCCGCTGCAAACTGGCCTCTGGGCCGGGGGCGAGCAGCCCCCGGGAGGCCGAGTGCATCTGTTGGACCGTGCGAGGAGAAGAAAAAAAATATCGGCCAGAGGAGAGGAACTAACCGAACATTCTTCCTCCCTACCTTATAGAGGGGAGTGGTCATCTACACTAAAGCAAAGTGTTAGGCGCGTCCGTGCGAAGAGACCACCAAACAGGCTTTGTGTTCCTTATCACAGGAAGAAAATTTTCCTTGACCTTTAGGTGCTTTTATATTCATCTCAAAAACAAAATTCTGAACTCAGGACTTGGCAAAGTTTTGCTCTTGTCGCCCAGGCTGAAGTGCAATGGCGCAATCTCAGCTCACTGCAACCTCCGCCTCCCGGGTTCAAGCGATTCTCCTGCCTCAGCCTCCTGAGTAGCTGACATTATAGGCACCTGCCACCACGCCCAGCTAATTTTTGTATTTTTAGTAGAGATGGGGTTTCACCATATTGGGCAGGCTCGTCTTGAACTCCTGACCTCGTGATCCGCCCACCTTAGCCTCCCAAAATGCTGAGATTGGAGGTGTGAGCCACCGCGCCTGGCCAGTGTGTCCTTTCTTAATTGACAGTGACATTATATC,False
70,-1301,-1.0255914,1.0677536,0.8902547,-2.5659838,2.2946057,0.9923137,-1.3744739,1.5817611,0.95055735,-0.9926666,1.0928495,0.8894874,-3.5484471,3.605708,0.99921894,0.94436634,ENST00000453875.5,-1301,AGACCAACACCCCTGCTCCTGGCGGCTCCCACCCGGGACTTAGACCCTCAGGTCCCTAATATCCCGGAGGTGCTCTCAATCAGAAAGGTCCTGCTCCGCTTCGCAGTGGAATGGAACGGATTTAGAAGCCTGCAGTAGGGGAGTGGGGAGTGGAGAGAGGGAGCCCAGAGTTACAGACGGCGGCGAGAGGCCCCAAAGAGTCTGATGTTTACAAGACCAGAAATGCCACGGCCGCGTCCTGGCAGAGAAAAGGCTGAAATGGAGGACCGGCGCCTTCCTTATAAGTATGCACATTGGCGAGAGAAGTGCTGCAACCTAAACCAGCAATTACACCCAAGCTCGTTGGGGCCTAAGCCAGTACCGACCTGGTAGAAAAAGCAACCACGAAGCTAGAGAGAGAGCCAGAGGAGGGAAGAGAGCGCCAGACGAAGGTGAAAGCGAACCACGCAGAGAAATGCAGGCAAGGGAGCAAGGCGGCAGTTCCCGGAACAAACGTGGCAGAGGGCAAGACGGGCACTCACAGACAGAGGTTTATGTATTTTTATTTTTTAAAATCTGATTT,False
71,-159,-3.5729744,3.568112,0.99920875,-0.97029984,0.9726757,0.87467873,-0.6938416,0.8425952,0.8229462,-3.1150963,3.211498,0.9982151,-3.8469696,3.8141627,0.9995295,0.9389156,ENST00000602422.1,-159,TGTGTTTACAGTATTGGAGGGATTCACATCGTTGTTTTCTGGATTAAGCTGCTAGGAGTATCATGTACTTAGAAATTCAGTGTTTATAGTAAGATGTATTAAACATTGCTAATGATGTATCGTTACAATGTATAACAGGTTTTCCATTGTCATAACTGTATGGAATTTTCTTGGAGGATGTCATTAGCTTCTGTTTGCACTGACTTGTGAGCTGTGTGTACGCTGTGGTCAGATTTCTGAATGCTGTAGAGCACTTACCAGCTCTGACCGTGTCTTGCTGGGGCCAGCAGGCTGCGTGTGCAGCGGGGCCAGCTGTCTCAGGGCTGATATGTAGACGTGTATTCTGTTTACAATTAGTTCCCCAACTCTGTGGGGAAGAACTTAAGCGGTTTTAGTGTTTTATAATATGGTGAGGCAATGAGGGTCAGGGCGCGTGGTCCCTGAGGGAGGGTCTTCAGGGCAAGACCCATGGCCCTGGCCTGGAACTGTGCTCCCCAGGGCGTGGTGCCTCCCTAAGGGGATGGTCAGTGTTCTGGGACTGACTGCCAGGCCAGCCCGTCTGCAGACTCCTGTGGTGGGAGTTCCCTGGGACGGGAAGCCCCTCGGCCCCTTCCCTCCAGGGGCAGGAACTGAGCCAGCATGGGCGGGGCCGGCCGAGCTTCCAGGCGTGTTTTCTCTGTTAAATGTACCTCTGTCTTTAAGCTGTCTCATTTTCTAATCGCTGGCATGTCTTGCCTAGAAAAGCATTTGGAATTGCTTATGTTCAATTACAGAAATAAAATGTCTTACTTGCCATTGTAGAATTCCTGCA,False
72,-727,-4.266773,4.0255876,0.9997496,-1.9942929,1.9332222,0.98068774,-0.80261874,1.0633363,0.86598957,-0.9412565,0.75286317,0.8447652,-2.4859095,2.3102925,0.9918066,0.93659973,ENST00000561275.5,-727,AGAAGCTGCGAAGATGGCGGAGTAAGGCGTGCCGCTGCAAACTGGCCTCTGGGCCGGGGGCGAGCAGCCCCCGGGAGGCCGAGTGCATCTGTTGGACCGTGCGAGGAGAAGAAAAAAAATATCGGCCAGAGGAGAGGAACTAACCGAACATTCTTCCTCCCTACCTTATAGAGGGGAGTGGTCATCTACACTAAAGCAAAGTGTTAGGCGCGTCCGTGCGAAGAGACCACCAAACAGGCTTTGTGTTCCTTATCACAGGAAGAAAATTTTCCTTGACCTTTAGGTGCTTTTATATTCATCTCAAAAACAAAATTCTGAACTCAGGACTTGGCAAGAGGTGCAAGCGAAGATGCAGTGCTACCTTATTTTTCATTTTTATTTTTTGGAGACAGAGTCTCACTCTGTTGCCCAAGCTGAGTGCAGTGGTGCAATCATGGCTCACTGCAACCTCAACCTCCAGGGCTCAAGCGATCCTCCTGCTTCAGCCTCCTCCAAAGTAGCTGGGACCACAAGAGGGCACCACCACGCCCTGCTAATTTTTTATTTTTTGTAGAGTGGGGTCTTGATATGTTGCCCAGGCTGGTCTCCAATTCCTGGGCTCAAGGGATCCCCCTGCCTCAGCCTCCCCAAAGTGCTGGGATTACAGGTGTGAGCTGCTGCACCTGGCTCAGTGCTACTTTAAAACACAAATGTGGCCGGGCCCAGTGGCTCACGCCTGTAATCCCAATACTTTGGGAGGCTGAGGCGAGTGGATCACTTGAGGTGAGGAGTTTGAACCCAGCCTGGCCAACATGGTGAAACCCCGTTTCTACTAAAAATAC,False
73,-1300,-1.2380792,1.2633605,0.92424273,-2.8891435,2.6155596,0.9959489,-1.1197962,1.3034137,0.9185802,-0.7929704,0.8740226,0.84117454,-3.6713471,3.7275152,0.99938846,0.93586695,ENST00000425595.5,-1300,ATCTTTCTTTGCTAGCTGCCCGGGTCCTGCTCCGCTTCGCAGTGGAATGGAACGGATTTAGAAGCCTGCAGTAGGGGAGTGGGGAGTGGAGAGAGGGAGCCCAGAGTTACAGACGGCGGCGAGAGGAAGGAGGGGCGTCTTTATTTTTTTAAGGCCCCAAAGAGTCTGATGTTTACAAGACCAGAAATGCCACGGCCGCGTCCTGGCAGAGAAAAGGCTGAAATGGAGGACCGGCGCCTTCCTTATAAGCTCGTTGGGGCCTAAGCCAGTACCGACCTGGTAGAAAAAGCAACCACGAAGCTAGAGAGAGAGCCAGAGGAGGGAAGAGAGCGCCAGACGAAGGTGAAAGCGAACCACGCAGAGAAATGCAGGCAAGGGAGCAAGGCGGCAGTTCCCGGAACAAACGTGGCAGAGGGCAAGACGGGCACTCACAGACAGAGGTTTATGTATTTTTATTTTTTAAAATCTGATTTGGTGTTCCATGAGGAAAAGGGAAAATCTAGGGAACGGGAGTACAGAGAGAATAATCCGGGTCCTAGCTCGCCACATGAACGCCCAGAGAACGCTGGAAA,False
74,-726,-4.3272185,4.086895,0.99977833,-2.0477443,1.993107,0.98272127,-0.6475389,0.9117366,0.82624936,-0.8554541,0.6674328,0.8209632,-2.4007645,2.2233188,0.9902828,0.923999,ENST00000558945.5,-726,AGGGTTGGCCACCTTGAGAAGCTGCGAAGATGGCGGAGTAAGGCGTGCCGCTGCAAACTGGCCTCTGGGCCGGGGGCGAGCAGCCCCCGGGAGGCCGAGTGCATCTGTTGGACCGTGCGAGGTGAGCCGAGAAGGCCAGTGACGGTGGGACGAGCAGGCGCCGAGGAGGTGGCGTGGCCCAGACGGGCCGGGTACGGAAGCGCGCAGGAACCTGCGAGTTGCGGGCAGCCGGCCTCGGCCTCGGCTGGGCGGGGGTTCCAACCTCGGCGGCTCCAGGGCAGCCGTCACCCGCCTTCTGGGAGAAGAAAAAAAATATCGGCCAGAGGAGAGGAACTAACCGAACATTCTTCCTCCCTACCTTATAGAGGGGAGTGGTCATCTACACTAAAGCAAAGTGTTAGGCGCGTCCGTGCGAAGAGACCACCAAACAGGCTTTGTGTTCCTTATCACAGGAAGAAAATTTTCCTTGACCTTTAGGTGCTTTTATATTCATCTCAAAAACAAAATTCTGAACTCAGGACTTGGCAAGTGTCTCTATGTTGTCTCCTAGAGTGGGTAGTCCTGCTTCTTTTACCCAGTTACTTTCCCGTTTTTGAAATGTGGCTATCACTTCTCTACACATTACCTCCATGATTTGGAATGGAAAAGGCCACTTTTCTTTTTGTTCTGCCTCTCAAATTCAACACAGAGGAGCTCCTAGGATTCCAGTTATCCTGCTAACATCTCCAGGAAGAAAGAAGCAACTCACATGGGTCTTTTGCTGTTTGCTTAATTATAAAGACATCATTTTGCAAGCAGAAGGCTGAGTTTCATTTGAAACAGGTGCTTAGGTGGTGGTATTTGTGAATACTTTTCATTCCAAGCAAGAAGACTAAAGAAGTAGCAAGTATGAATGACTTCAGGGTTTAAAAAAAATGTCTTCCAGTTTCAGCCACTACCATGATAAGCACAGTTGAGACTGCAGCAGTAAATTCCAAATATGTGTTTCTAATTTGACGTGAAAGATACTAAAAATTTATATTTGTATATTTAAATCCTGGCTCATCCTGTGACATAGATTTACTGAATAGGAACAAAGGCCCAATTTTAAACAAAAACCTAGGCCGGGTGTGGTGGCTCACACCTGTAATCCCAACACTTTGGGAGGCCAAGGCAGGCAAATCACCTGAGGTTGGGAGTTTGAGACCAGCCTGACCAACATGGAGAAACCCCATCTCTACTAAAAATAGAAAATTAGCCAGGTGTGGTGGTAGATACGTGTAATCCCAG,False
75,-730,-4.380003,4.1411476,0.99980086,-1.9807262,1.9316074,0.9803981,-0.52773166,0.79554594,0.78972656,-1.0592152,0.8682051,0.87296367,-1.8929471,1.7029648,0.97329694,0.9232372,ENST00000561226.5,-730,GGCGGAGTAAGGCGTGCCGCTGCAAACTGGCCTCTGGGCCGGGGGCGAGCAGCCCCCGGGAGGCCGAGTGCATCTGTTGGACCGTGCGAGGAGAAGAAAAAAAATATCGGCCAGAGGAGAGGAACTAACCGAACATTCTTCCTCCCTACCTTATAGAGGGGAGTGGTCATCTACACTAAAGCAAAGTGTTAGGCGCGTCCGTGCGAAGAGACCACCAAACAGGCTTTGTGTTCCTTATCACAGGAAGAAAATTTTCCTTGACCTTTAGGTGCTTTTATATTCATCTCAAAAACAAAATTCTGAACTCAGGACTTGGCAAGTAAGTAATTGTGGGCTAATCGTTCCAAATACTGTTTAAGTAGCTTGAAAACAGGTACATAGAAGTGGAACAATAAGCCGTTAGCTTCAGCAGAAGACGAACATGAAAAATGACTGTAAGCTATTGAAATTTAAGTTAAATCTTTTATTTTTCAACAAAAGAAATGTATTAAATAAAAAGGAGTAATCTTGATCATTTGCTCAAACTACCAATAATTTTCACTGTCTAAAGAAAACAGACACATATTTAATTAGATTGAAGGAAATCAAATGATTAAAAAATAGGCCTGGCCCGGTGGCTCACGCCTGTAATCCCAGCAGTTTGGGAGGCCGAGGCTGGTCTCAAACTCTTGACTTAATCCCAAAGTGCTGGGATTACAGGCATATGCCACTGCGCCTGGCCAAGATCTCATTCTTTTTTAGGGCTGAGTAACATATGCCATCATATATATGCACT,False
76,-762,-1.916434,1.7548823,0.9751883,-3.8815322,3.5745766,0.99942243,-3.7958565,4.081355,0.9996208,-5.6061225,5.4911094,0.99998486,-0.41228426,0.13804573,0.63421214,0.9216857,ENST00000580633.5,-762,ACTGAACCCTAGAGCCCCTGACTGTGGGCTCCACCCAGGCAAGAGCCAATGGAACTGGAGCCTCCTGCCCCCAACAGGATTCCTCACATCCCAGGACCAGCTGGAAAAGGTGGTGAGAGTTGGAAAGAGACTGCTCAGTGAGGACTGCCCTGCGAACCAGCTTGGATTCATCCCGTTCACCTCCACGTTCTGCACTCGGGGCCGAGGGAAGGGAGGCAGCCCAGGCAGCTAGAGAACTTGATGAAACACACTCAATCTGAATCTCGCTTGATCGTCATGCTGACCCAGTGAGGGTCAGGCATCCTTTCCGACTACTCACTCAGCAGCGGATCCCCACCCGCCTCTGACTCCCAGTGTCTTTCGGCTCCAACGTAAGTTCACCGAACGTCTAAGAGCTGAGGATTCAAAGGCATGTAAGACCGCCCCTGCCCTCAGCTGCAAGACCTGTCCGCGATCCTACGAGCCCCATTCCGCCCTCTTTCCCCGACCTTGGTCCCCCATGGGCCCTACAACCAGGTCCCCGACTGACACCTTGACCAGCGAACACAGCAAACAGGCCCGCAGATGCCGCAGGTCCTTCGGCACCGTCTCCAGGGCCATCTTCGCCGATGGGAAGAACAACAGGGAGATAGACGACCACAGCCTGTGCACCCGCAGGAAGTAAATAGCTCGTTACCCAGAATGCCCACCACTTCCGGCGCTTAGACTTCCTCTTCCGGTGTGGGCGGACGCCAGCTCCGCCCCTACCCCCGCCAGAGGAGATGGTTTCTCCCGCCAGCAGGCGGGGAGGCTGGGCGGCCGGCCGCCACCTGGGCCGGAGCGCGTCGCAGCCACCTGAGCCC,True
77,-314,-3.1400561,2.8035579,0.99738437,-3.2919974,3.2523584,0.9985638,-3.5907404,3.6919827,0.9993131,-3.8170724,3.6601717,0.99943453,-0.38100278,0.06458777,0.60959035,0.92085725,ENST00000443132.1,-314,AGGTAAGTGCTGATGCTGCTGCTTTGAGGGCCACACACCTTGAGGAGTAGGAAGAGTACTCATACTGGAAGAGTATTCAGCACGGACTGGAATCCTGCATACATATCTGAGCTCTGTGTTCTGTAGAGATGGGGTTTCACCATGTTGCCCAGGCTGGTCTCAAACTCCTGAGCTCAGGCCATCTGCCCGCCTCGGCCTCCCAAAGTGCTAGGATTACAGAAGGTGCCTGCTTCCCCTTCACCTTCCACCATGATTGTAAGTTTCCTGAGGCCTCCCCAGACATGTGGAACTGTGAGTCAATTAAATCTCTTTTCTTTATAAATTACCCAGTCTCAGGTAGTATCTTTATAGCGGTATAAAAACAGACTAATACAAACAGGTAGCTCTAAATTGTGAGTTTTTCTTAACTCCTTTGATCTTCTGTGATAGCGATTTTTCACATTTCACACTTCCCTAATGCCAAAAATCCACCTCCAGCAGCTGTTTTGCCTCTTTCTTATCCTGCCCCTTGGAAGAATGTCATCATTA,False
78,-168,-4.47376,4.2371,0.99983525,-2.065773,2.0281827,0.9836003,-0.57350063,0.8440888,0.80496025,-0.940138,0.74468493,0.8435421,-1.7903696,1.5934896,0.9671962,0.91982687,ENST00000560545.1,-168,GCTGCGAAGATGGCGGAGTAAGGCGTGCCGCTGCAAACTGGCCTCTGGGCCGGGGGCGAGCAGCCCCCGGGAGGCCGAGTGCATCTGTTGGACCGTGCGAGGAGAAGAAAAAAAATATCGGCCAGAGGAGAGGAACTAACCGAACATTCTTCCTCCCTACCTTATAGAGGGGAGTGGTCATCTACACTAAAGCAAAGTGTTAGGCGCGTCCGTGCGAAGAGACCACCAAACAGGCTTTGTGTGAGTAATAAAGCTATTTATTTCACCTGGGTGCAGGCGGGCTGAGTCCAAAAAGGAGTCAGCAAAGGGAGTTAGGGGTGGGCAGTTTTATAGGATTTGGGTAGGTAGTGGAAAATTACAGTCAAAGGGGGTTGTGTTCTTGCGGGCAGGGGTGGGGGTCACAAGGTGCTCAGTGGGGGTGCTTCTGAGCCAGGAGATGGAATTTCACAAGGTAATGTCATCAGTCAAGGCAGGAACTGGCCATTTTCACTTCTTTTGTGATTCTTCTGTTGCTTCAGACCATCTGGATATATACGTGCAGGCTTGGGCTCAGAGGCCTGACACAA,False
79,-965,-2.481263,2.4825318,0.9930621,-1.1116406,1.0136043,0.8933327,-1.4612437,1.6643367,0.95793563,-2.4103332,2.4822066,0.99255353,-0.56381786,0.47983307,0.7395538,0.9152875,ENST00000432502.1,-965,AGTGGACATGGCCGAGGCCCGCGGTGTCCGCGTGTGGGAGCTGCAGGGCTGAGGAGAGGCCGCCCGCAACCCTCGGGAATCGTGTGAGGAACAGAATTGCCATTGGGCCCAGGGAGAGACTACACTTCTTGTCTGCTTTGTTGCTAGTGCGGCCTTGTGGCCAAGCACAGAACGTGTGCAGTGATGATGGTGCAACTTCTAGGTCGTCCCCAGCATGGAAAATGAGCCCTGGGCATGGAAGATGAGCCCTGGTCCTGCAGCGGTGCTCTTTCCTCTTCTCACAAGCTGGAATGTGCATGTGCTCCCACCCAGCTTTGACCATGGGGCGAAAACAGTACTCTGCAGTCTGGCAGAGCAACAAGGTGGAAAGGGCCTGGGTCCTTGAGTGACGTCATGAGCCCTCTCACTGTCCCGACTTTGGGACTGTTATATGATAAGGACTTTCTGTGAGTCACTGTCTTTTAGAGTCTCTCTGTTTTAGCTGCCTGGACTTTATCCTGAATAATATGGCTGTTATCATGGGTATAGTGTTACTATGAGCCTCATCTAAGTAATTTCTACTCTGCCTTTGACCACTAAACTCATGTTGGACAAGA,False
80,-533,-2.3928971,2.3690434,0.9915235,-2.0333943,2.0632925,0.9836443,-0.36550972,0.5721077,0.71861815,-2.0339932,2.0830452,0.9839685,-0.99868786,0.9652557,0.8769591,0.9109427,ENST00000623598.1,-533,TTTTTTTTCTTACTGTAAATCTTAGCAAGCTCAGCATACGAATTTTTTTTTCCTTAAATTGAAAGCTTTTACCCTTTCACTTAAAGGCAGCACTTTATGGCTTCTCTTGGGCATATCCAAATTGCTACCATCACTACTCGTATTAGTCCATTTTCACGCTGCTGATAAAGACATACCTGAGACTGAGAAATTTACCAAATAAAGAGGTGTACTGGACTTACAGTTCCACATGGCTGGGGAGGCCTCACAATCATGGTGGAAGGCAAGAAGGAGCAAGTCATGTCTTACATGGATGGCAGCTGGCAAAGAGAAAGCTTGTACAGGGAGACTCCCGTTTTGAAAACCATCAGATCTTGTGAGACTCATTCACTATTACAAGAACAGTGCAGGAAAGATGCACCCCTGTACTTCAATCACCTCCCAGCAGGTTCCTCCCACGACATGTGGGAATTGTGGGAGTTACAATTCAAGATGAGATTTGGTTGGGGACACAGCCAAACCATATCACTACTCTTGTGCTTTGGGGCCATTATGAAGTAAAACAAGCATTATTTGAACACAAGAACTGCAATACCACCACAGTAGATCTGATAACTGTTGGCTACTAAGTGACTAAGGGGCAGGTGAAGTATACAGCTTGGATGCGATGGACAAAGAGGAAGATCTACCTCCCAGCTGGGATGGAGCAGGACGATGCAAGATTTCATCACACTACTCAGAAAGGCATGCAGTTTAAAGCTCGTAAATTATTTCAGGAATTTTCCATTTAATATTTTCAGGCTGTGGCTGACCGTGAGTAACAAACCCAGGAAAGCGAAACTGCAGAACAGTGGATGGGAGAAAGGGTGAATTACTGTATATTCATGAGGGATATTAGTCCATAGTTTCTTTTTTCCCTTTTAACAAATTTTTGGGTTTTGTATATAGTTTGTCTGGTTTTGGTATCAGGGTAATACTAGCTTCATAAAATGAATTGGAAAGCGTTTCTTCTGTTTTCCTAAAAAGATTATATGGAATTAGCATTCATTCTTTAAACACTTGGTAGAAATCTTAAGTAAAACCATCTGAGCTCGGAGATTTTTTTGTGTGTGTTATAAAATTACATATTCAGTTTCCTTAATATTTATAAGATCATTTTAATTATCTGTGTTTTTCAGTGAAACGGGTCAATTTTCTGTATGTTGTCAAATTAATATTTGTAGAATTGTATTAGTATTCTTCATTATCCTTTTGATGTCTGCAGAATCTGTAATGGTATCCCTGTTTTATTTCTGATATTAATTTGTGCCATTATGTCTTTTTTTCTTTGTTGATCTTGTCAGAAGTTTGTCAATTTTATCAATTTGTTCCAAGAACCAGCTCATTGATTTGGTTTCAGTTTCATTGATTTCTACTTTTATCTTTATTATTTCCTTCTTTTTCTTGCTTTTGGTATATTTTGTGCTTCTTTTTCTAGGTTCTAGAGGTGGAAGCATACGTTATTGATTTGAGACCTTTCCTCTTTTCTAATGTGAGCATTTTAGTTACATTTAGTTCCCTCCTAGGACTACTTTAATTGGATTATTGAGAGGTGTTGAAGTCTCCAACTGTATTTGTGGATTTATTTATTTTTCCTTTCAGTTCTATTAGTTTTAGCTTCACATTATTTTGCAGCTCTGATGTTTAAAGGTGCATGAACATTTAGGCTCACTATGTCTCAGTGAATTGACCCTTTTATCATTACGTAATATTCCTCTCAGTCTCTGGTCATTTTCTTTGTGCTGAAATATACTTTATCTGATAATATAATGACTGTTCCCTGTAGATTAATATTTTCAGGATGTATCATTTTTATTTTTTTATTTTCAACCTGCCTGTAATCATTATATTTGCAGTGAATTTTTTCTAGACACTGTATAGTTGAATCATTTAAAAAAG,True
81,-405,-4.400573,4.3871517,0.9998474,-5.2942915,5.163922,0.9999713,-0.09092197,0.14387834,0.55843186,-2.1096766,2.1298075,0.98578984,-3.9110508,3.5433815,0.9994215,0.90869236,ENST00000562632.1,-405,TGAAAGAATTAAAAGTAAAAATAAAACTTGTTAGCCTTACAGTCAGAACATGTGGGTAAATAAATATGAAAAGAGCGAATAGTTAAGCTGGCTTAAGAAAGAGATTTAATTGATAGAAAAATTAAACTTTTATAGGAGAGTCTGGGTAAATTTAACCAGTAAGTAAAAACTTAAAGTCCAATCTCAACATATATAAAGGAATCTGTATAAACTATATTTGAAACCTGGATGTATGTGCTCTTCAAAAAGTTATTAGATAAGTTTTAGATATCATAAATATTATCAGACCAGAAATGGTGTATGGAACTCACAGATATCTAAGAAGACAAGAGGTGGGATCTCAAAAATCATGCTCTGATTTCCCTAAAGGATCAGAAGATCTCAGAATTTATGGAGCAGTATCTCCTCAAATCAGAAAGTAAAGGATGCACACAAAGAGGAATCTGGAAAACCTCCCCTTTATCACTGGATGGCTATATAAACGTTCTTACCAAAAATCTGAGAAGACATTCAGGGAGATCAGCTTCGTCTACTTCAAGCATTATTAGGTGGTCTTCAAAGTCTTAGGTGCATTGAAGAAATATTTTTTAACGTATTATTGAAATGGTATTTGAATGGAATATTTTGTAAAAATAAAGCACAAAAAAAGCAGATAGATAGGAGAAATATAGAAGAAGTCCAAAATTGATTTGGAAGTTGATCATATAGGGTCAGATGTCTAAATCAGAAAATGGATTGGTGGCAGATTTCTTGGAATAGTGTGTAATTTTGACAAAGCCACCTTTCAATGTAATCTCCTGCTAAAGTTGTCACCTTTATCTCTCAGTCTCTTTTCTTCACATTGATCGTAAAGCTTTTGCACATTTCTTCTTTTAGAAGCTCGTCTTCCTGATTTATGCATGAATTCCTCGTTTTTGTCATTTATTCACAAATAAAGATTACCTCGTGTAGAAGCTGTTTCCTTTCCACTTGCTAGAAGTTATTTTGCCAATCACATATGATTATTTTATCATTTTTTAATTACCATCAGTGCATGAAATTATCTTTATTATTCACTTGTTTTTATTATAATCTTATAATTTCAAATAAAATGTAAATCTACTGTCCCTTGCTTTACCTCCGTGTCTTCAGTGCCTAGAACAGGACTGTCATACACAGTGACTCAATACACATTTACTTATGGGTGATTCCCTGCCTGACTGTTACAGGAAGAAGGACCAGGAATATCAGAATCTGAAGTGTCCTCTAAAGTCATAAAGACTAGAAGGCATTGAATAATGTTTCTTAACTATGCAAGGACTTCAGAATTAGATCTCACATAGATATATACAACTGTGTGTAGATTCGAAAAACAGAATTAAATGGGTAAAACTTTTAGGAAAATGTACATTTTTGAGTTAATAAATGTATATAAAATAATTATTAATGACTTAAAAATATGATCACAGTGTTAAATGTGTCTTTTGTAAATTATACAAATATGAGTTTTATTTATTAAAGCATTTCAAATGTT,False
82,-729,-4.1341105,3.8873315,0.9996718,-2.04278,1.9822539,0.98245066,-0.50372195,0.7672905,0.78091604,-0.7269739,0.5391151,0.7800725,-2.4295874,2.2537916,0.9908371,0.9067896,ENST00000560706.5,-729,AAGCTGCGAAGATGGCGGAGTAAGGCGTGCCGCTGCAAACTGGCCTCTGGGCCGGGGGCGAGCAGCCCCCGGGAGGCCGAGTGCATCTGTTGGACCGTGCGAGGAGAAGAAAAAAAATATCGGCCAGAGGAGAGGAACTAACCGAACATTCTTCCTCCCTACCTTATAGAGGGGAGTGGTCATCTACACTAAAGCAAAGTGTTAGGCGCGTCCGTGCGAAGAGACCACCAAACAGGCTTTGTGTTCCTTATCACAGGAAGAAAATTTTCCTTGACCTTTAGGTGCTTTTATATTCATCTCAAAAACAAAATTCTGAACTCAGGACTTGGCAAAGATGGAGTTTTGCCATGTTGGCCAGGCTGGTCTCCAACTCCTGACCTCAGGTGATCCACCCCCCTCAGCCTCCCAAAGTGCTAGGATTACAGGCTTGGGCCACCGCGCCTGGTGTCTCTATGTTGTCTCCTAGAGTGGGT,False
83,-198,-5.4383335,5.4180474,0.9999807,-5.5220737,5.3159313,0.99998033,-4.401591,4.970129,0.9999149,-5.976908,5.664822,0.9999912,-0.14536798,-0.06581515,0.51987773,0.90394896,ENST00000582881.1,-198,AAAACCCCTCCCATTTACTCAACATTTGGCATGATTTTATCTGAACCATTCTCTTAGGAGGCTGGGAGGATACTGAAGCGTCCTGTGTTTAAAATAATTTGTAGGTCTTTGGGGCCAGATTTTGATGGCATTTTTAGATTAGATCAGAAGGTAGGATGTAGCAGTTCTTTTTGGCACAAGAAAGAGGCATCTGAGCATTCAGCAAGAAATAAATATATATTCCCAGACACACATGACAGATGTTGGGCAGTGTCCTCACGTGACCCACTGAGAGAAAGGATACTACGTGTCCTGCCAATTTTAGTATTTATTCTGGAATCCCAGGCTTCTGCAAGCTGTTGGGTTGGGTTTTTTTAATGTGTGTGGTTTTCCTTAGTTGTTGAAGGAGTTTCAGAAAAATCTTAGATGAGGATAAGAAGGGCAGTATAAACCCAAAATCACCTTTTCTTCCCTTTCCCTTCCTTTTTTTGCTCCATCTCAGCTTCCTAGGCTTGATTCATGGAGGGAGGGACAAGCCCTGGGGAGAGAAAAGCACAGAATTTGAGTCAGTAGATCTGGTTTCCATTCCTGGTTCACCCTCTTGCTGCAACCCTGAGAAGTTACTTCACATTTCTCATCCTTACCTGACCCCATCTATAAAATGAAAATCAAGAGATCCATCTCACAGGGTTATTGTGAATAAAAATGTGTTTGAATGTTTATTACGTATTGTTGAGAGTTATTCAGATATGATTCTCATCTTCCTCCAAGGCTACCCAGAAGACACGTGTATGTGCCATTTATTTCCTCTTCCATGACATCACTACTGCCTCCTGCCACCCACAGACATATTCCATTCAAAACTGAAATGGGAAGTGTTCCTAGAATTTCCTATATTGTGGTGTTTTCTGGATTTTAAGTACTATCTAGTGCTAGGGATGTCACTTAGGCTGCTTTTGGCTGCAAGTAATCAATTACCTCAATCAGGATCTCAGCAAGAAACAGCAGACTCAGATTAGGATTATTTGAGGAGGGTTATTTATTTATTTATTTATTTATTTATTTATTTATCG,False
84,-128,-3.092476,2.9986694,0.9977423,-1.2800956,1.2450695,0.9258873,-1.8235807,2.0343673,0.97932523,-3.4686387,3.47622,0.9990374,-0.27276552,0.16323191,0.60730493,0.90185946,ENST00000581816.1,-128,TGGCGGCTACTCCTCCTGTCATACACGTGGACCTAACTGCACCAGTAGCTTTTCTGAGAATACTTGCTGAAAAGGAAGTTTTCTGGAATGGTATTTGCTAAGTGGAAGCCAGAAGAGGAGGAAAATGTTTTGCCACGTGGATGTGAAGATTTCCTCTAAAAGGTACACATGGACTAAATTGCCTTTAAATGTTCCAAAATTAGTTCTCATTTATTTGCAGTCTCATTTTGTTTTGTTTTTTTTCTCTATGTGTCAATCCATTTGGGAGAGGCCAGCCATTGGAAGAGCCACCACTTCCAGTGCTAGTTGGATGGTTGGTTATGATTGCCTTCTGTAAAGAATTCTTAAGGCATAAATACGTGTCTAAATGGACCTCATATCTTTGAGATAATTAAACTAATTTTTTCTTCCCCATTAGGGATTATGCTGAATTTGTATGGTTTATAGTTGTTAGAGTTTGAGGTGTTAATTCTAATTATCTATTTCAAATTTAGCAGGAAAAAAGAGAACATCACCTTGTAAAACTGAAGATTGTGACCAGTCAGAATAATGTCAAAGTGCTTACAGTGCAGGTAGTGATATGTGCATCTACTGCAGTGAAGGCACTTGTAGCATTATGGTGACAGCTGCCTCGGGAAGCCAAGTTGGGCTTTAAAGTGCAGGGCCTGCTGATGTTGAGTGCTTTTTGTTCTAAGGTGCATCTAGTGCAGATAGTGAAGTAGATTAGCATCTACTGCCCTAAGTGCTCCTTCTGGCATAAGAAGTTATGTATTCATCCAATAATTCAAGCCAAGCAAGTATATAGGTGTTTTAATAGTTTTTGTTTGCAGTCCTCTGTTAGTTTTGCATAGTTGCACTACAAGAAGAATGTAGTTGTGCAAATCTATGCAAAACTGATGGTGGCCTGCTATTTCCTTCAAATGAATGATTTTTACTAATTTTGTGTACTTTTATTGTGTCGATGTAGAATCTGCCTGGTCTATCTGATGTGACAGCTTCTGTAGCACTAAAGTGCTTATAGTGCAGGTAGTGTTTAGTTATCTACTGCATTATGAGCACTTAAAGTACTGCTAGCTGTAGAACTCCAGCTTCGGCCTGTCGCCCAATCAAACTGTCCTGTTACTGAACACTGTTCTATGGTTAGTTTTGCAGGTTTGCATCCAGCTGTGTGATATTCTGCTGTGCAAATCCATGCAAAACTGACTGTGGTAGTGAAAAGTCTGTAGAAAAGTAAGGGAAACTCAAACCCCTTTCTACACAGGTTGGGATCGGTTGCAATGCTGTGTTTCTGTATGGTATTGCACTTGTCCCGGCCTGTTGAGTTTGGTGGGGATTGTGACCAGAAGATTTTGAAAATTAAATATTACTGAAGATTTCGACTTCCACTGTTAAATGTACAAGATACATGAAATATTAAAGAAAATGTGTAACTTTTTGTGTAAATACATCTTGTCTTGTTTTCATTCAAAAACATTTCACTTTTGGGGTTGCGTGTCAGATTTGGCAGTATAAATTCTGGCTATATTTTTTGTTGTTAGATTTATTTGGCTGTTAAGTATTGCGATATGACTAAACATACTGTATACCTGATGATCATCTGTAAAGTTAGAGTATATCTTTTTGCTTTCTTTGGAGTTAGTGTTATTCCAGGATATTTTACTTAATCTAAAAGTTAATTTATGTTGCTCATATATTACTCAAGTATTTAAATTTAGAGAGAATGCCGCTCTGTTTAAAGCAATGTGTAAAGATGAGTTTTTTTAAGCATGGAATTTAGGGTTGGGGTACAATTTGTTTCTATTAAGCAAGTACCAGTTTACCAATACATGAGTAACTGAAGTGTAACTGTTAAATGCTTGTATACTAGTTTTTCTTTCTGATTGTCAGTGATTTATAAGCTATAAATGACCAAGGTCCTCAGACTGCTTTTAGCATCTGCAACTTAAAAAAATGGGAGTTAGAAAAAGAACAAATGCTAAATAGAGTAACAGTTAAATGTATGTGTACACTCTTCCCAAATGCCAAGAGTGCA,False
85,-874,-1.3411157,1.3822944,0.938394,-4.4552484,4.1186223,0.9998111,-0.117982894,0.266196,0.59488064,-1.8036636,1.9353709,0.9767752,-2.690827,2.7771735,0.99579805,0.9011318,ENST00000456876.1,-874,GTGCCGCGCGCCCGCCAGACCGCCCAGGAGGCGGCGGCTATTGTTCCCCGCAGGGGCCCGGGGCGCCCTGAAACGGGGTCCACGTCAGCCCGCTCCCGAGCGTGTCCTCAGGTCTAAGGACGGGTGGGGCTTCCTTTGTGTGTTCTCTGGAAGGGGCTGGGATGGCGTCGTTGCTGCCCCAAGGGGTAACCGAGGGGGATTGAGGGAAGATGGTACCAGCTCCCTAGAGCTCAGCTCACCAGACCTACTCTTCCGCTCGACCCTTGCAGAGGAGGTGGGGACGGATATGGTATTTGTAGGGCAGCGCTGTGAACAATGGAGCCATCAAAAAGGCCTTCTCCCAGCCTCCTCACCAACCACGGACATTCCTGGCCCAACAAGACCTCCTGGCCAGGTTTTGAGCCCTGCTTCCCAGTTTCTGAAAGAAGGACCAAAGTAATGCCAAGAACTCCCAGATGAAGAGGACCTTCCTTAGACCTATAACAGATTCACTACTTGACTTCAGAGGGAAGTTTCAGCTAATTCTCAGGAAAAGGTCAAAACAGGCCTGTGACTGTCCCTTGAATACTGAAGGTATAAACAAGCTTCTGGCTCCTCCAGGTCAAGCAGAGGAACACTTTTATTAGAATGAAGGGT,False
86,-276,-1.0351093,0.87436515,0.8709601,-1.4649469,1.1568493,0.9322512,-0.30531475,0.74389935,0.740624,-2.206229,2.0810556,0.98644406,-1.8108624,1.6367323,0.9691593,0.89988774,ENST00000590369.1,-276,GGTCCAGGACAGAAAATACTGAATAGACAGGAATTTCTGAAGTCTAAACGCCTCCAATGATAACAGGAGTGTTATTGGAAAGGGAACAAGCGAGAAGACACAGTCTTCGAGGAGTTAAGTTTTGCTAATCTAATGCCACGTGCACAGTAAGAAGCTGGCAAGATGGGCCAATCAACTGGGAAGCCTATTTGCATAAGAAGATTAGGGTGGGGCGACCAGCCTTCCCCACGCACTATGTAAACGTCATAACTGATCGAACCAATCTATGACCCCTATGTAAATCAGACACTGCCTCCTCAAACTGGTCTGTAAAACTCAGCACATTCACTGCCAGCCGACCCTTTTCCGCTCGGAGACCCCTTCCTCTATGGAGGAACCCGTTTCTCTTTCTCTTCTTCCTATTAAACCTCCGCTCCTAAACTGA,False
87,-1346,-1.2557508,1.2920811,0.9274277,-4.41978,4.0841618,0.9997974,-0.07231054,0.22162783,0.57296,-1.7580767,1.8893946,0.97460485,-2.65208,2.7364726,0.9954522,0.8940484,ENST00000436126.5,-1346,AATGGGAGCGTGACGCGCGGCCGGTGGAGACTGCTCTTCGCCCACCTCCAGGACAGATAAAGTTATTCCTCTTCCCCTCTTCTGAGTCCTCTGCGCTTTCGGTTTGCTTGGCGCTGATGTTATCCCTCTTCTAAACCTAGAGCAGATGTTTGGTTTTTTCCTTTCTTCCCCCTTTCCTAGGACTCATGGAACTACATCTTATGCTGGTGTTCTTAAAATACACCGGAAAGAACGGAGGTAAAAATACTGGAGTGTTTCCTCCACACTGGAAAGAGATCTGGGGACCCTTCACCTGCCTCTACTACTGCAAATGATTGGATATTCGTCTGACTTGGCTCTTCCCTAATGTGTGGAACTAATTTTGTTCACTCTGTTTCATGCTGGACCTGGCCTGAAAATGGGCCCTTATATTGTCTTTGCACTTTCCAACTTGCCAAGTTTCTGAAAGAAGGACCAAAGTAATGCCAAGAACTCCCAGATGAAGAGGACCTTCCTTAGACCTATAACAGATTCACTACTTGACTTCAGAGGGAAGTTTCAGCTAATTCTCAGGAAAAGGTCAAAACAGGCCTGTGACTGTCCCTTGAATACTGAAGGTATAAACAAGCTTCTGGCTCCTCCAGGTCAAGCAGAGGAACACTTTTATTAGAATGAAGGGTTACTTCTTTGTTATTCAAACACACACCCACACACATCCTCTGTAGTCTCCCTAATGAAAAACCTCAACAGATGGAGAGCCTGAGCTCCCAAGTCCGCAGGCTGAGAAGATGCACTTCACTCAAGGGCCAGTGGGCTGGTACAGACTAGGGAAGAGAAAAGGGACAAAGGCTGCTAGTATAGGTAATCACTATCTTTTAATACTCCTAACACATAGAAATTCGAAAAATCTTGTTCAGCAATGTTAGCAGCCTGTGAGCCTCGGAAACTAATTTGGCTGATGTGTCT,False
88,-1348,-1.2372477,1.2737877,0.9249118,-4.509643,4.1732163,0.9998305,-0.05384007,0.20431954,0.56418383,-1.7562412,1.8867704,0.9744942,-2.6825385,2.767346,0.9957216,0.89182836,ENST00000425005.5,-1348,GCGACCGGGGGCTGCCTGGGCAAGGGCGGGGCGAGAGGGCAGAACGCCTGCTCTCGGACAGGGTGTTCTTAAAATACACCGGAAAGAACGGAGGTAAAAATACTGGAGTGTTTCCTCCACACTGGAAAGAGGGCAGCGCTGTGAACAATGGAGCCATCAAAAAGGCCTTCTCCCAGCCTCCTCACCAACCACGGACATTCCTGGCCCAACAAGACCTCCTGGCCAGGTTTTGAGCCCTGCTTCCCAGATCTGGGGACCCTTCACCTGCCTCTACTACTGCAAATGATTGGATATTCGTCTGACTTGGCTCTTCCCTAATGTGTGGAACTAATTTTGTTCACTCTGTTTCATGCTGGACCTGGCCTGAAAATGGGCCCTTATATTGTCTTTGCACTTTCCAACTTGCCAAGTTTCTGAAAGAAGGACCAAAGTAATGCCAAGAACTCCCAGATGAAGAGGACCTTCCTTAGACCTATAACAGATTCACTACTTGACTTCAGAGGGAAGTTTCAGCTAATTCTCAGGAAAAGGTCAAAACAGGCCTGTGACTGTCCCTTGAATACTGAAGGTATAAACAAGCTTCTGGCTCCTCCAGGTCAAGCAGAGGAACACTTTTATTAGAA,False
89,-97,-5.4483604,5.3614817,0.99997985,-2.025022,1.9377217,0.98134375,-0.27921543,0.2905779,0.63871545,-0.7457671,0.7012801,0.8095436,-2.0715365,1.7763,0.9791195,0.8817404,ENST00000525716.2,-97,TTAGCAATCTGGAGAGGACTGAGGCAAGAGCTTGTATTGAAACACAAGCAAGCTCCACGTATGGTTTTGGACATGGAAGAAAGAGTACTGTTGGGGTGGAATGACCTAAGTTTTTAATAGGATTAGGATTTCTGTGGATTTTTCCCAAGTGATAGAAGTTTTCTTCATCTAGCAGGGAGCCTCACCCAATTGCTTCTCTATGTTCATTTCTGAAACTCCTTTGTTAAAACTAAATAGCAACAGAGAAGAAACTTTCTTCAAAAAACTCTTCATATCTGTCATTTCTCCTATTCTTATGGAACTTCACAATTGCTTTTTCTTTATTCCTTTTTTTTTTTCTATATCAGCTCATCAGTCTTTGTGGGTGACTTGGCTACCCCACTAATCTAATTGCCTTTTTGATAGTTAAATCAATATGGACATCAACTTAAGGCTATATGTGAACCTTAAATGCATGATATTCCCTATACTTGATTCCACAATTGATATTCTGTGAGGAAAGTTGGCCAGATATTCCCTTCTGTGAAGTCAGAATAACTACCGACCCTAAGAATAAACATTTTGACCAATTCTTTATATGTTGCAAACTATTCACACAACTAGAAAGTTTAGCCATTCACATCTCTTCCCCTGATTTTAAGTCCCAGATTCTGAGACTCAGAAAGTTTAGTGACTTGTTGAGCTTTCTGTGGAAAATCTGTTGTAAAAACAGTTCAGACATTGGAAAATATAAAATAGCCCCTAGAGATCCCAATAAAGCTTCCTCTCCCCAAATCCCTCTACAAGTTTATCCTCGAAAAACTTTCTGAAAACTGATGAGAAAATACTGAGTAATTAATGCTCAAATGGGAAAGATGACATGTAAAAGCAAAAACCTGTTAATGGCATCTGTTCATATAGTTCCATGTGCCTTTTTACTTAACTGCACTGATAGGCAATGTAATGAAGAAGTTTCCTTTTAAAACGTAAAATGTAATTAAACAGAGTTTATCTTAAATTGGCTGGACCCGCACAGCTTGACTGAGACATACACAGCTGTCTTCATTTTGAAGCACCTACACTAGTCAAGCTTCTTTCTAACCCGCCCTTAGGGTTTGCCTGTTGGTCTGTCTTCCCTACTGGGCTGTTAATCCCTTGGAGGCAGATTGTCTTGTTTCCCAGAGTTTTTCCAGCATATACCATGGCAGACAATTTTCACCTTATCTATTCTAACTCGTAAGCCTCAGCTAGTGCCTCCATCCTCGGGTGCATAGCCCAGTGACAGGCATGTAACAGACTTTGCCTACAAGCAGTTGCTGATCCATAAATGACGTTGGCAACCTTCTTGTGGCAGTGAGTAACATATTTCTTTCCTCCTGATAGGCTTGGAATCCTCATCCCCATCTGGCAATTTTCTTTCCATCTTTCCTACACTCACAATGGAGCCCACACGCCTCACAACCCCCTTGACTAAACCAGATGACAGCAAGAATGCCTAGTTCCAAGTGAGCAAGGGTGAAGCCTTAGGCCCTTGTCTCCTCCAGACCTCCTCTCTGCTCTAAGAGTATACTGGGCATGGGGTGTGGTCGGGGGGTTGGGGGCGGAGGAGTACTTAACCTCAAACTGAGAAAAAGGGTGTCCTGAGCAAGTTTCATAGCGTAGCAGCTTCCATTTGAAATGTGAAGCTTTGAAGGCCTGTTGCTACAGTAACCAGCTAGCTCCTGACTCCAATGCCTGTCTAATCTAAGGTGGAAATGTCCCAGAAACAGACCCCAGGCTGGCAGCTCTTAACTATGACCCATCTCATAAGCACATATCCAGCTGTAGCCTCTTGGTTGCTGGGGTGAAGGGGCCTCTGTATCGCCACAGGAAAAAAAATCTGATAAATTACGGGCTCAAGAAGGGTGTTGCTTTTTTTTCCACTAACAGACTTTGCAACCCAGTTCCTGGTGAAAGGGCTCCGCACCCACCCGTTTTGTGTGTATAATGCTGAGCTAAAGTGGGAAGGAGCAGTAACACCAAAGGAGGCTAATTCTCTTCCTGTCAGTAGGAGAGAGTGTCTGCCCCCAGTGTGTGAAAAGGGAAGGCATGAGAAGTGAAAAATCAGCCTTCTGGAAGCACCTTCTTACCACGAGAAAACAGGTGATTCTTACTATCTTTGAGACTCATCCAGATTGTGTCTGTTTAACTCTTCAGGCAATATGAAGGCAGAGAAGCCATTTCAGAGAAGAGATTTTTTAAAAAATCATTTCGTTCTTTGGCATTGTCACAGGATTATGATGTGGGTTCTCATAAAAATTTCACTCCCCCCAAAGCCACCCAAAGGAAAGGCAGTGAAATGGGGAGGAACACACATTTGCCTGGCATCGCAAGAGCTGCCTTGTAGTCATGGGTTCCAGTGATCTTGGACCGATCTCTTCACTTCCCTGGACCTCAGTTTCTTCCATACAAAGAAGTTGAACTGGATCATAGAAAAGATGCTGTCCAGCTTGGTAATATCAGATAGGGAGCAGAAGCTGTCTCTTAGCACATGGCCAGATTCCGGAACAACGATGATGGTCTCCATGTTTGTCCTAAAAATGCATCTCATCTCAGTAGAGATTTTCTTCCACCTCATTTGGGTCTCAATTTAAGGAAGGAAGAAAGGAAAGAAACCCGGGGATTCTCTTCTTGAAAGGAATATACTTCACTTTCTCTAGGCTTCTAGGATAAAAACTTCCTATCCTTCATTTTTCCTCTTTAAACCTGCCAAAATCAAGTTGAGTAAAGATACCATACAGATATGAAAAAGAAGCCACATCCTTAAATTTTCATGGAGTCCAAGAGCCTGCTCACCGCCAGTTAGCTTTTCCCAGGATGGTGGTGGCACTGATCATCTAGGTTGCACTTTTATGTTCATGTCCCAGAGCGTTTCCCATCAGCCATCTCATTTCATCTTTTCATCATTCCTCTGAGGAAAAGACTTCACACATGTATAGGACTTTCTATATCACAAAGTATTTCATATCCAATGTCTTATTTAGATCTTGACAATCACTGTTTAAGGTAATTTGGCAAGTTATTAATACTCATGTCCTCATTTTACTGAAGAGGAAACTGAAATGCAGAGAGCTTGTCTTTTGCCCAGGATCACTCACCCAGTTTATTGGGAGGCAGCAGCACGGGGATTAAGAACATGGGTTATGCCGACAACCAACCAGGCAGAATTCCAGCTCTGTCAGTAGTTAGCTGTCTGGCCTTAGGAAAGGGATTTCACACCTCTGTGGCTTAGTTTCCTTGTCCATTAAATGCTCATAAGAATAGAGCTTTCCTCACAGAGATTGGGTGGGCACGGGAGCTAAATGAGCTCATACGTTTAAGAACAACCTCTAGCACACAGTGCATAATAAATGTCATTATTATTAGCAAAGCCAGGACCTGGGTCTTCCAGCTTCTAGCTCAGTGGCATTTCTGCTGCCCCACACCAGGACTATCCTTCGTATACAGGTATGAACCTAAAGCCTTCAGTGTTTCAATGAAAAGTTCACCCAAGGTCTTTCTGTTCAGTAAGTCTAGAGCTAAGGGCTCCTGGCACTCTGTTCAGTCCTTTCGCTGGTAAACCACGCTGCCCTCCGTTGCTCTGGGCAGAATGTCAAACCTTCTTATGTTTTTAAAATTTATAAATCAAGCACTCTTATTTAATATTACTGACAGCCCGAAGGCAGACGCTCCCACTCTCCTGGGGAAGAGGGTCTTCTAATCTGCCATCTTAAGGAGGTAAAAGGGCTTGATTGGGTAACTCATTGCAATGGGCACGTATTTATTACTGTCTCCCGGCCTTTTCTCATGCTGTTTGTCTGCTGGAATTACCACTAGTGCCAGGCCATTTGAATATTTGACCATTTGTCTTAGAATTCTCTGAATACAAATGTTTTTCATACCTTTACTATGTACTTTTTAAGAATGAAGACTATGTTGCATGTTGGTTTGTACTCTCTCCTGCACATAAAAAATGCTTAGTAAATAGATACACAAA,False
90,-1299,-0.6970977,0.7188461,0.80470175,-2.9361663,2.6054587,0.9960951,-0.20671865,0.34993428,0.63567775,-1.5858498,1.7265794,0.9648527,-3.3441348,3.4278705,0.99885595,0.88003665,ENST00000424518.5,-1299,CCAGTTCTCAGGCGAGAGCCGCGGCTGACAGGGTCTGGGACAGAAGGAAAGCCCTCCAGCCTCCAGGCCCTGCCTTCTGCCTGCACATTCTGCCCTGATTTCCGGAACCTGGAAGCCTAGGCAGGCAGTGGGGAACTCTGACTCGCCTGTGCTCTGGAGCTTGATCCGAAAGCTTCCACAGTGAGGACTGCTCCGTGGGGGTAAGAGAGCACCAGGCACTGAGGCCTGGGAGTTCCACAGACCAACACCCCTGCTCCTGGCGGCTCCCACCCGGGACTTAGACCCTCAGGTCCCTAATATCCCGGAGGTGCTCTCAATCAGAAAGGTCCTGCTCCGCTTCGCAGTGGAATGGAACGGATTTAGAAGCCTGCAGTAGGGGAGTGGGGAGTGGAGAGAGGGAGCCCAGAGTTACAGACGGCGGCGAGAGGAAGGAGGGGCGTCTTTATTTTTTTAAGGCCCCAAAGAGTCTGATGTTTACAAGACCAGAAATGCCACGGCCGCGTCCTGGCAGAGAAAAGGCTGAAATGGAGGACCGGCGCCTTCCTTATAAGTATGCACATTGGCGAGAGAAGTGCTGCAACCTAAACCAGCAATTACACCCAAGCTCGTTGGGGCCTAAGCCAGTACCGACCTGGTAGAAAAAGCAACCACGAAGCTAGAGAGAGAGCCAGAGGAGGGAAGAGAGCGCCAGACGAAGGTGAAAGCGAACCACGCAGAGAAATGCAGGCAAGGGAGCAAGGCGGCAGTTCCCGGAACAAACGTGGCAGAGGGCAAGACGGGCACTCACAGACAGAGGTTTATGTATTTTTATTTTTTAAAATCTGATTTGGTGTTCCATGAGGAAAAGGGAAAATCTAGGGAACGGGAGTACAGAGAGAATAATCCGGGTCCTAGCTCGCCACATGAACGCCCAGAGAACGCTGGAAAAACCTGAGCGGGTGCCGGGGCAGCACCCGGCTCGGGTCAGCCACTGCCCCACACCGGGCCCACCAAGCCCCGCCCCTCGCGGCCACCGGGGCTTCCTTGCTCTTCTTATCATCTCCATCTTTATGATGAGGCTTGTTAACAAGACCAGAGAGCTGGCCAAGCACCTCTATCTCAGCCGCGCCCGCTCAGCCGAGCAGCGGTCGGTGGGGGGACTGGGAGGCGCTAATTAATTGATTCCTTTGGACTGTAAAATATGGCGGCGTCTACACGGAACCCATGGACTCATAAACAATATATCTGTTGGGCGTGAGTGCACTGTCTCTCAAATAATTTTTCCATAGGCAAATGTCAGAGGGTTCTGGATTTTTAGTTGCTAAGGAAAGATCCAAATGGGACCAATTTTAGGAGGCCCAAACAGAGTCCGTTCAGTGTCAGAAAATGCTTCCCCAAAGGGGTTGGGAGTGTGTTTTGTTGGAAAAAAGCTTGGGTTATAGGAAAGCCTTTCCCTGCTACTTGTGTAGACCCAGCCCAATTTAAGAATTACAAGGAAGCGAAGGGGTTGTGTAGGCCGGAAGCCTCTCTGTCCCGGCTGGATGCAGGGGACTTGAGCTGCTCCGGAATTTGAGAGGAACATAGAAGCAAAGGTCCAGCCTTTGCTTCGTGCTGATTCCTAGACTTAAGATTCAAAAACAAATTTTTAAAAGTGAAACCAGCCCTAGCCTTTGGAAGCTCTTGAAGGTTCAGCACCCACCCAGGAATCCACCTGCCTGTTACACGCCTCTCCAAGACACAGTGGCACCGCTTTTCTAACTGGCAGCACAGAGCAACTCTATAATATGCTTATATTAGGTCTAGAAGAATGCATCTTGAGACACATGGGTAACCTAATTATATAATGCTTGTTCCATACAGGAGTGATTATGCAGTGGGACCCTGCTGCAAACGGGACTTTGCACTCTAAATATAGACCCCAGCTTGGGACAAAAGTTGCAGTAGAAAAATAGACATAGGAGAACACTTAAATAAGTGATGCATGTAGACACAGAAGGGGTATTTAAAAGACAGAAATAATAGAAGTACAGAAGAACAGAAAAAAAATCAGCAGATGGAGATTACCATTCCCAATGCCTGAACTTCCTCCTGCTATTAAGATTGCTAGAGAATTGTGTCTTAAACAGTTCATGAACCCAGAAGAATGCAATTTCAATGTATTTAGTACACACACAGTATGTATATAAACACAACTCACAGAATATATTTTCCATACATTGGGTAGGTATGCACTTTGTGTATATATAATAATGTATTTTCCATGCAGTTTTAAAATGTAGATATATTAATATCTGGATGCATTTTCTGTGCACTGGTTTTATATGCCTTATGGAGTATATACTCACATGTAGCTAAATAGACTCAGGACTGCACATTCCTTGTGTAGGTTGTGTGTGTGTGGTGGTTTTATGCATAAATAAAGTTTTACATGTGGTGAATATA,False
91,-284,-2.417758,2.3673155,0.9917157,-2.3489995,2.2715042,0.99024814,-1.3962519,1.6801604,0.9559092,-3.3778021,3.3450491,0.9987984,0.051240027,-0.17753476,0.44305447,0.8759452,ENST00000600047.1,-284,CTAAGGCATGCATGTTGTTTTAGGTGTGTTTGAGATGCCTGAAGAACATCAGTGTATCCCCCTAATTTCTGTCATGTTACTCAAACCAGACACATTGTGGCCATTTCTTTTTCCTTTATCATTCCCACGTCCGGCCACTGCCCCATTCCTTTTTGTTCCGTAGTAGACCCTCAATATATATGTGTGTGTTGGTAAATGGCCATACACAGCAGGGTATTTTTTATTATTATTTTCAGTTCCCTCAGCGCGTTTACCACAAAGCTGTGCATATAGGTGGCACCATATATGGCGTACCTTGACCTCGAAGAGAATCTACATGGACTTTTATGGACCTACGTACACAATTTTAGAAATCATAATAAATGAATGCTGGAGTCCTCAAGACCCCTTCCAGATTTGATTTGCTAGGAAGACTCACAGGACTCAGCATTTTGTCATACTCAATGGCTATGATTTACCACACCGAAAGAATCCAGAGCAAACTCAGCAAAAGGCTCAAACCCAAGTCCAGAGGAAACCAGGCACAATCTTTGAGAATCTTAATGAAATCACACAGGATGTGCTTCATTGAAGCTCCATCTGGGACTTAAAACAACACACGTGAGATGTGTTCCAGGAAGTCGTCTTGAGCACCCATTGCTCAGAGTTTATATTGGACTTGCTTTCTAGCACATACCACAATTGTAGACCTCCAGAAGAACAGGAGGTGTTCAGCGTAAGACAATTTAGGCACACGGAGCTACTTCTCATTACTGGGAACAATGGGAAACTTCCCAAAACCTAAAGTACAGACTCCAGCCAAGGATGAACCTTGCAAGATCAAAGAATAGCAGTCTCTGGCCTGCTCTGTTCTCTTTTTCACAGTAACTTAAATGGAAAAATGCTGAGTTAGCTTAAGTTTCTGTAACAAACATTAAGCAAATAAAATTTTCTATAACAGAAATAAGCCATAGCTTTGAGATGAAGGCTTATATACGTGTAAACCATTGTAACCAAGAAAAAAAAAAAAAGTCAGAGTCACAGTGAAAATACTTAACAAACTAGCCAGGATTTAATTCAGTGATGACAGGGAACAGAGGAAGTCTTGTGAGAAAGGATCTTGCCTCTGCCTAGTATCTTTCACAGATAGGCTTCAAGTGGTTTGATTTGCAGATACACCCTTTCTTGGCCTTTATTTCGGCAAAGATGTGATGGGTAGGTAAATGCCGTGTTCTTTCCCTAGCACGTATGTCAGTTTCTCATCCACTCTTTGTTCTTGCTATTGAAAGTTGTAGCTTCTGGCTACAACAGAGATAGTTGAAGAATATGGAGTTCGCCATAATTTATCATTAAATGTGGATAATTTGAGATTAAAGAATATGTTGTTGCAGGCTTAGTCACTTTGA,False
92,-422,-3.558394,3.394793,0.9990453,-3.3786645,3.4077747,0.9988722,0.19832334,0.15093675,0.48815554,-1.1295161,0.93199813,0.8871059,-2.3918114,2.2000518,0.9899677,0.87262934,ENST00000499521.2,-422,CAAATGCCATTGAAACCGCTAGTCTTATTTCCTTTCTACTTTTCTTTGGCACTCTTACTGCCTGTAAGGAGTAGAACTGTTAGGGCACACTGTTGCTATACAGTTTAACTCCCATTTTCATGTTTTGTCTTTCTTTTCCCATTTCTGGGGCTTACCTCCTGATACCTGCTTACTTTCTGGAAGTAGTGGGCAAGTAAGATTTGGCTCTTGGTTTCTAATTTTTAAATTTCTGAATACTGCCCTAGTCTGAACTTGGCCTTTATAGATTAATCTTTGCTTCACATTTTTAGTGTTGTATTTAAACTATTTTATAATTTAAAAATAGATTCTAATCTGAAGATACTTTTCAAGAAATATTATTAACTGATGTCATCCTCATCCCAGCAGCTCATCTGTTAGGAATGAAGTTGAGATGCTTCTATTCCATGTTTTTGTATTTGGGAAGGATTCAAAGTTGAAGGTTTATTGTCGTTGGGTTTTTCAGATGGTGACATGTAAACTCAGGATAGCAAACCCTAATGTTCACACAGTGCTCTGCCTCTGCATCTCAGTTGGGATAGTTGCTCCTTTTGAGTGTTTTAATCATCGTATAACTAATCATAGTGCCAAGAAGTTCATAATGTGTTATGTAGCTAATGTCACTGAAAAACAGTCCTACCATTTTAGGTAAGACCAAACAGAGTCTCTAACCCAAGGACTTGTTACACCTGACAACCTATAGTATATTTGCTTTTTCTCACAAAATGAAACCAATTTTGCCGAAAGCTAGCTGGGATAATAGGATCATCACAAGTTGCAGTTTCTATAACTAAAATTAGATTGAAATCTCTTCTGACCTAGAACATTTTACTTCAGGCATTCAGCAGATTTCAGAAAGAATTACCTTATTTTAAGTTAGTTTCTTTGTTAGTTTACTGTGTGTCTCTTATTCAATAAACAAGCAGAATTTGTGTCCTGCCCTATCCATGTCTTAAAGATGAGAAGTTGGATCCACTGAGTTAGTTTCATTGGGGCGGGGGAAAGAACTGTAATTAAACTTGTTTAATCCTTATTTTGTATTGTAGCTATTTTTTGTAAAAGCAACTTAAAATCTTTTAAAAATTTTATAGTGACATTAGAGACAATGGTCATACAAATTATCACATAAACATGGACTTGAAAAATTAGGCTTTTCATAAAACACATCACATGTCATTGACTGCTTTTTAGAAATACACTTCCAAGGCAGTACATCTGTATTGCTACTGAAAAGTGCCATTTCACAGAACACAGACTTCTTTTTGCTCTTTGACATCTTGAAAACATCTGTTTTTCTTTTTTAATACAAAACTTTGTGCTCAAGACAAATCTTACATGAAACTCTCATAAACCATGAAAATGTAGCTGGCCTTCGGGCCTTAGGCATGAAATAAGCATGAGGAACATATTCCCCTAACTTCTACCCCCAGCCCAGCAAGTTATCCTTTAAGAAATCTCCTAGGAATTCTGGAGTTTGAAAACAATTGCTCTATGTTATTCCTGCTTCCAGTCTCTAAGTAACAAGGGCATTTAAAAGCATAGTCTCTTAAGGTCCACTATAGTGGTTCTTTATTTAAGGAATAACTCAGCTGGGTGCAGTGGCTCACGCCTGTTATCCCAGCACTTTGAGAGGCTGAGGCAAGCAGATCACTTGAGGCCAGGAGTTCGAGAGTCTGGCCAACATGGTGGAAACCCATCTCTACAAAAAATACAAAAATTAGCCAGGTGTGGTGGCGTGCACCTATGGTCCCAGCTATTTGGGAGGCTGAGGCAGGAGAATTGCTTGAACCTGGGAGGTGGAGGTTGCAGTGAGCCAAGATTGTGCCGCTGCACTCCAGCCTGGGTGACAGAGTGAGACTCTGTCTCAAAAAAAAAAAAAAAAGGAACTCATACAGCTCAATGATTCATTGATCCCAATAATAAATCGTTTTAATAATGATGAAAACATCCTACTGGGGTTTTCTTGTTAAAAACTTTAGGACAGGCGCAGTGGCTCATGCCTGTTATTCCAACACATTTGGGAGGCTGAGGTGGGAGAATTGCTTGACCCTAGGAGTTCTAGACTTGCCTGGGCCACATAGTAAGACCCTGTCCCAGCTCCCTCCAACATCGTCCCCAACCCCCCCCCCCCCAAAAAAAAAAAGCGCCAGGCGCAGTAGTGAGTGCCTGTGATCCCAGCTGTGTTGGGAGGCTGAGGTGGGAGTATCACCTGAGCCCTGGAGGTTGAGGCTGCAATGAGAGCTGTGATCATGCCACTGCACTCCAGCCTGGGCAACAGATGAGACCCTGTGTCACAACAAGGAATTTTTAGAAGGTGCTTTTTATATTACTCTTCACAGAGTTAAATTTTCAGAGGATTTAGTATTATTGAACTAAGTTTCATAAGTGTATTTTAAGCAAGTAAATCTCTAATGTAGGAAAATCCCCAAAATGGTAGCATTTACTAATGTTTTATATGGTAATTTTTGAAAAATATATCTGATATTTCTTCAGTAAAAATGGTGTTGTTTTAATAACTTAATAAGAATGTTTAAAGATTCTTTAAGTCTGGCTTATCTAGCTAATGTGGGCCTATTAAATAATAGGCAGACTTCTGCCTTCCTTATATTCTTTAGATCTTTTCAAATACTCCATTCCAATATCCATCAAAAGACTTCTCTTTATGCCACTTATTATCTATACTAGTTTTTAATGTTCAATTACTACAAGATTATAATTACTGTTTTTATTCATGTTCCCAAGAAAAATACATAAGATTCACACCCAACACACTTCGAAATTTATTTCACTCCCTTTGACTATATGTGATTATCAAAAAAGTATTTTTCAAGATATTAAAAATAAGTAAAGGAAAATGAAATATTTTTAGGACATTCAAAATCTAATGAAGTTCAGTGTTTCTTTAATTGAGGGCAGGCAGAGGTGGGGGAGAATTTCAGAAGGTAGTGAACCCAAAGGTGGATTCTTGGATAATTCTACTATTCTGTACTCTCATCATCTTAACCCATCTGTTTACTACCCTAACCATAGTTACTAAGCAGAGTTTTATCATAATAATATAGACAGCTCTCAAAGTATTGACATTCAGAGGGGATTACAAATATTATTTTTCTATCATATTGACCTACCATGTCCACAGTCTTCCTTGAATTACCTTCCAGTTTTACTGGGCTGCATCTACCGTTTATGTCTAGTTTGACTTTTTCTGAGTTCACCAATTGCTGCTAGGAATGTGCTGGTCACTCAGCAGCACACCCACATCACAGGGGAAGATTTTGAAATACCTGGACAGTCTGAACACACTGCTCTGAATACACTCAATTCTAAGAAGTACCAGGGAACCGCATCTTCTTGCTGAAATCTTGAATTTTTGTCAGCTTTTTTTTTTACTGTGGACAGTAAAGCTGGAAAGATCTAAATAACCCAACAGGAAATGCGGATGAAAGTGCAAGAGTTGGTTTGTGGTCATCTGGAGTCCATGTCTCCAAGACTGCTGGACCTTCAAATTCTGCAACTTGTTAGATCATCTGGATGATAGCACAACTGTTAGAAGACCTAGAAGAATACAGCGTTGCTATGACTCAGTGGTGTTGAATGCAGACCATCTACCAGCTGGGGAAAGAATCAATTATAAACAGGAATAAAGGGATTCATTCCTCATTTTAACTGATGTTACAGTGAAGATGGGTTCTTGAACTCTTGGAAGCCTGGATGAGCCACCTAATCTGCAAGATAAAAACCAAAGACCAATGCGTATTGGGGAAAAGAATGCTTAGTACTGCAAGACTGTTGAATACCTGTTGAATATTCCTATTGAGGTTTTTTCCTAAACATACTTCAGTAACATCTTAGGACAATTCACTGGAGAAATGTTGATCCCTGGCTGGAATGTCATACCATTGACCCATTTGAAGAGTTAAAGCTGGATTTGACTGCTCTATTCTACCAGGAATATTGTTAGGGTAGCCTTTTACCAGTTTCTAAACAATTGTAATCATTTATTGACTCAGCAATTCCTCAGATAACAGGTCAAAAGATGTACAGATACATTCTGAAGTTTTCTTGCTATTAAAGGCACAAGAGTTTCCTTGTATTTTGACTGACAATGTAGCATGTTTCCATTTTAGTTTGTTAGTGATGGTGGTTTTCCCTTTGAAAGCCATTTGGTATATTCACCATAACAATTAGTTTAATATGATTACATAAGAAAACTATGATAAAACCCAGCAATTTTAGTAGTTGTGAAAATACGTTTTTTAAATCATGTTTAAGAAGAATTGCAAGACTTGAAACCAAATCCTGATGGGGGAATTCTGTTTAATCCTGTTTAATCTGTTTAATTTCTGTTTAATCCTTAGTTTCTTAACCTGCATAGCTTATCCTGTATTGTACTTTTTTTCTTTTTTAAACTCCCAAACAAGAAGCTTGAAACTTTTCCTGTATTTTAAAATTGAAATTTGGTCACAGGGTATAGTCAGATTTTTATTAAGGTTTGGTTTGACAACCTTTAAAAGAAAGGTTTACCTCGCTAATACTTCTTAATAACATGCATCAAATGATATTCCCTATGGTGAAGTATATTCTCAAAGTTATGTTATCTTTCATTTTTGGCATTTGGTGCTTATGGACTTAGTACCCAGGCAACAAAGATCTATTATGCACCTACTCTCTTGTATGTTCGCTATTATTTCCCAAAAAAAAAAAGGGGCATATATGCATAAGAAATAAATATTAGAATTATTTTGTTTCTCCCACAAAGCCCATGGGAGATGGCCCAACAAATGTTTAAAAAGTAAAAGAAGCTGGGCACGGTGGCTCCCACCTGTAACCCCCACACTTTGGGAGGCCATGGCGGGTGGATCACGAGGTCAGGAGTTTGAGACCAGCCTGGCCAACACAGTGAAACTGTGTCTCTACTATAAATACAAAAATTAGCCAGGCATGGTGGCAGGCACCTATAGTCCCAGCTACTCAGGAGGCTGAGGCAGGAGAATCGCTTGAACCCAGGAGGCAGAGGTTGCGGTGAGCCAAGATCATGCCACTGCCCTCCAGCCTGGGTGACAGAGCGAGACTGTCTCCAAAAAAAAAGAAAAAAGAACTAAAAGAAAAGGAGCAGTTTATGATTGAAGAAAACATGACCTGGGCTGAAGAAGTGAGGATTGATTGGAGTGGGCTAGAATGAGCTATAGTTTCTAGCTCATTTGTAAGGAGGTAGACAAAGGAGCATTGGTGCCTCAGAGTGGGTGTCTGGTGAGAGGAAAAACGGTGCTTAAGAGATTTTCAGGCTATTGCTGTGGGACAGGCATATTTTCTCCCTTTGCCTTTAGCTGTAGATAAAGTGTGGTTATGACCTGAGGCTTCTTGTATTCAAACTTGGCCTAGGGCCTATGTAGAGGCCCTAGGGTCTACTTGTGGTGGAGGAGGGAAGTATTTGTAGAATGTGTAGGCTTGAGAAGTAAATAAAGCCAAAAAAGCATCACTTGCTTACATTTTTAAATGAGTCACAAAACAATCTTTCTAATGCGGCCGGTAAAGAAGTTTTAAAGGTCTAAGGTTTCTCTACAGAAATTACATGCTTCTCAGGTCTTTGTTTAGTAAAATAATACAGATAATTATGCTTTGAATGCATTTATTATTAAAGCTAACCGTTTTAATTTGTGTCAGAAATAATTTGTGCCTATGGTAGGATTAAAATTGTATTCTTTAGTTAAAGCAAAGCAATCTGTTTTTCATTGATTTGATAAATATGTGAATGCCTAATATGTTCTGCATATGTAAAAATGCAGAAACATGCTCATTTGAATTACTAATAATTATTTTAGTATGCTGAGAGGCTTTGAATTCACTGTACCACTCCTTCCTAGAGTCATTCAAAACAGAAAAAATTAGTTTTAAGTATAGATTCATGTTTTTCTGTTTTAAAAAGTTGAGCTAATACTTTTCACAAGAGACGAAATAACATGAGCCACTATAATTATTGGCTCAGTTCCACCCAATTTCCATATTTTGGGTGTAATTTAAAATTTTTGACTTGGAATTTTAACTTTTTTTTTGTTTTGATTTTTTACCAGGTTTCTAAGCATGAATTGAGGAACAGAAGAAGCAGAGCAGATGATCGGAGCAGCATTTGTTTCTCCCCAAATCTAGAAATTTTAGTTCATATGTACACTAGCCAGTGGTTGTGGACAACCATTTACTTGGTGTAAAGAACTTAATTTCAGTATAAACTGACTCTGGGCAGCATTGGTGATGCTGTATCCTGAGTTGTAGCCTCTGTAATTGTGAATATTAACTGAGATAGTGAAACATGGTGTCCGGTTTTCTATTGCATTTTTTCAAGTGGAAAAGTTAACTAAATGGTTGACACACAAAAATTGGTGGAGAAATTGTGCATATGCCAATTTTTTGTTAAAACCTTTTGTTTTGAACTATACTGCTTTGAGATCTCATTTCAGAAGAACGGCATGAACAGTCTTCAGCCACAGTTGTGATGGTTGTTAAATGCTCACAATTGTGCATTCTTAGGGTTTTTCCATCCCTGGGGTTTGCAAGTTGTTCACTTAAAACATTCTTAAAATGGTTGGCTTCTTGTCTGCAAGCCAGCTGATATGGTAGCAACCAAAGATTCCAGTGTTTGAGCATATGAAAGACTCTGCCTGCTTAATTGTGCTAGAAATAACAGCATCTAAAGTGAAGACTTAAGAAAAACTTAGTGACTACTAGATTATCCTTAGGACTCTGCATTAACTCTATAATGTTCTTGGTATTAAAAAAAAAGCATATTTGTCACAGAAATTTAGTTAACATCTTACAACTGAACATGTATGTATGTTGCTTAGATAAATGTAATCACTGTAAACATCTATATGATCTGGGATTTTGTTTTTATTTTGAAATGGGAGCTTTTTTGTTTACAAGTTCATTAAAAACTAAAAACTGTTTCTGTAAGGAAATGAGATTTTTTTTAAACAACAAAAAATGCCTTGCTGACTCACTATTAAATAAAAATCTCCCCAATTTTTTGATAGACTACTTCAAGCCATTTGTTACATGGTATTCCTTTGCAAGTCAATTTAGGTTTCGTGTTATAACTTTTCCTCTTTTTTTAAGAAAAATGAAAAAAGTAATTCTTTTGTCTGAAGGGGAAAGGCATTCTTTCATTTTTTTCTTTTTTTTTTTTTTTTTTTATGACTTGCAGGCACAATATCTAGTACTGCAACTGCCAGAACTTGGTATTGTAGCTGCTGCCCGCTGACTAGCAGCTGGACTGATTTTGAATAAAAATGAAAGCATTAAAGGGTTTCCCTACAAAACATTTTTCTTTAAAATACTTTTGAAATGGCTATAAGCAGTTGACTTTCACCCTTGGAGAGCATCACACTGTGTGAGGTTCAGTGATTGTTGACCCTCCCCAGCCCCTCCTGCTTCTTTAAGTTATCTGTGTGCGTGCGCTTCCTCTCAATCTTCTTTGCACGCTCATTTCTTTTTCTCTGACCCATGAGAAAGGAAAACTTACTGATGATAATTTTTAAATAGTGTAATTTATTCATTTATAGCATGTCAGGATAAATTAAAAGAACATTTGTCTGGAAATGCTGCCGGGAGCCTATTGTGTAAATGTAGGTATTTTGTAAAATAACCTTGAAATTGTAAATTGACACGTGTTTGGTCAGATTGTGTCAAGTTTAATTTGTTTTGTTTTCTTTTTTCTTTTTTTTATTTGAAAACTACTTTAGCAATAATTAATTCCATGATTATCACATTCTGCCATTAAGGGATATTAGTACCGTAATACTGAAGAAATTTTATTAAGTCTGAACTTCTGGGGTAGGCAGCTTCTTTGTTTCTTTTCTATCCACCCTTGTCGGTTGAGGTATTTGTTTCTTGACTAATAAACCCTTTGATACTTTTAGCCAGAAATCAGTCTCATAAAGCTATTTTTGAGTATAGTTTGTGTAAAATAAAAATGTTTAGCTTTGGTAATAACTTCCAAGCTGAACTCCCTCTAGCAAGATATTTTTCAGTGCTTTTATTTACTATGCACTTAGACTATGCACTTTTTCTGAAATATTTTTGTAACACTTTTTTGTATTTTTGCCATTTGAAAAGGTTGTGGTGTAGTTGGTCTGTAATTAAGTTGCAGATTTAAAACTGCTGTTAGCTTTGTAAATCAAAATATAGGTGTTTTTTGTCCTGGTATATCGTCATTCCATCTGCAGCTGGAGCTGGAATCCCATTGATCTTCTAGCTACCATTCATTTTCTTCACTGTTCACAAAAGAAGAGTGTGAAATTCAGTGAATGCTGTTACTAATCCTGTTACGAGATGAATCTCATTTCACCAAAATTAAATTATGTTTTTCCGCTAAAATGATGATACAAGTTGAAGACACATCACTCTGAAATTGGAAGACCTCACCACTTAAGGCTCCACAGTGGCTTACTCAGCTGAACTCTAGGTTACTACTCTTTACTTTGTTCACCCATTGGGGGGTGCAGTTTTTTTAAAATGTTGGGAGATGGCCATTCTAACTACTGTTGAATGTCTCTGTTTTGGGAAGGTATAACAAGAAATAAAAAAGAATATATATGAAGGGAGAGACTGGTTATCTCCTCCCA,False
93,-1025,-3.1667395,2.9519942,0.9978036,-6.637449,6.481773,0.999998,-7.2069807,7.501033,0.99999964,-6.557943,6.371873,0.9999976,0.16125286,-0.45841306,0.34985745,0.8695313,ENST00000513955.1,-1025,AGAATAACACTAATGGACATGTAAACACACATCGATAAATACAATACAATTAGCCCTCCAGGAAACTCTGCAAGGACTCTGCATTTCATCTGGAGAACAATGGACTGGAAGAGTACATAATCTATCCCCTTCACATCAACACACAAGCACTGATATTTCTCTGATATTTGCTGCTACAACCTCCCCAGATGCAGCCACAACTTACTTTGTTGTTTCTTTACACTGAACACATACCTTAGCTGACCTTGCTTCCTGAAGTGCAAATTGCGCAAATGTAATCTTTGCAAAATTCCTCATATTCCTCAAACATTTGCTCAAACTTCATCATTTTTGAAGACTCTGATCACCCTACAAATGCTACAGACATCTACCAACTCAGCATTCTATTCATTTAATTACTCCAATATTGTCATTGTTTCAAATATCCATAACCTTTTAATGTATTATATAAATTATTTATTATTGTAGAAAATGAAAATTAGCTGGACAGCAAATATCTACCCAGTCAAAAAAGATTTAGATAAATTCAGCTGGAAAGTTAACAGGAAACACATTTCTTCCAAGGTTTGTGGCCACTGAAAAGTGGTAAGATAACTGCCTTCTTTGATTGACTACCTCTTTCTTTCTTTCCTCCTTTTTTCTTTCCTTTCCTTTCTCCTTTCTTTCTTTCTTTCTTTCTTTCTTTCTTTCTTTCTTTCTTTCTTTCTTTCTTTCTTTCTTTCCTTCTTTCTTTCTCTTTCTCTTTCTTTCTCTATCATAAATTGTGCTTTTTGAAATTATGCCGGTAAGAACAACATATCCCACTCTTGCTTGGATAATCTGTCATTTTGAAAGAGAGAAGCAACCTTTATACACAATCTAAACTCAAAACTTCAGTTGGGAGTTTCTGAATAAAATA,True
94,-519,-0.33190095,0.22569531,0.6358962,-2.0814805,1.8371607,0.98051894,-0.47031423,0.72184736,0.76712745,-3.8077693,3.721354,0.99946314,-1.7226652,1.380275,0.95701385,0.86800385,ENST00000566639.1,-519,GCATGGTGGCTCACGCCTATAATCCCAGCACTTTCAGAGGCCAAGGCAGGTGGGTCACAAGGTCAAGAGTTTGAGACTAGCCTTAGCAACATGGTGAAGGTGAACCCCGACTCTACTAAAAATACAAAAATTAGCTGGGCCTGGTGGTGTGCACCTGTAATCCCAGCTACTTAGGAGGCTGAGGCAGGAGAATCGCTTGAACCCGGGAGACATAGGTTGCAGTGAGCCGAGACTGCACCACTGCACTCCAGCCTAGGTGACAGAGTGAGACTCCATCTTAAAAAATAAATAAATAAAATAAAATAAATGACATCACTTTGGTTCAGAGCTCTAAAATGGAGGGAGGAAGCCATTCTAAAAAGGACTCCCTACATGACCTGCAACTTGAAAAAAAATTAAAAGCTCCAAAAAAAAAACAATACAGGAGCTTACCTTGAACCTTTGAATTGGGCCAAATTGCGATGACCACTGCATCCTGGAAAATTTTATTTCACCAGCACTACAACTCCTCAACAGCACCAACCAATAAACTATGGATTTTTGTACTAAGCCAGTTGCCTCTTTCAAAACAACTTGTCAACTTGTCTAATCACCCTCAGCTTTTTTTAAAAACCCCTCCTCTACCCTCTCTCTTCAGAACACAAGTGGCTTCTAGCTGAATCTGTCTCCCAAATTGCAATTCCTAAGACCTCAATAAAAACACCTTGTCTTGCTGC,False
95,-1278,-3.3967502,3.3337429,0.99880743,-2.4546227,2.4012635,0.9922776,-1.1811932,1.440229,0.9322276,0.19120559,-0.25375906,0.39055863,-4.8875365,4.817391,0.99993896,0.8627621,ENST00000412788.5,-1278,GGGGTAACGGGGGAAACTGGGGAAGTGGGGAACCGAGGGGCAACCAGGGGAAGATGGGGTGCTGGAGGAGAGCTTGTGGGAGCCAAGGAGCACCTTGGACATCTGGAGTCTGGCAGGAGTGATGACGGGTGGAGGGGCTAGCTCGAGGCAGGGCTGGTGGGGCCTGAGGCCAGTGAGGAGTGTGGAGTAGGCGCCCAGGCATCGTGCAGACAGGGCGACATCAGCTGGGGACGATGGGCCTGAGCTAGGGCTGGAAAGAAGGGGGAGCCAGGCATTCATCCCGGTCACTTTTGGTTACAGGACGTGGCAGCTGGTTGGACGAGGGGAGCTGGTGGGCAGGGTTTGATCCCAGGGCCTGGGCAACGGAGGTGTAGCTGGCAGCAGCGGGCAGGTGAGGACCCCATCTGCCGGGCAGGTGAGTCCCTTCCCTCCCCAGGCCTCGCTTCCCCAGCCTTCTGAAAGAAGGAGGTTTAGGGGATCGAGGGCTGGCGGGGAGAAGCAGACACCCTCCCAGCAGAGGGGCAGGATGGGGGCAGGAGAGTTAGCAAAGGTGACATCTTCTCGGGGGGAGCCGAGACTGCGCAAGGCTGGGGGGTTATGGGCCCGTTCCAGGCAGAAAGAGCAAGAGGGCAGGGAGGGAGCACAGGGGTGGCCAGCGTAGGGTCCAGCACGTGGGGTGGTACCCCAGGCCTGGGTCAGACAGGGACATGGCAGGGGACACAGGACAGAGGGGTCCCCAGCTGCCACCTCACCCACCGCAATTCATTTAGTAGCAGGCACAGGGGCAGCTCCGGCACGGCTTTCTCAGGCCTATGCCGGAGCCTCGAGGGCTGGAGAGCGGGAAGACAGGCAGTGCTCGGGGAGTTGCAGCAGGACGTCACCAGGAGGGCGAAGCGGCCACGGGAGGGGGGCCCCGGGACATTGCGCAGCAAGGAGGCTGCAGGGGCTCGGCCTGCGGGCGCCGGTCCCACGAGGCACTGCGGCCCAGGGTCTGGTGCGGAGAGGGCCCACAGTGGACTTGGTGACGCTGTATGCCCTCACCGCTCAGCCCCTGGGGCTGGCTTGGCAGACAGTACAGCATCCAGGGGAGTCAAGGGCATGGGGCGAGACCAGACTAGGCGAGGCGGGCGGGGCGGAGTGAATGAGCTCTCAGGAGGGAGGATGGTGCAGGCAGGGGTGAGGAGCGCAGCGGGCGGCGAGCGGGAGGCACTGGCCTCCAGAGCCCGTGGCCAAGGCGGGCCTCGCGGGCGGCGACGGAGCCGGGATCGGTGCCTCAGCGTTCGGGCTGGAGACGAGGCCAGGTCTCCAGCTGGGGTGGACGTGCCCACCAGCTGCCGAAGGCCAAGACGCCAGGTCCGGTGGACGTGACAAGCAGGACATGACATGGTCCGGTGTGACGGCGAGGACAGAGGAGGCGCGTCCGGCCTTCCTGAACACCTTAGGCTGGTGGGGCTGCGGCAAGAAGCGGGTCTGTTTCTTTACTTCCTCCACGGAGTCGGCACACTATGGCTGCCCTCTGGGCTCCCAGAACCCACAACATGAAAGAAATGGTGCTACCCAGCTCAAGCCTGGGCCTTTGAATCCGGACACAAAACCCTCTAGCTTGGAAATGAATATGCTGCACTTTACAACCACTGCACTACCTGACTCAGGAATCGGCTCTGGAAGCTAGAGGAACCAGACCTCATCAGCCCAACATCAAAGACACCATCGGAACAGCAGCGCCCGCAGCACCCACCCCGCACCGGCGACTCCATCTTCATGGCCACCCCCTGCGGCGGACGGTTGACCACCAGCCACCACATCATCCCAGAGCTGAGCTCCTCCAGCGGGATGACGCCGTCCCCACCACCTCCCTCTTCTTCTTTTTCATCCTTCTGTCTCTTTGTTTCTGAGCTTTCCTGTCTTTCCTTTTTTCTGAGAGATTCAAAGCCTCCACGACTCTGTTTCCCCCGTCCCTTCTGAATTTAATTTGCACTAAGTCATTTGCACTGGTTGGAGTTGTGGAGACGGCCTTGAGTCTCAGTACGAGTGTGCGTGAGTGTGAGCCACCTTGGCAAGTGCCTGTGCAGGGCCCGGCCGCCCTCCATCTGGGCCGGGTGACTGGGCGCCGGCTGTGTGCCCGAGGCCTCACCCTGCCCTCGCCTAGTCTGGAAGCTCCGACCGACATCACGGAGCAGCCTTCAAGCATTCCATTACGCCCCATCTCGCTCTGTGCCCCTCCCCACCAGGGCTTCAGCAGGAGCCCTGGACTCATCATCAATAAACACTGTTACAGCAA,False
96,-1279,-3.3676882,3.2991982,0.9987293,-2.3817277,2.312286,0.99093306,-1.258495,1.5042504,0.9406292,0.22830996,-0.27493706,0.37677792,-4.7152653,4.641474,0.9999136,0.8613966,ENST00000436715.5,-1279,GCGGGCGGCGACGGAGCCGGGATCGGTGCCTCAGCGTTCGGGCTGGAGACGAGGCCAGGTCTCCAGCTGGGGTGGACGTGCCCACCAGCTGCCGAAGGCCAAGACGCCAGGTCCGGTGGACGTGACAAGCAGGACATGACATGGTCCGGTGTGACGGCGAGGACAGAGGAGGCGCGTCCGGCCTTCCTGAACACCTTAGGCTGGTGGGGCTGCGGCAAGAAGCGGGTCTGTTTCTTTACTTCCTCCACGGAGTCGGCACACTATGGCTGCCCTCTGGGCTCCCAGAACCCACAACATGAAAGGTGAGGGGCTTCCTGCCACACTTGGGGTGGGGGGCACGCGAGAGGAGCTGAGTGGGACCTCACTCCTTCCCCATCCACAGAAATGGTGCTACCCAGCTCAAGCCTGGGCCTTTGAATCCGGACACAAAACCCTCTAGCTTGGAAATGAATATGCTGCACTTTACAACCACTGCACTACCTGACTCAGGAATCGGCTCTGGAAGGTGAAGCTAGAGGAACCAGACCTCATCAGCCCAACATCAAAGACACCATCGGAACAGCAGCGCCCGCAGCACCCACCCCGCACCGGCGACTCCATCTTCATGGCCACCCCCTGCGGCGGACGGTTGACCACCAGCCACCACATCATCCCAGAGCTGAGCTCCTCCAGCGGGATGACGCCGTCCCCACCACCTCCCTCTTCTTCTTTTTCATCCTTCTGTCTCTTTGTTTCTGAGCTTTCCTGTCTTTCCTTTTTTCTGAGAGATTCAAAGCCTCCACGACTCTGTTTCCCCCGTCCCTTCTGAATTTAATTTGCACTAAGTCATTTGCACTGGTTGGAGTTGTGGAGACGGCCTTG,False
97,-14,-2.1872656,2.0799885,0.9861736,-1.8950192,1.8168465,0.97615075,-1.200575,1.5726205,0.94121003,-1.0646977,0.98101413,0.88551366,-0.09866631,-0.11606747,0.4956498,0.8569396,ENST00000437681.1,-14,ATTTTTGTATTCTTAGTGGAGACGGGGTTTCGCTATGTTGGTCAGGCTGGTTTTGAACTCCTGATTTCCGGTGATCCACCACCCTCGGCCTTCCAAAGTGCTGGGATTACAGGCGTGAGCCACCGCGCCTGGCCGGAAATCATGTAATTTAAAACTATATATGGGTGTCTTAGGCGGCATCGGTCCCAACTCTAAAGTACGCGTTAGACGGGCCTGGGCCAGAAGTGGGCCATGGAGACCTCGGGACCCGCAGGGCTGCCGCCCGACCCAGCGAGCCTCTGAAGGTGCACCGCCACCCCCACTGTTTATCTTACTGCCTCATAGTAGGCACATTGTCGTTCTCAATATAATTGCACACAGTTTTATTCTGGATCCTCATTTGCCTTTAAGAATTTTCTCAATTTTTCTTTTTATTTGATCGCACCACTGCAACCTCCGCCTGCTGGGCTCAAGCAATTCTCCTGCCGCAGCCTCCCGAGTAGCTGGGACTACAGGCGTGTACCACCGCGCCTGGCTTATTTTTGTATTTTTAGTAGAGACGGGATTTCACCATGTTGGCCAGGCTGGTCTCCAACGCCTGACCTTGTGGTCCGCCACGCCAGGCCGAAGATTTTCATAATTTGGAAGCATTGCGTTTCGTAATTATGCTTTCTCGTATTTTTGTGATTTGGGTCATTTTTATTTTTATATTTTTAGGATTACAGGCGTGAGCCATCGTGCCTGGCCGATTTGGGGGTAATTAACAAGTCCACGTGTTTCATTTGAATTTAGGATAGCTGGGCCTAATTGTTGTCTTTGCTTCTGCGGTACCTTCCACATAGTACTAACCGCCTATTGTAAAGTAATTAGAATAGCTGAATATGCATGTTACCAGTCTAGAAACCGATTTTTTTTTAACACCCCACTGTGGACAGGGTGGAAACTCGTTTGCTTTCTTGTTTAAGATCTGTAGTAACATGAATGGATGAAATTGTTTCCTATTGGATTCTGTAAATTTATGCGTTACACTGATTGTCCAACGTGGATACACCCGGGAGGTCACTCTCCCCGGGCTCTGTCCAAGTGGCGTAGGGGAGCATAGGGCTCTGCCCCATGATGTACAAGTCCCTTTCCACAACGTTGGAAATAAAGCTGGGCCTCGTGTCTGCGCCTGCATATTCCTACAGCTTCCCAGAGTCCTGTCGACAATTACTGGGGAGACAAACCATGCAGGAAACAGCCTTCTAGAGCACTGAATCTGGATTGAAGTCTTTTTTTTTTTTTTTTTTTTTGGAGATGGAGTCGCTCTGTTGCCCAGGCTGGAGTGCAGTGGCGCACTCCATTGCCTCTGCCTCCCGGGTTCAAGTGATTATGCTAAGTGATTCTCCTGCCTTGGCCTCCTGAGTAGCTGGGATTACAGGCCCCCGCCACCACGCCAGGCTAATTTTTGTATTTTTAGTAAAGACAGGGTTTCACCATGTTGGTCAGGCTGGTCTCAAACTCCTGACCTTGTGATCCGCCAGCCTCTGGCCTCCCAAAATGTTGGGATTACAGGCGTGAGCCACCACACCTGGCTGGATTGAAGTCTTAATACATGTTTAAGAAAAATTGGCTAAAAAGTAGCCAGGCATGATGATAGGTAGCTGGAGGAAGGAGAATCGCTGGAGCCCAGGAGTGACCTATACTCAAACCTATACTCCAGTGCCACTGTACTCCAACCCCAGGCGATAGCATGAGGCCCCTCGTTGAAAAAGTTTAGGGTTTTGCTGTACTAATAGATTAATATCTTGTTTTGCAGGATTTGTTAAGGATTCCAAGTAACTCTTATTTGGAGAGAAGACGATCTGCACTTCGCATTTTGGCATTGACATTTAATTTTAGGGTCCTTTATATAGAAGGGAGAGTAGGTAAACTGATTTTTTTTTTTAACAGGGAGGGTTTGACAATCTTTGGCAGACTTGGAGCAAAAGATTGAGGTGCATTTCATGCCTCCTTTTGAGAGTCTTGCTCTGTCGCCCAGGCTGTAGTGCAGTGGCGCAATCTTGGCTGCAACCTCAGCCTCCCAAGTAGCTGGGATTACAAACATAAGCCACCACGCCCAGCCCTCATACCTCTTTTAAAAGTCGACCTGTTTTGCAGAAAGTCTGCTGTTTTTGTACTAAAGGCTTTGGAATTTGGCATTTAGCTAGGAATGCACATTCTTTCACCTCATTCATACTTTAAGAACCACAGAAGTGACTCTGCTTGGCCAGAAGGCACACTGTGTTGGTGGTTATATTAAAAGTCCTTGAGTATTTTGCTTTTCATGATCTTGCTCACTGCAACTTCCGCCTCCCAGGTTCAGGCGATTCTCCTGCCTCAGCCTCCCAAGTAGCTGCGACTACAGGCGTGTAGCACCACACCTGGCTAATTTTTGTATTTTTAGTAGAGATGAGGTTTCACCATATTGGCCAGGCTGTTCTCAACTCCTGACCTCGTGATCCGCCCACCTCAGCCTCCTAAAGTGCTGGGATTACAGCTGTGAGCCACCCTGCCCGGCCACTTTTGTATGATTTCTAATGTATTTGTAATTTACCTAACAAATTGCCTAATCTGCTATGTTAATGTATTTATGAATTAAAATAAATACGACTGC,False
98,-1314,-2.9988847,2.8759966,0.9971987,-0.9037492,0.89525604,0.85802776,-1.5264186,1.7507263,0.9636364,-3.1917,3.1413457,0.9982266,0.005068958,-0.1317966,0.4658369,0.8565853,ENST00000400282.6,-1314,GAAGCTCTCCTCGCGGGGCGGGCCGGCCGGCCGCACCCCCGGCCTGGGGCCTCCGGTCGTAGTAAAGCGCAGGCGGGCGGGGAGGCGGGAGCAGGAGCCCGCGGCCGGCCAGCCGAAGATGGTGGCGGCTACTCCTCCTGTCATACACGTGGACCTAACTGCACCAGTAGCTTTTCTGAGAATACTTGCTGAAAAGGAAGTTTTCTGGAATGGTATTTGCTAAGTGGAAGCCAGAAGAGGAGGAAAATGTTTTGCCACGTGGATGTGAAGATTTCCTCTAAAAGGCAGACCTGTCTAACTACAAGCCAGACTTGGGTTTTCTCCTGTAGTTTGAAGACACACTGACTCCTGACAAAATGCAGCCTGCAACTTCCTGGAGAACAACTCAGTGTCACATTAAAGTTTATTATGTATTTAATGATACACTGTTTAATTGACAGTTTTGCATAGTTTGTCTAACTTTAGAGAATTAAGAGCCTCTCAACTGAGCAGTAAAGGTAAGGAGAGCTCAATCTGCACAGAGCCAGTTTTTAGTGTTTGATGGAAATAAGATCATCATGCCCACTTGAGACTTCAGATTATTCTTTAGCTTAGTGGTTGTATGAGTTACATCTTATTAAAGTCGAAATTAATGTAGTTTTCTGCCTTGATAACATTTCATATGTGGTATTAGTTTTAAAGGGTCATTAGGAAAATGCACATATTCCATGAATTTTAAGACCCATAGAAAAGTTGAAGAATGCTTAATTTTCTTATCCAGTAATGTAAACACAGAGACAGAACATTGAGATGTGCCTAGTTCTGTATTTACAGTTTGGTCTGGCTGTTTGAGTTCTAGCGCATTTAATGTTAATAAATAAAATACTGCATTTTAAAGCTGTTAAGAAATTGTCCAGAACGAGAATATTGAAATAAAAACTTCAAGGTTATT,False
99,-1277,-3.3084989,3.2471778,0.99858,-2.218975,2.150899,0.9875052,-1.0439792,1.2892361,0.9115908,0.24645743,-0.28088215,0.3711376,-4.6487546,4.598941,0.9999037,0.85374343,ENST00000411861.5,-1277,ATGGGCCCGTTCCAGGCAGAAAGAGCAAGAGGGCAGGGAGGGAGCACAGGGGTGGCCAGCGTAGGGTCCAGCACGTGGGGTGGTACCCCAGGCCTGGGTCAGACAGGGACATGGCAGGGGACACAGGACAGAGGGGTCCCCAGCTGCCACCTCACCCACCGCAATTCATTTAGTAGCAGGCACAGGGGCAGCTCCGGCACGGCTTTCTCAGGCCTATGCCGGAGCCTCGAGGGCTGGAGAGCGGGAAGACAGGCAGTGCTCGGGGAGTTGCAGCAGGACGTCACCAGGAGGGCGAAGCGGCCACGGGAGGGGGGCCCCGGGACATTGCGCAGCAAGGAGGCTGCAGGGGCTCGGCCTGCGGGCGCCGGTCCCACGAGGCACTGCGGCCCAGGGTCTGGTGCGGAGAGGGCCCACAGTGGACTTGGTGACGCTGTATGCCCTCACCGCTCAGCCCCTGGGGCTGGCTTGGCAGACAGTACAGCATCCAGGGGAGTCAAGGGCATGGGGCGAGACCAGACTAGGCGAGGCGGGCGGGGCGGAGTGAATGAGCTCTCAGGAGGGAGGATGGTGCAGGCAGGGGTGAGGAGCGCAGCGGGCGGCGAGCGGGAGGCACTGGCCTCCAGAGCCCGTGGCCAAGGCGGGCCTCGCGGGCGGCGACGGAGCCGGGATCGGTGCCTCAGCGTTCGGGCTGGAGACGAGGCCAGGTCTCCAGCTGGGGTGGACGTGCCCACCAGCTGCCGAAGGCCAAGACGCCAGGTCCGGTGGACGTGACAAGCAGGACATGACATGGTCCGGTGTGACGGCGAGGACAGAGGAGGCGCGTCCGGCCTTCCTGAACACCTTAGGCTGGTGGGGCTGCGGCAAGAAGCGGGTCTGTTTCTTTACTTCCTCCACGGAGTCGGCACACTATGGCTGCCCTCTGGGCTCCCAGAACCCACAACATGAAAGAAATGGTGCTACCCAGCTCAAGCCTGGGCCTTTGAATCCGGACACAAAACCCTCTAGCTTGGAAATGAATATGCTGCACTTTACAACCACTGCACTACCTGACTCAGGAATCGGCTCTGGAAGGTGAGCACCAGCGCTCCTTCCGGAAGCCTCCAGGCCCCCGAGCACCCTGCCCCCATCCCACCCACGTGTCGCTATCTCTAGGTGAAGCTAGAGGAACCAGACCTCATCAGCCCAACATCAAAGACACCATCGGAACAGCAGCGCCCGCAGCACCCACCCCGCACCGGCGACTCCATCTTCATGGCCACCCCCTGCGGCGGACGGTTGACCACCAGCCACCACATCATCCCAGAGCTGAGCTCCTCCAGCGGGATGACGCCGTCCCCACCACCTCCCTCTTCTTCTTTTTCATCCTTCTGTCTCTTTGTTTCTGAGCTTTCCTGTCTTTCCTTTTTTCTGAGAGATTCAAAGCCTCCACGACTCTGTTTCCCCCGTCCCTTCTGAATTTAATTTGCACTAAGTCATTTGCACTGGTTGGAGTTGTGGAGACGGCCTTGAGTCTCAGTACGAGTGTGCGTGAGTGTGAGCCACCTTGGCAAGTGCCTGTGCAGGGCCCGGCCGCCCTCCATCTGGGCCGGGTGACTGGGCGCCGGCTGTGTGCCCGAGGCCTCACCCTGCCCTCGCCTAGTCTGGAAGCTCCGACCGACATCACGGAGCAGCCTTCAAGCATTCCATTACGCCCCATCTCGCTCTGTGCCCCTCCCCACCAGGGCTTCAGCAGGAGCCCTGGACTCATCATCAATAAACACTGTTACAGCAA,False
100,-932,-0.88614917,0.7644165,0.8389675,-2.9574032,2.9062781,0.9971673,-0.65086627,0.9844222,0.83689284,-0.39830437,0.3280433,0.6740033,-1.3265094,1.138449,0.92164844,0.8537358,ENST00000412426.5,-932,TTGAACTTCCCAGACTCCAGAACTACTCCTGCCCCTGCCACGAGAACACACCCTTTCCAGTTTGCTGGAGAAATATAAGAGAAGTCCAGTGAAAGAGAGCTGAGTTTCCCCAATGATGCCATCAAGATGAACTAACTACAGTTAACCAGCCAGCTGATAGCAGATGCATGAGTGAGCCCAGCTGAGAGCAGGTTGTGCAAGCATGGCACGTGCATCTGTTTGGCTTGTGGTGAGGCCTCAGGAAGCTTACAGTCATGGTGGAAGGCAAAGAGGGAGCCAGTACATCACGTGAACTCGTAGAGTGAGAACTCATTCACTACCATGAAGACAACACCAAGCCATTCCTGAGTGCCTACAATAGTTCCTGGTATGTAGAAGGTATACAATAAATATTGGCGGAGTGAAGGAACAAATGGGATTTGCTTGATTCTGCTGCAGAAGACTAAGAAAAAGACATAAATGAATAAATAACTAGTAGAATGTTAACACAATCAGAAAAAGGACCATTTCTTTTCATTTGGATGTCTCAAATCTATTTGTTGTTTTTGTTGTTGTTGTTTTTCTGGCTGGGCTTGAAATGTAGGCATGCAGCCAGGAGGCTCCATGCTGACTAATGAGATAGAGGTACCCATTTAGCCCAGCAATATTCATACATTGTATATGCATTCATTTTTCTCTAGTGACTTTTTAATATATTTTGGTGAAGATATTCCCAAGATAATGAAGATATGTTGAGTGGGCATTAAAAGTGATGAGTCTTTTTTTCCATTATCAAAGACAAATACAGGTGTGTGATGTATGCAGAGAATTAGAAGTAGGGAAAAAAATGAGGGAATCCAAAATAATGAAAAGAAATTAAAGCTCTCCAATAATCGAAAGAAAGGCCAAACTGAAAACATAAATCTCCAGACTCTGCAAGGATTTATACTGATGTGGGGCATGTGGACCAATGGCTTTCAGGATGTGATTCATTTTGAAAAAAGTGTCATTT,False
101,-415,-1.3599772,1.3760293,0.93911815,-4.2114224,3.8715281,0.99969137,0.50407004,-0.178684,0.3356469,-2.6002095,2.6759567,0.99491394,-2.7825866,2.8121474,0.99629635,0.8531334,ENST00000512287.1,-415,ACTGGGCTGAGTTTGTGGCGCGCTTAGTGATGGGATGGCCCTGTGCAGGACGCCGACACGAAAAGATGAAGAGTTCAATCCGTGCTGTCTGAACTCACAGTGTAGCAGGCGAGATAGACGGGAAGATCGGTAGGGTGGGAGATGCCGGAAAGGCTTCCCGTGAGACTGGATAAGAAATCAAAAATCTGGTGAAATTGCCGGCAAGAGGGAGTTAAGGACATTCCAGGCAGAGGCAAGGCTCCCGCTGAAGTAACCCAGACGCCAGGGATATCTCTGCCCGCTCCACTCTGACTCTAGTGCTCAATGTGCCTGCCAGGCCTTGCTAGGGATGCTGTGCCAGTGTGAAGAGGAAGGTGGTCTCCAGCTCTCACCCCATAGAAGCTTTCTGCCTCAGTTTCCCTAACCTGGAACACCACAATGACTCCTGAATTGAAAAACACTGCTTACAGCATCTAGGCTAAAATTGGCAGAATACCTGGGCTCCAAGCCAGGGAGATTTGGAGCGATGGGGAGGTGCAAGAGCACAGCCAGACAGAGCCAAAAGCAATAATATCCTGTTTGTTCCTACACTGCCCTCCGCATTAAAAAAACAACGACAGCT,False
102,-484,-2.9332645,2.8615773,0.99696606,0.2713728,-0.38666072,0.34118152,-1.2570533,1.299398,0.92800575,-2.628463,2.3633926,0.9932528,-5.516908,5.1451864,0.99997663,0.85187656,ENST00000563434.1,-484,CACATCTAGATCCATACTTTTTGGGCTCAACTCAGGGTTACCAAAATAGAGTCAAACTCAACTCAGGATTACCTAAATGGAGTCAAATTTTGTGTGTGGTTTTGTAACATGATTCTTTCAGTCATCATTTCCAGGCCACATTTTTCATGTCACTCATGACTGCATTATAAGTTTGTACCATAATTCATTTAACCAATACTCTGTTGTGCATTTAGAATATTTTCAGATGTTTATTGTCCTTATAAAAGTCAGTATGAAGGTATGCAATTATCACTTAGGCCACATTCCTGGAAGTAAAATTGTTGGAATGGAAACTATGTACATTTTACAGTGCAGATTGCTGGAAGAGTTTTATGCAAAAACTTATACAAAAATTTACACTCTTACCAGCAGAAAGCCTCAGCGCCACTGAGTGCTGTTGTATTGTTAATCTTGATTAATCTGGTATGTGAAGAAGGATGTTTCAATGTTTTGTCTGTGTCTCTCTGATTATTTTGCTTGTTGATTGGCCAGTTGTTAATTCTGTCTTTGTGAGTTGTCTTTTTCTCAGTACTTGGCCTATTTGTCTTTGATTTGAAAAAGCTCTTTATGTTGTAGTCATTTTAATTCCTGTCATATGTTTTGTAAACAATTTTTCGAGTTCATAATTTTTCAATCTTGTTTGTATTATATTTTGCCACACAAAAATTTTAAATTTGTATAGTCAAATTTATCAGTCTTTTTCCTTATGTTGGACCTTCTAATCTCAAGGTACTAAATATAATCTAGCATTTTTTTAAACATTAAAAATTTTTAATCCATCTATAATTTATTTTAGGATAGGGAGTGAGGCAGGGGAAGGTATCTTTTTAAATAAAAATCGTTGCTAAATGGTTGGCTAGTTGTCCTATTAATAGTCATTGAGACCAGGAGCGGTGGTTCACCCCTGTAATCCCAGCACTGTGGGAGGCTGAGGTGGGAGGATCACTTGAGGTCAGGAGTTCGAGACTAGCCTGGGCAACATGGCGACACACAATCTTTACAAAAAATAAGAATTAACAGAGGCCAGGCTAGTCTCGAGCTCGTGACCTCACGTGATCCTCCCGTCTCCGCCTCCCAAAGTGCTGGAATTACTGGCATGAGCCACCGAGGCTGGCCTGAGTATTCTAGTTTATAACTTACAAGGTCATTCATATGTATATGTTGTTGTGCTTGTCTAGCTATTTTATATTTTGTTATTCTGAACTCTTGGCCTCTATCTCAGCTCCAGCCCCTGAAAGTGCAGGAGTGCTTTTGCTCTGCCAGTCGGCCTTTTTTGGGAAATCATATCAAGATGGCTTTTCCAGCACAATTACTTCCTAGAGTGTCTGCTTGATGCATGGAAACTCATAGATTTTTGGCATGCCAAACAGAGGGTTTTCCTGCCGTCACTGCTGGCTCCAGCCACAGACTTCAGTTTTCTTACCTGTTAGAGCCTTTGTCCTCTGACTGGTGGAAATGGAGCTTGCTTCTTTTTGTTTTGCCTGCCACTAGTCTGGCAGCCTCCACCTCTTGACCCTTGGGTTTCTTATCCTTGGAATCAGATACGAGGCCCTGTGTCTTCTGTTGCTGTAGAGGACACAAGTCATATTCTCTGAGTGGAGATCTCTCTGAAGCTCCTCTTTCCAGGCTTGTACTGAGGGACCTCTGGACCCTCTACCACGTGGTGTCAAAGCTGCCAAGAGCTGTCATATGCTGGGTCTGTAAATTGACTTTCTCACCTCTGACCAGATGCATTCACTTGAGCGGCACAGAGATTTGGGGGAGTGAAAGGGCACTGTTTCTTTGGGTCCGTGGGCTTGTGTCCCATCCCCTAGCCTTGGGGTTAGCAGGATTCAGAATTTATGAGTGTGGTCTGCAAAAGTCTACCTCTACCAGATGGGGGAGAACCTAGTGTGTGGACCTGAAGGGTTAGCTCTGTGCTTTAGTCCCTGGGAGTGGCCATCTTGAGTCTTGGTGGGCTTGGCAAGTAAGGAGACATTGACCAGATTCAAAGCTTCCAGAGGTGGTGAGAACTCCAGGGCCGAGTAATGGAGAGTACAAAGGTCCTTCTTGGCCCCCATGACCCTTCCAAGCCAAGAACTTGGCAGTAGCTGTGAGAAGCAGAGATAGGGAGAGGAGGTGAGGGGCACCTATAGCTCTTAGCCATGAGTTATGACTCCCTCCATCCAAGGGAGACCCAAGGACATGAAAGGGGACTCAGTTCCAAGGATCAGAGGGAACTTGGGTTGTTTTGGGATAATGACTGTGGCTTGGGATGTCACGGAGATGAACACCAGAATTGGTGTGCAACAGATGAGCTCCAGTACCCCTGATAGTTTGCATGGGTTTTGCTCTGCTGATGATGGTCAGGGACAGCAGTGAGGCCCTCTACAATGCCGCCTTCTGCCTAAACACAGGCAGTGCCCACAAAAGGGGAGCTGTCATTATGGAGCCTAGGAATGGATAGTCAGAGAGCAGCGGCTGGGCAGTGCAACTCCTGCATTGGACAAGGTCCTGGCTAGAGAATGTCAATGTCCACACTGCATGTAGCCCTATCGAGGAGATGATGTAGGGGGCTGTCAGCCTTGGAGACTCTAGCCTAAGTACCCCACCACCACTCTGGCTGGCTTCCAAGGGCACAAATCAGCTTTCTGAATCTGACTTGGCTTCCTGTGATCTGCATTCATGAACATTCTTACTAGAGTTCTCATGGAAAATGAATACACAACTATTTGGTCTGAATGTGTCTGAGTTTGGTGTCTCCAAAACAATTCTCTGGATTAGATGGAGAATGAAGAAACTTCACAAAGGCAAAAGGACAGGTCCCCATCTCGACCCCCAGAGACCACTTCTCAGAGTCTCTATCTGTTCGTCTCTGGTGTTAGCCACGTTCCTTTACTTTCCCTCATTTCTGTGGCCACTCCTGTGGCTTCCTCTCTTTCAACCTGCAGGCTGCTGCTGCCCTGCCTCAGACCCTTGTAGGCTTCTGTAGAGATGCTACTCAGATGGGGGTGGAGCTAGATGCAGAGCTGAAACCCACCTAGGAGATCTAGCTTGGAGAGCTTGTGAATCTTAGGAGAGCTAGGCATAGAATGACTAAAGTTTGTCACCGCATGAGATAAAATAAATGAAAAGCCACTTCTGGAGGGAATGAGGCAGTCTGCCTTTATTGGAGAGATACATATTGTTGAACAGCTCTGGGCAGTTGATTGTGTGCCTGGGAGAGCTAACCATGTTTACTCTACACTTGACCTGTGATGGTCTGTATTGATTGTATCACACGCTTAGCTTTCTAAGGCTAACCAGGTCATCGTCCTCAGTCCCTGCCTGCAACTAGGTTGCCAACTGGCCCTTGATTTCCCACCCAACTTGTTCAGTTTGCCCTCAATCCTGGGGCCTCACTAATTTCCCAAAAAGATATGGTTGGTACCACCTGTAGTTTGCTGTTGCATGTTAACCTGACTTTTGGGAAACTCAAATAAACACTTTTCAAACGCATTGACCATTTTTACTCTATGACTTCTGCTTTGCATGATCGCTAGCTTGGTCACCCATCATGCTGCTTTCTGGTGAGCTGAAAGGAAAATAAATGGTCTAAATTGAGCAACAAGAAAGTAAACTTTTAAGCAGGTACTTTCCAAGTGAAATGAGAACCGGAGATTGGGTCCAAAAGAGAGGATGCCCAGCCAGACTGAACTTTCAAGTGTTTTCCAACTGGAAAGCTCCAATGTCCTCTGATCTCAGTGAATTTCCAATCTAATTTCAAGGAAGTCCCTCAGGAGCCCCATTGCAAGGGTGGTTATAGAACCATTTACAACTGCTTTAATAAAACTAATGCTTATAAAGAAAGAAAACTTGTTTTTTAGTCATCCATAACACAAAAAAGTGAGGTTTGATGCACAGTAAAAGGAATCATTATTTAAGTTAGTCTGAGTTATATTGTATTTTGGAAATGCTCCACATTCAATATTTATGCCACATACTCTAAAACCAAAGTATGTAGATTAAAAAAAAACTATTTCCAGAAATAAGCTTGCTGAATCACCACAGGCTTAATTTATTTATTTTAACTACCAGTTTCCTGAATGTTTTTGTCTAATTGGCCTATCTGCAGTTGCCCTTGGTCCACCCTTGAGCCCACTCTTTAAGCCTGTCTGTCACTTAGAGAAGTACAAGTACTTCCTGCTGAGAATAAAGCCTTGATCGCAATTTCAGTGAATTATCAGGGAAGTGTGAGAATAAGTAGGAATAAATGTCTAAACATTTGGGAAAAACTTGTTTGCAATAAATGTGGTTAACAGAGAGTGAATAGGCTTACTACATAAAATTGTTACTCATCAATTAAAAAAACTGTACAATCCTCCTCCGGGGGAAAATGATCAGATATTTTAAGTCTGCTGATATTTTTCTCTGGATGTCAGACCTGTATACTTTGTCCTGCATTATTGGAGTATAATTGGCAAATAAAAGTTTTATGTATTTAAGGCA,False
103,-260,-2.1363516,1.997572,0.98423266,-1.4440935,1.4457866,0.9473439,-2.0331116,2.2132254,0.9858855,-2.2550554,2.1679502,0.9881441,0.24263787,-0.39174402,0.34651762,0.85042477,ENST00000594230.1,-260,CTTAAATTTGATAAAACTTAGTATGTGTCCTAACAGAATACACCAGCTGCAAATAAGAATATTGTGTATTTTCTTGCTTTTGACTGGAAAGTTCTGTACTCATCTGTTAAACCTAGTTGGTCTATAATATGGTTTTGATGTTCATGTCCTCCAAACCTTATGATTAAATGCAATTTTTAATGTTGGATGTGAGACCTGGTGGGAGGTGTTTGGGTCATGGGGGCAAAGTCCTCATAGATAGCTTGGCACCATCCTCTCAGTAATGAAAATGTTTATACTCCATTAATTCAAATGAAAGCAGGTTTATTAGAAGAACCTGGCTCCTTCGCCTCATACTTGCTCTGTCTCTCATCATGTAATATGTGCAGTTACTCTTCGCCTTCAATCATGACTGTAAGCTTGGTGACACTCTCACCAGAAGCAGATGCTGGCACACTTTCTACAGTCTGCTAAATTGTGAGCCAAATAAATATTATTTCTTTATAAGTTATCCACTCTCCAGTATTCACCTATATGCAAAATAATTGATACAGTCTATAATGTTGTCTAGGTTTTCTGTTTTCTTATTTTTTGTTTAATGTGAATTTTCTATTACGGAAAATGGGGTCTTGATGTCTACAATTATTATGTTGCTATGTATTTCTTGCTTTACTTTTGTCAATATTTACTTTATATATTTTGGAGCCCTGATATTGTACATACACATACAGATAGATAGAGAGATAGATAGATAGATAGATATAGTAGTTATACATTTGTGGTAATATCAACCCATTTTACCAATATATACTACCAATGTTTGTCTCACGTTAGCACTTGACTTAAAATATATTATGTCTAAAACCCAAGTGTAGTTACTATTTTCATAAAATACAGGTTTTTGCACTATGTAATTTTCAGCCTATTTGACTCAGTGCTAAAATGAGTCCCTTGTAGGTGGCATATGGTTTGCTTTTTCTTAAGCCACTAAAGCATTTTATTTTTTCTTTTTATAATTTCATTTATTTACTTGTTTATTCATTTATTTTTGAGATAGGTCTCACTCTGTCAACCAGGCTGGTTTGCAGTGTTGTGATCATGGCTCACAGCAGCCTCAGTTTCTCAAACTCAGAAGATTCTCTCATTTCAGCCTCTCAGGTAGCTGGGTTACAAGTGTGTAGCATCACACCTAGCTAGTTTTTTTTGTATTTATGGTTGAGACAGTTTTGCCGCGTTGCCAAGGCTGGTCTCAAACTTCTGAGATCCAGTGATCAGCCCATCTTAACCTCTCAAAGTCCTGAGATTATATTTTTTTCTATTAAGTAGTTTAATTTATATTTAAAATTATTTATTAAAAATGAAGTTACTACTTTTATTGTGATTGTTTTATGTGTTCCTCAGTGGTATTTTTTATATGTTGGTTTATTGCCTTAAATTTCATTTTAATTGTGTAGTGATGTGCTTCAATTATTTTTTATATCTTGTTTTGCATAGTTTCTATAAATATTATCTTCATAATCA,False
104,-1063,-2.7678885,2.7790508,0.9961158,-3.4155388,3.22337,0.9986933,-0.87173724,0.7779305,0.83884615,-4.177339,4.0866766,0.99974245,0.07958543,-0.28623182,0.40955213,0.84859,ENST00000499525.1,-1063,ACTGGTTGTGCAAACACCTACGGTACCAGTAATTCTGGGGAGGCAAGTACTCTGGAAACGACGGAGAATTAACTCCGGAATTACCTAGTTATCTGGCATCACGGTGAAAAGAGTTCCACAGTGTGAGTAGTGCTGGAGTAGATGCTGCTGGTCTGTGTTTTCCTGTCACCGTGATAAACCATCGCTGGCACTCAGACCCGTGGTGCTCACCGCAGCGACCTGAAACAAAATGGAGAGGAGCATCCCTAAGGACTACCACGTCAGCGAATCTGTAGGATCGTCCCCCGCCTTTCCTCGTTAATTTCGGGCCACTTTCACCTTTCCCTTTCACCCTAAATCAGACTTAAAAAGAAATTTACTCCTTCTTCAGCAGCAAAGCGTCAGCTTTCCTGTCAGCGTGAGTCTCACTGAAGCCTGACCTAACTCTTTCGGATCGGAACTAGAAAGTTTATTATCAAGGAGGTATTTAACCACGACTATACTTACCTACTGTACCCTTGTGGTTGGTCCCATGGTGTAATGGTTAGCACTCTGGACTTTGAATCCAGCAATCCGAGTTCGAATCTCGGTGGGACCTTTCAAAGGTGAACGTTTTACAGTTCCTGGCTTGGCCTCTGAATGTGGGAAAAATTCGTTCCTCCGCTTCCCATCGAATTCTCGTCGAAAACAACTTTGTGGTCGCGTGCACGGTATTGAACTCTCCCCTTCTATCCAAGCATGAAAGTACCAAGCTCTTTCGCCTAGAAGAACGCTTTCAAAGCGTATCAAATTCACGGGTTTGGAGACAAAGAGAAAGATGCTGCTCTTATCGACTTACGAAAAGCTCCAGCAGCAACGTGGAAACCCAATTCCTGTGATGGAGACAAACGCTTCCTCAAAATTTCCTAGGTTCGAAGCCCTCCTCGCTGCCACAACCAAGTCCTGCGTGTAAAGTGGCTGAGCCTTGGTCTCGGGCGTGTTTCTTTTGTTTGTTTTTTTGTTTGTTTTTTTTTTTTTTTTTCGCTGTGGACCTTGCGCCCCGGGTTACTTCTCGCCCCTTTTCCCTATCCCCCATCTTGATGAGACAATTCACCCTCATCTGCTTTCTCTAGTCCCCTGTACTTCTTAGTCTCTCCGCTCACCCCGACTGCAACGTCTGGAAATCCCTCCAAAGCCAGCAGCCCCGGAGGGCTCGGGTCCCTGGTATCCACGGCGTCGAGTCTTCCAGCCGGAGAGAAAAACTCACCTAGGACCGGACCTGGGCCTCGCCGCGCTGGGAGCTGGCATTCCCAATTCAGGACCAGACACGGTGGAGGGGCCCTACAACTTGTGTGGGAGACAAGGGAGATGGGGGTAAAAAGACCTCTGCCTTCAGCCGTTCGCCTGGCATCTCGCCTCTTCAGCTCCTAGTACCAGGGTGAAAGGAGGGGGCTCCCTGACCGAGTCCTCCCCAGACACTACCAAACACTCGGTCCGAAGCATCCGGGAAACAGTCCCTTGGAGCTGAAGGTCAAGAACAGAAAATGTAGCCGCTATCTTGCCTCCCCTGAACTGTGTGTGTAGACGAGGATTGAATTGGAGATAGAGTTGATGAAACCCGGAAGGTCTGGAAAATTCCTTATAGACACTAATTTAGCTGTTAGAATGAGGTGGGAAATGTGAGGTGTCAAGGTGAGGGAAAGGTGTGCCCTAGAGGACAGAGAGGACAAGAACTAAATTAGAAACAAGTATTTGTGTTTCGTACAAATTAATCTCTTCTATGATGTAAGAGACAACCTTTAAATCCAATTATTTATTTTCAGATTTCTTACTTTGACATTTTGATTTTCGCATACATACCAAAAAACCAAATCGAATCCTACTTTCACCAAGTCCATTAAACCATTAATAATTCATTAGCTCATATTTTGAATTACCATTGGTTACACAGAGACTCTGTAACTAAGTTTACAAAATTCATGAAAGCATTATTTTGGCTCCCGTTATGTGTGCTTGATTGTACTTCATATGGTCTGTAATGGTGCTAATTGCAGAGGGAAATAACATTTTCTTGTGGTGTTGCCTTAGCTAGTGTGGCCCCACCTTCTTTCCACTTTGTTGATGTTAGCGTGATGAGATCTCACCCAAAGTGTTCTCCCTTTTCCTAATGGCCTAACAGCCTCTTCTGCCTGTTTGGGATGCTTATAAGTCCAGCCATCCTTCCGACCAACACCATAGCCTGCCTGTGTTACTGTAAGTAATCATTATGATCACATCCATCGTCAAGCATCCACTTATCCTAGCTCAAACCAGTAACTCAGACTTTATCCCAAGCCTCTAAATTAAGGTAATGGACAAGACCTGATTGGAGATGGTGCCTGCACAACGTGACCCAGAACTGAACAGAAGGCCAAGGAGCAGCTGCTATGAGGAGGCGGAAGCAGCCACCAACACTGGGAGAGGCTGGGAGCATATGTAGATGCTCCCCCTGATGCCTTACATGTTCTGTGGGTCTACCAATTCCTTTAGGAAGCTGAGGAAATTCCCGTGGGTATTTATAAAAACTCCACCCTTGAACAAACTTTAGTTAGGTTCCTCTGAGCCCTCCTCTCAACTAGGTCCCATCCTTGGCTTGTCCAGCCCAATTTCAGCAAATAATCCAGTTGAGCCTAGTTTTAGCAAGAATCTTGCTAAGCCAATTCAGTAAGAATTCCTCACCTCAAAATCCTATCAAGTTTCTCTTTTTCCACCCTTGATATCTAATCAAGTTCCTCGTAGTCACTTTCTATCAAATGGTTGTCTTACCCTTACTATTAGCTATAGATCCCCAGCTGTCCCTGATGTATTTGGATCTGAGTTTATTTAATTTCTCTCCCCTATTGCAATTGTCTGGAATAAAGTCTTCCTTGCCTATTT,False
105,-348,-2.4965417,2.611549,0.99398875,-3.271533,3.1026616,0.99829787,-5.170664,5.3261337,0.99997234,0.3643693,-0.37427416,0.32330084,-1.4075525,1.0273733,0.9194521,0.8470024,ENST00000432411.1,-348,AACAGTCCTGCCATTTTGCAGATTGAAGGGAGATTTAAGGCAACTGTGTCTTCCACCCGTGCGCTCAAGAGGTTGGGATGTGAATGGAGAGAGGGCTGCACCTGGTGGACCTAATGTTCTGGGCAGGGGAGTGGAGGTGGTGTAGACAGAAAATCATAAAACTCTCAGGAGAAGCCAAGATCAGCGATCCTCCCGTCTTGGCCCCCCAAAGTGCTGGGATGACAGGTGTCAGCCTGTCCTGGAGTCCTCCAAGCCCGTGGGGTCTGATGAGCACAGACGGCTCAGCTCTTCCTTGCTTCCATACCCTTACATAAAACTGGAGCTCGGCTTTCTCAGAGAGGATGCTTTTATTTGCCTGAGATGCACCATCTGTTACTGGCTCCGTTTGACCGATCTCCTTGTTCATCGTGGTCCAGGTCTGCACCTGACAGCTCTGAGTGCTGACCT,False
106,-216,-2.4205217,2.3080027,0.99123794,-1.570284,1.543274,0.95744854,0.5617441,-0.13655138,0.33219025,-2.8650787,2.9226365,0.99694437,-1.3459936,1.1109834,0.92107016,0.83977824,ENST00000577267.1,-216,TTAATAACCAGCGCAGCAGGCCCCTTCACCTGCTTTTATGCCTGGACCAGATGACTGAATGTAGAACTTTAGGCACTTTTTTTTTTTTTTGAGACGGAGTCTCGGTTTGTTGCCCAGGCTGGAGTGCAGTGGCGCAATCTCGGCTCACTGCAAGCTCTGCCCCCCGGGTTCACGCCATTCTCTTGCCTCAGCCTCCCAAGTAGCTGGGACTACAGACTCCCACCACCATGCCCGGCTAATTTTTATATTTTTTAGTAGAGACAGGGTTTCACCGTGTTAGCCAGGATGGTCTCAATCTCCTGACCTGGTGATCCACCTGCCTTGGCCTCCCAAAGTGCTGGGATTACAGGTGTGAGCCACCAGATCGGCCCTTTAGGCACTTTCTACTTCTCAAGGTCAAGAAACATCCTTTAAAAAGTTAATTCCCTTTTCTGGAGCCTAAGCCAGATCTTATCTAGGCCTTGTGTTGCCATCTGTTAGCATTGATTTCTGGAATGGAGCAGCTTTCTCAAAGTTTGGTCTTGCTAGTCATGAGGTCATGTCAGTGTCTTAGGTCACTGCTGCTCACCTTCCTTACCCAGGGAGTATACTGCATAGGTTTCTGAACACCTGTTTTCATTATTCACTGTTCCTCTCACTGCCAAGAATGGAGGGACCCTCAGTTGAAGATCAAATTGACTCTGAAGAAAAACTGGAGATGTTTCTCTTGGAGTTTGGATAGAGTATTCACTTGATAACATGTTTTTCCCCTGCCTTGCTCTTCACAAGAACATCTGGCCAGGCATTAACAATTAGTAAATTTTTTTGCATATGAACAGTATTTTTCTGGTCATGTAGATGGGTGCACATGACACTAAACAGCATTGTTTAGTGTTATCCCTCTTAACTGGTGGGTTGTATTTGGGGTGGAGGCTGTAGCCGAGGAGAAGACATTCACCTCTGTACTCGAGAAACTTTGTGTAGGAATTTAGTTTATTTTTTTATTTTTTTTAATTTTTTATTTTTTACTACTTTTACTGTTAGCACAATGCTATAATTGAGCTAATCTTTGTAGTTTGGTGCAGGACCACCAAGTTTGTGTGACCCATTACCTACTTTTTCCATGCTCAGCCATTACCCTGTCCTGGGGCATCTGAGGGCAGTAAGGAACAGGTGTCCAAAGGAGGAATGTTGGTGCCTATGAGTATGTTTTCCAGTTGTATTGAATTTCTTACTTGGTGTATTTTTGACTTGTCTTAGTTTCTTTCCTTGTGGTCTATGCTATTTTACTTGCGATTTGTTGGATATTCTCCCTGTCATTAAAGAGTTGTAAAATGGAAGTTAGTTTCTCTATGCAAATGCTTTAATGGATGAAGCTGATAGGTTTAGCATTGATTTTTGCTGGTGTCCTTCAACAAGCATGAAGGTGATAAATGTGTTTCCATGGCTTTAGACTCATTTTTGAAGTCTTGGATTGTGTGAACATTCTTAGAAACAATAAAATGTTTTAATTAAAAGCCCTCGACTACCAGCTGAATTCAGTGTCTACTAGGAAAATGGGTAGATTTGTTACATTGTCCCTTTGCTCTCTATGACTTTGTTCCAGTTGTCAAGGAACTTAAATGGGTATTCAGGAAAAAGAATTCTTGTTTCCCTTTCCTCACCTTGCCAGTTAAATAACTCCTGGTGACACTTCAGGTGGTAGAATTGAAACACAAACCTGACTTCTGACCACATGGGTCAAAGGCAAAAGGCAAATGGCTTCAAAGCCCTTAGTGTGCTTATCCAGTTCAGGCAGTGAGGAGATAACCTCTGCTTTCCTCCCTGAGGAGTTTGGAGTATTTAAGGGGGGATGGGGGGGGTGTCACTTTGAAAATATGTTGCTTTTTCTCCTGATTGTATTGAGGCTGATATGGAAGGGTTATTTCTTTCTGGCCAATACTTTTTGGTATTTCTAAATATTGCAATCTTGATTTTTACTATTAAATTTGTTAATTGTCAGTTCTGGCTTTTTTGCATAAAGAGTTGGTCCATTAACTTGCCAATTTGAAGCTTCTAACTAGATATTCCCTACTGAAAGTTTTGGATTTGTTTTTAGTTTGTGGAGCAGTCTTAGCTGGGGACAGGTAATTGACAACGGCAGAGATACTTTCTTTTCCTAGGATTCTAAGTCTGTAATCCACATCCTCAATGTATTCACAGGACTTTAAAATTCTCTCCAAATGAGGAAGGAAATATCCTGTTGCTTTCTAATGTTTACTAAAAGTTGTGTTTAGAACAACAGATTTTAATAGGCATCTTCCTTTGTTATGTGTCATTAGCCCTTTGCCCGTTTACCTTAGGGCTCTTTGAAGGAGAAATGGATGGGAGAAAACCTGTCACTTGGCGAAAGTAAAAGGGATAATTAACTGGCTCAGAGCTTATGTGCAGAGTTCCAAGCCCCAAAGTTAATCTAGAACCACTCGATAACACCAATAAAAATATTTATTTCACATCTGTTATATATCTGGAAAATGTTCTAAGCATCTTACACATATTTCTCATTAAATCCACAGGTGACCATTGTGAGGTAGATATTTTGTTCTAATTTTCCAGATGAGGAAGCTGAGACCCTAAAAGGTTAGGTGACAGGTTATACAACTTGGAGTGTGGGAGGAGGAGAGAGGAACCTGAACAGGGCAAGTTGGGGATCTGACTTTTGTTTGGGTAGATGTAGGCACATTGTATTTTTGGCTTAGATGCTTTATTCATCATGGCTGAAGGTAATACCATTTACTCACTCACCGAAAATTGTTTACAATAATCTAGATGAATTTGCTGTCTTTGGACATCTGTCTTTTGACTGGACCCCAGTATATAGTCTGTGGAAGCTCACTTAAGGAGAGAGCTCCTTTTTGTTTGGTTAGAGAAATTTTCTGTCCTAAAAGTAGAAATAGCCCCTTCTAGGTAAGGATGGAGCATTTGATCATACTGGTTTCATTATATTCCTCTAACAGTTGGAACCGATTGTTTTTGAGTACTTGTTTCAAACTTCTGAGTATTTTCCTTCTGGAAAATAGCTCAGTGTTTAAAATTTACATGAACTTAAAAGGTTAATTTTTTTTTAAAGAATGTTTGAGGAGCAATCAATTCTGATTTTGTCTTATGGATAGAAATAGAATTAGCCATTTTCCTCAAGAAAAGTGATTCTTCTGAATCTTAGCTTTTCAGTAATGAGAACTGGACTGTTTCCACTTGACCTCTATTTCCTGTTAGTGGGAAACCGCTTCCCAGAGGTGCTGTGTGAAAGATTGCTGGGGAAAGGGTTTCTAGATCCCAGCATAACAAGTTCAAGAGTCCAGCGATATTGTCATTAGAATAATGGTCTTCATTAAGTACTAGTTTTCATAATCCTGAAGCTTCATTTTCACCAATTTGAAAGGCAGCTAGGGAGGAGAAGACTATGCAGGGAAGGAGGAAAACTCTGGAGTGCATCACAGAGACCTTGAGTGAGTTAAGGCAGGGAAGAAGCAGATTTGCTATCCACTGAATGAAAATAAGAAGAATTCCATTGTCCAAGGTCAGAGCAAGAACACAAAGGTTTTAGTTTACTTAGTTAATTCCTTAGGTTTGGACATTACAGGAGACATGGGGGTGACCATAGCAATTTAGCTGATAAATGTATCAGAAACTCTTTCATCATTTTCTGTCCCCTCCTATCTTAGGCTGACCGGTTCCCTGATGTGTTACCTGCTTCTGCTACTGATCCAAACTGCAGAACTTCTCATTCATCCCCAAGGCCTCCAGGCAGTATCCAATGGGGAATCAGCTCTAAAAGGAACCAGACCAACGTTTTCCAGCCCCTTCATTCTGCTTCCCTCTGTGTGAGGAAAGGATAGAAATGTTCAGGACATCATCATACAGGCTCCTCATCTACAAAGTTCCAGTAGCAGTGACGCCTACACGGAAGACTTGGAACTGCAAACAGGCTGGGGTCACCTCAGTGACATCTGACGCTGTCCAACCAGAAGTTCGATTTTTGTTCTGGGGGTGAAGGAGGAAACAGACTGTACTAAAGGACTAAAATAATTTGTCTAT,False
107,-37,-2.5449018,2.331987,0.99243695,-3.5124488,3.1868527,0.9987697,-1.8325809,2.483671,0.9868261,-4.035033,3.8194966,0.99961215,0.43810546,-0.87773734,0.21151078,0.83783114,ENST00000445680.1,-37,TTTGTGAGAGATGCGACTTGGTCCCCGCTCAATCACTCCCTGCTTACCACAGTGGGCTGGGACCATCAGGTCGTCCACCACGTTGTGCCCACAGAACCTCTCCCAGCCCCTGGACCTGCAAGTGTTACTGAGTAGATTGGATTTAAGACAAAAAGCAAGTCCCCCATGAGTGTCCACTTCTTTGCCCTGCCCTCTCAGCTTGTGAGACAACACAGGAGCCTTCTATACTGTTCTCTGGTCCACCAAGGGCTATGAGGCTCACCCCTTGGATGGTGCTCAGAACCACAAGGAATACTGAAGAAGCCTTGCCTATGATTTCAGGTGGCATCAGACATTGGGCTAATTTTCAAGGTGTCTCTCCTTCCCAACAGGACAGTCGGAGTCTGGTTCTTTAATAAATAGCTATATGGATCTT,False
108,-86,-4.1626797,4.070512,0.99973434,-5.3860397,5.251744,0.99997604,-4.0399795,4.3447266,0.9997718,-4.9604683,4.9250913,0.9999491,0.7015799,-0.7985421,0.18240732,0.8363677,ENST00000568280.1,-86,CTAATTTTTTGTTGTTGTTGTTGTTGCGATAAGGTCTCGCTGTATTGTCCAGGCTGGTCTCAAACTCCTGAGCTCAAGCTATCCTCCTGCCTTGGGCTCCCAAAGTGCTAGGATTACAGGCATGAGCCACTGTGCCTGGCCTAGTATTGGTCATTAGTATTAGTAATCATTCCTAAATGTATATGTAAACATTTATTTCAGTGTTAAATATTGAAGTGTTTGGTCTTTATTTAGAAGTTTGATGTTGTGTTTTATGACCAGAAATATGCTGTGAACTTAATTCTTTCTTATAGCAGTTAGCCTATGGGAAAATTGGTTTTGTTCTACATTATTTTATTTAAAGTCATAATTTCCAAGATCCTATCAACTCCATTAAGTGAGGACTTACTGTACTGTAGCCTGAGGCTCATCTTAGTCTTCCCTCATCCCCCCTGCCTTTCCTTCACAGTCAGCCTGCATGGTGGTCTGAGGCCTTCCCCCCTACAGCCTCTCCCCTTTATCTTTCACGGTAATCACCCCTCATTACTCGTACTTCTAACTCCATCTTGAAAGCTGCTTCCTGGAAGATCCAAACGGACACAAGGAGGGACTGAAGGATTAGAATGAGGGAAGTAACCCATGCACTGCTTATTTGAGATGGGGAACCGAAGGACTTTGGCAGTTCCTACACAGAGACAGATGGCAGAGATGACAAGGTTTCTCAGAGAATGCGTGAGTAACTGGAATGGCTTTTCCTGATGACCCAGACAGCCTGCTCAAGAGCACACTGTTGCAGCTGCCCTCCTTGGATGGAACTATGGAATGATTTTTATTCTTCTACTTCCCAGGTGAATGGGAAACCAAGGACACAGTCAGCATTTAACAAAAAGGAATCTGCATCTCAGTCAGAACTGTATTGCATTTGCTTCTCTCTGGATTACCTTGAAGTTACTCCCCTTCCCTCAATAATAATGGCATTATGAAAAAAATTGGAATTGATCAAATGAAGTAAAGAGTAAACAGAGGAAAGACTACCCAAAGTCTGTTTTGCTTCAGTTCGGGGCTGATGATCTGGGGAGGAGGAGGTTGGGACATATTTGTGCTGCAAGGAACAATATTGTTTCATGCAGGGGAGGTGCATGACTAACAAAAGGGTTAACTGGATCCTATAAGCTATAGACAGCTTCTAGGCAGTGCCAACCTGTGCTGCATACCTGAACATTGTTGCTTCCCCCACGGAAGGTAATAAGCTGTGGAGCTGCACAGGCATTTTGTATTACTCGTTTCACTCATTGGCCTTGGTGCCTGCCAGAAATTGAGGTCGGGGGAAAGGCAGAAGTTCACACTCCTGGACCCAGTTTGGCCAGTCCAGGCAGCCTGCTCTTCACATCACTCCAGAGTTGGACCTGCCCAGAGTGGAACTAGAATAGGGTGTGGGTAGCACCTGCTTCCCCTCCCATAGATTAGTGCCCTAGACGGGTAGCTCTGGCAGAGGGGCTGCCAATAACCCAGAATCCAGCACAACGAAAGGCACTTCTGGCCCAGCTCTGACTAACCCCACTGTTCTTCCTTTCCCCAGCTTCTTTCAAGCTGGAATCAATCTGTTGTTCTTCGGACCTGAGGTCAACATGACTTTGATGAACGGAATTCATGTCTTCTTGCTAAAGTTATCTGGACACTTGGTACAACACAGAGTGTCTGATATCTGGGCCTGGGGAGACCTCAGAGGCCCTGGGGAGCCCAGAGACTTGTGGAGTGTCAGGGCAGCTCTCCTGCTGTGAATGCAAGCTCCCTGGGAAAGTTCTCCCTAGAAAAAGATGTGGGGGAGGAGCTCAGGTGAAGGACAGAGCCTCCTGCCCGTGGAGAGAAAGTGGGCCCTGGAGAAGCTGCATGAGTCCTCTCCAGCAGAAGGGCCAGAGGTGCACATTAGTGGGGCTCGGGTGGGTCTCATGGTGACATTGGCTGGAGATGCCAAATCCACAGGCGTTAGGCCTGGGCAGGTTCTAGTGTGCGAGTGGGCTAGTTTTTCTAGACTAGCACACAGGAAGAGGGTGGCCTGGCTTGCCTTCCCTCTGAAGCTCAGGACTGAGGCCCAGGACATGTCTCACACCATTGATATGAGTTGGGGACAGATGGGTGGCAGATGTGCCCAATCAGGCTGCATTGACACCTGACTGGCTGGAAGAAGAGCCTGTAAAGCAAAGAGCCCAGTCTTCCTGTAAGAAGGAAGAAGATGGAGGGCTCATCATGCACGTGGGCCAGAAAAAGTGCCAGTGAGGTTGTTCTGACTCCATAGGTGTTCTGGACATAATCTAGGCTGTCACAAAACAGCCAAGCCTGCTGCCAGTTTCCAATCTGGGATCTCAGGGAGGCCCAGGGGCTTGCTGAGTTCCACCTTCCCTCTTTCCCTTGGTTTGGAGACAACTTTCTCCCTGTGGTGAATGTGACACTTAGAACAAGGTGCAGCCCTACTAAAAGCTGGAGCTTAGGTCACTGGGACTGTGTGCTAGGGGAAAGAGGGGGAGGGAAGAGCAGGGCTGTGGCATTAGACAGACTTTGGCTGAAATCTTGGACCTGCCTCCTACTAGCTGTGAGATCTTAGCAAATTACTTCCTGCTATAGGCTAAATGTCTGTGTCCCCCTAAAATGCACATGTTAAATCCTGATGCCCAAGGTGATGGTATTTGGAAGCGGGGCCTTTGGGAGGTGATGAGGGTGGAATCCTCATGAATGGGATTAGTACCCTTATGTAACAAGGCCCCAGAGAGCTCCCTCACACCTTCCACCATGTAAGATTACAGGGGAAAGACAGGCCCTTCAGCAGACACTGAATCCACTGGCACCTTGATCTTGGACTTCCTAGCCTCCAGACTGTGAGTAATAAATGTCTATTGTTTATAAGCC,False
109,-761,-2.4109597,2.2844844,0.99094594,-1.1517706,1.137032,0.90794545,0.4586098,-0.09261784,0.36557963,-2.0674806,2.1188562,0.9850257,-1.1448752,0.9234043,0.8877817,0.8274557,ENST00000585065.1,-761,CTCATGCTTCCATAATAGTTCTGGGATAATTCTAAACACAAGCCATTTTTCTAAGGAGAGTCCACATTAGAGAGGTCTTTGTTTTGTATTCAAGATGATTAAAATTATGAACTGGGAAGTTAGTCCCTGGGGTGTCCTGGCTGGCCTTTGGAAATCTTCACTACATCTTTCTGGGTTGGAATTCTCACCACAGCCTGAACGTGGGGCTGTATCTGAGCTGTCTCTGAGTGCTGTCCATTTGATATATCGAGTACTGGGTGTTTACCAGGGCTCTTCAAGCCACTGGGAGAAACAGCTAAAGAGTAACCTACTGATTTGAGATGTGGATTTGTGCCCCATCCCTTTCTCCTTGTTTCCCACAGGAGTTTTATCTCAAACTCCTAAGCCATTTTTAAGGAGATCACTGGAACAAACTCCAAACCTACCCTCTAATAGTCAAGTTTACCTGAATTTTCTCAGTTCTCTCGGGAGAAGACTAATCACACATTGTAGTACCAACTTGGACTCTTCATGTGCTTTTCTTAACTGATTAGAGTTAACACCTCAGCTAAAGTGTATAGAACATACATGGGGCTTCATCAGGCTTCAGAATCAGTTTCACTAGATGTGCTATGTAGGAGGCCACGGAAAAATTACTGTAGTAGTAAAAGTTATCAGTTCTGATGTAAACAATCATTTTGTCCCATATTATAAATAAATTGGCCTGAAAATATCTTTTCATATGTGAGGAATAAGTATATGATGCCTTTCTCCTTTAAAGTATGAACTGCTAAAAGACAGGGATAACGTGTATTCTGTATTCCAGCAGCCACAGTGTGTTTCTGGTCTTTGTACCAGGTGCTCAGGAAGTGTTTTCACTGGCTTGGGTTGACTACTTGCCATCTGCTCTCTGAGCATTCATTTCTGAATGAAAGGGGAGAAAGTGAAAGGAGAGGTGGGAAGAAAGAGGAAGCTGCAGAAATACGAGGAAACAGCTGGAGGAGGGAGGTGAAGTTGAGGAGGTAAGGTCAGTAAAACAAAAAGCTAGCAGAGGGCAGGGTCAGGCCCTTGGGGTAGAGGGCTAATTAACTTCTGTCAGCTAGTTGAATAGAGCCTTGTGTGCTTTGTTAGAGACCAAAGGTACTTCAAAGGAAAAAAATCTAGATTCTTCCCTGTGTACCTTAATAATTGTTCATCAGGTCAAAATCTATCCTGTCCTCTAGGAATTCTGGTCTTCCCTCAGGCCTAGCAGAGAGCTTTCTGCCACTACTCAGGCAACCAAGGGTGAAGTGCTTCAAGTAGTATTTGTGGACAGCAGCAGGTAAGCTTGATGTGTTATTCACAGCTTAAAGAGTAGATGCTGAGTACAGCTGTTGTCCATGTGTAGAGCTTTTAATAACCAGCGCAGCAGGCCCCTTCACCTGCTTTTATGCCTGGACCAGATGACTGAATGTAGAACTTTAGGCACTTTTTTTTTTTTTTGAGACGGAGTCTCGGTTTGTTGCCCAGGCTGGAGTGCAGTGGCGCAATCTCGGCTCACTGCAAGCTCTGCCCCCCGGGTTCACGCCATTCTCTTGCCTCAGCCTCCCAAGTAGCTGGGACTACAGACTCCCACCACCATGCCCGGCTAATTTTTATATTTTTTAGTAGAGACAGGGTTTCACCGTGTTAGCCAGGATGGTCTCAATCTCCTGACCTGGTGATCCACCTGCCTTGGCCTCCCAAAGTGCTGGGATTACAGGTGTGAGCCACCAGATCGGCCCTTTAGGCACTTTCTACTTCTCAAGGTCAAGAAACATCCTTTAAAAAGTTAATTCCCTTTTCTGGAGCCTAAGCCAGATCTTATCTAGGCCTTGTGTTGCCATCTGTTAGCATTGATTTCTGGAATGGAGCAGCTTTCTCAAAGTTTGGTCTTGCTAGTCATGAGGTCATGTCAGTGTCTTAGGTCACTGCTGCTCACCTTCCTTACCCAGGGAGTATACTGCATAGGTTTCTGAACACCTGTTTTCATTATTCACTGTTCCTCTCACTGCCAAGAATGGAGGGACCCTCAGTTGAAGATCAAATTGACTCTGAAGAAAAACTGGAGATGTTTCTCTTGGAGTTTGGATAGAGTATTCACTTGATAACATGTTTTTCCCCTGCCTTGCTCTTCACAAGAACATCTGGCCAGGCATTAACAATTAGTAAATTTTTTTGCATATGAACAGTATTTTTCTGGTCATGTAGATGGGTGCACATGACACTAAACAGCATTGTTTAGTGTTATCCCTCTTAACTGGTGGGTTGTATTTGGGGTGGAGGCTGTAGCCGAGGAGAAGACATTCACCTCTGTACTCGAGAAACTTTGTGTAGGAATTTAGTTTATTTTTTTATTTTTTTTAATTTTTTATTTTTTACTACTTTTACTGTTAGCACAATGCTATAATTGAGCTAATCTTTGTAGTTTGGTGCAGGACCACCAAGTTTGTGTGACCCATTACCTACTTTTTCCATGCTCAGCCATTACCCTGTCCTGGGGCATCTGAGGGCAGTAAGGAACAGGTGTCCAAAGGAGGAATGTTGGTGCCTATGAGTATGTTTTCCAGTTGTATTGAATTTCTTACTTGGTGTATTTTTGACTTGTCTTAGTTTCTTTCCTTGTGGTCTATGCTATTTTACTTGCGATTTGTTGGATATTCTCCCTGTCATTAAAGAGTTGTAAAATGGAAGTTAGTTTCTCTATGCAAATGCTTTAATGGATGAAGCTGATAGGTTTAGCATTGATTTTTGCTGGTGTCCTTCAACAAGCATGAAGGTGATAAATGTGTTTCCATGGCTTTAGACTCATTTTTGAAGTCTTGGATTGTGTGAACATTCTTAGAAACAATAAAATGTTTTAATTAAAAGCCCTCGACTACCAGCTGAATTCAGTGTCTACTAGGAAAATGGGTAGATTTGTTACATTGTCCCTTTGCTCTCTATGACTTTGTTCCAGTTGTCAAGGAACTTAAATGGGTATTCAGGAAAAAGAATTCTTGTTTCCCTTTCCTCACCTTGCCAGTTAAATAACTCCTGGTGACACTTCAGGTGGTAGAATTGAAACACAAACCTGACTTCTGACCACATGGGTCAAAGGCAAAAGGCAAATGGCTTCAAAGCCCTTAGTGTGCTTATCCAGTTCAGGCAGTGAGGAGATAACCTCTGCTTTCCTCCCTGAGGAGTTTGGAGTATTTAAGGGGGGATGGGGGGGGTGTCACTTTGAAAATATGTTGCTTTTTCTCCTGATTGTATTGAGGCTGATATGGAAGGGTTATTTCTTTCTGGCCAATACTTTTTGGTATTTCTAAATATTGCAATCTTGATTTTTACTATTAAATTTGTTAATTGTCAGTTCTGGCTTTTTTGCATAAAGAGTTGGTCCATTAACTTGCCAATTTGAAGCTTCTAACTAGATATTCCCTACTGAAAGTTTTGGATTTGTTTTTAGTTTGTGGAGCAGTCTTAGCTGGGGACAGGTAATTGACAACGGCAGAGATACTTTCTTTTCCTAGGATTCTAAGTCTGTAATCCACATCCTCAATGTATTCACAGGACTTTAAAATTCTCTCCAAATGAGGAAGGAAATATCCTGTTGCTTTCTAATGTTTACTAAAAGTTGTGTTTAGAACAACAGATTTTAATAGGCATCTTCCTTTGTTATGTGTCATTAGCCCTTTGCCCGTTTACCTTAGGGCTCTTTGAAGGAGAAATGGATGGGAGAAAACCTGTCACTTGGCGAAAGTAAAAGGGATAATTAACTGGCTCAGAGCTTATGTGCAGAGTTCCAAGCCCCAAAGTTAATCTAGAACCACTCGATAACACCAATAAAAATATTTATTTCACATCTGTTATATATCTGGAAAATGTTCTAAGCATCTTACACATATTTCTCATTAAATCCACAGGTGACCATTGTGAGGTAGATATTTTGTTCTAATTTTCCAGATGAGGAAGCTGAGACCCTAAAAGGCTGACCGGTTCCCTGATGTGTTACCTGCTTCTGCTACTGATCCAAACTGCAGAACTTCTCATTCATCCCCAAGGCCTCCAGGCAGTATCCAATGGGGAATCAGCTCTAAAAGGAACCAGACCAACGTTTTCCAGCCCCTTCATTCTGGTGACTGAGGGGAGGAAAGAATGGGAGGGGGTATTCTTGTCTAGTGGATGGAAAGGAAACACACTGTCAAATTACTATATCTCCTTGGTTTTCTATTACAGTAGAATTCTCCAGCCATATTTTTATTGTCTATGGGGGAAGTTGGAGATGGTGACCTTGATTAGAAGTGTCTGGAGGGGGATAAATGGAGGGGATAAGATTCAGTTGGTTTTGGAAAATGTTAAAGTCTTAAAATAATGCGTCCATCTGAAGAATTTTTTCTAAAACCAGAGTTTATAAAAATATCACTGATACAGCCTGCCCCCTCATTTCCCTGCCACAGGAGATGTCTTGGACTAGAGACACTTGTTTAATAATAGCTTGTCTCTGATATTCCCAGTAGCTTCCCTCTGTGTGAGGAAAGGATAGAAATGTTCAGGACATCATCATACAGGCTCCTCATCTACAAAGTTCCAGTAGCAGTGACGCCTACACGGAAGACTTGGAACTGCAAACAGGCTGGGGTCACCTCAGTGACATCTGACGCTGTCCAACCAGAAGTTCGATTTTTGTTCTGGGGGTGAAGGAGGAAACAGACTGTACTAAAGGACTAAAATAATTTGTCT,False
110,-38,-2.7657878,2.5587533,0.99515307,-3.3041863,2.9705637,0.99812025,-2.0905914,2.7397952,0.9920798,-4.102719,3.8873947,0.9996613,0.7353531,-1.1631331,0.1302799,0.8230589,ENST00000416099.1,-38,TTGGATTTAAGACAAAAAGCAAGTCCCCCATGAGTGTCCACTTCTTTGCCCTGCCCTCTCAGCTTGTGAGACAACACAGGAGCCTTCTATAGTATGTTGATATGCTAGATCTGTGCCGTTAATAGGCATCGTCTCTCAGCCTGAGGGAGGCTGGATTCTGGGTTCCTGTAGTCACAGGGAGGAAAAGCTTTCTTAAAAATGGACATGTATGTGCGTGTGAGTGTGTGTGTAGATTTATAGTTTTTGGTAGTGGCAGGAATAAAAAAAATCCATCCTACATCTTCCCTAAGCACTGCCTCTCTCTCACCCCCCAAAACAAGTTGACGAAAGGGTTTTATGTAGCTGTCTATGAGGAATTGGCCGTGTCTGGGTGGGTTATGGGATGTGGGCATCCCTGGGTTCTTGGAAGCAGCTCTTATGCTACTCATAGAGATGGGATTGACTTTATTTTTTTATAGTGCTTAATTCACCATTATGAGAAATGCTTCCAGTCACAAAAATGCAGCCCAGCTCACTCTGAGGAAGAAGCAGGACTTGCTGTTCTCTGGTCCACCAAGGGCTATGAGGCTCACCCCTTGGATGGTGCTCAGAACCACAAGGAATACTGAAGAAGCCTTGCCTATGATTTCAGGTGGCATCAGACATTGGGCTAATTTTCAAGGTGTCTCTCCTTCCCAACAGGACAGTCGGAGTCTGGTTCTTTAATAAATAGCTATATGGATC,False
111,-102,-5.1500998,4.9249096,0.9999579,-4.85629,4.746514,0.9999324,-1.6456583,2.0264263,0.9752069,-7.525942,7.3574076,0.99999964,0.8087684,-1.1585729,0.12267474,0.8195543,ENST00000537616.1,-102,GGTTTGGCTTGAAATGTCATATTTCAGAATGTGCATAGAGGCCAGGGGTGGTGGATCACACCTGTGATCCACCTGCCTCGGCCTCCCAAAGTGTTGAGATTACAGGCATGAGCCACTGCACCTGGCCTGCTCAGTGACTTCTAACATTGCTGCTGTACCTGGGTAAATACTTCCAGTCATATTTAAGCGGGCTTGGAGTTGGCAAAATCTCTGAGAGAGACATCTTCGGAAAGCCTCCATGCTGGACTTAGTGGATAAAGTTTCCAATGTCCAGATATTTTCAGCTGGTTTCTCCTTGGTATAGGATTTCTTCTGCATTCTACCCTGCACATCTTAATGATAACCCTCATATTTTGGCTAAGCATTTGACTCCCCTTTAGAATTGTTCTAACTTGTTTTTAACAGATGTCTACAAGAGATTCCCACCAGGATCCTGCCCATGCAATCTTTGAGACTTTAAACTCACTCCAGCTGGAAATAGGAACCAACTTAACCCAAGAGACTTTGGTTCACATTTAACCAGTACTTTCCTGAATGCCTCTCCTAAGTAAATGGCTCTAGTTTCTCTATTGGCCACTGCACTGCCACTAGGATTCCTGCAAGGGATCCGATGGGCCCAGAGCAGGTAGCCAACCACTTCTCTGTTGGATGGAATGCAATGCTGTTTGCCAGCATGTTTGAGCCAGTCCTTCAAGATGGATTCTGAGTGACTAACTGGACCTAAATTTAAATAGCACAAAGCAGCCATTTGCTAACTAGATTTCATACAAATGCTCTGAGTTCCTGGAAAACCCACACTCCTTAACTTTGGGACTTTCAAGACTCACCTAAATCAATCAATTAAAGCTCACTTGTGTCAGCTAATCAGGGATCAGCTGTATTGACTAATGAAAACTAAGCGAGTTTCAAATTTTAACCATTTATTTGTGTAGAAGACTTGATTGGGAGCCTGGGTATGAATACTTGCTATAAAATCTGAGCATTCCCTTTGTTCTCTGGAGCAAACAATGTTAAGTTGTTAACTCTCTGTACCTTTCTCTAGAACTGGATGGAAACAACTCCATCTGAAATGCAGCCCTAATACCAGGGAACTCCTACAGTAAAGCGCTAAACAACTTTATTACTCTAACCAACGTTTATGTCCCTAATCAGCAAGAAGTAGTTAGAATGGTCATCATCCCTTTCCCTCAAGATTGAGGAATGGACATAAAAAGGAGGGGATTTGTAACTGCTCCAGACTGATCTGTTGTCAGAAAGGGGCTCTTGAACCAGACCATGAAAGAGGGTTCTTGGATCTCCTGCAGGAAGGAATTCAAGGAGAGTCACAGAGTGTAGAGAGAATAGACAGTTTATTGAAAGCTACTCAGTTACAGAGTAGGGCATCCTCCAAAAGCAGGAGGAGGAATGTGCTGTCTTTGTTTTAAACTCTTCTTTTATAGGGGTTTAATCTATGTAAAACCTAAGCTATGTCTACATGTGGGTAGGCTGTCAGTGTGACAAAATTTAGTATTTTGTTGATATAAAGAAACTTATCCTTGTCATCTTAGTGCATAAGTACATCAAAGTATGACTTTAGCTACCTTAAAAGCATGTATTGTTATGTGATATTGGGACATCTGGACATTCTGCTGTCGTAGGAGTTTGTCCTTGCAGCATTACTAAATCGCTTCCTTAGCTGTAAACATCTTATAATCGTAGGTCATAACTGTCAAGGAAGTGCCTTGCTAGTTTTTAGATGGAGTTGATTTTAAAATAGTGTCACTCTGGCTTTCCTATGCTCCTGCTTTCCTAACAAATCTGGTTCAACTTTTTTTTTTTTTATTCAACATAATCTTTTTTTTCCATGCTACCTCATTTACAGAGTGCTTCCTATAGATATGGTTGGTCTGTATGTTTCATTTTTCAGCTTTGATTCTTATTTTTTTGAATCACACATGCTTTATGGGGGCTTCCACTACCATGAGCCATATTTTCTGTATTACCAGCAAGATGTTTGGGTTTGTTTTTTGTTTTCTTTATATTTCAAATTTTATTTTAGATTTAGGAAGTACGTGTGCAGGTTTGTTAACATGGGTGTATTGCATGACGCTGATCTTACAATACCAATGATCCCATCACTCAGGTAGTGAGCATAATATCCAATAGGTAGTTTTTCAGAACTTGCCTTATCTTCCCTCTCTCCCTGCTCTCTTAATTCGAAGCCTATTTTTCCTATCTTTATGTCCACATGTTTCCAGCATTTAGCTCCCACTTATACGTGAGAGTATGTGGTATTTGTTTTTCTGTGTCTGCATTAATTTACTTAGGATGATGGCTTCCAGCTGCATCTTTTGTTGCAAAGGACATGACTTTGTTCTTTTTTATGACTGTGTAGTATTCCATGGTGTATATGTACCACATTTTCTTTATCCAGAACACTGTTGATAGGCATCTACATTGATTCCATGTCTTGGCTATTGTGAATAGTGCAGCAATAAACATGCATGGTTCAACTTTTATGGTAACAAA,False
112,-1199,-2.3347638,2.2806375,0.99019885,-0.18453705,0.14381847,0.5813592,-1.1257364,1.329961,0.92097706,-1.602354,1.6040096,0.96107304,-0.26551813,0.2821893,0.6336035,0.8174423,ENST00000444482.1,-1199,TTTTTTTTGTTTTTGAGATGAAGTCTTGCTCTTGTCACCCAGGCTGGAGTGCAATGGTGTGATCTCGGCTCACTGCAACCTCGACCTCCCGGGTTCAAGTGATCCGTCTGCCTCGGCCTCCCAAAGTGCTGGGATTACAGGCGTGAGCCACCGCGCCCGGCCATTCCTTAATGTTTAACACCCAGTGCATATTCAGATTTTCCCAGTTGTCCGCAGGATGTCTTTTATAGCTGCTTTCTTCAAACCAGGATCTATTCGGAGACCACACATTGCATTTGATTTTTATGTCTTTTGAGCCTTTTAAAATTTAGAGCAGTTCCCTATAACCCCTTCTTTTGTTTGTTTTATGAAATTGGCTTGTTGAACTTCACAAAACACGAGTTGGGGTCATGCCAACTGTACCGTTAGTGATTAGTTTACATATAGGGAAAATAATTTGTGAATGTTGGTC,False
113,-550,-0.12920055,0.0683136,0.5492186,-2.6027617,2.0849068,0.99087596,0.06554595,0.27742386,0.5527722,-2.0207493,2.0228217,0.98276746,-3.1599216,3.121928,0.9981336,0.81475365,ENST00000420503.1,-550,GGTTCCCGCGCGGCGCTCCAAAGCTCGGGGAGTGGTGGTCTCCCTTTCCTGGAGTCATTTGTGGGAGTTAGGGTCTTATCCTGATCTTTCCTCGTCCCCCGCTCCCCCGTCCTCCGAGGTGGCAGCTGCATCGGGGGTCATACTACACATCGATCGGGACCTTAGTCATGTTGTGATATGGACAGCTTTCTTACCAGTACTCATAAGCCTGCTTCATTTTTTACGTGGCGGCACCACTGAGTGGTTGACGAAGTCTGGAACGTTTTTTCTTAGAGTTCCAGAATTGAGACTGAAGTGTACCCAGAGACACAAAGAAATACAGAAGTCCAGAATGATCAAATGAGATCACTACCCAATGAAATGATGGGCCGAGGAGCCAGAAGTTGTCCTACTACCTGCTTTCCAGGTCCAGATTCCACGAGAGCCTTCTGGGCTCCCACCAGAGACCCTCAGTGAAGACTCTGTTGAAGACTTTAAGACCATGCTAGAAAGCCTCCCGGCAGAGGTTCAGGAAGTTCTGCTATGAGGATGCAGCTGGCCCCAGGGATGTCCTCAGGCATCTCTAGGACCTTGCTGGACGGTGGTGGCTGAGACCTGATATCCACACAAAGGAGCAGACTGTGGAAATGCTGGTGCAGGAGCAATTCCAGGCTGTCCTGCCCGAGGAGCTCAGAGCTCAAGCACAGAGATGTCAGCCTGGAATCAGAATCACTGGCTAAGTCTTGCTGCTTGCTTCTTGCTCAGCCTGCATATGAGAAGTCAACCAAGCAT,False
114,-78,-1.421484,1.2579274,0.9358008,-0.7145234,0.6515213,0.79674035,0.41535345,-0.05216956,0.38520268,-1.8468989,1.6681921,0.9711141,-2.0446558,1.7767694,0.9785726,0.8134861,ENST00000564352.1,-78,AGCAGACATTTTCAAAGGCTTCTCTCCCCTTCTTCTCCTCTCTCTGTCCCCCATGCGGAAAGGGGAAAATAGAAGTAGAATCCAGATTGGGGCGCGTGGCTGATTTGGTCCTCCTCCCGCACCATCCTCCCCCAGACAGCAGAGAAACTTTGATGTCTGGGTGCATGGCATTCAGGGACAGAGGAGCCTGGGCATCCCAGCAAATGCAGCCGCATGTTCCGCCTCTGGACGGCCTCTCTGAACTCCTTTGTGAGGGGAGATGAAGCCCACAGAGCTGGAAAGAGCAGCGTTTTGAAATGAGGAAGTGTGGATCGGCATTCCTTGAGCTCAGTGCTAGCCACCTTGGCGATGGGGTGAGCCAACCAGGAGCTCAGATTTATAAAACTTTTGAGCTTTGTGGGCCCTAGGGGGCCACTGTGGCCTACCTGCTGATTTTCAGATGGGGAAATGGGGGCTCAGAGAGGGGACAAGATTTGCTTAATGGCACCTAGCAAATTGGTAACAGGTCCAGGAGTAGATTCCATGCCTTCAGCCTCTGGTGAGACGTCTTTCCTCTGCACCAGGAAGTGGAACTTCAAACAGCACCAGGGGTTGGAACTTTTGTTTCAAATCCTCTCTGCCTCATCCCCACCCACTGCCCAGCAACTCAAGGCTGGGTCTTTCGCCCCCTCAGGCTCAGAAGGGCTGTGGCCCAGCCACAGAGCCAGGGGGCCTCCTCAGTAGTATTGGCCTTCACACTCTTGGTGCTAAAGTTCTCCAGTTACTTTTTTATTAAACCAACATGTACAGAAAAACTCAGTTTTCGGCTGGGCACAGTGGCTCACACCTGTAATCCCAGCACTTTGGGAGGCCGAGGCAGGCAGATCACTTGAGGTCAGGAGTTCGAGACCAGCCTGGCCAACATGGTGAAACCCTGTCTCTACAAAAATACAAAAATTAGCTGGGCGTGGAGGCGCGTGCCTGTAGTCCCTGCTAGTCAAGAGGGTGAGGCAGGAGAATCGCTTGAACCTGGGAAGCCGAAGTAGCAGTGAGCCGAGATCGCGCCACTGCACTCCAGCCTGGGTGATAGAGCTGGAGGGAAACCCTGATACCACTTCTGGGTCCAGATGGCTGTGGCTGGAATGCGGCCACAGCCAGGAACAGCGTGGTACGGATACCAGTGGGGCTCTGGTCTTTTCCCAGAGGCTGGCACCTTTCATGCCGAGTTGGGCCTCGGGTCTCGGGGCTCTAGGCCCTGCTGTGCCAGTGGCCTGATGTGTGGCCTTATATGCCAGTCACACCCTGCTCCAGACCTCGGTTTCCTCATCCACAAAATGGGAAAGCTGGGCTAGAAAATCTCTCAGGAAGGTAGGTCTCTGCTAGCTCCCAGCCTTCCATGGCAGTGCAAAGGGAACCTTCCCAACAAAGTAAGAGCCAAAGGCTAAGATGGCAGTCTGTGGTTTGTAGAACCTTCTAGAAGACCACGAGACTTGGTAAGCTGAGCTTCTAAGTGGTCCAGGATGCAGGGCTGGTGTCACAGGTGTGTGACCAGTAGAGCTACACAGGGCTTTGTGCCCAGAAGGGCCCCACGCTTGGGAAATAAGGCTCTGCAGTCACTGTCTTCAAATTCTTAATAATTTTATCTTTGTCACTGTGTTTTGTAAGTGAAGTCCAATGGGACAGTGGAATGTGAACTGGGAGCATGGAGCCTCCCATCTCCCTGCGTCCAGGATCTGCTTCTCAGCTGCTTGCTCCTCTGCCCCCACAGCTCCAGCTCCAGCTCCACTCACCTTCTACCTCCCTGCCTCCCACCCAGCAACCACTGCCAACCTGCCCCCAACCTGGGCACAGGCACACCCTGTGGGGGAGGGGGACAAGCACACCCCACAGCATCTCAGAGTGGGGCATGGTGGCAGCAGTCCCCATCCTGCACTGGCAGCCCAGGGCACATTTCATGTGGGACTCTGCGGGGGTGAGCCTCTAGCCCCCCCCAGATCCAGTACCTCGTGTGTCCTGGTACAAAATTTGTAGTGCCCCGGGGGCTGCCCATCTGCTATGGGTTGGGGCAGGGGCCTGTGGGAGGATGCCTGGCTCAACCTCCTGCCCTAGGCCTGGAGCACAACATGTGGGCCCAGCAGCTCACAGGAAAGGGAGCCAGAAGATGGGTTCAAGTGTTTGTGTGTTCCCCAAGTCACCAGGGTGCCTGTGGGGGTCTGCACTCCCCCAGGAGAACCCTCATGTCTAGGGAGCACTCCATGGGGTCATCTCCATGCCTGAGAGGACCCTCTCTTCCTTCTTTCAACCTTCCGGAGCCCAGCTTGTCTCTTCCGGCCAGGTCAAGGTATCCTCCTGAGAGAACCGTGAAATACAGTGTGCCGCTTTGATAATTCCACATGCATGTTCAATATTCGGATATTTCCAGTTAAAACTGGCATTGCACAATATAAAAAGGAATGGTAAAAGTCATGCTAATAATTTAAAATTTTGACTTTACTTAGAATGGTATTAACTAGCAAATTTAAAACACCATGACAAATTGAAAGTGAGACTGGGGAAGAAAGCAAAAAGCATGTTTTCTGACTGTTTGAACAAGGGGCCCCACATTTTCGTTTTGTAGTGGGTCCTGAAAATTATGTAGCCAGTCCTGCCTGGTGAGCCACCTACCCTCTTGGGCATTTAGTTGTCTATCAGTAAACTAGATCATTAACACTGCGCCTGCCCCTCCTGCTCACGGGCACGTTAGGAACATGCGCTTGGATAAAATCCAAGCCAGAGATTTAGAAACCAGTGTGTGGTGCCAGCTCTCAGCCTTGGAACCACAAGCCCATTTTTCTTAAAAAGGGATCTGGACTGGCATCCAAAGAGATTTCAGTCCCCTCATATAGGTTTAACCACCATGGGCAAGGCAGTCTCTCTCCCAGGTATTCCTCTCACTAGGTGCTCTGCTCTAGAAATGAAGTCTAAAAGCAGCCCCATCAATACAGAACAGAGTTAGAACCACCCGGAGAGATTTAATCTGGAATCCCAGCAAGTTGTGAAATGGAAAGACTAGTCGGCCAGAGAGCTGAGGTCTCACAGTGTGCAAAGACCAGTCCTCAGTATCTGCACCCATCCATTTGAGTTTCAGGTGAAGCCTAGGATTTGGGAGCTCAATACAAAGATGCCAGCATGAAGGAGGGTGGGTGCCAACTAGGTTTGGATTTAGAGACATCCTCCTTTTGGGAAAGGAAAATATCCTGATTCCACTTAGGTTTCCAGGAAGAAGGCATCCCCATTTCAGAACAGTTTTCTAAGCCACCCTCATGGAGGTTTCACCTGCAGCTTTCAGTCTGCTTTGTCTGATGTTTGAGGATGCAACTGCCCAAAAATGGGTCTAAAGTAGCATCCCGTCACGTTCTGTAAAAAGTAATACTGCTTTAAGGTAACACTTATGGAATGAATGAATGCATGAATGAATGAGTCAGTTTGGATGAAGTTGCCTCAAATAGAGTCTAAATATAAGATTTCATACTCGATAGTGTCATTTCAGGATCAGGAAAAATTAGGTGACTCCCATTTGGTTTCTACAGCTTTTCCCCAATATCATGTTAAAGTTTTGGCTTTTATCTTATTTCACTTATTTCATTTTGAGTCATGTCTTCTGGCTCCAGCTCAGCTTCCTAGAGATAATTCATTAGGCCCGAGAGCTGCTCCAGAGTGGGATTAGAACCCGTGTAGTACATAGTCACATTAAACTGAGATCGGCTAATTAATCGCTCTTCTCCGTGTAACTGAGCGATCGCGCTCCTTCCCCGAGGAATTGCAATTTCATGGTTCCTAATGATGGTGCGATTACATTATGTGGATCACTTAGGCTGTGGGTGTCAGGAGCGGTACTTGGAGCCTCTCTCGGTGGGGATGGGAGAAGTCACTTCTAAAACCGGGGAGATGGAGGAAAGCAGTTAGAATGTCTGTTACTAATTTTTGTTAACGTGCTGCTGTTTCCTACATCTCATTCAGGCATTAGTTTCAAGTTCCATTTTCCCCCAGCACCGTGTGGCACCTTCCCCAGAACCCTCACATTTTTTTTCTAATATTCACAGGGTTATTGTTTGTAAAAAATCTATTTATTTGCTTTATTCCATCAAGTAATTTATTTTCATGAGATTTCTTGGAAATGTGGCTCTACATATCGTTAGTACAAGTAATACATTTTGATTGTTGTTTCCTGGAATAACTTGTATTATTTGATGAGTTAAATAAAATGCCTAATTCTAAA,False
115,-472,-3.9562964,3.866127,0.9995995,-4.5656505,4.613034,0.99989676,1.5767688,-1.2242252,0.057270493,-6.963159,6.9087152,0.99999905,-3.113069,2.868505,0.9974815,0.8108495,ENST00000499653.1,-472,ACAAGCCATTTGCTCCCATACTTAGTTTCTCTCAATTTCTGTGGCAGAATTGAATATTCTTAAATGACACAGCAAAAACATCACAGTACTCAGAATAGTGTAGGCAGTGTGAGTTTCCCCCAGGATGTTCAAAGTTATTGGAAGAGCAAATGGAAAAAAATAACACGCGTAACTGAAAGATCTCAAGGAGTAAGAGGATTCTGCATCTTCATATGGACTTTATGGCATATTGTATTTTCCAAAAATGGCCACAACAATATTTCTGGTACCATATGCTGTTCCAGAACTTGGATACACCTCCCCTTAAAAGGTGGTGTCTAATGCACTTCCCTTTGCATATAGGCCATCAATATTAACTTTTGTTTGTTTGTTTGTTTGTTTGTTTGTTTGAGACAGAGTCTCGCTCGGGCACCAGGCTGGAGTGCAGTGGCACGGTCTCGGCTTACTACAACCTCCGCCTTCCGGATTCAAGTGATTCTGCTGCCTCAGCCTCCCGAATAGCTGGGATTACAGTGTTTCAGAATCACCTGGGATGATCTGCATGAAGATTCCTGGCCTCCACCAAAGACTTACTGAATCAGAAAGGAGGCAAGAGGATGAGGAATGCTTAAGAATCTGCATTAACAAACTTTACAAATGAATCTTACAACATACAGAAGCATGGAAACTACTGCCTCAAGGGATTATCTCAACTTGAGTTTAAACATAGGAATTGCTGACTACCTTTAAAATGTAAAAATAGTATCTTTATGGGAGGGATGTTGTTTGGGGGCAGCTACTAAATAGTGAAATCATTCCTTTAAAATACCCTCTCAAGTCTGCCCCAGTTATCCATTTTACTGGATAGTCTTGGTATCCAGATGATTTAGGGAAAAAAATAGTAGTAGCAAACTCTGAAAACACTCAGTAAAGTTCATTCTTGGTCTTCTCTTCCTAAATTTGTTTTCAATTGTTAGATTTAAACACTAAACAAGACCAAAAGAGAACTTTATTTTACATGTCTTTATTTTACATTTAGAACCGTTTTATGATTTACTTAAAAAAAAAATCTTTTACTATTATTAGAAGTATTTTTTAACCAAAATCTTGATTTAGGAAGACTTAAGACATTGTGCATTATTTTAAATATTTTCATTTCAGTAACTATTAAAAATAAATTCACAATTAGGGTTTCAAATGTCCTAATCATATCTAGTTTGTTCTCATTTAATATTTTATCAATCCCATCATGTGCATACAGAGGTTAAGGTGATGTATAAATTTTATATCTTTCAAACACATTGATGCTAATCAGCTCTTGATCTAATTACTATTTCATTTATTCAGAAATAGCATTTAGACATAAAAACCAATGTCTCACTTTGTAAAATAACCTTTGGCTAATTTACACACATCTAATACAGCGTGTTATATAAGTTTTAAGTAATACAATGAGTCACTACTATCATTCAGTTTTAAATATTTTTAGTGTTAACAGGGCTGAGAATATCATGTGGTTCAGTCTTCTGAAGGAAGTTATATAATAAAAGCATAGTGCCTTTGAACATGAAGACTATCCTCAAGGCCAGAAATCCTACAAAGGAACTGAAAGGAGAGATTCCAGAGAATTGCTCTCCTCATTTTTAATATGTAAAGTGACTGTTTTAAGTCACTTCATTGAAGACTTAAGGAAGAAAACAGTGTTATTATGCCACTGAATAAAGCTACTTAAACCAGAGTAATTTTGGGATATTAATCCTAGGCTACATAATTAATAGGTCATCAAAACAAAAACCTGTCAGTTATTAGGTGTAAGTTAACTTCCTATGCCAAGTAAGGGGTCACACTTCACTTCCCCCATTTGTAAAATGAAAAGGTGGCCAGGCCAGTGCCATTTAGGATTCTCTGCTAACTGTAAAATGTGGACTGATTTTCTTCTGTTTCTTATAGTCCAGGTGTATATAAACTTCCAGTTCTTTAAGTCAAAATTTTTATGCACATAACCATGTCAGTGTATTGCCCTTAGTTTAAAAATGTACAACTACATAAATAAAAACTATTGTTTCTTC,False
116,-499,-1.9058192,1.8905053,0.97803986,-1.1855999,1.0104167,0.89989126,-0.2477214,0.323596,0.6390671,-6.534775,6.415427,0.9999976,-0.12644327,0.014671266,0.5352202,0.8104432,ENST00000574212.1,-499,TTTTTTTAATATTTAATTGAACAGGGAGATCATCGCCTCTCCTCCAGGAACGCAACTAGAGGAAAGGACTTGCCTTGCAGCAAGAGAGACCTCAGCGAGCCGGGAAGAGGCTCCTCCCCACAGAACTGGGCACCACCCAGCACTGCCCACCACACCACCGCGCCACCTCCTCACCTGCAGCTTGTGGACTTTGTCATTGAGCTCCGCCCGGGCCCGCTCCCCATCGCTGCACTTGGACTGCAGCTCCTGCACCTGCGCCTCCAGCTTCTTCTTCTTATGTTCCACCTCCTGCTTGGCCTGGCCCAGGACCCGCAGCTCCCCGGCCAGACCCTGACCTGTAGTAATTTGAGGCTGCTGATGTCACTCTTATGTGTCATCACCAAAAAGCATCACCAAAAAGCATTACCCTCTTGAACTGCTCAAGCTGCTCTGTGAGCTCCTCCACCGCCTGTGCGTGTTTCTGCCTCATCTCCTGGACCTGAGCCTCATGGGACCGCGTCTCTTCATCCAGGGCCTTCTTCAGCACCGTCACCTCCTGCTCCCTCTTGGCCCTTGGTGGGAGGAACACAGTGAATGGCAGTTGGGTGGAGACAGAGGGTCATCTCAGTGCCGTGCAAAAGAATGAGAGCTCTTCCAGGACCCAGAGCTGCAGTCCTCATCACCACCCCTCTCTAGCTGTGTGACCTTGGGTCATTCACCTAACATCTCTGGACCTAAAATTTCCTCAGCTGCAAAATGTGGAGCATATCACCTGCCTAGGACATCTGTAATGACTGGCAAACAAATACACAAAGTAATAGAATTGAAAGGATGTCTGTGAACTGCAAAATTTTGCT,False
117,-421,-6.699072,6.7259836,0.99999857,1.2421163,-1.5330585,0.058680516,-5.4751134,5.3295765,0.99997973,-4.2837634,3.8718102,0.9997129,-2.7489219,2.3166497,0.99372923,0.8104202,ENST00000508713.1,-421,GCTTTTGGTGTTTTAGCCATGAAGTCTTTGCCTATGCCTATGTCCTGAATGGTATTGCCTAGGTTTTCTTCTAGGGTTTTTATGGTTTTAGGTCTTACGTTTAAGTCTTTAATCCATATTGAGTTAATTTTTGTATAAGGTATAAGGAAGGGGTCCAGTTTCAGTTTTCTGCACATGGCTAGCTAGTTTTCCCAATACCATTTATTAAATAGGGAATCCTTTCCCCATTGCTTGTTTTCGTCAGGTTTGTCAAAGATCAAGTGGTTATAGATGTGTGGTGTTATTTCTGAGGCCTCTGTTCTGTTCCATTGGTCTATATACAGAACACTTTCATCACCCCAAAAAGAAACCCTTTAGCAATCTCTCCCCATTTCCTTCCACTCTTCCCCCCGGCCTTTTTTTTTTTTTTTTTTTTTGAGGCAGAGTCTCACTCTGTCGCCCAGGCTGGAGTGCAGTGGCACAATCTCGGCTCACTGCAAACTCTGCCTCCCGGGTTCACGCCATTCTCCTGCCTCAGCTTCCCGAGTAGCTGGGACTACAGATGCCTGCCACCATGCTCAGCTAATTTTTTTATTTTTAGTGGAGACGGGGTTTCACCGTGTTAGCCAGGATGGTCTTGATCTCCTGACCTGATGATCCGCCCACCTCAGCCTCTCAGAGTGCTGGGATTACAGGCGTGAGCCATCGCGCCCGGCCTCTTCCCCACCATTAATCTACTCTGTCTCTATAGATTTGTCTGTTCTGGACATTTTGTATAAATGGAACCATACAATATTTGGTCTTTTGTTACATGCTTCTTTCACTTAGCTTGATATTTCCAGGGTTCATCTATGTTGTAGCATGTATCAATACTTTATTCCTTCCTATTGCCAAATAATATTCCATTGTGGATATACCACGTTTTAGTTATCCTTTCATTGGTTGATGGGCATTTAGGTTGTTTCTACTTTATGGCTATTAGGAATAATGAATAATGGCTGTTATAAACATTTGTATAAAATAGACTCCATCCTGGAGGAATGGCATGTGAATACAGGGTGAGAGGAATTGGTGACCGTCTGTGCAAACAGTCCACCACATTCTGCCCTTTGCTCTCAACAATTTACATCCCCCTCATATGCAAAATATATCCACCCCCTTCCACCACCACTAGATGTCTCATCCAATAATTACATCAGCTTGAAATCCAGAATATTATCATCTAGGTAGTCTATATGTAGGTAAGGCCTCTAACCTGCCATACTGGTCCATATACCCTAACTTTGTTCATGCTGCTTCCTTTACTTCCCACCTCTCATTCCCACTCTGCCACAACCTACCCTACACATCTCTGGCGATCAAAAGAAAATATCTCTTCTTCCTTGAAGCTTTTGCTTACCTATACTATACCTCCAGTAGAATTTACCACTCCTATTTGCTTCAACTGCACCCTATACAGACTTCTTTCAGAGCCCTTCTTCTTGCTCCAGATTCAATAGTGTCTACCTTATGTACAGTCCATTTTAGCTTTTTTATGTCTGAATTCAATCAACCTTGCTCTTAGTGTTTAGGCTTTCACTGTTTGTTTTGGTCAAGACTCTTAAGGCTACAAGTGATAGAACCTTAGCCTTAGATATTAACCAGCAACGGAGGTTCACCAGACATCTGAGTAAAGAAAGCCTCCAAGATAAAAGATGATGATCCAAACAGAAAAAAGGGATTCTGAGGGAACAAACATTGCAGGGAGAAGAAAACCCTCCTACCAGAAAGTGGGGGAATCCTCTAATACTCTTTTTTTTTTTTTTTTTTTTTTTGACGGAGTCTTGCTCTGTCATCCAGGCTGGAGTGCAGTGGCGCAATCTCGGGTCACTGCAACCTCCGCCTCCCAGGTTCAAGTGATTCTCCTGTCTCAGCCTCCCGAGTAGCTGGGATTACAGGCATACGCCACCAAGCCCAGCTAATTTTTGTATTTTTAGTAGAAATGGGATTTCACTGTATTGGCCAGGCTGGTCTCAAACTCCTGACCTCAGGTGATTCACCCTCCTCGGCCTCCTAAAGTGCAGGGATTACAAGCATGAGTCACTGCGCCTGGCCTGCTAATATTCTTAAGTTATACTGAAGATAAATCTTATTGAAATAAGAGCAGTGGTACTGTATAAAATGAACTCTGGAAACAAAAGCACTTAGCAAAGAACAATGTGAAACTGATCTCACCCTAAGGATTAGATCCAAAAGGTCCATTTGGCAGCCAGATCTTGCCAGAGCAGAATTTAAGGCATTTGCCATAGGTGGAAGGTTGATGTATGTTTTGGTTATCTATTGTTACGTCACAAACCACCCCCAATCTTAGAGGTTCCATAATTTGGACAGGGCTTGAGCAGAAAGATTGATTCATCTCTGCTCCTTGTTGGCACCTACTGAGGCTGGAACGTAGATAATGATAAGCAATTTGCTGGGTTGGATTTGTACACTTTCTACCGTCCAATATGATCCATCAACTTTCTTCTTGGCTTTGTATTATGTCCAAAAGGGTACTCTTGGATTGACTTACACTTGCAATACAGAGAAAGAAGCCATTTGGTTTGGCCAGTGCTTTAGAAGGGAGAAAGGGGTGGGAGCATGATGTCCAACTGCTGGGAGGGGTCAGGAGGCACCTACATGCTAGTATTTCTGTGTGCATTCCAAACCAGTGTTGGGTTTCTCCACTTCTACTGGCTTTGTTTGATCTTATTGTCCTTGAAGATTTGATTAACTTCAACCCTATTCTGTCAGCTGTTTCAGTTCCAATGGAACCTTGTAATTCTGGCTCATTATAACAAGAAATTATCTCAAATCCAAAAAGAAAAAAAAATCACGTCTGGTATTTCAGCTGACATGATTGAAACAGCGTAGGGTTGGTTGTCTCTGTCCCTCTGCATGGTCTCTCAGTGCTGCTGTCACAGCATGAGAGTTTCAGAGTAGGTGGGTTTTTTCCATGTTACAATGCAAGAATGGAATCTGCCAGGCCTTCCTGCACATGTACCCCTGAACATAAAATAAAAGCCTT,False
118,-1167,-4.6509533,4.6319427,0.999907,1.2752873,-1.5167106,0.057758134,-3.4380658,3.6396842,0.9991571,-3.4153314,3.4404576,0.9989478,-2.6782017,2.5526593,0.9946795,0.81008995,ENST00000518128.5,-1167,CGCCTTGCAGTTTGATCTCAGACTGCTGTGCTAGCAATCAGCGAGACTCCGTGGGCGTAGGACCCTCCGAGCCAGTGAGATGAACCCGGTACCTCAGATGGAAATGCAGAAATCACCCGTCTTCTGCGTCGCTCACGCTGGGAGCTGTAGACCGGAGCTGTTCCTGTTCGGCCATCTTGGCTCCTCCCTCAGGTATCCTTCAGAAAGCCTGGGCAATAAACCGAAGGCTCCTAAAAAGAGCAAAGTGTCTGGTGAGTCAAGCAGAATCTCAAAGCTGAACTAAATTTGGTGAATCTGGACTTTGCCAGCCCTGAAGAAGAATAAGCATGAAGGAACTCTTCAAGTAGCTAGTGCATTTGTGTTGCTGTCAGCAAAATAGCCAGTTGGAGAGCTATGCTGTTCTCCACTAAAAGAATTGTAGAACCATTGGGCTTTAATAGATTTGAAAGACTGTATAATTGAATTTATAATCATCTGGCTTAGAAAATATGCAAAATCACATTCATAGTGAGCAGATGAGTTATGGTATCCGTGGACAATTCTGATAGGAAATATTGGTTATATCTGGTGAAACCCATGATAAACCAAAGGCACGTTAAGGGCAGATGGTTGGAGTTGGGGTATGAGTGTTGGTCATACGGTGGAGGGGAAAAGAGTAGGATGTTAGGATCATGCAGAAATTATGTGGTTGCCCTACAGAAATGATAAGCCATAAAGTTCTACTCTGGCCAGTGTTTTAAGTCGATGCTAGAAAAGAAAAACAATAGTGGCACAGGGGTTGGTTATTTGTTTTCCACAGGCCAAGAATATGTCAAAATAAAGCCCAATAGGATGTATATTCAGTGGTCAAGTAGACTGAGAGATGTTAACACACTTATTCATGGCATCATTTCAGATTTTGCCTATAGTAGGCATTCAAAAGATGTTTGTTAAATTTTATAAATAAACAAAAGCTATATCAGCATGGCCTTTTTCTAATCCAAAACCTGGGCACACAGCCAGGATAAACTTAAGCTGTCCAAAAGCCATGTGCGCTCTCGCCAGAATCATCAATTCTCTCCAGTCATTTCACTATGAAGAAGGCCTGGATGAACTTAATGGGAAAGTCCCATTAGCTGCCACTCTTGGATTGCATATCTACGTATCCTTCAGATTTCATGTCCCTGATATATTTGTGTTCTTGCTAGTCCTGATTTTAAATTATTGCTTTTCCTTTTAATATTGTTCTGATTTATTTTTATATGTTACTCAATATTCTTTAATGACAGCAAATAATGATAAAAATAATAGCTGCCATGGCCTATTGAGGCTTCCTATGACAGAAACTCTTCTAAGATAAAATTTCATCCTCATGACAACTCATAACCTTTGAGAAAGTTTCCATAGATTTCTATTTTACTACTAAAAATACTGTGGTTTAGTGAGATTATGCAATTAACTCAAATTCACAAAGATAGGAAATGCTTCAGCTGGGATGCAAACCTCTATCTAAGAGAAAAACCCGATTTCCTCATTGCTATATATACCATTAATTTGGAGCAAAGCAGAATCACTTAAAAATCCTTTTAAGTGATGATTAAATAAATCATCAATTGTTAAACAATGATTAGATTCCTAATTATTTTCAGTCATTTGTTTACCACTAAATATAACAATAGTAGTAATAATAATAATGATAACCCATCTGCCTGTGTTCTTAAGTGTCTTATATATTAGTTGTGGAAATAAGACATATATGATGAACTGTTAAAAACTATAGAAGAGAATTTATACCTAAATATGTTCATGTATTAAGTAGTACAAGAAAGTCATCTGGAAATTTTAAAATGAAAGGAAATCTGCAAATATTAAGTCAACTGGGCATTTCTTTTCAGGAAATGAAAATTAAGCTGAATCTGAAGGGTGCTAAGAACAAAATTGATGGAGGTGAAGACAGAGACTTCTACATAAAGGAAATAGTTAGAAATTAAGCACAGAGACAAAAATAAAAGACAGTGTTTTGTAGGGGCAGAGTGATTGGGCATAGCCAAGAAACAGGATATATTAAGTAGATTGATAATAAGGTTTAAATGCTTCAAAAGTTCTAAGCTTAGATGCTTGGAAACAAAATTTGACCAAGAATTTGGGTAATAAATTTGAAGAATAAAATGAGAAGCTTAATTTGCATGTGTTCAGTTTAAAATGATATCCGGTTGGAAATACCAAATTGTAGAGCTGGAGACATTGTACTGGGAATTGAGTAATGGTCAGGATTTATTACACTGGGACAGAAGAGACCAACACATAGAATACACTGAAGGTCAGGTTCTGTCCAGAAACCACTCAACACCAGAGCATTAATGAATATGTGAATAAGTAAGTGCATCTTCTTAGCTCAGGCATGGAAACTGATTTAAAATGTAAGAAGTCTGTATGGATGGGAGAAAGAAGTGGAAATCAATTTAAGGGAAAAAAAGCAAAATCAGAATATACAATCTCTCTTCTGAGGCCCTAGTCATATGTTGCTAACTATAGAGGAGTCATTAGATAAAAGTGTGTACATTTGGAAGCAAACAAAGACTGCATCCCATGAGATTTCAGAAGCTATGATTATTATAAAGAGCAATAGACTCTCAAAAATACTCTTAAAATACTATACATAAAAATAGCTAGTATTTAAAGGCTCATAAAATTCTTGAACAGGTATTAGCCATTTAAGAAGTGATGGTAGAAAGAGAAATGTATAGGTCAGAGAACAGTCCTTGGAAAATGAAAGGAGTTAGGAAGTAAAAGAAAGAAAATCAAGGGAAATAAATGAAAGAATGACAGAG,True
119,-75,0.7290641,-0.9328553,0.15950452,-1.5733565,1.4775892,0.9548233,-2.749231,2.7955537,0.9961074,-3.9868908,4.000786,0.9996605,-1.4304203,1.2796955,0.937621,0.8095433,ENST00000594818.1,-75,GAAGAAAAGAGGTACAGAACACCCAGAGGTGCCCTCGATTCCGTCTTGCACTTGCCCTTCTCCCACCGTCCAGCAATAAAGCGAGAGAAACAAGTGCAGGAAACTGGCCGGCAGTCATGGGAGAAGCCAAAAAGACAGGAGTTCAGTGGCATGACCAGGGCTCACTGCAACCTTGATCTGGGCTCAAGTGATCCTCCTACCTCAGCTTCCTGAGTAGCTAGGACCACAGCCCTGGCTCCTGTGGCTAGAGCCCTGGTGCCCACAGCTCAACCTGGACCTGTCCACCCTTGAAGGGCTCATGATGCAGCATCAGGGAGTCCCAGATCGAGCCGCTGACACCTCCAAGTCGGCTGCAGCTGTGCATCCGCTCAGACCACAAGACTCAATGGAGGATGCTGACCTCTCTTTGTTCTCCCAACGAGTACTAGGCAAGGAGGGAAGGAAG,False
120,-468,-4.593362,4.558369,0.999894,1.2590162,-1.5054458,0.059275072,-3.7932587,3.987947,0.9995827,-3.8228278,3.8428895,0.9995316,-2.07729,1.9685335,0.98280555,0.8082178,ENST00000522914.1,-468,CTTGCAGTTTGATCTCAGACTGCTGTGCTAGCAATCAGCGAGACTCCGTGGGCGTAGGACCCTCCGAGCCAGTGAGATGAACCCGGTACCTCAGATGGAAATGCAGAAATCACCCGTCTTCTGCGTCGCTCACGCTGGGAGCTGTAGACCGGAGCTGTTCCTGTTCGGCCATCTTGGCTCCTCCCTCAGGATGAAATTATGAATTTTTAAAATCTAAAAAATAAGAGAAGGAAGAAGGAATTGACTTCCAATGTTTTGCTAAAAAGATTATTCATGATGATCCAAGAGCACATCCACCCCTCACAATCACCATCACCACCTAGTCGGGTCCTCTATTCCTCCAACTAGGGCCAAGCATGGAAATGGCCAGGGCTGGAGTAAGTGATTCTGTATTTGTCTAAACATGTGTCTGGTCATTCCACGAAGAAAATGCAAATAATTTCAGGAATCATCA,True
121,-416,-1.4811102,1.495168,0.9514909,-3.4993868,3.2529538,0.99883324,1.1326392,-0.7562036,0.13137646,-1.6434298,1.7183619,0.96648884,-2.1580782,2.1598446,0.9868477,0.80700743,ENST00000502041.2,-416,ACAGACGGTCTTTACAAGCGACTCGTGGGCGTCAATACTGGGCTGAGTTTGTGGCGCGCTTAGTGATGGGATGGCCCTGTGCAGGACGCCGACACGAAAAGATGAAGAGTTCAATCCGTGCTGTCTGAACTCACAGTGTAGCAGGCGAGATAGACGGGAAGATCGGTAGGGTGGGAGATGCCGGAAAGGCTTCCCGTGAGACTGGATAAGAAATCAAAAATCTGGTGAAATTGCCGGCAAGAGGGAGTTAAGGACATTCCAGGCAGAGGCAAGTCCAGATTCCTAAGATGAGGACACAGCATCCTGGGCCACTGTCACTAATACAAATTTGCCTCTGGAGGGACTCTACGGAAGATAATTCCCCTGAAATTTGGAGAGTTGAATTAAGCTAGGACTGATTCTGGCTGGAATTTGTGGTGGCTACGTACCCTAGAGGGCCTCAAGGAAACCCACGGTTCAAGACAGCCCTGACAGATTCTGGAGTCTAGAACAGAAATGGATTTGAACATGGGCAAGGCCAACCACCCAGTTCACGGCCTGTGTACAGCAAAGATTACGTTACAGCCTGAGAGCTAAGCCTGGAAGCTCTTTCATCCATCCGTTTGTCCATCTATCCATCCATCTGCTCATCCATCCCTCCATCTGCTCAACAAACGTTAGAGAATCAATCCTTGTGTCAGATACTGGGGCTGCCCTCAAGGAGCTTTTATAGAGTTCAGGGTACAGCCAGGTGGGGGAGACAGATCACTATAAAAACCTACCACTATAATCCAAAGGACAAGAGCAAAAATAGTAAAGAGGAGAGAAGACCCAAATTTGCCTGGTGGGTCAGAGAGGGCTTTCTAGAAGAGGTAAAAAATCTTCGGGGCTATCACTTCACCTTGCCTGGTGGATAAAGGGAGGACTTTCCAGATACAGTGGACAGAATGTGCAGAGGCAGGAGCCATGAGTGGCAGAGGCAGGGGAGGGACTGCAGAGACAGGTTGGAGCCAAAGCACGTGGCACTGGAGCCATAGCCAAAGGAACAAACTGTGAGACCTGGGACTTGAATTTGGAGGTGGTGAAAAGTGACAAGGTCTTCACAGAAGAGTGATTTTTTCAACTTAGGGAAGGCTGACCCCAGACCAATGCTGCCAAAGTGTGGTCTGTGGGCTGTTAGCAGTTCGTGACGATGTAAGTACAGGAATTGAGATTAAGCATTTAGAACACCTACAGCACTTTGATAGTCATTTTACTTTTTAAATTTTGAGCTGGCATTTTATATGCCTGGTTTTTTTTTGTTTTTGTTTTTTTATTTTTTTTGAGACAGTCTCGCTCTGTCGCCCAGGCTGGAGTGCAGTGGCGCGATCTCTGCTCACTGCAAGCTCCGCCTCCCGGGTTCACGCCATTCTCCTGCCTCATCCTCCCAAGTAGCTGGGACTGCAGGCGCCTGCCGCCTCGCCCAGCTAATTTTTTGTATTTTTAATAGAGACGGGGTTTCACCATGTTAGCCAGGATGGTCTCAATCTCCTGATCTCGTGATCTGCCCGCCTTGGCCTCCCAAAATGCTGGGATTACAGGTGTGAGCCACCACGCCCAGCCTTATTCTCTTTTTCTAATAGTTGCACTTTATCATATTTTACAAATGTGTGAGTCTGCTATGGATTAGAAATTAATAAGAGATTTTGCCACAGATAGTTTGAGAAGCCCAGCACTGCCACTCAACAAATGCTGGTGCATTCAGATGGTGAAATATTCTGCAGCTATTAAAGGAGTTAAAACTGCCTCCACTTACCTGGAGGCCCATCTGTGACACCTTTTTAGGTTAAAAGGAAAAGAAAAACTTGCTTAGGACTGAATATGAGCGGTTGCAATTTGTAACAATGATGTATATATACATATACATTTTCATGTATTTGTATGAACATAAAAGTATTGAAGGATATTCATCAAACTGCTAAAAGGGTTGCTTCAGAGTAACGGACTCGGAGAAGGCAGATTAATTTTCTCTTAATGGAACTCTGTATTGTATCACTTGTAAAAATAAGCATGTGTTATCTTTATGATAAAAAAGTAAAAACCTAAAAAAG,False
122,-219,-4.5755377,4.4473677,0.99987936,-2.6406856,2.4043102,0.9935998,-3.39087,3.706963,0.9991738,-3.537311,3.4485176,0.9990759,1.3860513,-1.7864299,0.040214542,0.8063887,ENST00000582348.1,-219,ACACCTCCCAAAATGCAGAGAAGGCAGGGTGGCTAGGAATGGCTCTAGTAGAATTCTCCCCTTATCTTGTCTGGAAACAAGGGGCAAAGAGCTATCTATTTCCTCCTGCCAGCCTCCTGCCCCCAACAGGATTCCTCACATCCCAGGACCAGCTGGAAAAGGTGGTGAGAGTTGGAAAGAGACTGCTCAGTGAGGACTGCCCTGCGAACCAGCTTGGATTCATCCCGTTCACCTCCACGTTCTGCACTCGGGGCCGAGGGAAGGGAGGCAGCCCAGGCAGCTAGAGAACTTGATGAAACACACTCAATCTGAATCTCGCTTGATCGTCATGCTGACCCAGTGAGGCCTCTCCAGCCCCTGCTGGGACCACTGGCCCAGGAGGAAGTCTGGGCTCTGGCTGCCACCTGCTTCCTCTCAGGAGTTCTTCTCCCTCCCAAGCATGGATTTGCATTTCCCCCTCTGCCTTCTGCTACTCAAGCCCCCAGGGATGAGGTGACAGTTAACCCCCCACTTCCTGCTAGTGGCCCCAGAGCGCTCACTTCCTTCCAGTCTACTCAG,True
123,-108,-4.266833,4.167923,0.99978286,-4.973278,4.810744,0.9999436,-4.850474,5.406061,0.99996483,-4.629222,4.2364063,0.99985886,1.828215,-2.2308028,0.01697292,0.8033047,ENST00000562691.2,-108,CTAATAGAGTGGTATAAATCAAATGCTATTGGTATACAAAAGGACAAATTTTGTCAGCCAAGTGTATGGGTATCTTCAAAGAGCACAGGTGCCATCTGTTCTGAGCTAATGACCCATTGAAGAAGGCCACACCAAATTTGGGGGAAAAGCAGCATAAACAAATGCCAGAGTATTTTCCAGGCAGGTTGTATTTGGAGAATCTCCTAATGTTGTATATTTAATTTGTCCTTTGTCCAAGAATAATGCAATGAACTAGGCAACTAGTTGAATAAAAATTGAAACCAAGTTCAAACAAGCCTATTGAAAAATGGGCAAAAGACTGGAAAAACATGGCCAATAAGCGTAAGAAGAGATGTTCAGCTTGATCAGTCATCAAGAAACTACAAATCAAGACCACACTGAGGCTGGGTGTGGTGGCTCATGCCTGTAATCCCAGCACTTTGGGAGGCTGAAGTGGGCAAATCACTTGGACAGGAGTTCAAGACCAGCCTGGGCAACATGGTGAAACCCTGTCTCTACTAAAAATACAAAAAGTTAGCTGGGCATGGTGGTACACACCTGTAATCCCTGTTACTCGGGGGCTGAGGCACAAGAATCACTTGAACTCTGGAGAGAGAGGTTGCAGTGAGCCGACATCAGCCACTGCACTCAAGACTCTCGATCTCTCTCTCTCAAAAAAAAAAAAAAAAGACCACAATGAAATACAACTTTGGACTCAGTAGACTGACAAAAATTAACAAATGTTACACAGAATCTCTTATATTGCTGGTAGGAGTATAAATTGTTTCAATTATTTTTGAAACTAAGGGTTTGCATTATCTTGTGAAGTTTAAGATAGATTCACATATATGCTCAAGCAGCAATTCCACCTCTGGGTATTTACCTAAAGGAAATGATAGCATGAATGCCCCAGGAGACATGGTCATTAAAGTTCTTAGTAGAACTGCTCACAATAGCAACAACAAACCAAATGCCCATTGACGAGAGTGGATGAATAAATTACAGTGAAATATTTTGCAGTCAAAATTAACAGATAAATCCAATATGACTTAACAGTGGTTTACAGCGAATGTTTTGTTTCTCTGCTGACACATCAATACTTGTGTCTTCATATGTTTAGCATTTTTATTCTGAACTTATATGTGGTTGAAGGTCATCTGTGGGAGTCAGAAACTAAATTGAGCATGCTGCCTCCAGAGAGAATTAGCATTTGCTTGTTTTTTTCGGGTAACATACTGCTATGGACTGGGGCCACTTTAGCCCTGTTTGAGTATCCTAGGCTATTAGTAGAGTCAACTTTTACTTCTTACAGCTTATTCCCAAGGCTTATTCTCCAGTGTAACCCTAGATTTATTTTTTATTATTTTTATCTTTTTTAAGATTCAAGGGATACACATGCAGGTTTGTTACATGAGTATTGCATAATGCTGAGGTTCAGGCTTCTGATGACCCCATCACCCAAGTAGCAAACATAGTACCCGATAGGTAGTTTTTTAGTTTTTCAACCCTTGCCCCACTCCCTCCCTTCCCATGAATCCCCAGTGTTAGAAATGCTTGTTCCCCAGTGCCGTAAAGAAATAGCACTTGAACATAAATTTAATTTCTTCAGCAAGGCCATTTTTACTTTCTGCAGAAAGGGTACACTCACTAGCAGTTTTGTCACCAGAGTACACAGAACAAAGGAGACAGGGTCATTTATAACCTGATGCGTCCACACTACTGCTGTGTCTGATTTCCACTGGCTGGAACGGGACCTCACATTCTGTATTTGTCCTGATTGGCTAGCAACTTAGAACCTTTTAAAAGAGGCAAAGGCAGAGGAGAACAAAGGAAGGAGGAAGTAACTTGTGGAATGCTGAGAAAGGTAAAAACACCTTCAAATAAGGAAGAGGAACAGGCTATGACCTAATGCTTGCTTGGACCAGTATAAGCATGCCAGGGCAAATATTTAGGCTAAATTGTGGGAGATAACATAAAGTACATTGATTTCTTTATTACAGATAGCAGATATTTAAGAATGTTGGCACAGGTCTTTGAATAAATTTTGCTTCTAAGGAAAGTTACTGTTTATTCCTAATTAGATGGGGAAGAAAGTCTTTGAAGAGGAACGTCTACTTTTTTTTTTTACACCAGTGTCTATTGTTCCTATCTTTGTGTCCATGTGTACACAATGTTGAGTTCCAACTTACAAGTGAGGACATGCAGTATTTGTTTTTCTATTTCTGCATTAATTTGATTAGGCTAATGGCCTCCAGCTACATCCATGTTGCTGCAAAGGACAGGATTTCATTCTTTTTAATGGCTGTATAGTATTCCGTGGTGTATATGTACCACATTTTCTTTATCTAGTCCACCATTGATGGGTACCTGGGTTGATTCCATGCCTTTGCTATTGTGAATGGTGTTGTGGTAAACATGAGTGCAGGTGTCTTTTTGGTAGAACGATTTATTTTCCTCTGAGTATATACCCAGTATGGGATTGCTGGGTAAATAATAATTCCATTTTTAGCTCTTTGAGAAATCTCCAAACAGCTTTCCACATAGGCTGAACTAATTTGCATTCCCACCAACAGTGTGTAATTGTTCCCATTTCTCAACCCTGGAAGGGTTATTCAGATAGTGTTTGCCAGACTGCTGGAAGTGTATTTCACTAACTATAGTTTGATTCATATGTCTTCCGTGACTTATCTGTAAATTCCTTGAAAGAAGGAACTTCTGACCTAAAATTTTGAATAAAACATTAAAGTTTTAGGGAAATTTGGCTGGGTGCAGTAGCTCATGCCTGTAATCTCAGCACTTTGGGAGGCCAAGGTGGGAGGATTGCTTGAGCCCAGAAGTTCAAGAACAGCATGGGCAACATAGTGAGACCGCCATCTCAAAAATAACAAATAAAATAAAGTTTTGGGGAAAATTCTTATATATTTAGATACTATGGTAACGTTTTAATAAAATAAACTGAGTTGCTTTTCATGTATTTCTGTTTTCTAAAAATTATGTGCTATATTAATTACCTGTTCCTGCCCTGGAGATGATGTTTGGTTATATTTTCAGGTTCTTTCACTATTTTTATTTTTGTCTGTTTGGACTTACAACTTTTATCTATGTTAAATCTGGTATTTATACTTCCCTTTAAAGCCATATATTTTATCAAAAAATTATTAGAGAAAATTTATACTCACATGGTATTTTCTAATATTAAAAACTCCTTAAAAAAACTCATGTCTGTCACCTTGCTCATTTCCTTTTTTTATTTTTTGAGACAGAGTTTCCCTATTGTCACCCAGGATGGAGTACAGTGGCACGATCTCGGCTCACTGCAACCTCCACCTCCCGGGTTCAAGCTATTCTCCTGCCTCAGCCTCCTGAGTAGCTGGGCTGGCAGGCGCCCACCACCATGCCCGGCTAATTTTTGTACTTTTAGTAGAGACGAGGTTTCGCCATGTTGGCCAGGCTGGTCTCAAACTCCTGACCTCTGGTGATCCGCCCACCTGTTGAGTGCTGGGATACAGGCATGAGCCACCACGCCCGGCCCACCTTGCTCATTTCTAATTTTGTTTTATCTTCTGATTATATTTTTTCAGAAATTTGTCTGTTAGTTTCTTCAAGAAATTATCAATTTATCCTTTTAGAAATGTTTAATAATTTCTATTGTTATTTCTTATATTCTAACCTTTTTTAATTTTTATGTTTTTGTTTTTGTTTTTTTGCATTTCTTCTTTTCTCCTCAGTTCATTTTCGATTCTTTGTTTTTAAAATAACACCATTGGCCTGGCGTGGTGGCGCCACCTGAAATCCCAGCATTTTGAGAGTTTGAGATGGGTGGATCACTTGAGCCCAGGAGTTCGAGACTAGCTTGGGCAACATGGTGAAACCCTGTCTCTACCAAAAAAATACAAAAACTAGCAGGACATGGTGGCATGTGCCTGTAGTCCCAGCTACTTGGGAGGCTGAGGTAGGATAATGACTTGAGCCCGGGAGGTCAAGGCTGCAGTGAGCCACTGCACTCTAGCCTGGGTGACAAGGCAAGACCCTGTCTCAAAAATTAAATTAATTAAATAACACCATAATTTATGGGTGTGTATTTATTTATAGCTTTAGCCACATATAAACTCTTAAAATGTTATAGTGTATTTTATTACTTCTAAGTAACCTATGATTTTATTTTTACTTCATCTTAACTCACTTATTGAAGAGGTTAATATTTTAGGTAGTTGAAATGTTTTCCTGTTTTAATTGTCAGTATTAATTTCTAGTTATAAATTTGGACTAAAGAATGTGACCTGAGCAATTTCTTCATTTTGGATATTACTGAAGTTTTATTTGTGACCAATATTTGAAACCATTTCATGGTTCCTGAACAAGAAAGCATGGTATGTGCTTCAAAATACAACATTCAACTTATAGCTGTATTCAGTGTTGTTAATTGTATTTTGAAAGTAAAAACTAACCATTGGTTTTTGTCTACCTGATATATATGTGCCTGATAGTATCTTGTTGTCCCCTGCTATGTTTTTGTTTCTGTCAATGTATCATATTTTAAATCATAGTTATTTTATAAAATGTGATTGTGAGTTATTATTTAAACCATGCCTTCTTTAGAGGTTGGACCTTTTATCAGTGTGAATAACTCTTTTTGTCCCTTGGATATCAATTAAATTGAATTCTAATTTTTTTTTTTAACCTTACCTCAGGTGCTGTTTGGCTCCTGCAGCCAAATACACTGATGATTTAATTAAAATGTTTATCTCCCCCAAATTTTAAGAACTTTATTTGGGTTATTTGGAATAATGTATAAAATATCTATATAGATTATTATATAATTCAGGGGGAAGCAAATTATCAGAACAATTTCATGTTATACAAATAACATCAGAAAAATATCTTAAATTATATGGCATATTCTATTGATTCATCCACAAATTTATAAGTCCTTACCACCTTTCATTATATTGGTACTAGGCATTATAGTAGTGCTAGGCACTATAGTAATGCTGGGGTATAAACAAGAATAAAACAAAATAAGTTCCTTATTTCAGGTAACTTACAGTATAGGTCAGTGGTTCTTAGCTTGCTTTTTAATTATGAATTCCTTTGAAAGTCTAGTAAAATAATCCAACACCATTATTCCCCATTGCACATACCCCCAGATGTTTTAGACATATTTTCAATTGCTCCATGGACCTTAAGAAAACTTGGTTGGTGTGCAGTTTGGTGTATTATGGGTAAGACTGGACCTGGTGTTAGAAAATCTGCATTTGAGGCTTTGTTCTGACAGTGTCTAGTGTAAACATGGGCAGACCACTTAAACCTCTCTTTAGTCTTCTCTGTAGAATGATGATAATACCATCTAATTAGCAGGATTGTTGTTTTATTCAGTGAGACAGCATATGTAAATAACTTAGTAAAATAAAAAGCAACGTGTTTATAA,False
124,-912,-5.6999674,5.5197177,0.99998665,-3.2254171,2.9767215,0.997979,-3.5768936,3.660686,0.99928147,-3.2608793,3.0837932,0.998247,1.8242747,-2.0719469,0.019913916,0.80308163,ENST00000451070.1,-912,TTAATTTGCTCACATTCATTATAATCCATTATTTAATACATTTTTCTTCCATTTGATCATATTACTTGCTGATAGGAAGGACTGAGTTCATTTTCAGCGTGTCTGGCTTTTCCATTTCTGTGGCCTGGGAAGGTGGGTGGCTACATCATCATCCATGGTCTCTGAAATATCCTGTGTTACCAAGGCCTGCTTGTTCCACCAAACTGCTCCATAGGCAGTTGTGACACCCAGAAAGATGCTGATATGGTTTGGCTGTGTCCCCACCCAAATCTCATCTTGAATTGTAGTTCCCATAATCCCCAGGTGTCTGGGAGGGGCCCAGTGGGAGGTAATTGAGACATGGGGGCGGGTTTTCCCATGCTGTTCTTGTGATAGTGAATAAGTCCCAAGAGATTCTGATGGTTTTATAAACAGGAATTTCCCTGCACAGGCTCTCTTGCCTGCCACCATGTAAGACCTGCCTCTGCTCCTCCTTCACCTTCCGCCATGATTGTGAGGCCACCCCAGCCATGTGGAACTGGACGCCTGCTGGCCACACATCACCATGAGGATGCACTTGACTGAATCTGGAAGAATCCCAGGGCTGTGGAAGATTTTGG,False
125,-367,-2.7507176,2.6674485,0.9955843,0.954044,-1.0338625,0.12047852,-2.0981915,2.1559916,0.9859942,-1.626833,1.7815578,0.9679657,-1.4430524,1.3800862,0.94391346,0.8027872,ENST00000475197.1,-367,TGAGTAGGGGGCCTGCAGTGTGCTGTGACGCCTGGGAAGGGGATTCTAAGCCATTTCCCATCAGCCGTTTACTAAGTAGCCTGGGGATCTTGTTAAAATGCAGATCCTGATAGATTAGGGCTGGGGTGCTGCCCAAGATTCTACATTTCTAAGAGTCCCTGGATGACGGTGGCATTCACAGACCACAGCTTCTATGTGAGGGAGAGCAGTTGGGTTTCTGTCTGCCTGCCGCACCTGATCAGTAGTTAGTGCCTGCATGTGTGGCGGCCAGAATTTTACTTGGGGAGACGCTCGGCTCCTAGCACCCTCTGTGGTAGGGGTTTTCCAGAGTGTGGGCATTACCCCAACTGTCTCTGCAGACGGCTTCCTGCATGTTTCCCACAAGCGCTCAGATGGCTGAATTGGCAAGTCTGTGGTGCTGCTCTTTGGGGCCACCTCGTTCTTTGCCTTTCCCTCCCCTTAGCGATGTGTCCCATCCGTTGCCTACAGTCAAGTCAGTCCACATGTTTAGGCTAAGGTGGGCATGACCGAGTGGCCTTCCCCCGGGAAGACCAGTGTCGTAACTGGAATTAAGTTGTGGAACATAAGAGTCAAGGCTCGTGTCTGCTGTGAACTGGAGTTGAGGGAATGTTTGGGGATCCCACCTGGTATCAGTAAGGGAACCATGGCGACGGCCAGCCTTGCCCATGTGAGGCATTTGCTTTGTCAGGCCTTCTCAGTAGTGGAGAAGGGAGGAAGGAGAATGCAGCTCTTTCAGTGCTGTCTAGCAGTGCCCAAGAGCCGTGATTGGGCACCTCACTTAACGTCTAACTTCAGATTCACTCTTGGGCATTCCTGTCTTCCTCTCCAATCTTGAATGGATGTTGGCTTCGATAATGTCATCCTGAAGTTTCTTTGTCCACACAGCCCTGGCTGGTTGTTAATAAGCTGTTAATGCAGCCTTGCACTCAGGAAGCCCTGATGTTTAAAGGAACTGTGTCTTTGTTCTTCCTCTCTTCCCTCTTTCTCTTAGTCCCACTTTATCTCTTCTTTCTCTTCCTCTCCCTCCTCCTTTTCCCCTCTCCCTCCTACTCTCCCCCTTTCTCTCCTCCTTCTCTAAGAAACCCAGTCTTAATTCCACACAATGCATGCACATGCAGTAGCTTCTCTGCTTGAGTGAGCTGGTGTGATTAGGTTTTCTAAACATGCACATTGGCCTTGCTACTTGTCCTTTTATTCCCTTCCCACAGACCATAAACCAAGAATTATTTTTATTTGTATTATTTTGATTTTTTTAAAGTAAAATATTAACTTTTCCTCTTTGAAATAAATTCCCATTTGGAACATCA,False
126,-218,-3.8956068,3.730855,0.9995129,-2.2311888,2.0451164,0.98629653,-2.964742,3.2790666,0.99806136,-3.3796017,3.3088882,0.9987564,1.7122608,-2.0664828,0.022340862,0.8009936,ENST00000583841.1,-218,AGACCTCGCAGGAGGAAGCAGCAGTATCTGTGTTCCAAATCCTGCCCAGCCCCCAGGCAGCCATGGTATCTTCTCAGCTGGCTCGAGGGCACACCTCCCAAAATGCAGAGAAGGCAGGGTGGCTAGGAATGGCTCTAGTAGAATTCTCCCCTTATCTTGTCTGGAAACAAGGGGCAAAGAGCTATCTATTTCCTCCTGCCAGCCTCCTGCCCCCAACAGGATTCCTCACATCCCAGGACCAGCTGGAAAAGGTGGTGAGAGTTGGAAAGAGACTGCTCAGTGAGGACTGCCCTGCGAACCAGCTTGGATTCATCCCGTTCACCTCCACGTTCTGCACTCGGGGCCGAGGGAAGGGAGGCAGCCCAGGCAGCTAGAGAACTTGATGAAACACACTCAATCTGAATCTCGCTTGATCGTCATGCTGACCCAGTGAGGGTTGTGAAAATCTATGGAGGCACAATGGTTCAGCTATTCCACCTTATCCAGAGAGTTGAAACTCCACCACAGAGCTCTCCAAAGTGGCACATGGTGCTGTGCAGACTCCACCGCTGCTGCCAGTACCAGTCCTGTGCGTCCAAAGCCTGCCTGCAGGGTAGCCATCAGCAGCCAGGGCCAGAGGGCAGCCAGCTGCAGCTGGTGGCCACCACTCATGCTACCAGCTGCAGCAATGCACTTCAACCATACATACTGCTTCCACTAGCTAATACCAAATGCAGGTTCTCAGATCCAGACAAATGGAGGAAAAGAACATTTATGCTTCCGTTTCAGAAAGCCAAGTCGTAGTTTTGGCCCTTCCTTTCTCTAAAGTTTATTCCCAAAAACAGGTAGCATTCCTGATTG,True
127,-217,-3.4841497,3.41471,0.998992,-4.5493855,4.37166,0.9998665,-3.2643516,3.6692624,0.99902654,-3.0213253,2.9949832,0.9975673,3.8113928,-4.2236686,0.00032379993,0.79915524,ENST00000579003.1,-217,GGAGCACAGGGCGAGCTCTCCTCCGCCCTGCAGCCTCAGGTAAGGATCCGGACCTTCACTGCTGCCCCAACTGGGGCTCCTCAGCTCGGGGCCTCTAGGGGCTTGGGCTGCTGGTCTGGGTGGAGGCGCGTTGGGGGTGTCGAGGAGCTTGGGTGCAAGCCCCATGCGGGAAGCTCAGGGCAAAGCGCCTTGAAACCCTCTCTAGTGAAGGAAGGTAAAATGGCTCCGGGACCCCAGGCGGGGAAAGAGGTGTCCAAGGAGGAGGGCTGGAGAGTAAGGCGGGGATGGCAGAGGGTACGCAGAGGCTGAGAAGTGGGACCAGTGTCTCAAGGGGCGCCAGCCTCTTCCTCCGCCCAACATGGCCACCATTTTTGTTGGGATAGCCTTGGGCTCCTGCCAGGGGAACAGCAGGGCAGTGAGGGAGTCAGGACTTTGGGCTGGTGGGGAGGCCGAGAATCAAGGCTCTGGGGAGTCAGGACTTTGGGGCTGGTGGAGTGGCTGGGGACTGAGGCCCTGGGGGGTCAGGACCTTGGGCTGCTATGGAGGCTGGGACTGAGGCTCTGGGGGAGTCAGGACCTTGAGCTGGTGGGGAGGCTGGGAATTGAGGCCCTGGTGTGTTCAAGACCTTGGGCTGGTGGGGAGGCCAGGGCCTGAGGCCCTGGGGGGTCAGGACCCTGGGCTGTTGGGGAGGCTGGGGACTTAGGCCCTGGGGGGTCAGGATCTTGGGCTGGTGGGGAGGCTGAAGGGTGGGGACTGAGGCTCTGGGCAGTCAGGACCTCACGGTTGGGGTGGACTGGAGACCAAGACCTTGGCAGGGGAGCTGTGGCTGCCTCATTTGGACGCTGGAGGGTGGCTAGCGTGGCTGGAAGCGGCCAGCCAGGGGTTCACAGAACTGAAGGTGAGGCCTCCAGAGGCCCTAGTCTCTACCTGAGTGTCTCTGAAACTGGGGGGATGGGGTGGAGCCTTTAGGGGGAAGGGAAGAGGGAACTGAAGAGGAAGTGGGGGAGGGAGGTAGAGGAGGCAAGTCTGGCGCCATGCTGAGTCACCGCCCACAAGGCCCAGGGCGGGCCCTCGGGGGGCCCTGGCAGGGTTGGGGGGATCTTAGGAAGCCACAAGGAGGGCTGGGGGGCTCTTGGAGCAGGAGTCAGGAGGCCTGGGCAGCCTGAAGAGTACACGCCGACGGACAGACAGACAGTGCAGTCACCCATAAAGTAGAAAGCACTACTAACAGCACTGGAGGGTGTAGTGTTTCCTACTTTATGGATGAGTGTACTGTGGGCTTCGGAGATCACGCCACTGCTGCCGCCCGCTGCCCGCCACCATCTTCCTCGGCGCTCGGGGACCTCGTGTGACAGGTGAGCACCTTACGGCCCCTCCCTACCCTGCCCAGATGCCTGAAAGGCCTCCATGGCTTTCCTGCCCTTCCTGGTTCCGGACAGCTGGGGAAAGGCCACAGCAGCTCCTCTGCTGCCCTGCAGTCTTTGGGGGCGGGGAGGGCTGGACATGTGGAACCCTGATGCAGCCGCAGCGTCAAGGACGAGGAAGGGGTGGGAAGGGATGGTACGTGGAGGGGAATGGGTGGTGGGACCAGGGACCCAATGCTAATAAAGACTGGACTGTGCTTC,False
128,-754,-4.163506,4.14821,0.9997545,-2.760827,2.4647055,0.99465126,-4.468654,4.892392,0.99991393,-3.0132673,2.8863413,0.997267,5.890068,-6.3210573,4.974775e-06,0.7983183,ENST00000587694.5,-754,GACGCTCGGGGCCCGCGGCTGGAGGGGGAGTCGCTGCCTCACCCGCGCCTGGCGCCCGCGGCTCCCTCCGCCTCGCCGGCGTTGGCCCACCCTCTCGTAGCTCACCCCGCGAGGCTGGACAGCTCCCGGAACCCCGGAACCGGGATCTATTTCGGGGGCTCGGCTGCGTGGCGCCCAGGACTCTCCAGGGTCTCCCAGGATCGCTCCCCGAATTCGAGTCGCCCCCTCTCTCTTTCGGGTCTGGAGGGGTCGGCAAGCTGCTCTCCCAGACGTGGAGAAGAGGGAGGGGGCTGGGAGCTCCAGCGGCCTCTCGACGCCGCTGCTTCTAAGGGGCTGTCCTGGGTTGTGGGGGAAGGGGCGCCTGGAGCTGAGCCATGCAGCTCAGGGTTCCTTATCCTATCCCTAGGAATACCAGCTGATGTCAGTCCGCCAGCCAAAACCAGGGAGGAGAAGCGGGAGCCAGCCCTCTGGAGTCGGGAGAAGGTCTGGGGAGTGGGGTAGAGGGGAAAGCAAAGTCCAAATACCTTCCCTTCAGACACCTCCTGGGGCCTAGACCCCACAAACCTGTTGTGGGGAGGGCAAAATACGATGACTACGTTCCCAGGAAGAAGGTGCCACAGCTCTTCAGGACCACGGTTGGGAGAAAGAATGGAGGGGTTTTAGAACCTTCAGTGTGCGACTTCATGTGCCAGTCTTCATCTCAGGATCTCAAGCTCTTGGATCATGGGCACGGATAACCTGTTGTCCTCCTCTATGGTCAAGAGGCTGCTTTTGCAAAGAATCCAGTGGGAGAGAGTCAATGGCCTGCTTGACGTGAACTCCAAAGTCCTCCTGATCAGAATACCAATTTCTTACTGGGTCTGGAAAGGAGGAGAGAAGGATAGAGAGTTTCTTCTAGGACCAAATTGATTCCTCCACAAATAGGAAGATCCCCAGACTGTGTGCACACACCCTCCTCCTCCTTCCTTCTCCAACCCTGGCTGGACCATGACATCACATGGTGGAGGCTGTTTTTTAAAAAGAACTCAGGCCAGATTTACAAGAATGATGCTCAGGCAGCGTGACTGTCAAGGACCGTGGCCAAGTGACCCATAGCACACACCCAGCAGTGCTGAGAACATAGCTAGTCCCTTAGCACCTGGGGCTGACTCATGGTTGCTGTAGGACCCAATGCCAGATGCCAGGATTGCTTTCTCCCTCCATTCATTAGGACTGTCCCATGAAACCCTCCCCAGGAACCCTTCTACCCCATCCCGGCATGCCAGGAGCCTGGATACTGCATAACACAGGGTACTCATATTTGTTTACCAAGCCTTGAAGATGACAGGCAATATGCTGATATGCTCAATGCATCATACAAATTGTTTTATTTAAAACTGAACTATTAAATTAAGTATCATAGCAACTCACTTTACAGACAAGGAAACTGAAGCTCAAAGGTTAAGTAAGGGCCAGGCATGGTGGCTCACTCCTGTAATCCCAGCAGTTTGGGAGGCTGAGGTGGGAGGAGGATTGCTTAAGCCCGCGAGTTTGAGACCAGCCTAGGCAATATAGGGAGACCCCATCTCTACAAAAAATTATCTGGGCCTGGTGATGTGTGCCTGTAGTCCCAGCTACTTGAGAGGCTGAGGTGGGAGGATTGCTTGAGCCCAGAAGTTGAGGCTGCAGTGAGCCATGATCATGCCATTGTACTCCAGCCTGGGCAGCAAAGCAAAACCCTGTATTGAAAACAAACAAACAGGCTGGGCACGGTGGCTCACACCTGTAATCCCAACACTTTGGGAGGCCGAGGCAGGTGGATCACCTGAGGTCAGGAGTTAGAGACCAGCCTGGCCAACATGGTGAAACCCGCCTCTACTGAAAATACAAAAATTAGCAGGGCATTGTGGCACATGCCAAGGTGGGCAGATCACCTGAGGTCAGGAGTTCGAGACCAGCCTGGCCAACATGGTGAAACCCCATCTCTACTAAAAATACAAAAATTAGCTGGGCGTGGTGGTGGGCGCCTGTAGTCCCAGCTACTCAGGAGGCTGAGGCAGGAGAATCGCTTGAACCTGGGAGGTGGAGGTTGCAGTAAGCCAAGATAGTGCCACTGCACTCCAGCCTGGGCGACAGAC,False
129,-1166,-5.0445337,4.9939003,0.99995637,2.5223384,-2.7725787,0.004991985,-2.8906682,3.1052492,0.99751735,-3.0169206,3.068272,0.9977289,-2.0742483,1.9439366,0.98233217,0.79650533,ENST00000523860.5,-1166,ATCTCAGACTGCTGTGCTAGCAATCAGCGAGACTCCGTGGGCGTAGGACCCTCCGAGCCAGTGAGATGAACCCGGTACCTCAGATGGAAATGCAGAAATCACCCGTCTTCTGCGTCGCTCACGCTGGGAGCTGTAGACCGGAGCTGTTCCTGTTCGGCCATCTTGGCTCCTCCCTCAGGTATCCTTCAGAAAGCCTGGGCAATAAACCGAAGGCTCCTAAAAAGAGCAAAGTGTCTGCCAGGCACGATGGCTCATGCCTGTAATCCCAGAACTTTGGGAGACCAAGGCAGGTGGATCACCTGAGTTCGGGAGTTCGAGACAAGCCTGACCAACGTGGTAAAACCCTATCTTTACTAAAAATACAAAATTAGCCAGGCATGGGGGCATATGCCTCTAATCCCAGCTACGCGGGAGGCTGAGGCAGGAGAATCGCTTGAACCCAGGAGGCAGAGGTTGCGGTGAACTGAGATGGCGCCATTGCACTCCAGCTTGGGCAACAGGAGTGAAACTCCATCTCAAACAACAACAACAACAACAACAACAACAACAACAACAAAAACACTTTCACACCTGAATGACTAAATAATTGGAAATAATAAGGGTTGAGGGGGAGAATAAAGCTACTGAAATATGGAAAGAAGACTAACACTACTTTTAAACTGATGTTCTACTAATGTAGACCCGTACATCATATCACCATTACATTGTTTAAGCATTAAAGTTTGCACTGTAAGTGGCTCTTTAAACCCTTCCCTCCATTTCTTTTCCCTCTC,True
130,-1046,-1.9758247,1.9588447,0.98082286,-3.4055543,3.166668,0.9986033,-3.0145962,3.4262474,0.99840754,-4.0041065,3.7969,0.9995908,5.43691,-5.828104,1.2813292e-05,0.7954875,ENST00000514640.5,-1046,GACCTGAATTCCCGGGCCTGAGTCTCAGAGCGCGGTTTGCATCTTTGCAGGCTGTAGGCGCATGATGTCACAAGTTATTGGAAGAAATCCCTCCAACCTAGGTTGGGACAGATGAAGGCGGCGCTTATTGGTGTTCACCAAAACACCAGCATGGTGTACCAGCTTTGGCTAGATGATGCTCAGAACACCAGAGACTGGGTAATTAATAAAAAGAAGAAATTGATCTGGCCTACAGTTCTGGAGCCTTGGAAGTCCGAGATCAAGGAGCTGCATCTGGGTTCTAGGATGCCTCATAAAGGCCCGTAGTGTACTTTCTGTCTACTTCACTTAGCTCCGCATTTGCAATTTCTGTTAACATGCATACAGTTGAATGGATGGCCAGGATCAAAGCTATCTGCTGTGAGACACAATGAGAAATGCTTTTGTGTAAAGGACTCAATGATCACCCGCTCCAGAGGATGCAGCAAAAAGGTGCCATCTTGGAAGCAGAGACCAGCTCTCACCAGACGCTGAATCTGCTGGCTCCCTGATCTTGGACTTCCCAGGGTCCAGAACTCTGAGAAATAAATTTCTATTGTTTATAATGTACTCAGTCTGTGGTATTTTGTTATAGCAGCAGGAATGGACTGAGAGAAAAGCAGCTAGTTGAGGATTTGAGAATTTGGGTGTTTTTTTGGTTTTTGGTTTTGGTTTGAGTGAATCTTTTTGCAAAACATTTTAGACATTTTATGTACAATAAAATGCTTCCATTTTAAATATGCATTTGAGTAGGCTTTAGAAATGTATACAACCATGTAAACACCTTAATCAAGACACAGAATGTTTTCATAACCCTCAAAAGTTCCCTTGTATCCAGTTGCAGTAAATCTCCCCTTCTCCCCACCCCCAGGTGACTCCTAATCTGCTTTCTATCAGTTTAGAAAAGTTTGCATTTTCTAGAATTTTGTATAGAGGGAATGAGTCAGACTTTCATGTATCATAATGCTTTTGAGATTCACCCATATTGTTGCATGTATCAGTGGATTCTTCCTTTTCCTTGCTAAGTTTCATTCTGTTATATAGATATACTGCAATTTATTGATCAATTCTCTGTTAATGGACATTTGGATTGTTTCTAGTTTTGGTGTATTTTGTATAAACCGACAGTTCCTGACTTATGATGGTTCAACTTTAACATAATGCGAAAACAATACACATTCAGTAGAATTCATACTTCAAGTACCCATACAACCATTCTGTTTTTCACTTTCAGTACATTGCTTAATAAATTATGTGAGATATTCAACACTTTATTATAAAA,False
131,-753,-3.1343458,3.0404942,0.9979232,-1.8752261,1.6258245,0.97071767,-3.61669,4.1599274,0.9995808,-2.800347,2.689636,0.9958891,2.282319,-2.556421,0.007854833,0.7943932,ENST00000589716.5,-753,CAGCAAGGAGGCGAGGAGCGGCGGCGGCGCTGAGCCGGGCCCGGGTGTGGGGGCGCCTATATCCCCAGCCCAAGCTGCAGGAAGCCGCGCCGCTTCCTCGGAGGGGCTGGGACGGCGGCGGCCACGTGGGGGGCGGGGGCGACGCTCGGGGCCCGCGGCTGGAGGGGGAGTCGCTGCCTCACCCGCGCCTGGCGCCCGCGGCTCCCTCCGCCTCGCCGGCGTTGGCCCACCCTCTCGTAGCTCACCCCGCGAGGCTGGACAGCTCCCGGAACCCCGGAACCGGGATCTATTTCGGGGGCTCGGCTGCGTGGCGCCCAGGACTCTCCAGGGTCTCCCAGGATCGCTCCCCGAATTCGAGTCGCCCCCTCTCTCTTTCGGGAATACCAGCTGATGTCAGTCCGCCAGCCAAAACCAGGGAGGAGAAGCGGGAGCCAGCCCTCTGGAGTCGGGAGAAGGAAGAAGGTGCCACAGCTCTTCAGGACCACGGTTGGGAGAAAGAATGGAGGGGTTTTAGAACCTTCAGTGTGCGACTTCATGTGCCAGTCTTCATCTCAGGATCTCAAGCTCTTGGATCATGGGCACGGATAACCTGTTGTCCTCCTCTATGGTCAAGAGGCTGCTTTTGCAAAGAATCCAGTGGGAGAGAGTCAATGGCCTGCTTGACGTGAACTCCAAAGTCCTCCTGATCAGAATACCAATTTCTTACTGGGTCTGGAAAGGAGGAGAGAAGGATAGAGAGTTTCTTCTAGGACCAAATTGATTCCTCCACAAATAGGAAGATCCCCAGACTGTGTGCACACACCCTCCTCCTCCTTCCTTCTCCAACCCTGGCTGGACCATGACATCACATGGTGGAGGCTGTTTTTTAAAAAGAACTCAGGCCAGATTTACAAGAATGATGCTCAGGCAGCGTGACTGTCAAGGACCGTGGCCAAGTGACCCATAGCACACACCCAGCAGTGCTGAGAACATAGCTAGTCCCTTAGCACCTGGGGCTGACTCATGGTTGCTGTAGGACCCAATGCCAGATGCCAGGATTGCTTTCTCCCTCCATTCATTAGGACTGTCCCATGAAACCCTCCCCAGGAACCCTTCTACCCCATCCCGGCATGCCAGGAGCCTGGATACTGCATAACACAGGGTACTCATATTTGTTTACCAAGCCTTGAAGATGACAGGCAATATGCTGATATGCTCAATGCATCATACAAATTGTTTTATTTAAAACTGAACTATTAAATTAAGTATCATAGCAACTCACTTTACAGACAAGGAAACTGAAGCTCAAAGGTTAAGTAAGGGCCAGGCATGGTGGCTCACTCCTGTAATCCCAGCAGTTTGGGAGGCTGAGGTGGGAGGAGGATTGCTTAAGCCCGCGAGTTTGAGACCAGCCTAGGCAATATAGGGAGACCCCATCTCTACAAAAAATTATCTGGGCCTGGTGATGTGTGCCTGTAGTCCCAGCTACTTGAGAGGCTGAGGTGGGAGGATTGCTTGAGCCCAGAAGTTGAGGCTGCAGTGAGCCATGATCATGCCATTGTACTCCAGCCTGGGCAGCAAAGCAAAACCCTGTATTGAAAACAAACAAACAGGCTGGGCACGGTGGCTCACACCTGTAATCCCAACACTTTGGGAGGCCGAGGCAGGTGGATCACCTGAGGTCAGGAGTTAGAGACCAGCCTGGCCAACATGGTGAAACCCGCCTCTACTGAAAATACAAAAATTAGCAGGGCATTGTGGCACATGCCAAGGTGGGCAGATCACCTGAGGTCAGGAGTTCGAGACCAGCCTGGCCAACATGGTGAAACCCCATCTCTACTAAAAATACAAAAATTAGCTGGGCGTGGTGGTGGGCGCCTGTAGTCCCAGCTACTCAGGAGGCTGAGGCAGGAGAATCGCTTGAACCTGGGAGGTGGAGGTTGCAGTAAGCCAAGATAGTGCCACTGCACTCCAGCCTGGGCGACAGACAAAAAAAAAAAAAAAAA,False
132,-206,-3.6343982,3.6236374,0.99929595,-2.132625,1.8405501,0.9815338,-3.8671932,4.269621,0.9997075,-2.39302,2.3093746,0.9910081,4.151527,-4.515727,0.00017210159,0.7943435,ENST00000592195.1,-206,CCGCGAGGCTGGACAGCTCCCGGAACCCCGGAACCGGGATCTATTTCGGGGGCTCGGCTGCGTGGCGCCCAGGACTCTCCAGGGTCTCCCAGGATCGCTCCCCGAATTCGAGTCGCCCCCTCTCTCTTTCGGGAATACCAGCTGATGTCAGTCCGCCAGCCAAAACCAGGGAGGAGAAGCGGGAGCCAGCCCTCTGGAGTCGGGAGAAGGTCTGGGGAGTGGGGTAGAGGGGAAAGCAAAGTCCAAATACCTTCCCTTCAGACACCTCCTGGGGCCTAGACCCCACAAACCTGTTGTGGGGAGGGCAAAATACGATGACTACGTTCCCAGGAAGAAGGTGCCACAGCTCTTCAGGACCACGGTTGGGAGAAAGAATGGAGGGGTTTTAGAACCTTCAGTGTGCGACTTCATGTGCCAGTCTTCATCTCAGGATCTCAAGCTCTTGGATCATGGGCACGGATAACCTGTTGTCCTCCTCTATGGTCAAGAGGCTGCTTTTGCAAAGAATCCAGTGGGAGAGAGTCAATGGCCTGCTTGACGTGAACTCCAAAGTCCTCCTGGAACAGGGGCTCACTCTGTTGCCCACATTGGAGTGCGGTGGAAGAATCATGGCATGCTGCAGTCTTGAGCTTCTAGGCTCAAGAGATCCTCCTGGTTCAGTCTCCCAAGTAGCTAGGACAGCAGGCATATTTTTTGTAGATATGGGGGTCTTGCTTTTTTGCCGAGGCTGGTCTCGAACTCCTGGCTTCAAGCAATCTTCCTGCATCAGTCTCTTAAAGTGTTGGGATTCCAGGCATGAACCACTGCACCTGGCCCTTGGGAAGTTTTATTTTTAGCCTAGGGTTGGGGTTAAGTTTGCATCATGATGTTGAGACCTCCAAAGGAGAACTTATTGTAGTCATTCCTGAGCTCAGGTGTCCAAACTGTCTAATTGGAGAATCTGGGAATTTTCTCTCGTTTTGATTTTCCTCTTCCACTTTTCCATGCCAGTTGGATGTTTGAATGTTTTTATCGACCTCTGAGAGCATCCGGGTAACTGAGGGTTTACTTTGGGGGTCTTTGGAGATGAATAGGGACAGGAGACCTCACCTTTCTTTTCCATGTAGCCATAGGAGATAGTCCCACGATCTGATGATCTGTAGCAATGGGTAGAGGAAGGGCCGTATTAGGAACAGAAGCTAGTTTCGTCATGGGAAGTCCCCTGTTTTCCACTCCTGAGGGCCCTCACATTCCCTTTCTAAGCCCCTTTCTGCTTTTGCTATTAAAAAATACAGTTTTTAAATTGCAA,False
133,-511,-2.1997962,2.026003,0.98559684,-2.6389103,2.4400084,0.99381185,-2.0132473,2.3460827,0.9873745,-4.907265,4.94809,0.99994755,4.689547,-5.075892,5.739826e-05,0.7933577,ENST00000548144.1,-511,GGGATTATAGGTCATGAGCCTTTTTTAAAAATTTTATTTAATTATTTAATTATTTATTTATTTTTTGAGACGGAGTCTCGCTCTGTTGCCTAGGCTGCAGTGCAGTGGCATGATCTTGGCTCACTGCAACCTCCGCCTCCAGGTTCAAGTGATTCTCCTGTGTCAGCCTCCTGAGTAGCTGGGATTACAGGTTCAACGCCCTCTAGATCGCCTGTTCTCCTCTATTGTCACCGTTGCTGAACAAAAGTATCAGTCTACCTTGTGATCTTGAGCCAGATGATTGTGCATCCATTTACATCTTTAATGTAGATCCACCTCCATCTACTTTAACCACACCACTTTGCTTACCACATCATGGATTACCGTCTCACTCTTCTGTTTTGTCACCATCGTTTCAGCTCCAAAGTCACAAAAACTATGAAGGAACTTGTGAGATTCCTGAATCTAAATATAGCCCATTAGGTGGTCCCAAACCCTTTGAGTGCCCAAGTATTCAAATTACATCTATCTCTCCTAACTGTCATCAAGAATTAGATGCACATGAAGATG,False
134,-1198,-2.2515368,2.1774087,0.98821354,-0.0011669397,-0.03850165,0.4906674,-0.99478376,1.1858175,0.89849395,-0.48519018,0.46038458,0.7202244,-0.9444084,0.9458888,0.8687894,0.79327774,ENST00000415215.1,-1198,CACGGAGTGCAATCACTGCGTCCTTACGGGGGTTGCAAGGCGTCCGAAGTATGAGTCCACTAACAAAAGTCCAGAAACTCGCCAGTTAATAGTATTGTGTCTCTTCAAAATATCGGAGAATAATTTCTTTCTCGCTGATCGCCTAACTTCTACTGACGAAGCTTGGAAGTTGCAGAAGGTTGGAGTGCAATGGCGCGATCTCGGCTGACTGCAACCTCCACCTCCTGGATTCAAGCTATTCTCCTGCCTCAGCCTGCCGAGTAGCTGGGATTACAGGCGTGAGCCACCGCGCCCGGCCAGAACATTAGTTTTAAACTTCCTAACCCTTGGGAGAAGGCAAAACACTTGATGAAATCTACATAAAGACTAAAACATTTTACCAATTTTGCATTGTTTGTTTGAAATTGCATTGACGACTGGTATGTTAATTTTGTATATATTTTTATGAGAACAATGTTGGACATCATTTAATTTT,False
135,-258,-3.8154583,3.8237607,0.999519,-1.7508873,1.5276495,0.9636851,-4.4497356,4.641964,0.99988735,0.8583338,-1.0734934,0.12654847,-1.0947102,0.86300963,0.8762859,0.7931851,ENST00000593653.1,-258,GCTCCAGCCAGAGCTCGAGGTTAGCTCTTCACTGCCCTGTGTCTTCTTTCCAAGGGTCTCGGTGATTCGGCCACAGCCTCAGCCTCCATCACGCGGTGAACTGATGGTGCTGGAAGATTCATAGACTCCAGGACATTCCTGAAGCCGAGAAAAGGTTAAGTAGGGTCTGGCCTGGAATACTCTCCTAGATGAAGATAGCCCAACCATGAGCCACCTTCGAAGCAGATGAGATGAAATTAAAGCTCTTCAACTCCTAAAGGCCCAGAGACTATCACAAAAGAGGTGGTCTTGAATGCAAGTTTCTGATAACTTTGGAGATGGTGACATCAGAGTAGAGGAAAAAAATTCAGAACTCATGGAGAGCTGAAATGTTCATGAATATTAAGCAGAACAAGGATTAAGTGCATGCATTGAACTATTAGAAGACTGAAGTAATCTTTTTTTCTTTTTTTGAGTCGGGGTTTCACTCGGTCTTCCAGGCTGGAGTCCAGTGGTGTGATCTCAGCTGAATTACAGATGCATGCCACCACACCTGGCTAAGTTTTGTATTTTTAGT,False
136,-41,-2.9825673,2.913004,0.997256,-2.4861894,2.1720989,0.9906063,-3.413748,3.8484807,0.99929893,-1.8355304,1.7968166,0.9742278,3.606831,-3.8784583,0.0005609658,0.79239,ENST00000389897.3,-41,AAAATCTGCGCTCCAGCAGCTGGGACCGAGGCATGAGAGCGTTGAATCATGAGTGGCACCGTTCGCAAAAATTGGTGTCTTTGTACAAAGACAGTGCCACAACACAACTCAGTGACCATCGGGAGAGCAGCCTCATGATGGGCGATGCTCCATCAGTTTTCTCTTGCGATCTTTTGCATAGATCGGTCCCGCCCCGCATATGGCGATGAGGACTCAAGAGACACGGAAAACGTTTTCTTTCTGGAAAACATGAAATAGGCTTTGTAGATGGACAGGAAGTCAAGGGACAAGCGGTGCGCCGCAGAGAGCGAGGACCCACTCTTCTATTCCTTTGCGGAGGCACGGACACACGGTGTGGCCCGAAACAGCGGCAGGAGAGTGAGACCCGGGCTCCGACCGCGGTGACGGAGTCTCACTCTGTCACCCAGGCTGGAGTGCAGTGGCACGATCTCGGCTCACTGGAACCTCCAACTCCCTGGTTCAAGCGATTCTCCTGCCTCAGCCTCCCGAATAGCTGGGACTACAGGTGCCCACCACCACACCTGGCTAATTTTTTGTATTTTTAGTAGAGACGGGGTTTCACCGTGTTAGCCAGGATGGTCTCGGTCTCCTGACCTGGTGATCCGCCCGCCTCGGCCTCCCAAAGTGCTGGGATTACAGGCATGAGCCACTGCGCCCGGCCTAAAAATTTTTTAAATTGTATACATTATGGTTTTTTTTTTTACCACAATTTAAAAAATTAATTTATAATATACATGCAGAAAAATGCACAAATGACAAGTATATATCTTGATGAATTTTCACAAATGGAATACATTTGTGTAACCAGCAGCAGATCAAGAAACAGAACATTGCTAGTGCCCCAGAAGCCACTTGTGTGTTCCCTCTCAGTCACTGCTCTTCTCAAGGACAACCACTCTTCTGACTCCTGATACCATAAACTAATTTTGCCTGTTCTTGCTTTTTATATAAAGAGAATCACAGAGTATGTA,False
137,-26,-4.062088,3.8957443,0.99965024,-3.4600806,3.3003016,0.99884254,2.310512,-1.9455225,0.013980194,-6.756801,6.5776916,0.99999833,-1.5412935,1.0549573,0.9306199,0.7886182,ENST00000457061.1,-26,CAGGGTTCTGGGCTGTGGTAAAAATTACGATTTTCCACAAGACTATTCTGACACTACACAAGCAAGGAGGGGATCCTCATTTCTTCTGAGGTAGAGAGACTGAGACTAGGGGATATTGAATCATTTACCCGAGGACACACTATTAGGAAGTGTCAGGGTTAGGATTCTATATCCAGTCCTGTCTCGTATTCCTCTCTTACATAGACTCTGTGCTTCAGCCAATCTGCTTAACCGAAGATGAAATTAAAAGATAAAATGGATGCAAAATACTTATTTAGTAAGAAAGCAGTGAATGGAGGATATATGTGGTTCGTAGGGTAACTCAGCTCCACAGTACATTGGGGACCCAGACCTTTGCATCCTATTGGAGGATTCTGAAGAGTAGGAATGAAGCTGAAGAGTAGAAGTAGAATCTGAAAAAGTAGGACAACTGGCTTCGGATATAGAAGCATTATCTGAGCTCAGTAATTTTTTTTCAAAGAAAAAAGCATGAATAAATACATGTGTGAAACCT,False
138,-1042,-1.7611216,1.7406986,0.97073954,-2.1930776,1.9301443,0.9840657,-2.7029064,3.0689428,0.9968957,-2.3192146,2.1447158,0.9886141,6.984527,-7.456665,5.3489623e-07,0.7880631,ENST00000505918.5,-1042,ACTTGCCCAGTGAAAAGACTGTAATCAGACAACTTTAATAAAGGGAGAGCAGGAGAGTGGTGACGAATTTCCACATTCCGAACAAGCTTGTCGAAAGAGGAGTGCAGGGAAGGAGCAAGAATGAGGCACTGGAAGACGGCTGTAGGCGCATGATGTCACAAGTTATTGGAAGAAATCCCTCCAACCTAGGTTGGGACAGATGAAGGCGGCGCTTATTGGTGTTCACCAAAACACCAGCATGGTGTACCAGCTTTGGCTAGATGATGCTCAGGTAACGAACAACCCCTGCAACTCAGTGGCTTAAAGGTCCATTTCTCAAGCGAATTACTGTGGCTGCAGGGAGCTTTGGCAGTACTCCACCAGTTTTCTTCACTCCAGGCTGAAAGGTCAACTTTTCTGGGCCATGCTCCCTGCTGGGCTGGTAAACCAACTTTGAGGGAGAAGGGGGAAGTCCAGATATGTAGTGTTTGCTATTTCTATGATGTAAATGCTCCCACAATGGCCGATTTCAAGCTACAAACAGTCCAACAAGTGGCTTGCCAAGTTCCTGGAAATTTAACAATTAGCT,False
139,-1358,-3.167842,3.2083652,0.99830127,-0.7322786,0.5330579,0.7799434,-1.9317057,2.4509037,0.98766136,0.16732678,-0.39355293,0.36334392,-0.73799974,0.61081743,0.79393613,0.7846373,ENST00000437730.5,-1358,GTTATTCTTCGGTTTGCCTCCTCCCAGTGGCGTGGATTTGCTCCCGACCCGCTTTTGGGGCGTGCCTGCTTCCTCCTCTCTGTTAGATCTCGCTCTGTCACCCAGGCTGGAGTGAAATGGCACAATCTTGGCTCACTGTAACCTCCGCCCCCAGGTTCGACTGATTCTCGTGCCTCAGCCTCCTCAGTAGCTGGGATTACAGAATTTTACACCTGGAACTCCTGGGTGGGAAGGTATAAACCGTTTAAAGTCTCCGGCAACACACTAATAAATTGCTTCAAAGGAAAGTTCTCAACCGTTACTCTCAGCAGTGTGTGTATTAGGGCCATCCTCACCACACCCTTTCAGGTAGCGAGATGAGCCCCAGAGAGGCGAAGCCACTTGAGCTCGTGAGTGACAGTCAGATGTCAAGCCCTGCTCTTTCTAAAGCGTGCTGCCTTCAGAAAAGAAGAGCCAGAAGGATGGAAATTACTTCAGAAAGATGAATACCAGCTTTGAAGGAATAAAAGCTGACGAGGAATTGAAGGAGTTGAGGCACGAGCTTGAACAGGGTTGCATGTTTGGCCCTTGATTGTAAATGCCCATTGCTGCACCTGTTCCTGTTACTTGGGGAGTTGCAGCAGAAGGAACAGCGGCCTGGGACTCCAGAGAACTGGGTTCCCTCTCATCCCTCCAGGGCCACCACTTCTTGTGGGCCCTTGGGCAAGTCACTGTACTTTCTGAGTCTCAGTTTCCCCATTTGCAGAATGGAAATAACTACCCCGGTCTACCAACTTAGAAGAATTGCTTTGAGGATCTGATAAGGTGGTGTGGATGATGCTGCCTTGGGGGCTTTACAGTCTGGAGCTCAAGGGACCCCTTAAGTTGGGCTTACTTAGTAACTCCAGGGGTGGGCAGAACAGGACTCCAATGAGGGTTTTTTTCTTTTTCCCTTTTTTTTCTTTTCCTATCTCTTAACTTTTATCTTTATTATTTTACAATGCCCTTGTAAGATGAAACAAGTGATGCTGAAATATCTTTTTCTTTTTTAACCTTTATTTTAGAATTGGGGTACATGTGCAGGTTTGTTACATAGGTACAGTGTGGGCTGCTGAGGTTTGGGAGTACGAATGAATTAGTCACCCCAGTGGTGAGCATAGTGCCCGATAAGTGGTTTTTTCAACCCTTACTCCCATCCCTCTCCATTCTTGTGTTCCCCAGTGTCTGCTGTTCCCATTTTTATGACCATGTGTACTCAATGTTTAGCTCCCACTTAGAAGTAAGAACATGCCCAGCACTTTGGGAGGCCGAGGTGGGTGGATCATGAGGTCAAGAGATCGAGACCATCTTGGCTAACAAAGTGAAACCCTGTCTCTACTAAAAACATAAAAAATTGGCCGGGTGTGGTGGTGGGCACCTGTAGTCCTAGCTACTCGGGAGGCTGAGACAGGAGAATCGCCTGAACCGGGGAGGTGGAGGTTGCAGTGAGCTGAGATTGTACCACTGCACTCCAGCCTGGGTGACAGAGTGAGACTCCATCTCAAAAAAATAAAAATAAAAAAATAAAAAGAATGTGGTGTATGA,False
140,-413,-1.3718932,1.337739,0.93759257,-2.4716282,2.2001302,0.99073094,-2.257508,2.6430805,0.9926127,-3.1140826,2.912645,0.9975924,6.9020677,-7.354003,6.4367515e-07,0.78370583,ENST00000515356.2,-413,ATTTCTTGCTAGGCCAGCAGGAGCCAGGCCGTGGCCTGCTGACTGCATCTGCCAGATGACTACCAATGTTTTTATAGATTGAGAGGAACTACGCTCAAGGAGCCTCATGCATACCTGGACCTGATTTAAATGATGAGATGCTGGACTTCAAGCAGATGCTGTAATGATATGAGGTTCTCAGGGACCTTGGGAAATAGTAAATGTATTTTGTGTGTGAGAGGGACACAAATCATTGGAGGCCAAAAGGGTGAACTGAGGACAGATGCTAGGGTAGCTCCCACAATCCCCACCTCCTGGTTTCACCCTTGTGGGATCTCGCCATGAGTGTGGATGGAACCTGTGATTTGCTTCTAACTAGTAGAATTTGGCAAAAAATGATGAGATATATGTGATTATGTTTACATGATTATATTATATAAGATTCTGAGTACATTGAGCTGCATAGAGAGAGCACGGGGGCAAGTGAGAGCCAGGTGGGTACTGGAAAGCTCTGTGCCTCACTGAGGAAAAATAACTAAACATGGGCAAAAGAGATCCATGGAACCTGAGAGGCAAGGTGTTATTATATGCATTCTTTGGCAAACTTGTCAGGAGGCGCATAAGAAGAAGCACCCAGATGGTTCAGTCAACTTCTCAGTTTTCTAGGAAGTGCTCAGAGAGGTGCAAGACCATGTCTGCTAAAGAGAAAGGGAAATTTGAAGACATGGCAAAGGCGAACAAGGCTCGTTATGAAAGACAGATGAAAACCTATATCCCTCCTAAAGATCCCCTTTAGGACGAAAAAGTAGTTCAAGGATCCCAATGCACCCAAGAGGCATTCTTTGGCTGTTTTCTTGTTCTGTTCTGAGTATTGCCCGAAAATCAAAGGAGAACATCCTGGCCTATCCATTGGTGAGTTGTAAAGAAATTGGAAGAGATGTGGAAGGGCACTGCCTCAGATGATAAGCAGCCTTATGAAAAGAAGGCTGTGAAGCTGAAGGAAAAATATGAAAAGGATATTGCCTCATACTGAGCTAAAGGAAAGCCTGATGCAGCAAAAAAGGGAGTTGTCACGGCTAAAAAAAGCAAAAAAAGGAAGAAGAGGAAGATGAAGATGATGATGATGATGATAATGAGAGATTCTCTCTCCCTTGCTGTCTTTGAAAAAGCAAGTTGCCATGTGAAGAGGGCCATATAGCATAGGAGCTGAAGGCAGCCTCCAACTGACGGCAAGAAAATGAGGTCCTCAGTCTGACAACCTGCAAGAAACTGAATGTTCTAAAAGCCACATGAGCTTGGGAGCAGATCTGACCCCAGCCAAATCTCTGAAGTCCGCAGGCAGGAAATGAAGATCAGAAAAAGGCTATTGTCTCATGAATATGAGCCAGACTCCACAGAAGCTGGAGTCCTTCATTATGGAGCTAAACACATACACCTGGCTTAGGAGTCAGAAAAACTGAAAGAGAATTCAGGGAAGTAGAGAAATTGCAAGCCCAGATGCTGCTTCATACCAAAGAAGCAAGTCAGCAGGTCAGCAACAATGTGTATCAGTTCCAAAATGACTTACACAGGTACCAAGACAAGACATTATATACACTTATATAGTCAAATACTTTAAAACTGTTAACAAACTTGCTACAATTGTCTCATTTGTCTTTTAACCTTAATATCACAGATCAAGTTTGTAATCTCAAAAGTTCACCCTGGCTGCTGTGTGGAGTATTCTCTTATCTGCTCATATTACACTGTGCTTATTCATTCATCAGTTAATGGAAATTTGGGTTGTTTCCTGATTTTGACTGTAATGAATAATGTTGCTGTAAACATTCATGTACAGTTTTGTGTGGACATGCTTTTCTTTCTCTTGGGTAGGTTCCTATGAGTGGAATCACTAGATTGTATGGTAAATGTATGTTTAACTTTTAAAGAAACTGTCAAACTGTTTTCTAACATGAACGGGCCATTTTACGTTCTTATCAACAATATATGATGGTTTCAATTTTCCCAC,False
141,-1071,-1.2504098,0.97916955,0.9028745,-3.4820685,3.403593,0.99897873,-3.6903994,4.024295,0.999554,-5.350665,5.2054286,0.999974,2.7878108,-3.139517,0.002658508,0.780808,ENST00000453790.1,-1071,TACTTACAGGTAAGTAAACCTGGGCCCAAGATCACAGAGCACACAGCTGGAATTCACAGCAAGACCTGATTGACTTCGAAGTCAGTGGTCTTTCCCCTGCTTCCCACGAGACAGTTTTGATCATCGATGATTTTCTGGTTCTAATGAGATCAAGGACATGAAGAGGCTGAGTGCCTCCATGAGCTTCATTATTTTCCATGATCTGACCTCTCATTCTCTTAAGCTTTGGAGTTGGATGAAGGAAGAACTCTGAAAAAAAGTATCTGCACCCAAGGACCCACACCCAAGGAGCAGTACCAGAGGGAACACATCTGAAGAGCCCTATCTGGATTTGCCAACATGATTTAGATGATAAGATACTGGACTTTGAGCTGGTGCCATAATGGGATGAGGCTTTGGGAGTCCAAAGGGAGATAAGTGTAAGTGTATTTCACCGGTGAAGAATGTAAAACATAAAAGGCCAGAACATGAACTCTGCAGCTAATCTCCAAAGATGGCTCTCAGTGAACCACACCTCATGGAATTCATGTCCTTGCATAGTCCCCTCCCGCACTGAATCTGGGTTAACTTTGTGACTTTCTCTAACTATCAGAATGTGACAGAAGTAACAATATGATACATCCCTCCATTTAGTGAGATCATCTTTAATTTCTCCCAATAATGTTTTGTAGTTTTCTGTGTAGAGGTCTTACAAATTTTTTAGATTGATTCTTTGACATGTGACTTTTCTATGCTGTTGATAAATGATATTTTGTTAAAATTTTTATTTTCTAATTGCTTGTTACTAGCATATAGAAACTTAATTACATATAGAAACTAAGTACAGGACTTTGTTTATTGACTATGTATT,False
142,-414,-0.8505287,0.8598128,0.8468806,-2.7677655,2.4878206,0.9948088,1.339034,-0.9184587,0.094705135,-1.7290673,1.7991741,0.9714807,-2.5439034,2.5516617,0.99391335,0.7803577,ENST00000511495.1,-414,GTGATGGGATGGCCCTGTGCAGGACGCCGACACGAAAAGATGAAGAGTTCAATCCGTGCTGTCTGAACTCACAGTGTAGCAGGCGAGATAGACGGGAAGATCGGTAGGGTGGGAGATGCCGGAAAGGCTTCCCGTGAGACTGGATAAGAAATCAAAAATCTGGTGAAATTGCCGGCAAGAGGGAGTTAAGGACATTCCAGGCAGAGGCAAGTAGAGACAGGGTTTCACCGTGTTCGCCAGGATGGTCTTGATCTCCTGACCTTGTGATCCGCCCGCCTCGGCCTCCCAAAGTGCTGGGATTACAGGCGTGAGCCACCGCGCCCGGCTGAGTCCTGCCTTATTTACTCTCACTTTAGGATGTGGCCATAACTGCCACATAATATTACCTTTGGCTGATGATCTATTCTGTAGGAAGTCTGCTGGAACTGGCGTATCTCTCTGATGATGTGTGATATCTAACAGAGAAAAAAACAAAACAAAATGACAACAACAAAAGCAAAGAAAGGCATCCACCCACTCCCCTCAGACCTCAGCATGGGCTGGAACCTGACTCTGAACCTAACAGATGGATTGGAGGGCAGTGAG,False
143,-1041,-1.5576221,1.5352511,0.9565978,-1.5882988,1.3210644,0.94830734,-2.2828023,2.6312752,0.99271107,-2.9234726,2.7190127,0.9964684,7.7820525,-8.286561,1.05072715e-07,0.7788169,ENST00000514905.5,-1041,ACTTGCCCAGTGAAAAGACTGTAATCAGACAACTTTAATAAAGGGAGAGCAGGAGAGTGGTGACGAATTTCCACATTCCGAACAAGCTTGTCGAAAGAGGAGTGCAGGGAAGGAGCAAGAATGAGGCACTGGAAGACGGCTGTAGGCGCATGATGTCACAAGTTATTGGAAGAAATCCCTCCAACCTAGGTTGGGACAGATGAAGGCGGCGCTTATTGGTGTTCACCAAAACACCAGCATGGTGTACCAGCTTTGGCTAGATGATGCTCAGACGGGCCTGTCTAATTGCAGGAAAACAAACTCAGGGCTCCCACTGATTCTACATTACGAACACCAGAGACTGGGTAATTAATAAAAAGAAGAAATTGATCTGGCCTACAGTTCTGGAGCCTTGGAAGTCCGAGATCAAGGAGCTGCATCTGGAAAACACAGATCCTGGTGCCGAACATGAGGACAGGGCAGGCCGAAGGAGAAAGTGGAAGGAGGGGAGCTTCTCTCTCAGCCTCATCCTTCTGGGCCTGGATGCTGGAGAGTCATGAGGTGCTTCAGAGTACTCTGGGTGAGGAGGGAAAGATGGTGCCCACCACATGGAGGCCAGCCTAGGTCTTGTATGAAACCTGTGAGGAAGAATACATGGGTCTGAGAACCAAGAAGTGGAAGCAGGAGTGGACCCACTTATCATTTCCAATGACCTCCTGGGGAACTTTGTGCTTCTTGTCTCTACAACTCTGGGCTCTATGAGATTAGAGGTTTTGGTCCTCAAATGAGGTGCAGCTTGGCAGGAGACACAGCAAGTGTCCCATTGAACTATATACTATGGCTGCCACCAGGGCATTTTGGACTCTTTCTATGAAGAGACCAGCAGGTGAAAAGAAGAAATCATTGACTTCCATCAGCAGAAAGAGGCCAGCAGGAGCCAGGCCGTGGCCTGCTGACTGCATCTGCCAGATGACTACCAATGTGTGAGTAAACCCATTCTCAAGCCCAAGAGAACCTCTCAGCTGAACCAGGCCCAAGTTGCTCACCCACTGAACTGCCAGTTAAATAAATGGTGGTTGTTTTAATCCACTAAATGCTGGGATGGTTTGTTATACAGCAGTAGGTATCAATACAGTGTACTTGTCAATCTAGGAATTCCTGTCTTGTCAAATCTGAG,False
144,-1405,-1.1746448,0.8777861,0.886193,-3.4984083,3.5197554,0.9991053,-4.440766,4.867608,0.9999093,-5.9927435,5.744505,0.999992,3.4879742,-3.8840945,0.0006281719,0.77716553,ENST00000513489.5,-1405,GGTATTCAGTGACATCTTTCTAAATTGTTTAAAATGAGAAGCATTGCACACTGAGAGTCAGGATCCAAGTGTCTTTGACTGAGCCAACTCAGCTCTGCTATTAACTTATGGTGTGATCGCAGGCTGTCTAGAAAAGGACACCAACAATCACCCATGAAGATTGCCCTTCAACCTTTGGGAGGAAATGATCGAAATGGGAGCTAGAGAAGATTGTTGTTGGAATCTCAGAGATTATAAGCAATTTCTCCATGGCTGGAATTCAGTTGATCTGGGACTGAACCTATTTCTAATGGAGCTGTGACGAGAGACCACAGTAAATCCAAGCTTGGAAAATGAGCTGTGTCAGCCCTCCCAAAGACAACCTCCTTGCAACAGGAAGTTGTCAAAGCCCCAGGGACCAGAAACCATGAAGTTATTTGGATGATAGATACAGAGATACGCTGCTCAGATGCCCCTTTCAAGAAAGAACTTGCTGCCTCTTGCTCAGTTTCTTCCTGGAGCTTTCAAGCATCTTTGCAGGGAAGTCACATCCTTCCCAGGGCAGCCCGACTGACCAAGGGAGAAGAAGTTTAACAGAGATGAGGCATCCTGGAATATCCAGGTGGCAACATGGAGTAGAGATGATGACTACTTCTAGGCCATGAAAAACCAGCAGGATCCATGATGGCTGAGAAATGACAATATTGGTGAATTAAGTACATCTCAGGGAGAAGCCCTATTAAATTAGCCTAATACCTTA,False
145,-411,-1.4924219,1.4651546,0.9506204,-1.5645255,1.3260294,0.9473776,-2.238834,2.5876348,0.9920489,-2.74882,2.5917728,0.99522984,8.877513,-9.4112215,1.1410471e-08,0.7770554,ENST00000513406.1,-411,GAAAACACAGATCCTGGTGCCGAACATGAGGACAGGGCAGGCCGAAGGAGAAAGTGGAAGGAGGGGAGCTTCTCTCTCAGCCTCATCCTTCTGGGCCTGGATGCTGGAGAGTCATGAGGTGCTTCAGAGTACTCTGGGTGAGGAGGGAAAGATGGTGCCCACCACATGGAGGCCAGCCTAGGTCTTGTATGAAACCTGTGAGCAGGAGCCAGGCCGTGGCCTGCTGACTGCATCTGCCAGATGACTACCAATGTGAGATTCTCTCTCCCTTGCTGTCTTTGAAAAAGCAAGTTGCCATGTGAAGAGGGCCATATAGCATAGGAGCTGAAGGCAGCCTCCAACTGACGGCAAGAAAATGAGGTCCTCAGTCTGACAACCTGCAAGAAACTGAATGTTCTAAAAGCCACATGAGCTTGGGAGCAGATCTGACCCCAGCCAAATCTCTGAAGTCCGCAGGCAGGAAATGAAGATCAGAAAAAGGCTATTGTCTCATGAATATGAGCCAGACTCCACAGAAGCTGGAGTCCTTCATTATGGAGCTAAACACATACACCTGGCTTAGGAGTCAGAAAAACTGAAAGAGAATTCAGGGAAGTAGAGAAATTGCAAGCCCAGATGCTGCTTCATACCAAAGAAGCAAGTCAGCAGGTCAGCAACAATGTGTATCAGTTCCAAAATGACTTACACAGGTACCAAGACAAGACATTATATAC,False
146,-1047,-1.4431739,1.4427218,0.94714487,-1.5525899,1.3082975,0.94587874,-2.337941,2.6722243,0.9933744,-2.6371262,2.4546185,0.9938903,8.613073,-9.132168,1.9648965e-08,0.77605766,ENST00000514114.5,-1047,AGAGCGCGGTTTGCATCTTTGCAGGCTGTAGGCGCATGATGTCACAAGTTATTGGAAGAAATCCCTCCAACCTAGGTTGGGACAGATGAAGGCGGCGCTTATTGGTGTTCACCAAAACACCAGCATGGTGTACCAGCTTTGGCTAGATGATGCTCAGGAAAACACAGATCCTGGTGCCGAACATGAGGACAGGGCAGGCCGAAGGAGAAAGTGGAAGGAGGGGAGCTTCTCTCTCAGCCTCATCCTTCTGGGCCTGGATGCTGGAGAGTCATGAGGTGCTTCAGAGTACTCTGGGTGAGGAGGGAAAGATGGTGCCCACCACATGGAGGCCAGCCTAGGTCTTGTATGAAACCTGTGAGCTAGCTGAAAGCAGAGAACCCAGCAGAGGATTCTGGGAAGGTCCTGGGGGATGGCAGAGCCAGCAGAGAGAGGGTATGGATCCACCAGGCATAGGATGGAACAGAGCACTATTGACCACAGTGAACTGGGGCATGGGCAATCAATAAACACATATTAGATTAAGCTAT,False
147,-59,-0.904502,0.9488409,0.8645191,-1.0726007,0.7663046,0.8628192,0.12796259,0.009957433,0.4705329,-1.2216249,1.2011288,0.918546,-0.64276004,0.5028092,0.7587007,0.7750236,ENST00000414894.1,-59,GTTCTGCCCTGATGTTTCCTGGAATAATGCTGAGGACTGCCTTTCGGGTAGCCGCCCTATTCAGTTCACTTCATCTCGGAAATACCTGACCCCTGCCTTGGATCCAGCGGCCCTCCTGAGAGCTGAGGAAGGAGGAAATCCTATGTGTCTGCTCCCGGAGCTGCCACAACCCATCTTCCCACAACTCGGAACTTGGAAAAAGGAACCCAGGACACGACTTTGCTTTTCTTTTGGACCTAGTTGATACAAGTTAACAGGATATGCTTCTGGCCTGTTTCTGGATTCTAAGGGTAGAACCAGCATAAAACTAGTCAGTCCAAGTATTTCTAAAGATCCACAGACACAGTTCTCCTGGATTTGGGAAG,False
148,-412,-2.0733805,2.0575998,0.98418695,-1.247961,0.99125683,0.9037164,-1.9507264,2.3004615,0.98595285,-2.1712391,2.023176,0.9851444,9.721481,-10.223113,2.178574e-09,0.7718001,ENST00000508401.1,-412,AAACACAGATCCTGGTGCCGAACATGAGGACAGGGCAGGCCGAAGGAGAAAGTGGAAGGAGGGGAGCTTCTCTCTCAGCCTCATCCTTCTGGGCCTGGATGCTGGAGAGTCATGAGGTGCTTCAGAGTACTCTGGGTGAGGAGGGAAAGATGGTGCCCACCACATGGAGGCCAGCCTAGGTCTTGTATGAAACCTGTGAGCTCTCATGAACCAGTACAGGCCTGCTTCAGCATAGCACTGGGTCCAAAGGAAAAGAAGAAAATGCTGAGTGTGTGGGTGGAACATCTAACCTCTTCGGACGTACAAGGCTCCTGCCTATGTCATCCTTTCCCCTGGCATGGCAGCAGATGCAACTCTGGAGTGGGGGAAGAGGGCGGGAAGAGAGCCTGTGCTGCTGAGCACCTACCAGGACTTGTCAGGGCCCAGGCACCCTATGAAACACCTTATGTTGGTTATCCCACACCAAGCTCGCAAACCTCTGAGGTAGGCAACTTTGTCACAGAGAGAGGCTGAGTAACAAGCCCAAAGTCAAACAGCCAAGAAGAGACAGAACTGTATTAAACTTATCTACTGGACCCCAAA,False
149,-772,-2.6712394,2.7116878,0.9954267,-0.8125235,0.81535923,0.8358794,0.46241477,-0.29086995,0.32010597,-0.5349959,0.51161766,0.7401241,-1.4646426,1.4665861,0.9493688,0.76818097,ENST00000566583.5,-772,ACTCGCAGTCCGCAGGATGACTCAGGGCAGCCCTGACCACAGTTCCGCCGCCATCGGCCCTAGCCTGCGGAATTGGGCTCGCCCCGGGACGATAACAGAGCTCTGCCGGGGGCTGGAGGCACTGACCGGGTGACCAGAGACCCAGAGACCAGACCCCCTCCACGGCGCCCGGGATTTCGGGGACGGCTTCTCCCATCGCAAGTTTCAACAGAAAATGAGAAATATCCCCCGACGATTGGCTGAAAACATGCAGCAACCACTATTTTCTTCCTGCCCCTCGTTGATGAGAGCATTCGAAGTGACCTCAGCAGGGCATCCAGGTCAGTTTCTGGAAGACTTGTGTGTGTGATGAATGAATATCTGGTTTTGTCTCTGCTGGGCCTGTGTGCCTGGAAAGGAATTGTTTTGGCCTAGGATCATCCAGTTTCGCTCTTGTGGCCCAGGCTGGAGTGCGGTGGTGTGACCTCGGCTCACTGCATCCTCCGCCTCCCGGGTTCAAGTGATGGGATTACAGGTGCCTGCCACAACGCCCAGCTAATTGTTTGTATTTTTAGTAGAGACGAGGTTTCACCATGTTGGCCAGGCTGGTCTCGAACTCCTGACCTCAGGTGATCCACCTGCCTTGGCCTCCCAAAGTGCTGGGATTACAGGTATGAGCTACCGCGCCCGGCACAAAGCATTTTCAGCTGTGAAATTCCCTGGGGTGCTGCAGTAGAGGAAGGTTTGGGGTCTTGACGGGTGCTATTTGCCACGGAAAGATGCCTTCCTGCTCCCAGGGCAGGAGAGCCGAGGTAAGACTTACTGTAGGCTGTCGTTTTTTTTGTTTGTTTTTTGTCTTTGCGATGGAGTCTCACTCTGTCGCCAGGCTGGAGTGCAGTGGCATGATCTTGGCTCACTGCAGAACCTCCACCTCCCAGGTTCAAGCGATTCTCCTGCCTCAGCCTCCCAAGTAACTGGGATTACAGGCACATGCCCCCACAACCAGCTAATTTTTTATTTTTAGTAGAGACAGGGTTTCACATGTTGGCCAGGCTGGTCTTGAACTCCTGACCTCAGGTGATCCGCCCGCCTCGGCCTCCCAAAGTGCTGGGATTACAGACATGAGCCACTGCGCCCAGCCAGGCTGTTGTTTTTTTACCTCCTTGTTTGCACAATTTGGGCCACTCACAAGAGTGTATACCCTGTGATAAACAGTTACCTACATTCTCCTCTGCATGCTTGTCTTTAGAGGAAGGAAATGTATTAATTGCCCAAAGTAATATATTGTGTTAAGATGTGATATATACTGGGGAAAAAAAAAGTGTATATTGACATTTCTGGAATAAACCACTTTGATTC,False
150,-1485,1.3732789,-1.4295309,0.05717253,-3.3378744,3.097949,0.99839944,-1.2187465,1.6175092,0.9446038,-2.1889355,2.0937579,0.9863826,-0.916718,0.83060753,0.8516152,0.76763475,ENST00000454968.5,-1485,CCGGTGCCTGGGGTCTCTGGAGGGGGTACTCAGAGTATCCGAGGAGGAGACTCCTGGATGCTAACAGAGCCCCCAGTTAGGAGCAGTCCGCGAGACAGTTGGTAACAGTGCTGGCCTTGCCCGGGCGCCGGAAGGTTCCGTGAGGCCCAGCAAGTCCTGACTTGGCACAGGGCCCAGCACACGGCGCAGTAACAATATAATTACCGTATGCAGTCCCCCAGGATACAGGGTCAAAGGAGAGCACAACCATCGCAGTTGGAAGCCCATGGGGCAGGGCCCAGGACACAGTGAGCATACAATAGACATTAGCTGCTGTGGTGTCTTGATTTCAAGCCCAGTGCAGATGCATCTGACTTACGAAACTTCAGTGACACCTGCTCTGTGCCAGACACTGAAGATGGAGCAGTGAACAGCACTGACCCAGCCTGTCCTCCTGTTGCCTGCAGGCCAGAAGCAAGGTCTCGCTGTGTTACCCTGGCTGGAGTGCAGTGGCTACTTACAGGCATGATCATAGCATACTGCAGCCTCGAACTCCTGGACTAGAGCAGTTCTCCTGCCTCAGCCTCCAGAGCAGCTGGGACTGCAGACACGCACCACAGAGCCCAGCCTGAGTCATTTTGATTCTGTAACTGGCTTCCTCTCGGCGGGCAGGCTCACACCCTCCACCCCCAGCTGGAGATGGAAGGAGGATGCTCACCGCCCATTCCTCATGCAGGCCATCGATGGAAATGTCAGACAGTGCGAGTCCACGCCTGAACACTTCTGGGGTCCGCTCTGGGACTGACACTGGCAGATCCATCGGTGAGCTCCCGCCTGCCACCTCTGGGCCTGCATTGCGGTGATAGGGCCAAGGGCCTGGGCCTTCAATTCTCCAGACTTGCCAAAATGCTCAGCGCAGGCCTCGTCGGCAACTGCAGACAAGCAGAGGCAGCACCTGGGCTCTGCCTGTGCCTGGCACAGTGAAGCGAGGGTGGGGGCAGGAATGAGGGTCCTCTCCATGCAAGGGGGGAAGATAGAAGAACAAAATTTCACCCTAATGTAGTGTCTTTAGACCGTGCAATGTTGTGCTCCTGTTAGTCTGATATCAGGGGCTTGCAGCCTGGCAAAGGAAAAAAAACAGGCTGAGGCACATGATAGAAGACAGGCAGGGATGCCACAATCATAACCATGGCAAAGACCAGGATCAGAAAGGCCCACCATCTCTGACCCCAAATCCCTGGGCAGATGGTTCCAGAACTCAGAATTTTCCCAGTTGTAGAAAGATGGGGCCAGGTGCAGTGGCTCACGCCTGTAATCCCAGCATTTTGGGAGTACAAGGTGGGCGGATCACCTGAGGTCAGGAGTTCGAGACCAGCCTGGCCAACATGGTGAAACCCTGTCTCTACTAAAAAAAAAAAAAAAAA,True
151,-283,-1.3102978,1.3407063,0.9340729,2.1107292,-2.2519424,0.012583918,-3.7062562,3.7929027,0.9994467,-1.8131294,1.6233364,0.968825,-1.272987,1.157437,0.9191181,0.76680934,ENST00000600068.1,-283,ATTTGACATGGCAGCTCCACCTTCACCCCCACCTCTGGTCCATGTTGCCTGTTCTTTGTGATTCTTTTTGCTCCTTCGCTTTTCACTGGATCCTGGTGGGAACAAGTCCCGAAGTGGAGAGCAGAGCCAGAAGGATTGATTTCCAAAAACTCCTGTTACATGAGGAAGACACCAAGAAGAGCAAAGAAAAGGAGCCAGGGTGGCTCTTCCTCAGGTGAAGTGGATATTTCTCGGTGGATTAATCTGTCTCTTTCCTTTCTGAAATGCCAGCTATCTCTTCCAAATGCATGACAAGGAAGTTCTCATCAAGAAGGCAAGGCAATACAGAAGTGTTCCACACAGGGACATTGCAAAGACAAGCAAGTCATCACACTGGAGATTTTTCCTTCCAGGAAATTGAGAAAGATTTTCAGGACTTTGAGTTTCAGTGGCAAGAAGATGAAAGAAATGGCCATGAAGCACTCATGACAGAGATAAAAAAGTTGACAGGATTTCCAAAGACTCATGTTACGTGAGGAAGCCACCAAGAAGAGCAAAGAAAAGGAGCCAGGGA,False
152,-1043,-1.0098703,1.0035908,0.88220316,-1.5947491,1.3418027,0.949624,-2.625824,2.950379,0.9962274,-2.7242591,2.523115,0.99476624,8.431951,-8.943659,2.8435986e-08,0.76456416,ENST00000515419.5,-1043,ACTTTAATAAAGGGAGAGCAGGAGAGTGGTGACGAATTTCCACATTCCGAACAAGCTTGTCGAAAGAGGAGTGCAGGGAAGGAGCAAGAATGAGGCACTGGAAGACGGCTGTAGGCGCATGATGTCACAAGTTATTGGAAGAAATCCCTCCAACCTAGGTTGGGACAGATGAAGGCGGCGCTTATTGGTGTTCACCAAAACACCAGCATGGTGTACCAGCTTTGGCTAGATGATGCTCAGATAAATACCTGGAGTGGGATTGCTAGATCACATGGAAAACACAGATCCTGGTGCCGAACATGAGGACAGGGCAGGCCGAAGGAGAAAGTGGAAGGAGGGGAGCTTCTCTCTCAGCCTCATCCTTCTGGGCCTGGATGCTGGAGAGTCATGAGGTGCTTCAGAGTACTCTGGGTGAGGAGGGAAAGATGGTGCCCACCACATGGAGGCCAGCCTAGGTCTTGTATGAAACCTGTGAGGAGATTCTCTCTCCCTTGCTGTCTTTGAAAAAGCAAGTTGCCATGTGAAGAGGGCCATATAGCATAGGAGCTGAAGGCAGCCTCCAACTGACGG,False
153,-388,-2.4542663,2.138997,0.9899816,-1.9844238,1.8417383,0.97867167,-2.5211298,2.5728374,0.9939037,1.7428125,-1.8319955,0.027257038,-0.91972506,0.6581916,0.8289092,0.7637446,ENST00000563286.1,-388,TGAATGAATGGTATATGAAGTTGTTTGTTGTTTTTTCATCTTTTTGGCTAGCTCAGAGTGTAACTTATTTACCCAAAGTCACACAACTATTCCTTCACTTATTCAGTCAACAGATGTGTTTCCTATATGTCAGGAACTTTCTGTGTTCTGGAGATAATGGTGATCTTTCCTCCTATATTGTTGCTAAGGCACAGACAAGCACAGGCAGGTAATAGACATAAAAAAACGTGATTTTATGTGTGGTAAGTGGTATTCAAGAAAATAAGAGGAATGGTATAGAATGTGGTGGAAGTAGGGGATACAAGGACACTGGCTAATTTAGAATGGGAAAATCCCTCTGAGATGAGGATATTAGAGCCGTGACCTGAATGACCTCCATTTGAAGATCAGCGAAAAATCTATACGAGAGAAAGCAGTAAGTACAAAGTCCCCAGTTTGGGAAATGCTTGGCACACCTGAGGAGCAGAAAGAAGGGCTGGTGTGGCTGGAGCCTAATGAAATTTAAATTGAGAGGAGGATGTGTCTAGGCCAGTTTATGTCATGCTTGATAGACCAGGGTAAGAAATTTGAGTTGTATTTGAGTTGCAATGGACAGCATTGGAAGGCTTTAAACAAGGAAGAGACTTTTTTTTAAAGACCGCTGGCTACGATATAGAGAAAAGACTATAATGATGCAGAGACAAGTTAAGTTTTATCTAAGTAGTTATACTGATTTGTTCTGAGGGAAATAAAGTAATGCATATTGTCCTTTTAGGTTCAATCTGAGCGAATTAGAGAAGGAATGGAAAAAGTTACCAAATAGCCACTAACAATGGCCTAAGATTGTGAATGTGGTGGTCTTGTTTTCCTCCTTACTTGTGGCATTAACAAAGTGTATGAGCTTCCTATTTGAAATCTGTGGAATATGTATATTGAAATCTTTAGATTTTTTTGGTTTAAATGCTTTTCAGAATTGACAAACTGTTTTTCAGTTAATTTCACATCTAAATTAAATGAAAACAATCTCAAATAAGTACAATTGCTACTGAAATTGTCAAAGGAATTTTGCTGAGGCAAAGCAGTGAAAACATTTCCCTTCTATAAAGAAGTTATGATGCTTGAACTTAATGGCTATGAAGGTTAAAAATTTTAAATACAGATTAATCTCTGTGCTAGTGTTTAGAGAGAGATGACATATAAGAATTTTTTGGCTCTTCATGTTATTTTAAATGCTCATGAGTAATACCAGAAACAGGCTTTATTTGGAAATAGATATACTATTTAAGACAAAATTTGAAGAGATTTATTTTAAAGTGTTCCATTTCTCTTTGAGAAATATTTTTTTTCTTTGCCTAGATACCTGGCACAGTGATGAACTTAATAGAAGATTCTGTCCTCACTATGCATATGGTCTGTGTTGTGGGTTCTTCCACATAAGCAAACAGGTGAAGATTAAGCCAGGCCACCCATGTGGGGGATCTAGCCCACTGCCAAGGGTGACTTTTTAGGGTGCTTGGGCCTCATCCATCCTTTTATAATCAAGATTATTAAAACAATGGGAGATGCTGTATGCTGATCTCCAGAAGAACAAAGAATTAGTTGGGTGTTAAACCAAGAACACTAAAAATGCAGCAGTAGCCAAAATTGCTGTGACCAGGTATAGGACAGTAAAAGGAAGGCTGTAAAAAGAACCTCTGAGGACCCAGGTGACTCTAGCTGTTAATGTCTGTCTGTCCTTGGATATTGGGAACTGAAGCAGATGTCTAAGCTGTAGAGCTAGAGTTGACATGAGATAGCTCTGTCTCTTCTTGGGTCTGTGGAAGTTGCAGTCTTTATCGAGTGGCAGTGATTAGACCACTCTAAGACCCAAGGCTTATGAGGCTGGGGAGCTTCCAGGGTGAGGAAGAAGCAAAGTACTAGCTACTACCTCCTAGAAAAGATGCGAGAATTTGGGAGTGGTGGGAGGAACTGAGAGACCCTGTGATTTCCAGCAACTTAAAGAGACAAGCAAGACCAGGTGTCCACCTGGGAAGCCATTTTTACATATTTTAGAATCTTGGCTTATTGAACAAGCTCAGGTCTATTGCTTACTAAGCTTCTCTTCTTGCTAAGTTTCCAATTAGTAATTTAAGTCGTGCTGTGAAGGATTGTATGCAGTTTGAAACTCCACAGTCCAGATTCATTTGAGTTAACACCTCTGTATCCCATATATGTATTCTCTTAATACATCACCTAATATTTCCAAAGCCCCCCCCCCCAGTCACTGTCATCTGGTCATCCTCTATCTTCTCACAATACTTTTTCCTCATAGCACTAAATAGTACCTGTCCTCATATTAAGTGTCTGTTTATTATCTGCCTCCTTCCCTGGAATGTAAGCTTCATGAGGGCAGGAGTGCAGTTTTGTTTATTACTGTAACCTCAGAGTAGAGAAGCCTGGCCACATAGTAGATGCTAGTATTCGTTTCCTAGGGCTGCTGTAACAGATACCATACATGAGTTACTTAAAACAACAGAAATTTATTCTTTCACAGTTTAGGTGGCCAGAAGTCCCAAACCAAGATATAACAAATTATATCTGCAAAGCCTTTATTTCCACAGAACCACATTCTGAGGTTCTGGGTGGACATTAATTTGGCAGGGAGTAGTGGGGGGACACTAACCTACTACAGTGCTCAGTAAATATTTATTGGGTGAATGAAAATTCAGAGTGTATTCTAAGCTGTAAACCCCTTGGATGTTTTCATCACAGTCTTCTCTTAATAACTGCTACAGAACATAAGGATTAGTTTGTGGTCCCAGATTTTTTAGGCTCCAATTCTGCTTCTACCACTTTCTACTTGTGAGCTCTTAGGCAAGCTATTTAACTTTGTAAGCCTCAGTTTCTTCTGTAAAATGGTGACAATAAGAAATAACAGTAAGTGCCCAATAAGTTTTAACTATTATTATGTGTCTATAGCTATTTTAAAGCACTTTCTATATGTAATCCTCATAACAACCGTATTAGGTGAGCCTATTACACTTCTCATTTTATGACAAAGGAAACTAGATTTGTTTCAAGAATGAAAAACCTAGAAAATTATATGTCACTTTATGAAGTGCCTGGCACATAGTACATAGAATAGCTTAGCTACAATAATATAGATATGTGACTTTACCTCATAACTTTAAGACATCTCAAATTGATTCACAAATCAGAAAAAAAATCTGAGGCATCAGATGTGAGGTGAGGTGAGGTGAGGCATCTCAGTTTTTGCACATATGGTTACTGTTATTGAGGGAGCTCCATGTCATTGAGGGAGCTCCACGTCATTGAGGGAGGACTGGGTGGGATGCTGGCCAAAGGTAGGGGCATATTTAGGCAGTGAAATTGCAGTTATGGGACCCCTCTATAGCACTAGATGTGTGAGAGGACTAAAAATAAAATTCCTTTGAAATTTCTTACAGGGTCATATATTACCTCCTTCCCAATGACTACTGTGGTATATTAGAGTAGGGGATTGATGTCCCAGAAATATTATGTACATCAAACAGAAGATCTACACAAATTGTTTTATCAGATACTGAATATATCAATGGGCTAGAGTGTATTATAGTACATATGGGTATGTTGTTTTCCCCCTTTTGACTAAATAAACTCTCCCCTCTCTGCAACAGGTAAATTTCCAGTTTACCTTTTTCTTGCTGTTTTTAATTTTTTTTATTTTGAAGGCTTTGTATCTTTATATCTCAGCTGAAAATATTACATTCTAACTCCCCAAAGCTATTCTCACATTATTTGCAAGTATTTTTTCATAGTTTACATGTTTGTGTATTTGTTTAATACATTCCACAAGACTGAAAGTCTTGGTGAGGGCAGGAACTCTGTCTAGGTTGTTCATCTGGCAGCCAGCAAACCCAAAATAAGTATTAGTTGAATGAATAGCTAAATAGATGAGCCATGGGGTAGCATATCTGTTTTAGCTACTGCTTGCCTGTTATCATCCTGGGATGCTGCTTGCTTCTCCGTGATCTCTTCTTGTTCTTAAATTGTCTTCAGTTGTAGTACTAAGTACTAATTTGATCTGTAATGTGATATGTGGCTGAAGTTTGCTCTGTAAAATCACCGTTTCCTGAGGTATATTCAATATCTTTAATTTTTCCATAAATCTCTTCAAGGTTTGTGTGTGTTTTCTTTTAAATTATCTAACTAGTTGGATGTATGCTTGAAGTGCTAGACAATAAAAGTTTCAATAGGCTA,False
154,-740,-0.62053275,0.7050535,0.79010963,-5.470197,5.1068296,0.9999745,-5.225868,5.451991,0.999977,-5.2965984,5.1038175,0.9999696,1.7114989,-2.0912595,0.021822317,0.7623705,ENST00000567286.5,-740,GCTCTTTGAAATGTCCGGCGCCGGAATGTCTGGGTGCTTTGGTTGGAGAGGGTCCCATTTCCAGTCATTCTTCAGCCTGGTGATTCCCGCGCTCCCCTGAGGAGCATATGAAAAATTAGGATTACCGAAAATACTGAAGAAAGACTACCTCTGATTGGACTCTTCTCAAGGAATTAATAATTCAAGAACTAAGGAAAGAAAAAAGTGATTATATGAAAATACTGAAGTTGATCGTAGCAGCTGAAGGCTGATCCTGTGCTGAAGTACATTGGTGCAATCTTGGCTCACTGCATCTCCACCCCAGGTTCAAGCGATTCTCCTGCCTCAGCCTCCCAAGCAGCTGGGATTACAGGTTTTGCCTTTTCCAGAATGTCACATAAATGGAATCATACTGTGTCCGGAATTGGTGGGTTCTTGGTCTCACTGACTTCAAGAATGACGCCATGGGCCCTCGCGGTGAGTGTTACAGCTCTTAAGGTGGCGCGTCTGGAGTTTGTTCCTTCTGATGTTCGGATGTGTTCGGAGTTTCTTCCTTCTGGTGGGTTCGTGGTCTCGCTGGCTCAGGAGTGAAGCT,False
155,-1050,-0.7761514,0.7118172,0.8157732,-3.0540047,2.7964182,0.9971296,-2.6605396,3.0080507,0.9965591,-3.8348,3.5740361,0.99939454,9.943961,-10.408234,1.4492847e-09,0.7617713,ENST00000507749.5,-1050,TTTTTGCAAGCGCAGAGGGTCAGTGTGACAGTTTCTGTATCTCAGCTCTTGTCTCACCTCCCAGAAGAATCAGGTCACACATGGACTTGAAGGATGACGGGCCTGTCTAATTGCAGGAAAACAAACTCAGGGCTCCCACTGATTCTACATTACGATAAATACCTGGAGTGGGATTGCTAGATCACATGGAAAACACAGATCCTGGTGCCGAACATGAGGACAGGGCAGGCCGAAGGAGAAAGTGGAAGGAGGGGAGCTTCTCTCTCAGCCTCATCCTTCTGGGCCTGGATGCTGGAGAGTCATGAGGTGCTTCAGAGTACTCTGGGTGAGGAGGGAAAGATGGTGCCCACCACATGGAGGCCAGCCTAGGTCTTGTATGAAACCTGTGAGGCCAGCAGGAGCCAGGCCGTGGCCTGCTGACTGCATCTGCCAGATGACTACCAATGTGTGAGTAAACCCATTCTCAAGCCCAAGAGAACCTCTCAGCTGAACCAGGCCCAAGTTGCTCACCCACTGAACTGCCAGTTAAATAAATGGTGG,False
156,-466,-2.8754618,2.6985443,0.9962191,-1.8894883,1.7339877,0.97400403,-2.053831,2.4656272,0.9892225,-0.6593071,0.8131634,0.8134326,1.6081926,-1.894449,0.029237159,0.76042306,ENST00000569835.1,-466,AAATTACAGAATTGTTTTGTGTTGTCAAAACCAGCAGGCTACATATAACACTACTGGTCTGTGACCCGGGTTCAGCAGGCTTGTGTGCCAATACACTTTTTTTTTTTTTTTTTTTTTTGCCTATATATTTTTAGAACACTCCCTCCCATTTTCCCCTCATTTTCAACAGGGCAGTCGGATATTGGAGGAATTGTAATGAAGACTTACTTATACATATTTCTTGAATTCTAAAGACTTATATGTATTTCTTGAATTCTAATTGTGTGTGTATTAAAGGGATTGAAGTTGTAGTCACAGAGAATACTTAGATAAAAGCAAAATATCTTGATCTTATGGTATAGGTAGAAACAGTCATTCAGATTTAGCTGGGGGAGATAAACCATAATATATTATGGTTAGAATGGTGCATTCCCTTGAAAAAACATTCCAAATCGCTTGGCATCTGCTTTTTGATGTAATTCTTTTGAAATACTTTTGAGCCTGCTGTGTAATATAATGGCCAAGACCTTGAATTTTAGAGACTAATTGATCTATCCTGGAATCCTAGGTTCACTTCTTAACTAACTCTAAGCCTCAATTTTCTGGTCAATTAAAAAATATGAAAGAATGATAACAGAACCTATTTCAGAAAGGTTAAATGAGGTAATTATCAAGTGTTTAGTACAATGCCTGGACCCATTTCAAGCCCTCAAAAGTTAGTTGTTAACTACCTTCTTTTGTTTCTTTGGGAGAATTTAGAATTTATTGATTGCCATTGAAGATTTTTTAGGATTCAGTGACAGCCATGCCTTTTCCAAGTAAAATATAGCAATATAGAGCTTATCCTGCTAGAGCAGATGACAGAACCAAAGGTGGATTGGATTAAAAGGAAAGCAAACATGGGGGAATAATGGTAAGAAAACATATAAACAATAGAATAAAATTAAAGAAACCAAAGGTAAAAATTAGATGAAGATGTATTTTGATTTGCTTATTACAAATGCCCCTTGATATTTAGTGTCATTTAAATATATAAGTAAATTGTAAGTACTTCATTATGTCTGGTATCATTACAGAATGGAAACACTAATGCAGATGTGTTACTTCCATATTTCCTCAGTGAAGTTGTGTAACTTTAAAGGGAAGAGGTATTTGGTATACACAAACTTAGATGGCAATTCTATTGTAGTAAATATTCAAAAGGAAGATTATATAAGTTTACACATGAAATATGAAAGCTCCAACATAATGCTGTTGCATGCTAATATTAAAGCTACTATCCCCAACAAATATATTGTTTGCTATTACTACTTTGCCAGATTAAGTGACTTGGTGTCCGCTGGAAAGCAGCCAGTGCTGAGAGTACAATTGGTACTTGTATCTCAGCTATTTTCTAGTTTGCTCGTGTTTGTATGCCTTCCTAGAGTCATTTGTGCTTCTTTCTGAACTTGTTGATTCCAGTCGTACTTGTTTTGTTATGAAATTTAAATATGTAAGTTGATAAAATGTGACGGAAAAAGAATTGTTTCTAAGAAGACTAAGTTGACTGCTTTGGAAATACCTGGTAAGGGTGAGTTGTCTGATTAGGTAGATGAAAACGATTAAAAGCCATGGGACAATCATAAAAACGTAGAAGTTTTTAATTTGCAAGTGTTTTTTCACTTCTCATTACACTGAGAACACTTAGAGGATACATCACAAGTGTGCTTCAGAGAAGAAAAGTATTAAGGAGTTGAAATAACAGACTTATTTAAAGAAAAAGTCTTGGACCTGTATCAAATAATTGAACTAAAGTGTCTTTTAAATTAAAATCTTTAAGATAGGTTTGTATCACTTAAAATCCAAAAACGTTTTTCCTCTGCGTTAAACAAGTTGACCATCTTCTGCATGTGGCTGCATGTGAACATAATGTAATGATAAGCTGTTATGATATCTTTGTAAATAAATGTAATAAAAAGAAGTATTCATGCTACTTAGAAAATATAATGTGCTAACGCTTACATAATTAAGTGTCTAAACTGTAAGAAATATTTTGTGTATGAAATGTTGGAGAGAAGAAATTAACCCAACATCAA,False
157,-208,-1.5020669,1.5294032,0.95397574,-4.0452843,3.7429929,0.99958557,-0.7630758,1.185574,0.87529933,-1.3035045,1.4118873,0.9379288,1.7267526,-1.9960752,0.02359534,0.75807697,ENST00000592897.1,-208,GTGGCTTCGCGACTGCGGAAGGTTGCCCGGGCTGGCGCCGCTGGGCAGAGCCGGTGCGACGTTTCCCTTTCCAGCTTTGTTCTTCCGGCCCTGCTGTCTGCCTCCCCGGCTGATTGGATTCGTTACTGCTTTGCAACGCGCACCTAACTCCAGGCTGGAATGCAATAGCGTGGTCTTGGCTCACTGCAACCTCCGCCTCCCGGGTTCAAGCAATTCTCCTGCCTCAGCCTCCTAAGTAGCTGGGACTACAGCAGCAGGTAGTCCCTGAGGAGCGGGGGCAGTGGCAGCCGGGTGGCACCCTGCCGGCAGCGGCTTCCCAACCGAGCGCGCACAGCTAGTCGGGCCAGGTGCTGCAGCTGCCTTGGCTGGTTCACCATGCACAGGGCCGAGCTGTAGAAGGCTTCGTGCTCCTAGGCCAGGAGTGAAAGAAGGGGCCCTCCTGCTGCTCCCTCCATGAGGCTGGTCCTGAAGGAATAGGCCTGTGGCTCGTCCCTCCTCCCCATCTCGGCCCTGAGGCAAACATACCTTCCACAGCTCTGGGAGCACCGCCT,False
158,-515,-3.2363193,3.3456912,0.9986168,-0.009154439,0.15129766,0.5400272,-1.3174368,1.4482166,0.9407913,-0.41401282,0.46781787,0.7072015,-0.20738685,0.18905157,0.59783167,0.75689375,ENST00000567834.1,-515,ATGTTACTGTGTCTTATTGGTTCAATGATGATTTCTCTGGCATATTAGACTTTTATTTTTTCCCCCATGGAAGCACTTGAGGAAATAAATAGTACACTGGCTGTTTTCTGCCAGCAACTGTGGTGATTTTTCTCCCTGTCCTTTGAGAATTGCTAGTCTGCTTCTGAGCCATTGTCATATCCAGCAGGGAGCAGCTTGGTTCAAGAAGGACCATAGAGGCTGCTCAGCATCTCCTCCCTCCCTCCCAGCTTGCCAGGGATTTGATGAGACAGGAAACTGCCCAGCAAACCAGGGACTGCCCATGTAAACTATTTAAGAAAAAGTTCAACCCAGGTCTTGTATCCTGTGATTTAGCAGTTGAATGAATACAGAATTCATCAAAATAATATTAACCTTGTACTTGCACACTTGGATATATTTGGGAGTAATTTTAGGAGATTTCTGGCTGACTTTTATTATCAGGGATATGGGTTTAGTAAAGCTTTTATCTTTAGAAAAATGTTTGTATGCATTATAAGATGCTACTTTTAAGACAATATTGAAAAAAACTTTGGTTATTATTTAACAAAAGTGGTATGACTTGATGCTTCTCTATTTAAAGGCAAGGAAGGATTGGTATATGATTGCCTGTAATAAATAAATTGCGTGATTATTGGAGTACATTGGGGTAAAAGTAAAGAACAGAGGAGTATTGAGGAGCTTGAAAGGGAACATTCAAACTAAAGCCAAGCCTGAAGATAACTTGAATCAGTTGTAAAAGTGTGTTGGCAATGTCCGAAATTGAATGAAAAACATCTGGCTTATAAGAAATGTTAAAGAACTACCATCTTAAGTAAAATTGGTGTTTTTGTTATTTTTAAGGTAAATGCCAATGCAAAAGGTATGTTTTTCTACTTCACATTGGTTTTCTTTTCCTGTTTACATCTGCACTTGTTTTTTGCTGAGAGCCAGAGGAAAAGATAATTAGACTTTGTCTCTTCCACCCATGAAATCCCCCAGTACCCAGGGCTTCTTCTGAACTACTGCCGATGTGATGTCACTTTGTATCTGGAAAATCACTTTGGGGTCCATTTACTGTTATTTTGTTGCCTACAAAAACAGCCAGGTGAAAGCTAAATCTTGTGTGAGAGTTTGCAGAGGTTTTTCTATACAATAAAGTAGTATAGCACACTAGCCAAATCCATCCAAAAGGACCTTTTTTTTAGGAAGTAGACTTGAATTCACAAAACAGTCTTGACATGGGTAGCTGGTGAAAAACCCTCTGGAGAGCAAGTGGAGCCAGTCCCCATTGGCTGACAGTGCCACCTGGAGCTGGTCTCTGGGGTGTTCGGTTGTTTATTCCTGAGGAAGACTAGCTGCTGCTGCTGCTGCTGCTGCAAACTGTACTGTACACATCATGGCTGCTGGACACGAAGGAGGAGGTGAGAGAAGTTTCATGCTACCGAAATAGAGGGTGTTGGTACCACTGCCCCTGGCCTGAGAGCCAGGGTTTAAACCTGCCTCAGTAGAGTCTAGTTTGAAATGACACCAAAATTCCTCAGCCCCTACTCAGCAATTGGTTTTGGTTTCCAAATGACTTCTGCATTTGTAAAGATAACAGAGTGGTGGGGTCAAAGTTTATCTTGTGTTTAGATCTCTTCAAGACTGCTTAAGCAAAAACAAAAATCCCTTGGAACCTATCGTTTGAGCCTGTAAAGTTGTTTTAGCAGTTGTCATAAATGCATATGTTGTGAAATCAGAACACTGTCGAGTTTATACTCATTTAGCTGCAATGTGGGACAATGAAAAATGCTTTACAGGCCTGGAGTATCATTACTTATGGTATCTCCTGCTTTAAAATCTCAAGCGATATCTATCTGGTTAAATTCCATTTTAGGAGATTGAGATGCAGAACGTTAATGTTCATTACCTCCTCCTACCCCAAGAGAAATGGATTCAGACATGTCTTGTCTCAACAAGAAATTGATTTTTTTTTAAACTATCTTATTCTGTTGCCAAATATCACAGAAGTAATGAGGAGTTTAGTTACATTTGGCTGTTGTGCTCTGAAAGAGCCAGGTTTGGAATTTGTGGGGGTGATCTAGGAAGAAGGTTCCAAAGAAGCAGAGGCATTTGTCAAGTTACCTACCCTATATCCAGCATCCTCCTCATGAGCTTCAGTAGCTGCTCTTTGCCCACGCTTGTATCCTACGTTTGCTATTTGGGCAAACCATTACTTCAGTTATTTAACTTCCCTTTTTTTTTAACTTCACCTTTGACTATGAACAAGTAACGGTAACATTCCTTTTGTGTATTCAATAATGCAGTTAGTTTACCTTTTTCAGAATATTTTGAACAAAGATCTTTGTCTCTTTCTGCTGGAATGCGCACACAGTGAACGTTTGTTAGAACTACACACAATAAAGACACTGTTTTCCTTTT,False
159,-450,2.757156,-2.8238695,0.0037545504,-2.5907302,2.2843347,0.9924232,-0.608446,0.950789,0.8262436,-1.9432732,1.9259617,0.97955245,-1.778715,1.7520297,0.97155005,0.7547048,ENST00000522674.1,-450,GCCACCTCAGGGGAAGCAACAGATCGTCACTCGGTGTTCTCACCGAAAGCACGTAATCGCCGGTGTAACTCATGTTGGCTGGGGGGCCTCCCGGCGCGCGCGGAGAGGCTGGGGTGCGCCCCCATGCAGCATGCTTGTGCTCAATTGCAGGGTCCTCGTTCTCGAGTGTGCAGAGGGCGGTGAGAGCTCAACTCTCGTCCCCACCTCCCACCCGCAGCTCCCCGGGTGGGTGAGGGATGCCCTGGACTGGGGATAGCCAGGTGGGAGTCCGTCGCTGTGTGGCCTGTGGTCTCGGAGTCTGTTCTCCTGGAGTCTCGCATTTGCACCCCCTTCTTCGCAGTCCCCCTCCCATAGACTTGCTCTGGGAAGCGCCTCTGCCTCCGACCCTAGCCGGAACCCCTTCGGGGCCAGAGTTTGAAGCCGTGGATGTGCCTGCCTGGTGGCTTGTCCGATTTGCACGGTGACTTGATTACACTCTCTCATTCATGGTCACTTCCGAAGCGCTTTAGTGCCTTCCGTCCCTAAACCGCCAACAGCCAGAACGGCTTCTCCCCGCGGTTTGTCACTGATCCGCAGGGCCCGGAAGGGCCTTCGTCTTACCCGGGATCCACCTCTCCCCTCATCTTCCCTGCCTACCTCTTCATCCCACCTTCTGTCCTTGGAGAAACTCCCTCCTCCTCGCTGCCTGCCGGGCTTCGGAGTGACTCGGCAGAGACAGAGGCACAGGGGCTGCCCTGCTGCTCACCGGTCCACCCATCTGCCTGGTCTTCTGGAGCTGAGGACTCGGGAAACCATGCAATTGAGGCAAGCCTTGGGCTGCTTTAGAGGCGCTGACATCCGAGGAGACTTCTCCTGGGAGGTCCAACAGCCGAGCTTAGCCCACCGGGCTCTGGGAAAGACCCGACTGAGGCTAAAGCCGCCCCGGAAGGCCAAGTCCGAGTTCCATTTCTTGAAGAGGCCGGCGCGCGTAAGGCTGTGACATTGGCCCTGGCGACTGGCTTCCCAGGAGCTGTTCTTTCTCAGGAGCTCCACAGCGCGGGCCATCTCCAGAAAACTGTCTTCAGAGTGTATTTCCTTTTATCGTCAACCCAGAGCCCCACCGCGGCTAATGCAAGAGGCCAAAAAATGTTTGGAGGAAGAAAAACAAAGGCAGGAAGTGGCGGCGGCCTGACGGTGCGTGTGTGTCTGCAGAGAAGGGAGGGAGCCGGCTCAGTCTCTTCTTGTTTTTCCAAACTTCAAGGTCCAGGCAGCCCTCTGCAGGGCCGGGCCCCATTGCTCCCCGCGCGGCATTGGAGGTGGCCGCCCGGAGAGGAGAAGGCCAACGCCTGCGCCAGGCTTGTCAGGCGGAAACGGCTAACAAGGAGATTTGGTCAGCAAAACAGACCCAGCCTTTCCGAGGCTTCGTCTGACTTGGCCCGAAAGGTTGGGGAGGGGGGGCTTGCGCAGAGCCTCAGGGACCCTCCTCTCTGGGGACTACCATCCCTGAGCCTTACGCTTCTTTCCACAGCCTTTGCAGGCGGAATATCGGAATAAAGTGGGTCCAGGCGCC,False
160,-215,-3.1645174,3.007885,0.9979182,-0.7259922,0.6858127,0.8040505,0.96038496,-0.6323397,0.16900091,-3.6980112,3.72703,0.9994042,-0.775818,0.5344638,0.7875603,0.7515868,ENST00000582096.1,-215,CTATTAAATTTGTTAATTGTCAGTTCTGGCTTTTTTGCATAAAGAGTTGGTCCATTAACTTGCCAATTTGAAGCTTCTAACTAGATATTCCCTACTGAAAGTTTTGGATTTGTTTTTAGTTTGTGGAGCAGTCTTAGCTGGGGACAGGTAATTGACAACGGCAGAGATACTTTCTTTTCCTAGGATTCTAAGTCTGTAATCCACATCCTCAATGTATTCACAGGACTTTAAAATTCTCTCCAAATGAGGAAGGAAATATCCTGTTGCTTTCTAATGTTTACTAAAAGTTGTGTTTAGAACAACAGATTTTAATAGGCATCTTCCTTTGTTATGTGTCATTAGCCCTTTGCCCGTTTACCTTAGGGCTCTTTGAAGGAGAAATGGATGGGAGAAAACCTGTCACTTGGCGAAAGTAAAAGGGATAATTAACTGGCTCAGAGCTTATGTGCAGAGTTCCAAGCCCCAAAGTTAATCTAGAACCACTCGATAACACCAATAAAAATATTTATTTCACATCTGTTATATATCTGGAAAATGTTCTAAGCATCTTACACATATTTCTCATTAAATCCACAGGTGACCATTGTGAGGTAGATATTTTGTTCTAATTTTCCAGATGAGGAAGCTGAGACCCTAAAAGGTTAGGTGACAGGTTATACAACTTGGAGTGTGGGAGGAGGAGAGAGGAACCTGAACAGGGCAAGTTGGGGATCTGACTTTTGTTTGGGTAGATGTAGGCACATTGTATTTTTGGCTTAGATGCTTTATTCATCATGGCTGAAGGTAATACCATTTACTCACTCACCGAAAATTGTTTACAATAATCTAGATGAATTTGCTGTCTTTGGACATCTGTCTTTTGACTGGACCCCAGTATATAGTCTGTGGAAGCTCACTTAAGGAGAGAGCTCCTTTTTGTTTGGTTAGAGAAATTTTCTGTCCTAAAAGTAGAAATAGCCCCTTCTAGGTAAGGATGGAGCATTTGATCATACTGGTTTCATTATATTCCTCTAACAGTTGGAACCGATTGTTTTTGAGTACTTGTTTCAAACTTCTGAGTATTTTCCTTCTGGAAAATAGCTCAGTGTTTAAAATTTACATGAACTTAAAAGGTTAATTTTTTTTTAAAGAATGTTTGAGGAGCAATCAATTCTGATTTTGTCTTATGGATAGAAATAGAATTAGCCATTTTCCTCAAGAAAAGTGATTCTTCTGAATCTTAGCTTTTCAGTAATGAGAACTGGACTGTTTCCACTTGACCTCTATTTCCTGTTAGTGGGAAACCGCTTCCCAGAGGTGCTGTGTGAAAGATTGCTGGGGAAAGGGTTTCTAGATCCCAGCATAACAAGTTCAAGAGTCCAGCGATATTGTCATTAGAATAATGGTCTTCATTAAGTACTAGTTTTCATAATCCTGAAGCTTCATTTTCACCAATTTGAAAGGCAGCTAGGGAGGAGAAGACTATGCAGGGAAGGAGGAAAACTCTGGAGTGCATCACAGAGACCTTGAGTGAGTTAAGGCAGGGAAGAAGCAGATTTGCTATCCACTGAATGAAAATAAGAAGAATTCCATTGTCCAAGGTCAGAGCAAGAACACAAAGGTTTTAGTTTACTTAGTTAATTCCTTAGGTTTGGACATTACAGGAGACATGGGGGTGACCATAGCAATTTAGCTGATAAATGTATCAGAAACTCTTTCATCATTTTCTGTCCCCTCCTATCTTAGGCTGACCGGTTCCCTGATGTGTTACCTGCTTCTGCTACTGATCCAAACTGCAGAACTTCTCATTCATCCCCAAGGCCTCCAGGCAGTATCCAATGGGGAATCAGCTCTAAAAGGAACCAGACCAACGTTTTCCAGCCCCTTCATTCTGGTGACTGAGGGGAGGAAAGAATGGGAGGGGGTATTCTTGTCTAGTGGATGGAAAGGAAACACACTGTCAAATTACTATATCTCCTTGGTTTTCTATTACAGTAGAATTCTCCAGCCATATTTTTATTGTCTATGGGGGAAGTTGGAGATGGTGACCTTGATTAGAAGTGTCTGGAGGGGGATAAATGGAGGGGATAAGATTCAGTTGGTTTTGGAAAATGTTAAAGTCTTAAAATAATGCGTCCATCTGAAGAATTTTTTCTAAAACCAGAGTTTATAAAAATATCACTGATACAGCCTGCCCCCTCATTTCCCTGCCACAGGAGATGTCTTGGACTAGAGACACTTGTTTAATAATAGCTTGTCTCTGATATTCCCAGTAGCTTCCCTCTGTGTGAGGAAAGGATAGAAATGTTCAGGACATCATCATACAGGCTCCTCATCTACAAAGTTCCAGTAGCAGTGACGCCTACACGGAAGACTTGGAACTGCAAACAGGCTGGGGTCACCTCAGTGACATCTGACGCTGTCCAACCAGAAGTTCGATTTTTGTTCTGGGGGTGAAGGAGGAAACAGACTGTACTAAAGGACTAAAATAATTTGTCTATACT,False
161,-1362,-0.58309746,0.52243394,0.7512951,-2.0557318,1.849487,0.9802609,-2.0019193,2.2147913,0.9854673,-2.5585623,2.5891287,0.99422085,1.75678,-2.097589,0.020747392,0.7463983,ENST00000445003.5,-1362,CACAGCTGGGATGTGGCAGAGCTGGGGTTCCAGCTCCTGTTCCCATTGCTGGACAGCTGCCACATCTGGCACCCAATTTAGGACCCCGCGGGGAGGCCCAAGCCCCGGGGGTGGCGGGGGATCCTAGAGGAAAGTGGCAAGGCCAGGACCCTGGAGCAGAGCCAGTGGAATGTCACCATCGCCCAGGTGGGGATTTTTGTGTGTTTTGTTCACTGCTGTACACCCAGCCCCCAGCACAGCGCCTGTCCAGGACAAGTGCCCAGTAAACACTTGGGAAGCAATGCAAGCGTCCTCCCAGCAGCTCCTGCAAACAGACCCCCGACCCAAGCCCTTCCTTCTGCCTCCACTGCCACCACTGCTGCTCATCTCTGCTGGCACAGAAGTCTCTTCCCTGGTCTTCCAGAAATCCCCTCTCCACACTCAGCCAGAGGGAGCTATTAAAACTGTGGGCCAGCCCACATCAGTCCACAGCAAAGTCCTCTCTAAGGGATCTCTGTTGCTTGGAGAATAAACCCTCGGATTCCTTCCTTGGCTCTCGG,False
162,-1045,-0.55189013,0.5164005,0.74427176,-2.4492679,2.203577,0.9905556,-2.3352158,2.7189255,0.99365765,-2.944721,2.738204,0.996608,6.8811927,-7.328782,6.7404096e-07,0.7450187,ENST00000512213.5,-1045,TTAATAAAGGGAGAGCAGGAGAGTGGTGACGAATTTCCACATTCCGAACAAGCTTGTCGAAAGAGGAGTGCAGGGAAGGAGCAAGAATGAGGCACTGGAAGACGGCTGTAGGCGCATGATGTCACAAGTTATTGGAAGAAATCCCTCCAACCTAGGTTGGGACAGATGAAGGCGGCGCTTATTGGTGTTCACCAAAACACCAGCATGGTGTACCAGCTTTGGCTAGATGATGCTCAGGAGGATCTCATTTCTGTACCCTGCCCTGGAAGTTGGCAAAAAAACACCAGAGACTGGGTAATTAATAAAAAGAAGAAATTGATCTGGCCTACAGTTCTGGAGCCTTGGAAGTCCGAGATCAAGGAGCTGCATCTGGGTTCTAGGATGCCTCATAAAGGCCCGTAGTGTACTTTCTGTCTACTTCACTTAGCTCCGCATTTGCAATTTCTGTTAACATGCATACAGTTGAATGGATGGCCAGGATCAAAGCTATCTGCTGTGAGACACAATGAGAAATGCTTTTGTGTAAAGATAAATACCTGGAGTGGGATTGCTAGATCACATGGTAAATATGTATTTAAATTTATGAGAAACTGCCAAAGTATTTTCCAAAGTAATAGTAACATTTTACACTCCTACCAGGACTGTCTGAGAGTTCCAGGTGCTCCACATCCTTACTGACAC,False
163,-246,-0.55952144,0.35391945,0.7137037,-0.36370933,0.32631144,0.6659715,-0.9163896,1.0454879,0.876736,-2.7968574,2.7470684,0.9961041,0.011676908,-0.10653311,0.47048187,0.74459946,ENST00000581192.1,-246,GGAGCCCCTGCTGGAAACCAGACGCTAAAGCTTGCAGCTGTGCAGCTAGGGGAGCATCTGTTTTCCACTTGAGAGCAACCCGGGCACGCGAGAACGGCCCGATTTCGGTGCAGGGGTGCGTCCCGAAGGAACGGGGGACTGTTTCTGCGCGGACAGGCGAACCCGGCAGGGGAAACCGAGGCCACGCTAGGTCCGCAGCCCCGAGGTGTCCACAAGAGCTCCGCTCGCGCAAGGGCGCGGAGCGAGGCTGCCCGCGGGACCGGCCTGCGGAGCGAGCGGCCAACGAGTGGATAAAGAAAATGTGATATATATGCACTATGGAATACTAAGCCATAAGAAGGAATGAAATAATGGCATTTGCAGCAACCTAGATGGAGTTGGAGACCATTATTCTAAGTGAAGTAACTCAAGAATGGAAAACCA,False
164,-481,-3.0375018,2.9670687,0.9975387,-4.1107802,4.025117,0.9997073,0.043297917,0.43687785,0.59714425,-0.1149787,0.14548245,0.56474966,-0.21271122,-0.019967616,0.5480373,0.74143547,ENST00000377680.3,-481,GAGTGCACCTGGCCTGAGAGCCCGCCAGGCCCTGCCCCTGCTCGGCTCCTCGTCTGCTGAAGCTCGGGACCTCTAGCCAGTGGCCCTCTGCAGCCACGGGGAATGGGGCTGAGAGCCGGTTCCCGCTGCAGGGCAGACCACCTAGCTCAGCCGCAGCCACAGGGACATCTGGCCCCGGTTCTGAGATGTGGGGAGTGCTGGCGGGCTCGGGGGTTGCCTGGAGGCTGCTGCCTGCACACAGAAGGCGGATGCAGCTTGGGTGCCCAGGCGGGCTGGAGGACAGCGGGCTGGGAAGCCAGGGGCCGCCGGGACCTGGGGCTGGAAACCACATCTGCCCACAGCCGCAGCCTCCTGCACCTGTCATCCTGGCGGCGCCCTGACGTCGGAGAAGCAGCAGGCGCGGAGCTCCTGCAGCGGGCACCGCTGCAGCAACCCGACCCGGCGCAGGCGGCAGTGGAAGGCGGCCTGCTAGCACGGCTCCCGCGGCCCCAGGACCAGGGGTGCGGCCAGCACCGCCCTCACTCCCCGCGTCTCGTGGATATTGCCCTCCCTGGAGGCGGCTGGACCTAAGCGAGGCTCGCAGCGATCGGCCCCGCGAAGACTCGCATGCAGGGCTCAGGATCCCGCATTCTGGCGCCGCGGCACCGCACCTTTCAGCAGCCCTGCTCCTCTTCTTGTTGGTAAACTTTTGTCACTCTGCCATGAAAAGCATCCAGGCGTCCTTGATTTCGACATTGCGTGCACGCTCAGCCGAGCTCATCAGACGGGCGGTTGTCCCCAGAGCCCGCGGGTAGCTTGTTCCCGGGCGGCGGCTCCTGCTGGATGCAGCTCCTTGTGGGCCTACCAGGCTTGGTGGAGCCACAGCAGACCTGTGGAGAGGAAGAGTAAGGCGGGCTCTGCAGGGCAGTGGGCCGGGACCATGAGAGAGGCGGGTCAGTCTGGGCTCCAAGCTCAGCCTCTCGGATTCCCCGGGACCCACGGCTTATAATGCGCTTAAATCCCACGCCTCGCCCGAGAGACAGCACGTCACCGTCACCGTCACCGCCTAGCGCCCCTGACCCGCTCCCACTCCGCTGCAGCGGAGGGTGTGTGAGGGAGAGGGACGCAGGGAGGGAAAAGCGTTGGGAGGGCAAACATCTTTTCATAAGCTTTTCCCCTTCTATATGCCATCTCTGATGGGAGCCTCTTTAGATCTTTCGTCCATTTACTAATTGGGTTGTTCGATTTCTTATTGTTGAGTTGTAAGTGGTTTTTAATGGTCTGGATGCCAGACAGGTGTTTTGCAAATATTTTCTCCGTCTGTGGCTTGTTTCTCCATTCTCTTATTTCCTTTCCCAGAGCAAAAGTTTTTAATTGTAACGACTTCATACCAATATCTTCTTTCATGGTAGAAATTTGTCTTTTATGTACTTTACTGTTGTATCTACAAAGTAATTGCCAAACCCAAAGTTACCTAAATATCCCTTTTGTTATTTTACAGAAGTTTTACAGCTTTTGGATTTAAATTTAGGTCTAAAAATTGAATTCATAAAAGTAGAGAGTATAATGATGCTTACCAGAGGCTGTGTTGCTGGGGAGAAAAATGGGAAGTTGTTCACAGATGCAAAGATTCAGTTAAACCGGAGAAATGCGTTTTGAAATCTATTGCACAGCAGGATGACTATAGTCAATAATAATGTACTGTATATTTAAATAACAAAAAGTAAATTTCAAATATCTAACCACAAAAAATAAAATTGAGGTGATGGGTATTTTTTATTTTATTTATTTATTTGTTTATTTATTTATTTTTTTGAGACAGAGTCTCGCTCTTTCGCCCAGGCCGGACTGCAGTGGCAGGGTCTCGGCTCACTGCAAGCTCCGCCTCCTGGGTTCACGCCATGAGGTGATGGATATTTTATCCTCGATGTAGTCATTCCTCATTTTATACACATATCCAAGCATCACATTGTACCCCATAAATGTATGCAATTGTGGTTTGACAATTTAAAATATTATTAACTTAAAAATGTGTCGTTCGAGTTAATTTTTGAGGAGCAAGGTCTGTGTCTCAATTCTTTTTTTTTTTGCATATATGTATATATACATACACGCAATGTATTCATCACTGTTTTTGAAAAAGCTACCCTTTCTCCCTTGAATTGCCTTTACCTTTTTGTAAAAGATCAATTGACTGTGTTTGTGCACTCTTATTTCTGAGTTCTCTATTCTGTTCCGTTGATCACTTTGCAAGTCCTTGAACTTTGTTCCTCCCCCACAATATTGTTGGCTATTCTTGTTAGTTTGTCTTTCTATATAAACTTTAGAATTAGTTTGTCAATTTCCACACAATAATTTATTCATGTTTTCACGAGAGTTGTAATGAATTTGTAAATCACACTGAAGAGAACTGACATCTTAACAACACTGGGTCTTATTTTGTGAATACAGATGTCCCTTCATTTATTTAGATCTTTAATCCCTTTCAACAGATTTTATAGTTTTTCTCACATAGACCCTGCCCATATTTTGCTAGATTGTGTCTATTTCATTTTCTTGATGCTAATGAAAATGGTATTGGGCTTTTAATTTCAAATTCTCGTTGTTCATTGCTGGATGTAGGACAGCAATTGATTTTGTATATTAACCTTATACCGTGCAACCTTGCTATAATCCAGAAGGGTTTTTGGCTGATGCTTTGAGATTCTCTACATAGAAAATCAAGTTATCAGCAAGCAAAGGGCATTTTAATGCTCCCTTTCCAATCTGTATACCTTTTATTTTATTTTCTTGTCTTATTGCATTAGCTAGGATTTTAGTATGATGTTGAATAGGAGCAGTGAGAGGGGATAACATTTCCTTGCTTCTTTTGTGTAAAACATCCCATTTTTCACATTATGTATGATATTGTCTGTAGGATGTTCTTTTGGTATATGTTCTTTATCAGTTGAGGAATTTCCCTTCTATTTCTAATTTGCTGAGAGTTTTAACCATGAATGGGCTTTGGATTCCGTAAAATGCTTTCTTGATCTATTAATATAATCAAATAACTTTTCTTCTTTAGCTAGTTATCTGAGGGATTGCCTTAACTATTTTGTGTTAAGCCAGGCTTGCATACCTGGAATAAATCTCACTTGGTCTTGGTGTGTAATTCAACAATGTATTGCTAGATTCAGCATGCTAATATTTTGTTGAGAATTTTTGATGAGAGACATTTGTCTGAACATTTTTCTTTAAATGTCTTTTTCTGCTTTTGGTATTAGAACTTCATAAAATGAGTTGGGATATGTTCCTTTTGCTTCTGTTTTCTGGTAGCAATTGTAAATAATTGGTATCTTTTCCTCCTTAAATGTTTCATACAATTCGCTAGTGAAACAATCTAGGCCTGTTGCTTTCTTTCTTGGAAGGTTGTTAATTATTCATATATTTCTATACTAGATAAAGAGTTATTTGAATTA,False
165,-228,-2.989178,3.0168788,0.99754226,-0.43120253,0.45156154,0.70739466,0.59857166,-0.43798864,0.26181424,-0.7809838,0.75514257,0.8229009,-1.1575545,1.1407385,0.9087356,0.73967755,ENST00000565256.1,-228,ACTCGCAGTCCGCAGGATGACTCAGGGCAGCCCTGACCACAGTTCCGCCGCCATCGGCCCTAGCCTGCGGAATTGGGCTCGCCCCGGGACGATAACAGAGCTCTGCCGGGGGCTGGAGGCACTGACCGGGTGACCAGAGACCCAGAGACCAGACCCCCTCCACGGCGCCCGGGATTTCGGGGACGGCTTCTCCCATCGCAAGTTTCAACAGAAAATGAGAAATATCCCCCGACGATTGGCTGAAAACATGCAGCAACCACTATTTTCTTCCTGCCCCTCGTTGATGAGAGCATTCGAAGTGACCTCAGCAGGGCATCCAGTTTCGCTCTTGTGGCCCAGGCTGGAGTGCGGTGGTGTGACCTCGGCTCACTGCATCCTCCGCCTCCCGGGTTCAAGTGATGGGATTACAGGTGCCTGCCACAACGCCCAGCTAATTGTTTGTATTTTTAGTAGAGACGAGGTTTCACCATGTTGGCCAGGCTGGTCTCGAACTCCTGACCTCAGGTGATCCACCTGCCTTGGCCTCCCAAAGTGCTGGGATTACAGGTATGAGCTACCGCGCCCGGCACAAAGCATTTTCAGCTGTGAAATTCCCTGGGGTGCTGCAGTAGAGGAAGGTTTGGGGTCTTGACGGGTGCTATTTGCCACGGAAAGATGCCTTCCTGCTCCCAGGGCAGGAGAGCCGAGGTAAGACTTACTGTAGGCTGTCGTTTTTTTTGTTTGTTTTTTGTCTTTGCGATGGAGTCTCACTCTGTCGCCAGGCTGGAGTGCAGTGGCATGATCTTGGCTCACTGCAGAACCTCCACCTCCCAGGTTCAAGCGATTCTCCTGCCTCAGCCTCCCAAGTAACTGGGATTACAGGCACATGCCCCCACAACCAGCTAATTTTTTATTTTTAGTAGAGACAGGGTTTCACATGTTGGCCAGGCTGGTCTTGAACTCCTGACCTCAGGTGATCCGCCCGCCTCGGCCTCCCAAAGTGCTGGGATTACAGACATGAGCCACTGCGCCCAGCCAGGCTGTTGTTTTTTTACCTCCTTGTTTGCACAATTTGGGCCACTCACAAGAGTGTATACCCTGTGATAAACAGTTACCTACATTCTCCTCTGCATGCTTGTCTTTAGAGGAAGGAAATGTATTAATTGCCCAAAGTAATATATTGTGTTAAGATGTGATATATACTGGGGAAAAAAAAAGTGTATATTGACATTTCTGGAATAAACCACTTTGATTC,False
166,-633,-2.665363,2.4911225,0.99427116,-1.3208715,1.1727034,0.9236902,-0.33625397,0.76088595,0.74972385,-7.0888944,6.7440696,0.99999905,1.8302499,-2.23046,0.016944703,0.7369258,ENST00000533528.1,-633,GAGTACTGGGACGATTCCGCGGAGCCGGGCAGAGACGGGGTTTTCCCATGTTAGCCAGGATGGTCTTGATCTCCTGACCTCGTGATCTGCCCACCTCGGCCTCCCAAGGTGCTGGGATTACAGGTGTGAGCCACCACGCCCAGCCTACCTTGCTATAGAATCTTTAGGCCTAATATAGTCTAGCCAGAACAGCTATTTGGATGCTTGCCTAATCTTCAATACTGGTTTCCCTTTTATACATGACTGCAAAACTGACTCTCACCTAGGTTTGTGATGTTAGAAACTCCAGTTGTTTACTATTATTATTAAAGTGGGAAACGGAGTTCGTTGATCAAATGGA,False
167,-343,-1.7738795,1.6100688,0.96719915,-1.2601205,1.0079503,0.9061979,0.104441136,0.3232597,0.5544874,-0.35353723,0.36130163,0.6714695,-0.17740428,0.086187065,0.5655189,0.7329746,ENST00000601795.1,-343,GAGGCTCCTAAACCAGTTGGACAGGAAAGCGCAGTTCCCAGCTCACTACAGTATCATACAGTAAGCTTCTGATTCGGATAAATTGTGAAGAATATTGTCTCTAGCTCCTTAAAGGATTTTCATGTGGAAGAGGCCTTAAGATTTATTATATATGGCTCTAGAGGGCAAAATTAGAACCTATCGGTGGTAGTTGTAGCAGAAAGCCTTCAGCGCAACCCAAAGAAGAATCTGACATGGAGTGGGCTGTCAGAAAGTTGGCGCTTTGTCAGAAGCAATGTGAAGTCAAAGGACAGGAGGAGCAATTTCTAGACTCTGGATCCAACGGGAAGCATCTAGAAGCCCCCTTGCTCAGGCAAAGCATCAGTACCCAAGAGGGGTACAGGCCCTCTTGGACGTGGTGTCTCATTTCTCTCCCGTGGCCCTGGAGCTTGGCATTCTGTATTCTCCGGTTCAGACCCTGGACTCTGACACCCTGCCTTGCTTCATCTTGAGTTCCGGCTGTCTGCCCAGCCGGACCTACACTGAGCTTGTCTGGTTCTTTCCTGCAGCCAGTTGAGACATCATTGTCCCAGGACACCCCCAGTCTACGGGGTTCTGGCCCCAGATGTCCACCTCTGCCCTGCCCACCAGCAGCCATGCCAGCCAGTGAGCTGTGGGTGAAAACACTGCTGATTGCAAAGGACCACTCAACCGTCAGGAAAGCTCTCGGCTCATAGCTTTGTCTTTTGTCCAGCTGTCCTGGACATCCTATCTTTCCTCTAGCCCCTAGCCCTGACAGAGAGCCTCAAAGTTGTTTTCATCTTATCTGCTGAGGATCTGACTCACCCCATCAGACTTCTGGGAGGGAGAGAGCGAGCGCGCCTCGAGCCCGGAGGGGAGAAACCCTTAGTGTTGTCACGGTTTAGGCACACGCTCATAGAAATCCTTGCAGCTCGAGCTCTTCAAAATATGATTAGACCAATTTTACATGTCTAGTCACTGAGGCTCCAGTAGATTGGGACTATTTCTATATGTGCAAAGTGAAGTGGATAATTGAGGCAATTATCTTCAGGCAAATGAATCTGGGCACTGTAATCAGTCCATCCTGATAACTGGGGAGAAATCGGCGTCATTCACTGTAGCATTGCTTTGCGTTAAAGAGAATTCTAAGGTA,False
168,-257,-4.0036707,3.9403856,0.99964535,0.5693363,-0.77779853,0.20633918,-2.5601056,2.7726843,0.99519265,-2.216963,2.0837142,0.98662204,0.01434958,-0.109944165,0.46896648,0.73135316,ENST00000594557.1,-257,CTCGAGGTTAGCTCTTCACTGCCCTGTGTCTTCTTTCCAAGGGTCTCGGTGATTCGGCCACAGCCTCAGCCTCCATCACGCGGTGAACTGATGGTGCTGGAAGATTCATAGACTCCAGGACATTCCTGAAGCCGAGAAAAGGTTAAGTAGGGTCTGGCCTGGAATACTCTCCTAGATGAAGATAGCCCAACCATGAGCCACCTTCGAAGCAGATGAGATGAAATTAAAGCTCTTCAACTCCTAAAGGCCCAGAGACTATCACAAAAGAGGTGGGCATGTGAGATTGTAAGAACTGATTTTGAGAGATAAAATAAGTTCAGTTTTTCTATACATTAATCATTAATGTCAAAGGCACACTAATGCAAGACCAGAATAGGGGCCCCAGTGTTAGATTAACAAGGTTTTCTTGAAGCATTAACTGACTCCTTAATAAAGGCTTATAGAAGTTATATCTCATGGTCAAGATTAGAATTTTATAGATTGTTCATAACATTTTGAAAAACAAATTTAATTGGCTTTATGCTGTTTTATTGAAGATTATTGTTTGGAAAATTAAGTCTTGTCTCCCAAAGAATGAAGGTTTTTTCTTTTTTTGTTTTTGAAATCTTTATTACTTTGGTCAAATTAATGACTTATTTTACAATGACCTGTGACATCAGGTGTTTTAAATCTTTGATATTTGACTGAGATTCTTTCTGTGGAACAAAGTTCCATCAAACTTTCCAAAATCAAATTATAAATTATGTATTTTTCTTACCTAATCCTTTAAAATATTATGTTCCCTAAAGTTTAAAAATGACATAATTTTGCTTATTTCTTATAAAAATTATACAGAGAACGTTGTTGAATATGAAATGGTGTTTGGTTTTTTTGGGCTGTGTTTGTATAAGTATATTATTGGTATTTGTTCTAAAATTATGGGAAACTCCTATAATTCTTATATGACTTAGTGTACATTATTAGCAGTAATTATAATTGCTATATTGCCACAGAGGTAACAAATTTCCTTGTCAATTGTATCTTTGACTTTGGTTGCCTTAAAACTTTTTGTCATTCACAGACAATTGTATTGTTTTGGTCCTCTTTAGAAGGTGGTTTTATAATCAGCTATAAAACTCTTAACAGGTGGTCTTGAATGCAAGTTTCTGATAACTTTGGAGATGGTGACATCAGAGTAGAGGAAAAAAATTCAGAACTCATGGAGAGCTGAAATGTTCATGAATATTAAGCAGAACAAGGATTAAGTGCATGCATTGAACTATTAGAAGACTGAAGTAATCTTTTTTTCTTTTTTTGAGTCGGGGTTTCACTCGGTCTTCCAGGCTGGAGTCCAGTGGTGTGATCTCAGCTGAATTACAGATGCATGCCACCACACCTGGCTAAGTTTTGTATTTTTAGTAGAGACGGGGTTTCACCATGTTGGTCAGGCTGGTCCAAACTCCTGACCTCATGATCTGCCTGCTTGGCCTCCCAAAGTGTTGGGATTATAGGCGTGAGCCACCGAGACCAGCTGATCTTTTTGACTTTTTACTTAAAATGTTGCTGATCCTTTCTTTTGTTTTCTGAGTCAAGGAAACCTACCTTTTGATCTATTTACAGCTTTTAACAAGTTAGTATACTCCTGTGAACAAAATTTAAAGCATATTTAATTCTCTCTACTTGATTTCTCTAGAATTTGGAAACTATTTGTGAGTATTCTTAACTTATGGCAATACATTTATTTGCATAAGTGCATTAAGAATGTTTTTTTTTGTTTGTTTTGTTGTGTTATTTATTTATTTTTTGAGACAGAGTCTCACTCTGTTGCCAGGCTAGAGTGTGGTGGCCCGATCTTGGCTCACTGCAACCTCTGCCTCCTGGGTTCAAGCAATCCTCCTGCCTTGGCCTCCCAGGTAGCTGGGACTACAGGCGAGCGCCACCATGCCCAGCTGATTTTTTATATTTTTAGTAGAGATAGGGTTTCACCATGCTGGCCACTATGGTCTTGATCTCTTGACCTCATGATTCACCCATCTTGACCTCCCAAAGTGCTGTGATTACAGGCATGAGCCACCACGCCCTGCCAAGAATCTGGTTTTTATAAGTAACAGGACACAATTGGAGAAACTGGTTATTTTACCAACACTTTGACTGGAATGGTGTTCCTTTTTTAAGGAATCAAACTTGATTTATGGAGCCAATTAAAAGCCCCTCGGGAAAACTGGATTCAAATCTTGTCTACATATTCCCTGTACTATGACATTTTTACTTACCACAGGTCAGAAATCCTGAAGGTCACTTTCTGACAAACTCAGGAACCCCAGGTTTATCTTGGAGCCTCAAGAGGAGATAAATTCACCCAACTCAGGTATTTGATGGTACAAATCCATGTCTGGGGTTGGCTTTTAAAAAGTATTATCTGAGATTCCTTCTGTGGAACAAAGTTCCATCGGGGAAAAATTGTGCAAATGTAATAAATTTGGAAAAACACTTTTTCAAAAACTACAGCTTAGAAAACAACAGAGAGTTCATACTGGAGTATGCTTTTGCAGATGCAGTACATGTAAAAAAATATTTAATCCATAATTAAGTCTATGCAAATATCAGAATTTATGGTAGAAATATATAAGGCACTGACACACTTCACGTATTCTAAATCAGTGCTGAGTATAGGAAATCTAAAACTAAAGTTGGCAGAAAAATTATTTGTATGTAACTTTCAGAGGATCAGAAGGTTTTTTGCAGAATTATAATTACATTCAAAGTATATTTCTTGAAAAAAATACAGATTTTTTGAAAAGTGAATAATGATGTCATTCAACTCTGAAATTATTTCCTGCTGTTTCTTCATTCCTATTGGAGTCAAATGTGAAAGCATAGGATCAATTGTTGCTGCGTCAAAGATGTGAGAGATTCTTTTTGTTTTGTTTTGTTTTCTGTTTTTTTGAGATGGAATTTCGCTCTTTTGCCCAGGCTGGAGTGCAGTGGAATGATCTTGGCTCACTTCCGTCTCCGCCTTCCAGTTTCAAGTGATTCTCCTGCCTCAGCCTACTGAGTAGTTGGGATTACAGGTGCCTGCCACCACACCCAGCTAATTTTTGTATTTTTAGTAAAGATGGGGTTTCACCATGTTGGCCAGGCTGGTCTCAAACTCCTGACGTCATGATCTGCCCGCTTCAGTCTCCCAAAGTGTGATTACAGGTGTGAGCCACCATGCCTGGCAAGGCATTCTTTTTTATTAGGGGGGTGTTGTTTATTACCTCTTCTATAGAAAAGTAAAGACATTAAAATGTAAGATGCATAATAAAAATCTAAGTGGAGAGGCTCTTATAACCTATAATATTGAGTGATGCATCAGGTAGGTGTTCAGAGTAATCTGCATTATCATGAGAAGAAAACATGTTTAATTTTATTTAAAATTAAATGAGTAGTATATTATTGTACTAATTGTACTAATTTTTTCTGAGACAGAGTTTTGCTCTTGGTGCCCAGGCTGGAGTGCATTGGCACGATCTCTGGCTCACTGTGACCTCTGCCTCCCAGATTCAAGTGATTCTCCTGCCTCAGCCTCCTGAGTAGCTGGGATTACGGGCATGTGCCCCCATGCCTGGCTAATTTTGAATTTTTAGTAGAAACAGGGTTTCTCCATGTTGGTCAGGCTGGTCTTGAACTGCCAACCTCAGGTGATCTGCCCACTTTGGCCTCCCAAAGTGCTGGGATTACAGGCATGAGCCACCGAGCCTGGCCTGATTGTACTTTTATATAATAAAATGCAGTACATTTATAAATTTTAGATTATGTGTGAAGTTAATAGTTTAATTCAACATTTTTAACATGTTAAATACTATTGTGCATTCAATGAAGCGTTATTATGCCACAAACTTTAACCTCTTTCACCTTACTCAAGGGTATAGGTAAAAGATGGTAACAATATACTGTTTAGTAAGATAATAGATTAACATCTCTAGTGATTTTTTTTTTTTGCCAGTGGCTTTCAACTGCAAATAAGTTAAAGAATATTGTTTCTGTAGGTAAATTTTTATTCTGTTTTTAATCATTTAAATTTATTTTAATTTTGGTGGCTGCATGAGTATCTATGCAATATATGGCATGTTTTAATACAGGAATACAATATATAATAATAATATCAGCATTAAGTGAGGCATCCTTCACCTGTAGCATTTATCCTATGTTTTATAATCCAATTCTACACTTTTTTTTAAATTTAAAATGTACAATTAAATTGTTATTTACTACAGGGTTATTTTTATGGTCATAATAAAAATTATATATGAGTATAAATAAAATTCATTGTTAAATTCTTAATATTTTTTCAAATTTCTTATATATTTTTCTTGGAACATGTGGCCTGTCTGCCTGCAAACACATAAGACTTTTAGTTTTGATTTACATAGAGTTAAATATTTATTAATCTAAAGACAAACCTTAGGTGTAAGAAAATTATGGAGTAAGTGTGTTGGGAGTTTGAGACCAGCCAGACCAACGTGGATTAACCCCGTCTCTACTAAAAACACAAAATTAGCCGGGCGTGGTGGCATATGCCTGTAATCCCAGCTACTTGGGAGGCTAAGCCAGGAGAATCGCTTGAGCATGGGAGGCGGAGGCGGAGGTTGCAGTGAGCCGAGATCACGCCATTGCACTCCAGCCTGGGCAGCAAGAGTGAAACTCTGTCTCAAAAAAAAAAAAAAAA,False
169,-1004,-0.6804364,0.37754625,0.7423048,-0.8588668,0.8928937,0.85217464,-1.7085193,2.1452842,0.9792411,-2.7087145,2.6944883,0.995518,1.1233777,-1.3756924,0.0759234,0.7290324,ENST00000508406.1,-1004,CAGTCATGGTCTGGAGTCAAGAAATGAAGAGGGCAAGCAATGTTTTTGGCATCCTGACTACAGTTACATGCAGTTTGGGGCTGCTGCAATGGCAACTCAACGGAGAGGTTAGGAACACCAACTCCAGGATCAGGCAATCTTTGAATCCCTGTCACTAGCAGCTTTGTATATTGGAGCAAGTTACTTAACATCTGTCTGCTGGAGTTTGCTGGAGGTTCACTCCAGACCCTATTTGCCTGGGTATCACCAGTGGAGGCTGCAGAACAGCAAAGATTGCTGCCTATTCCTTCCTCTGGAAGCTTCTTCCTAGAGAGTCACCTGCCAGATGCCAGCCAGAGCTCCCCGAAATGAGGTATTCAGTGACATCTTTCTAAATTGTTTAAAATGAGAAGCATTGCACACTGAGAGTCAGGATCCAAGTGTCTTTGACTGAGCCAACTCAGCTCTGCTATTAACTTATGGTGTGATCGCAGGCTGTCTAGAAAAGGACACCAACAATCACCCATGAAGATTGCCCTTCAACCTTTGGGAGGAAATGATCGAAATGGGAGCTAGAGAAGATTGTTGTTGGAATCTCAGTTCTTCAGAGAGCTACTATCAACAGATTGAGTTGACAGGAAAAAGTCATAATCCAGGCCAAAGTGAGCAAACTCCCAAGAGCATTCCTGGTCAGCACCGCAGCAAATCCGTGGCAAGTGCAGAGATTATAAGCAATTTCTCCATGGCTGGAATTCAGTTGATCTGGGACTGAACCTATTTCTAATGGGGTCTTGATATATTGCCCAGGCTGGAGTGCAGGGGCTATTCACAGGCACAATCATAGCTCACTACAGTCTCAAACTCCTAATCTCAAGCAGTAGCTGGGACTGTAAGTATGCACCAACACTCCCGGTTTGGGTATCTCCATTGATTGGCAACCAGCACCACAGTAGATGCTGATGAAAAGAAAGTTATGAATGTCATGTAAAATGACAGTAGTATTAGCAAATGTGCTTTTAATTATAAGAAAATTACAATATGTAAAAAAATTTCAATTTTCCCATATTATCTCTTAATAATAACTGCCATTTGTTGAGCCCATTGGGTATGTTACATATATTAACACAACAGGATGGACATTATCTATCTTATATATATTATGTGTATATATACGGAAAACAGGACACAAATTGTCTGAGGCCATGGACAATTAGCTTGCAGTAAAGTAGGATTCTAAATTAGGTTTCTCTAGCTCCAAGACCCATGCCATTTTGTTTGGTCATTTGCTTCTGATGAATCAAATATTAATTCAGCCAAAGACAGCTATTCAAAGCTGGTTGAATAACTTACTATGTGTAATTCACTTGTGTCCTGCCTTTCTTCCGAACTTTTGTACAAAACCTTGATTATTTTAATAAGGCATTCTATACATAAAGTTTCAAATAAACCATAAGTACCTCAAGAAAATGTCATATAATTTAGAATTGAATCATAGCATATTTTTAATCTGGAAGCAACATATCTAAATAAGCCATTTTTATATTATAAATACAAACAGGTACAAAGAAGTATAGTTCACTTTACAAGCTGTTGTACATGCATAATACCATATTATGCTACCAAAGAAACTATTAAGTTATACATATTTTTTACAGCTTTAACTATTTTTGTTGTCAATTTCCTCTAATAAGATTTTTTCTGGATAAACAAAAATTTATCTACTCAAATGATTGTTTTTCTTCAACATCATAATGTTGCAGGCCTATTGATGTATATTTTTGTGTACTAAATAGTTTGTGGAGCTCTTCTTGAAGAATTATCTTCAGAGCTGATTAACCAGACACACCCTCCAGACATCATAGTCACAGCTGCTTTGAGACAGCAACAACCTCATCCCCGCAAATAGTATGGATTCCTGTCTTATTCAATAGGTCTGAATTTTAAATACTCTTAGCTTATTTCAAGAACTAAATCTATCCTCCACAAATAAAAATGTGCTGCCGCTCAGAATATTTAGGAGAATATGTGATAGCCAAGATACTTTTGGCTTATTTCAAAAATTCATCTATCTCCACAAAGGAAAATGTTTCACCATTCAGAATATTCAAGAGAATTTTCTTAGAAAAGAAATCCAAGATTGTATTCATTGGAATAACAGACCTTTCTTCAAGGTGACTTCTTTCAAAAGAACAATATTTAGGGGTATATAGAACATCATTTTTAAAATAATTTATTTTGCTATATTTACCACATTTCATGACACCCTAAAAGATTTTGGCTAATGAAATTTATACAGTTCAAATGTGTATTCCTGAAGAGACAAGACTGAGGGAAAAAAAATTATCTCAAAGTCATTCTCAAATTAGACATGAAATGAATTATTAATTTCTACATATTTTACCATCATGCTTGTAGTTTTAATAAACAAAAATCAAATGCATATAGGCTTCACACACTTTGTGTAATTGCTTGTTTAACATCCCCAAATTCCATAAATGCAAAAACTAGATCTGTCTGGCTTTCCATTAAGTCCCCAGCACCTAGCAAGGTGCTTAACAAATAGCAGATGGATGTTGGAAGGAATAAAGGAACAAAGAAAAGAATAGAAGAAGTTAGTGACTTGATTCTATACAGAGTGGACCTTGACACATACTGCAAGTGAATGTTAAACTAAAAGTATAATTTCTTTATCAGTGAATATATTTCCATGAATTTTAAGTATTTTGCTGATGATTTATTAAATATGTATTTCACTACTTTCTTTTCTTTTAATCAGTCCTATTCCATCCCCTTCAAATAATAAAAAAGTTTCAATG,False
170,-207,-1.1599276,1.1380124,0.9087063,-2.601829,2.2727418,0.99241954,-0.5432116,0.9223658,0.81238425,-1.1535374,1.293747,0.9203626,2.9890332,-3.3434277,0.0017744994,0.7271294,ENST00000591166.1,-207,GCTGTCTGCCTCCCCGGCTGATTGGATTCGTTACTGCTTTGCAACGCGCACCTAACTCCAGGCTGGAGTGCAGTGGCACAATCTCAGCTTGCTGTGACCTCAGCTCTCTGCGACCTCTGCTTGCTGGACTCAAGCGATCCTCCCACCACCTCAGCCTCCTGAGTAGCTGGAACCATCATATGCACCAGCACGCCTGGCTAAAGTTTTGCTCTTGTCACCCAGGCTGGAATGCAATAGCGTGGTCTTGGCTCACTGCAACCTCCGCCTCCCGGGTTCAAGCAATTCTCCTGCCTCAGCCTCCTAAGTAGCTGGGACTACAGCTTGAGGTCCTACCTGGTGTCCTCCATGAGAATCATACAAGCCCCGCTACAGACAACAGAATTGGAAGGTCCTGAGAGCTACCAGAAGCATCTTCAGTTTTCATATGAAAAACTTAAGCCCAGGAGTGATTTGTGCAGCCAAGGACACACAGCAAGTTAGTGGCTGCACCAGAAATAGTACTCACTGCCTCAGACAGTCCCTCCCACAGTCTACTCTGTCTCCACCCCAAGGTCTGGTTCTGAATCATTCAGTTGTCAGTTGTCTCCTTTTTTTTTTTTTTTTTTGGAGACAGGGTCTCTCTCTGTGGCCCAGGCTGAAGTGCAGTGGTGTGATTACAGCTCATGTAGCCTGGACCTCCCAAGCTCAAGCAATCCTCCTGCCTCTGCCTCCCAAGTAGCTGGGACCACAGGTGGGCAGCACCACACCTGGCTAA,False
171,-505,-3.9004633,3.9745255,0.99961996,-1.0109876,0.9875914,0.8806478,-2.4218035,2.661966,0.99384165,-0.5904319,0.5354785,0.7550834,2.6534119,-2.7637541,0.004420088,0.72672254,ENST00000563777.1,-505,AACATCGAGAAGGAGAGGGAACGATGACTACAAACAAGATGGCCTTCTCCCCCGACCCGACCTCCTTCCCAGGCACTCACACGCCCTCCTGTCCACAACCCTCCGCGTGTGTGGTACCTGACGGGAGTCGCAGTCCATCTGCTGCCTTCCCGCTGCCATTTCTACTCGTCAGGAACAATGGAAAGGTGAAAAGGAAAGAGGACTACAAGCAAGATGGCGGAAGAGGGACATACACCTGACTAGTAGTCGATCTTACGAGGTGCGATGGGATTAGTAGTTTTATAGCCTTCCAGTGTTCCTTAAGAATGGCGGAACCAGGAGGACGAGGAGACTACCGTAAAGATGGCAGGCTACCTAGCCTCTCCCGGTCTCCGCTTTCCACCACCTTGGGCACCTCGCCCGCCTGTGGTCTCGAAATCCCCCCCACCAGTGGCGCACGGCCTGACGGGAGTTGCAGTCTCCCGGCTCCCGTCTATCATCTCAAGTCGAGACAATGGAAGGGGATGGGGCGGGGCCACCGGCAAAGATGGCGGCTGCAGGGCCGGGGCGACTGCGACATGGGATGTGTAGTCCAGGCGTCTGGCCTCTTCCCTGCGGAAATGAGGGAGAGGACTACGAAAAAGATGGCGACCTCGCCCCTCGACCTCTGCGCCGGTGCCTGCTGGGAAATGTAGTTCCTTGCCGAGTCCAACAGAGAAAGGACGTCGCTGTTGAAATGTGAATCCCGGCGGACACGCCAAATTGCGAGGCGACGGAAACGGAAAGACTCTTTTCTCCTCTCTCCGCCACCGGCTTCTGAACAGCCTGGCGGGAAATGTAGTCCCAAGCTTTCACTCGCGAGTGGAGGGGAAGGATTTATGTCACCAGTGGGGATCAGTGCGGGTGGGGGAGAAAAACGTCGGGCGATCCGGGAATAAAGAATGTCCGCCTCTCCATGGGGCGAGGACTTCGCGTTTCAGGGGAGGGCCCTTAAAGGAAGGCAGCAGGAATCAGTCTTGTCGAACAGGGGGGCGTGGTTCTCGTCGAGAGTGCATTCACACTCTTGTTCCCTAGAAAGCCTGGGCACCTCCCACTCGATTCCTGCTCCTCAGACCTCCGGGAATCAGTGTCTTACAAGACGTGCGGGCTCCGGGGAAAAGGACCTGGAGTCACAGCGAATCCCCGCCCCGCCCCGGGAAGCCACCAAACCTTGCTTTTTCTCATCTGCAAAATGGGGACAATGGGGATAATGATCCCCACCTCGAAGCACAGTTGTGAGTGTTAAACAAGCCAATGTTCTTGTCACCAAAGTGCCCAACTCTGGCACGGGGCACGCGGTGGTAGATCCCTTTCTAAGGTCCCTTCCAGCCCAGCCGTTCTGGGAGCCCAGGAATCCATGATGCCGGACAGAGTTCGCTCCTGTGAGAAGAAAACTGACCCGCAGGCTCCTCCCAGATTGAACCGACCCCCGCCCCTCCTCATCGGGGTCCTCCAGCGTCTGTTACCGAGCACTGCTCCCAGGGGGCGCTCAATCTCCATTCGACTGAGGTACTACAAACACGATTTCCGCAACCTGGAGTTGGAGGCATTGCAGGCTGTCCAGCCTCATCCCCTGCCTGATATCCAGTCAGCCTTGGAGGCCTCTGCCTAGACACTTCAACTGCCTATGCAAATGGAACGGCTTCTCATCTTTCTGCCGTTTTTTGGTTTTTTTTGTGTGTGTTTTAAGGTCTTGCTCTGTCACTTGGGTTGGAGTGCAGTTGCAGGATCATAGTTTGCTGCAGCCTCGACCTCCTGGGCTTAAGCGATCCTCCTCCCTCAGCCTTGTGAATACCTGGGACTTCAGGCACGCGCCACTACACCCAGCTAATTTTTAAACTATAATTTTTTTTTGTTCAGACGAAGTCTCGCTATGTTGCCCAGGCTGGTCTCGAACTCCTGGCCACAAGTGTGCCTCCCGCCTTGGCCTCCCTAAGTGTTGGGATTATAGGTGTGAGCCAGCAGCCATACCCCTCTTCTCAATCTTCCTTCTCCCCTGGAAAACCTGCTCACTTCTGACCCCAAGACAGCCCCCTCCCCTTCCCTCTGTCTTCTGTGTTTGGCAGACCAGCCCCAGCGAGGACTTGTTGGTTGTGGTTTTTCTATCAGGGAAGTCAATGGCTGGCCAGTGTAGTGTGAAGTCCCAGCTTGGCAGAGACTTGCCCAAGGCTGGATAGGAGGCTTCTTTGCCGCTCAGGCTTTATCAGTCAGGAAATCCTTAGCCCTCCCTAGAGGATTGGCTGTCCCCTCTATCCTCACTGCTTGAATTTGGTGTTGCATGATTGATTTCTACCCTGTTCCCTCTGCTTGAGGGCTATCCTCCCCATGCCCATCTCACTTCTCCACCAAGTTCACTGTTCATCATTTACAGGTCTCTATTTATGTATTTATTATTTATTTTTCTACTTTCCCACTTTTCTAAAAGGTCTCTATTTAAATGCCACTGTCAATCCCAGCACTTTGGGAGGCCTAGGCGGGCGGATCATGAAGTCAAGAGTTCGAGACCAGCAATGGCCAGTATGGTGAAACCCTGTCTCTCCTAAAAATACAAAAATTAGCCGGGCATGGTGGAATGTGCCTGTAATCCCACCTACTCGAGAGGCTGAGGCAGCAGAATTGCTTGAACCCGGGAGGTGGAGGTTACAGTGAGCTGAGATCGTGCCACTGCACTCCATCCTGGACGACAGAGTGAGACTCTGTCTCAAACCAATCAATCAATCAATCAATCACTGTCCTGGCCAGTTGCAGTGGCTCACGCCTATAATCCCAACACTTCGGGAGGCCAAGGTGAGAGGATAACTTGAAACTAGGAGTTCAAGACCAGCCAAGGCAACATAGTGAGGCCCCATCTTTACAAAAATACAAAAATTAGCTGGACGTGTAGTCCCAGCTACTTAGGAGGCTGAGGGGCAAGGATTGCTTGAGGCTGAGAGATTGAGCCTGCAGTGAGCTATGACGATGCCACTCGCTGCATTCAAGTCTAGATGACAGAGCAAGACCCTGCTCCTGGACATACTACTAAGTGCTTTCAGCATTTCATGTGGTCCTCATAAAAATCTTGAGGGCCGGGCATGGTGGCTCACGCCTGTAATCTCAGCACTTTGGGAGGCCAAGGCAGGTGGGTCACCTGGGGTCAGGAGTTCGAGACCAGCCTGACCAATATGGTGAAACCCCATCTCTACTAAAAATAGAAAAATTAGCCAGGTGTAGTGGTGTGCACCTGTAGTCCCAGCTCTTCAGGAGGCTGAGAAAAGAGAATTGTTTGAACCTGGAAGGCGGAGGTTGCAGTGAGCCAAGATCACAGCACTGCACTGCTGCCTGGGCGACAGCGAGACTCTATCTCAAAAAAAAAAAAACCCACACAACCTTATGAGGTAGAATTCCATTTTAGAGACGAGGAAACTGGGACCCTCAATTATGCAGAATGGATGAGTGGTACCGCCAAAATTCAAACCCCAGACTCCCGAACTCATGCTCAGAACTATTACAACATGCAGAAACAACAAATCCAGTCATGTGTGCATTTAATTTGGCATAGCAACAACAACACATTTCTCAGGCAAAATGGATTTCCAGCTTCTCTTGAAAAGTCCTGAAATCTAGTCCAGGACCGTGGATTGTATTTAAAAAAATAAAAATAGAAGAAGAAAAGGCCGGGCATGGTGGCTCATGCCTGTAATCCCAACACTTTGGGAGGCTAAGGCAGCTGGATCACTTGAGGCCAGGAGTTCAAGACCAGCCTGGCAAACATGGTGAAACCCCGTCTCTATTAAAAATACAAAAATTAGCTGGGCGTGGTGGCGTGCACCTGTAGTCCCAGCTACTCAGGATCCTGAGGCATGAGAATTGCTTGAACCTGGGAGGCAGAGGCTGCAGTGAGCCAAGACAATGCCACTACACTCCAGCCTGGACAACAGAGCGAGACTCAGTCTC,False
172,-1048,-0.16958362,0.26313394,0.60652244,-3.6744823,3.4357855,0.99918395,-2.6432028,3.0027978,0.9964809,-3.2987828,3.0368567,0.9982311,5.7329025,-6.374087,5.5207634e-06,0.7200848,ENST00000513591.5,-1048,AATGAAACAGGAGAGTTCCCTGATTTCCTCCCGGCCCCCGCCCTCCCACAGCCCTTTGCAGGACGTGCAACAGGGTTGTGGCTCGTGTGTTCGGTCTCTGCCTGCTGAAACCCCTTATGGGAGGTGGAGCATGCAGACGGACGGGTGCAGGAGCCAGGGTGCAAAAGCTGGGGCGCTGGGCTTCCAGCCCCACGGCAGTGTCCAGGGGCAGGATCCCGTGATTCCCGGAGCCCAAATGGGCGTGTGTTACAGTGTGCTCTTTTAGCCTTACCATCAGCTGACGGCTTAAGTGTTAACCAGCTCAATAGACCCTCTGCCTTTTTGCAAGCGCAGAGGGTCAGTGTGACAGTTTCTGTATCTCAGCTCTTGTCTCACCTCCCAGAAGAATCAGGTCACACATGGACTTGAAGGATGAACACCAGAGACTGGGTAATTAATAAAAAGAAGAAATTGATCTGGCCTACAGTTCTGGAGCCTTGGAAGTCCGAGATCAAGGAGCTGCATCTGGGTTCTAGGATGCCTCATAAAGGCCCGTAGTGTACTTTCTGTCTACTTCACTTAGCTCCGCATTTGCAATTTCTGTTAACATGCATACAGTTGAATGGATGGCCAGGATCAAAGCTATCTGCTGTGAGACACAATGAGAAATGCTTTTGTGTAAAGGAAAACACAGATCCTGGTGCCGAACATGAGGACAGGGCAGGCCGAAGGAGAAAGTGGAAGGAGGGGAGCTTCTCTCTCAGCCTCATCCTTCTGGGCCTGGATGCTGGAGAGTCATGAGGTGCTTCAGAGTACTCTGGGTGAGGAGGGAAAGATGGTGCCCACCACATGGAGGCCAGCCTAGGTCTTGTATGAAACCTGTGAGGAGATTCTCTCTCCCTTGCTGTCTTTGAAAAAGCAAGTTGCCATGTGAAGAGGGCCATATAGCATAGGAGCTGAAGGCAGCCTCCAACTGACGGCAAGAAAATGAGGTCCTCAGTCTGACAACCTGCAAGAAACTGAATGTTCTAAAAGCCACATGAGCTTGGGAGCAGATCTGACCCCAGCCAAATCTCTGAAGTCCGCAGGCAGGAAATGAAGATCAGAAAAAGGCTATTGTCTCATGAATATGAGCCAGACTCCACAGAAGCTGGAGTCCTTCATTATGGAGCTAAACACATACACCTGGCTTAGGAGTCAGAAAAACTGAAAGAGAATTCAGGGAAGTAGAGAAATTGCAAGCCCAGATGCTGCTTCATACCAAAGAAGCAAGTCAGCAGGTCAGCAACAATGTGTATCAGTTCCAAAATGACTTACACAGGTACCAAGACAAGACATTATATACACTTATATAGTCAAATACTTTAAAACTGTTAACAAACTTGCTACAATTGTCTCATTTGTCTTTTAACCTTAATATCACAGATCAAGTTTGTAATCTCAAAAGTTCACCCTGGCTGCTGTGTGGAGTATTCTCTTATCTGCTCATATTACACTGTGCTTATTCATTCATCAGTTAATGGAAATTTGGGTTGTTTCCTGATTTTGACTGTAATGAATAATGTTGCTGTAAACATTCATGTACAGTTTTGTGTGGACATGCTTTTCTTTCTCTTGGGTAGGTTCCTATGAGTGGAATCACTAGATTGTATGGTAAATGTATGTTTAACTTTTAAAGAAACTGTCAAACTGTTTTCTAACATGAACGGGCCATTTTACGTTCTTATCAACAATATATGATGGTTTCAATTTTCCCAC,False
173,-1005,0.7884302,-1.0232446,0.14043583,-0.67394674,0.7773043,0.8101909,-3.7310135,4.1653795,0.99962807,-5.56974,5.4556413,0.99998367,-0.43732822,0.0897786,0.6288081,0.7158093,ENST00000510016.1,-1005,TTGAAAATAGCTTTAAATGCTTCTCCATCCAGTTCTTCAGAGAGCTACTATCAACAGATTGAGTTGACAGGAAAAAGTCATAATCCAGGCCAAAGTGAGCAAACTCCCAAGAGCATTCCTGGTCAGCACCGCAGCAAATCCGTGGCAAGTGCAGGTAATTCATTCTCATGACAGTGTCCAGAGAGTAGGGCTAAAATGAAAACAGCGGTGAGTGATGTGGTGCTGCTTCACCTTTTTCACTGGGGAAATATGAATATAAGAGAAAGTAATTTGTGCAGAAGTAAAATGGAGGTGTCTTTAGTTTGTGAAAATCCCTGGTGCCCCTAGTCATTCCTCTATACCATGAAACTCCCACAGTTACTATGCCCTAAAGAAACATTATTTGGACTGGCTAAACATAGGACTGAAAAAGAAAAAGAAAAAAAAGGCAAACAGTGAAGGGTGAAGGAACCATAGCCTCAAGATTGC,False
174,-1209,-5.264947,5.121455,0.9999691,0.72543764,-0.7483283,0.18637086,0.28691164,0.017569542,0.43306863,-7.2692,7.038488,0.9999994,-1.2234555,0.8546209,0.888754,0.7016324,ENST00000560912.5,-1209,GAGGGAGCGTCCGCGGCCCGCGCGCCCGCGCGGCGGAGGAGAGGTGTTAAGTGTGATGCTTCCATAATACATTTGGATGCTGTCAGCTAAGTTCACTTCTGAACTAAGGGGTTCCTCCAAATGTTGGCTGAAATTCATCCCAAGGCTGGTCTGCAATTACCTATTTCTTTTAAGAATAAATTTAGTGGGAATATCAGTTCCAGTCATGGGTACCAAACTTTTTTAGTGACAGAGTACACACAGAGTCTGCAATTCATAATGGAGCTACTGTACTGGCTATTGGAAGGAGGAGATTCTGAAGATAAGGAGGTAAAACCTGTTTAGAAATTAAAAATGAGTTACGATTTAAAGAAAATTCAGATGACTCATTGTGAGTGCTAGTTCTCTTGTAGGATGCCACTGGAAATGTTGAAATGAAAAATATTCAGCCGTTGGTCTTTGAAATTTCCTGTGATGTGT,False
175,-1051,-2.731677,2.8581343,0.9962781,1.3626686,-1.2664772,0.06728603,-0.22729668,0.31732368,0.6328866,-4.409162,4.3523207,0.99984336,-0.83405054,0.61201495,0.80939215,0.70113724,ENST00000513755.1,-1051,AAGCGATGAAAAGCGTTCCACACGCCACGAGCCCGCGGGATCCTCGGAGAGTATGGAACCCTTCCCCTCCGCTCTCAGCCGGAGGCCAGCTGCGTCCAGCCGGGCTCGGTCTTCTGAACACCGATTTCAAATCAGGTCCTCGGGGCCCAGCGTCACTTAGGGAAGTGGTGGCATTTTGTGATATAAGAAAGATTGGAGAACTGTGTGCCTGGCAATTGCCTTGCTGAAAGGAAGCCCTCAGAAAAAGTTGTTTGATGGTGAGAGCTGGCCAAGCCAGAAAGACAAACCAAGCGACTTTGAGTGGGGGCTTTGTGTCACAAGGCATCAGTAGACCTGGAGACTGAGTTCAGGCAATCAATCAATCAATCAATCAATCAGGCCTACAGAATGAAACTCCAACTAAAAACTGTGGACACCAAAGCTCAGCTGATTTCCTGGTTGGCAATACTCCATGCATATTGTCACACATCAATGCCAGCTGGTCAGTGGTAGA,True
176,-925,-2.8440132,2.8999867,0.99680823,-0.4950062,0.29714665,0.68829346,-1.9036046,2.4249003,0.9869844,1.070635,-1.330069,0.083119035,-0.5830276,0.46253347,0.73992157,0.69902533,ENST00000442383.1,-925,GTGAGTAGGCGTCATTCTTCACAGTAGTCCTCTGCCTCCACCGCCCCGGGATCTCCTTGCGCTCGGTCCTCTACGTGGAGTCACCTATGCAGAGGAATTCCACGGGGCGGGGGCGAGGACAGGGTGCGGGGGTCTTTATGGCAGACAATCCCCGGCTGAGCGCTTGGCCAGAGTTTCTGTGATGCTAGAATCTGGACTGCCTGCGACCTCTCCGGGACTCGGACACCAGCCCTCGCCTCCTGGTGATCTTTTAGGTCCTGCAGAGAAGTGAAGAGATGAGCCCCAGAGAGGCGAAGCCACTTGAGCTCGTGAGTGACAGTCAGATGTCAAGCCCTGCTCTTTCTAAAGCGTGCTGCCTTCAGAAAAGAAGAGCCAGAAGGATGGAAATTACTTCAGAAAGATGAATACCAGCTTTGAAGGAATAAAAGCTGACGAGGAATTGAAGGAGTTGAGGCACGAGCTTGAACAGGGTTGCATGTTTGGCCCTTGATTGTAAATGCCCATTGCTGCACCTGTTCCTGTTACTTGGGGAGTTGCAGCAGAAGGAACAGCGGCCTGGGACTCCAGAGAACTGGGTTCCCTCTCATCCCTCCAGGGCCACCACTTCTTGTGGGCCCTTGGGCAAGTCACTGTACTTTCTGAGTCTCAGTTTCCCCATTTGCAGAATGGAAATAACTACCCCGGTCTACCAACTTAGAAGAATTGCTTTGAGGATCTGATAAGGTGGTGTGGATGATGCTGCCTTGGGGGCTTTACAGTCTGGAGCTCAAGGGACCCCTTAAGTTGGGCTTACTTAGTAACTCCAGGGGTGGGCAGAACAGGACTCCAATGAGGGTTTTTTTCTTTTTCCCTTTTTTTTCTTTTCCTATCTCTTAACTTTTATCTTTATTATTTTACAATGCCCTTGTAAGATGAAACAAGTGATGCTGAAATATCTTTTTCTTTTTTAACCTTTATTTTAGAATTGGGGTACATGTGCAGGTTTGTTACATAGGTACAGTGTGGGCTGCTGAGGTTTGGGAGTACGAATGAATTAGTCACCCCAGTGGTGAGCATAGTGCCCGATAAGTGGTTTTTTCAACCCTTACTCCCATCCCTCTCCATTCTTGTGTTCCCCAGTGTCTGCTGTTCCCATTTTTATGACCATGTGTACTCAATGTTTAGCTCCCACTTAGAAGTAAGAACATGCCCAGCACTTTGGGAGGCCGAGGTGGGTGGATCATGAGGTCAAGAGATCGAGACCATCTTGGCTAACAAAGTGAAACCCTGTCTCTACTAAAAACATAAAAAATTGGCCGGGTGTGGTGGTGGGCACCTGTAGTCCTAGCTACTCGGGAGGCTGAGACAGGAGAATCGCCTGAACCGGGGAGGTGGAGGTTGCAGTGAGCTGAGATTGTACCACTGCACTCCAGCCTGGGTGACAGAGTGAGACTCCATCTCAAAAAAATAAAAATAAAAAAATAAAAAGAATGTGGTGTATGA,False
177,-1197,-1.3014914,1.2222657,0.9257906,-0.39098513,0.33928785,0.6748652,-0.7571815,0.9585962,0.8475841,1.5059263,-1.543544,0.045240343,-1.956345,1.9929092,0.9810952,0.6949151,ENST00000602546.5,-1197,GACTTAAGATGGCGGCGTTTGCACGGAGTGCAATCACTGCGTCCTTACGGGGGTTGCAAGGCGTCCGAATCTCTTCAAAATATCGGAGAATAATTTCTTTCTCGCTGATCGCCTAACTTCTACTGACGAAGCTTGGAAGTTGCAGAAGATGGAGTTCGCTCTTGTTGCCCAGGCTGGAATGCAATGGCATGACCTTGGCTCACTGCAACCTCTGCCTCCCCAGTTCAAGTGGTTCTCCTGCCTCAGCCTCCCGAGTAGCTGAGATTACAGGTACTGGCTCCTGTATCACCCAGCTCTGGAGTTGAAAGAGCTCTTCATTCCTGAGTCTCCTGTACCACTGAGAATAGGCTGGAGTGCAGTGGCGCAATCTCGGCTCTCTGCAACCTTCACCTCCCGTGTTCAAGTGATTCTCCTGCCTCAGCCTCCTGAATACCTGAGATTACAAGCATGCACCACCACGCCCGTCTAATTTTGTATTTTCACTAGAGACGGGGTTTCTCCATGTTGGTCAGGCTGGTCTCGAACTCCCGACCTCAGGTGATCCGCCCGCCTCAGCCTCCCAAAGTGCTGGGATTACAGGCATGAGCCACCGCGTCCAGCAAGAATAGGTGATTTTCAAACTTGGAAACATTCAGAAGTTATCGCCTCAGTTTCAGATTGAGTAGTCTCAAAGAGATTACAGACATCTACCACAAATTCTCTACTTGGTGTGGTGCAAAATCAGTATGATGTAAACTTTGTCTCTCAGTTTCTTCAAAGGAA,False
178,-926,0.010030508,-0.046860278,0.48578116,-2.3229852,2.1218636,0.9883973,-2.3936613,2.6112716,0.99333984,-2.8166318,2.8576543,0.99657863,2.2503238,-2.605438,0.0077232905,0.6943641,ENST00000421019.1,-926,TTCACTGCTGTACACCCAGCCCCCAGCACAGCGCCTGTCCAGGACAAGTGCCCAGTAAACACTTGGGAAGCAATGCAAGCGTGCGTGCATGGATAAGTATTTCTTTGGCAGATGAGGGGGCTAAGGTTCAGAGAAGGCCCTGGGGGTCTCAGACTCATAGCCCAGTGCTCTTTCTGCTGACACGCCCTGGTCTCTGGGGCAGTTTGTTGCCTGTTCAGCAACAAAGAGGGTGTGCCTCGTTAGGGGTCCTGCGTGCGAATCGCAGTCCCTGCGTGTCTTGGCTGGAGGTCACCACCCTCTCTGCTCCAGGGCCTGTAATTACCACTTACCCTGGTCAATGGGTCCGAGAGATTACCCTTGTAGGCAGGGCTGTGGCCAGGGTGCTCACCTGGCCCCCAGCAGGTCCCATGGGCACTGTCTGGCCGGGCTTCATGGCTGACATTCCAGGTCCTCCCAGCAGCTCCTGCAAACAGACCCCCGACCCAAGCCCTTCCTTCTGCCTCCACTGCCACCACTGCTGCTCATCTCTGCTGGCACAGAAGTCTCTTCCCTGGTCTTCCAGAAATCCCCTCTCCACACTCAGCCAGAGGGAGCTATTAAAACTGTGGGCCAGCCCACATCAGTCCACAGCAAAGTCCTCTCTAAGGGATCTCTGTTGCTTGGAGAATAAACCCTCGGATTCCTTC,False
179,-632,-1.4672456,1.2678945,0.9390686,-0.86588717,0.70009446,0.82721007,-0.20585331,0.62999034,0.6975891,-5.5144587,5.1876693,0.99997747,2.4155784,-2.7997777,0.005403147,0.6938497,ENST00000526795.1,-632,GGGGACTCGGCCGCCATGTTAGGAGTACTGGGACGATTCCGCGGAGCCGGGCAGAGGTTTTAGGGGTGCGCAGGAGTCAAGTGGTGGTTCAGTGGGGACGGAATGATTAACAAAGGCGTCCGAAGAAATCGTTGTTGGAAGGTGACCAAGGTGGAAAGAGACGTTGCTTTGGCCCTGCAAGTAAGAAGAGAGAGGGAATAGCCTGAAGGAGTAACACTAAATTTAAAATGACACTTTTTTACCAACCAGCGAAAGCAGATGTTCAAAGGGGATATTGGCCAGAGTCTGTCACACTAAGATGAGAAATGTCCTTTCTTCCTGAAGGTGTCTGATGTGTAAAAATATGATATACTTTGTGCTGTTTCCTCCCTTCCCTTTTGCATATTATTCTGAAACAACATTAACTAGTTACTTTGCGTCATTGAAGGTTTGGATAATTAAGGGAGCACTAGAAAACTTTTTTTTTTTTTTTTGAGATGGAGTCTGTTGCCCAGGCTGGAGTACAGTGGTACGGTCTCGACTCACTGCAATCTCCGCTCCTGGGTTCAAGTGATTTCTCTTGCCTCA,False
180,-363,-0.07893634,-0.21316868,0.4664922,-4.4503965,4.4350257,0.9998616,-2.3283026,2.8090444,0.99416107,-5.613139,5.370193,0.9999831,2.351143,-2.704192,0.0063348445,0.6933665,ENST00000450920.1,-363,GTTCAGTGCTATCCAAGTGACTCCCCCGGGAGAGGACAACTGGAAATTTATGCCTGGTGTCTTCCTGGACTCCGACCTATGCACCTTTTTCCTTGGATGATTTTAACCTGTCTCCTTTTGCTGCAATGAACCATAACCATGAGTATATCAGCTTTTCTAATTTTTGTGAGTCCCTCAAGTGAATTATCAAACCTAAGGTAGTTTTGGGACCCCCATCACAGAGAGTCAAACAGGGGCAGGGCAAGAAGAGCTGCTTTTCCTGGAAGGCTAATGAGTCTGAACTTCGCCCTGGAGGTAATCGTTATAGTAACTCCAGGCTCTAACCTGGAGCTGACATGATAAGGTCAAATGTACACCTCTAGAAGACTTCCGACTGCAGAGGGGAATGGATGGGGGAGCTGAGGGAGGAGAGCTGAAGCAGGAAGACCATGGCCTGGAAAGAGATGGCTGAACCAGTCCAGGTGGCGAGGAGTCCATGTCAGCTGCCGTCATCCACACCACAGATCAGACATGGCAAAGAGTGGCCAGGCCTTCTGAGTGAAGGTGATCCAACCTGTCACCAAGCCTAAGGGCAAATCCTGGCTGTGCTGTGATGGCTCCAACAACCCCAAACAGCAGCGCAGAGGCTGCAGCCGCCCTCGGAGGCAACACTGGGAAACGCTCATTAGCAGCCTTCCATTGCTCACCCGCCCCATCCCACCTCTGTGCATCCCAGATCATCAGCGAAGTGCACAGCTGGCTTCCATCCTCGGAGCCTTCCTCCTTCATTTGCCTATTCAACAGTTACAAAGGCCTGAGTTGCAAAGGGGCTTACAACCCATTCCACCCAGAAGAAAGAGAACTGAGACTGAGCAAGACAGAGAATAGGTGGAAGGGGAGATGAAACCAAGCAATCTCTAGATCCCAAATGGGGACCCTGATGTAGCAAGAGCCTCTTTTAAATCCTTTTCCAATAGGGTAATATGGAAAATAGTTGAAAGCACAAGCCAAGTGGGGCTGGAATCCCAAATGGGCCATTTACTAGCTGTGTGACTGGACAAGTAATTTCATATTTCTGGGCCTCGATTTTTCTCATCTGTAAAATAGAAAAAAAAAAACCTATGTCATAACGTTGATAAACAGATTAGATGAGCTAAGATCTAAAATGTCTTCTATTCAGTAGGTGCTCAATAAATGTTATCTATTTTTA,False
181,-1154,-0.16994,0.070997775,0.55994475,-4.58042,4.1833916,0.9998437,-1.21075,1.525139,0.9391114,-1.6076114,1.630717,0.9622515,4.0903645,-4.4684343,0.00019181281,0.69226867,ENST00000486954.1,-1154,ATTGCAGGCTGAAGAGGACTGGCCTTTCAGTGGCCCTCGTGGAACGGTAGGAAGCTGAGCTGGACTCTCTGCCACATCGTTCGGTTCCCACAACAGCCTGAAATGGGGTCTTGCCTTGTTGCCCAGGCTGGAGTGCAGCAACGTGATCATAGTTTACTGTAGCCTGGGCTCAACTCCTGGGCTCCAGTGATCCTCCCGCCTCAGCCTCACAAGTAGCTGGGACCATAGATGAAGCAGCAGCAGAAAAAATGGAAGCCATTTTGGTTAACGGGTCACATCTTAGCAGTTGGCAGCGTAAGAAGCGGAAGGATCCACTGGTCAGAAATGGAGATTGAGGAGAAGCTGAGAGCACGGAGGGCTTCAGGGGAGAGCCTGTCCTTTGGAAAAGCGGGCAATTTGCACTCGTGGTAGATGAGTGGGGAGGCCGCTCAGTCTCTCTGCCCCTTTGCACATGCTGCACCCGTTTAGTTTGACGTCGTGGAGAGCTCCTCCAGGCACGGGCTGTGTGAAAGGGTTTAAAAGTTTGGGGGCATGGCTGGGGGTCCCCGCATGAGGGGTGCTGTGTAGGCTCC,False
182,-1026,-0.074694395,-0.13758808,0.48428172,-2.18361,2.006378,0.9850795,-2.9854183,3.508649,0.99848986,-1.6422414,1.4379765,0.95606935,4.9729476,-5.398881,3.130103e-05,0.6847904,ENST00000515123.1,-1026,CAGTATGATGAGTATAACTGAAGCACATATTGCTGGATGCTACAGAGAAAATCACATGGAGAATAACACTAATGGACATGTAAACACACATCGATAAATACAATACAATTAGCCCTCCAGAACTGATGGAAAGAACACAGCAGAGGAGCTTTTATGTATACATGAAGCTATTCTCATTCTGTGTATTAGAATCCAACTCCTTGGCAAAAACTAAACAGCCTCCAAAAAGCCTGCTGGATTGGCTCTGTCCATTCCTCATACTATGACAAAGAACTGTGGAGCGTCAATAGGGAAAAGAAAAGGGCATGGGGGCACTGCAGGAAACTCTGCAAGGACTCTGCATTTCATCTGGAGAACAATGGACTGGAAGAGTACATAATCTATCCCCTTCACATCAACACACAAGCACTGATATTTCTCTGATATTTGCTGCTACAACCTCCCCAGA,False
183,-285,-2.2385035,2.102262,0.9871409,-3.4673295,3.4990342,0.9990578,0.5518631,-0.21018732,0.31820124,-2.2040496,2.029509,0.9857065,0.83479905,-1.0565767,0.13108768,0.68423885,ENST00000593427.1,-285,GAATGCTAGTTATTTGTCAGATACATGTTTTGCAAACCATTTATCTGTATTTGGTTTCTTTTTGTTATCTTAGCAGTGTATCCTGAAGAATAGTTTTAAATTTTGATGTAATCCAAAATATTTCGGTTGTTTGTGTTCTTTGTTATCCTATTTTTGTTGTTGTTGTTTTATAGATATGGGGGTCTCACTACGTTGCCCAGGCTGGTCTTGATCTCCTGAACTCAAGTGATCCTCCCACCTCAGCCTCCCATCCTTGTCTACCTAATTAGGCTTTGTGTAACTCAGTGTTGCAAAGCTTTGACATCTGTTTGAGTTAATGTTTATATATGTTGTTACTTAAGGGTTTCACATTAAATTTAAACATACTTATATTTTATAACCAAACAAGTCATGTTGGGGCATACTCATTAGGATTGAGTGCTTTCTTACACCAAAATACATGTATACAAAGATTTAAAACACTTTCGGCCGGGCGCGGTAATCCCAGCACTTTGGGAGGCCGAGGCGGGTGGATCACAAGGCTAGGAGATCAAGACCATCTGGCTAACACGGTGAAACCCTGTCGCTACTAAAAAAATACAAAAAATTAGCCAGACGTGGTGGCAGGCGCCTGTAGTCCCAGCTACTCGGGAGGCTGAGACAGGAGAATGGCATGAACCCGGGAGGCAGAGCTTGCAGTGAGCCGAGATCACCCCACTGCACTCCAGCCTGGGCGACAGAGTGAAGGCTATGTCTCAAGAAAAAAAAAAAAAAACTTTTATAATAACAACTGTAAATAGTTCAATTGACAGTCATTTGTAAGATGTTTAAGTAAACTGTGAAACAGTAAGTAAATGGATGAAAACACACTGATTAAAACTGCTGCTTTTATCCAACAAGATGGATGAATTTCCCAGGAAAGAATACTTGAGTTCAGGCCTGTTCAAGTCCCAACCTGTTTGTGGTTTGAGGTTGCTCTCTGCCTCGTAGAGCAAAGTGGAAAATTTATCTTCTGGGAGGACAGAGTTTTCTTCTCTGAAAAAGTTTCCTACATAGTTGGCTTTGGCATTTGCAAGGAATGAAAGGTCAGGGATTGAGGCCTCATGAGTCTGGATTTCTAGCTGAGGTTGAGAGAAAAGGTAGTGATTGTAACCAGAAAATCCAGAGTGGGTGTATTTACCTCCAGAACTCATCACTTAAAAAAAAATTTTTTTTGAACTGACATGCTTGAGGCTTTTTCTTTTTTTTTTTTTTGAGATGGGGTCTTGCTCTATCCCCCAGGCTGGAGTGCAGTTGTGCAGTCATAGCTCACTGTAGCCTTATCCTCCTGGCCTAAGCAGTCCTCCTGCCTCAACCTCCCTAGTAGCTGAGACCACAGGCGCATGCCACCTGTGAGTTTCTAGAGATGAGGTCTCCCTATGTTCCCCAGCCTGGTCTTGAACTCCTGGGCTCAAGTGATCCTCCTGCCTCAGCCTTCCAAAGTGTTGGATTACAGGCGTGAGCCACTGTGCCTGGCCAGAGCTCATCACTGTTAACTCAGCCTGGGTTTTTCACAGCAGTCATGGAAATAGATTCATTAATAATAGTAACAAATATATAGTCTCCCTCTCAAAGAAACCTTGAGTGGCAGTGGCATACCAGATACACAGTAGGAAATACTGTAGAATTATGTTGTTAAGTTCATAACCAAACATCATACATGATGATAAAAGACAAGATAATGGTCACATTTATGCAGTATTAACTGAGAGGGCAAATTTGTGCCTGAGAAGCTATTGGGAATGTTCTCTCTCTTTGCATTACTAGGAATTACATGGGAAACACATGTAGACAGTCTTCAGGCTATTAAGATTTGTCCACTTAATCTTTACTTATACATGAATAAAAAATGGGAAAACATGATAAATATAATAAACTAATACACTCAACCCTGCCCCTTGATTATATAATAGAACAAAATCAGCATGCCCGGCATGAGCCTGCCAGATTGCCAATTCCATCCTCCACCTTCAGAGGATGCCGCCATCCAGAATTTTGCCTTACTCATTTTACTTTCTTCATAGTTCGACACCTTAAATGTATATTACTAATAGTAGCTTTGCATTTTTGGCTGATTTAAAAATTGATATAAATGAAATAATGCTGTAGAGATGCTTTTTGGTATTAAGTGGATATACTGTTATTCTTAAAGATGTTTGAAATGAATATACCTTTCTAAATATCTTTTTAAAATAATACATTAAATGATACTGCTTTAGAATTCATGAACTGCATCTCATGAGAATATGTAGAGATGACGTGGGCAGGTAAAGTAAAACTTCAGGTTGAATATCCTATGATAATTTAAAAATGACAAAATAGTGTGGTGAATAATAGAGCTTGAGCACTTTAAGGCACCGTAGGGACCCCTTCAATGTAATGATGACAGTGCTGAGGTGCAGAGAAGTTAGGTAATCAGCCCAAGCCACTACTCTAAGGACAGACCCTATCTACTTTTCCTAATTTGTCAGAAGACTGCCTATGATACTACTAATAAAAAGTCCTATGAAATTGGTATTGTCATTATTTTACAAATAAAATAATCTTCAATTTTTGTTTCCTCTATGCATGGGTTACTTAGTATTTTGTAATTTGAATTTCAAGCATAATTAAAAAGAAATCAGGTATCTAGGCTGGGCATGATGGCTCAAGCCTGTAATCTCAACATTTTGGGAGGCTGAGGCAAGAGGATCACTTGAGGCCAGGAGTTTGAGGTATCTTTTGTTGATCTCTACACTGATTGTATTCTCTCTTTTATTCTATGAAAGTTAAAGATTTTTTCTGATACTACATATTGTCAGTTTTTTAAATACTCAGTTTGTGCTAAAAGAAAACATTCGGCAACTGATATCTGCTGTTCTGTATGTATCTGTCAGTCCAGATTTGTCCATTATGGTGTATGAATCTAATAGAACCTCACCAATGTTATACCTGCCTTCTTGAAATCATTACTGAGATAGCTAATATTAAAATATCCTGGTTTGTCTGTATATTTAATTCTTTACTCTCATTATACTAAATTTTTTTAATGTAATTTGAATTGATGGTAAAAATTGTATACAGGCCGGGTGCAGTGGCTCACTCCTATAATCCCAGCATTTTGGAAGTCCTATGCAGGAGGATTGCCAGAGGCCAGGAATTTGAGATCAGCCTGGGCAACATAGTGAAACTCTCATCTTTATAAAAAGTAATATTAAAATTTTTAAAAGTGTATAAACTGTAAAGTATATTTTACTGGTGTTTTCTTCCTTATTCCTACTTGTCAGATGCAAATACACATTTTTGTGTGTTTGTGTTTAGTAATTATAAGTATACATATTTCATTCTTCTATTTCATATATTTCTATGACATTATATCTTAGATGTGTAATTTATGAACTACTACTGGATTATTTTAATCCATTAGAAATTACTATTCACGCATTCTGTATTCAATTCATGTGATAGCTAATATATTTGGTTTTAAATGCATCTTATTTTGTGGTTTTCTTCTAGGCTGTTTTTTGTGCTTTCTTTTAAAAATATATAGGTTTTAATAATCTTAATTTTCTTTTAGTTTGAAATGTATATACTCATTTTATTCATTAGTCTAAGATAAGAATTGTAACACTTCTCTAACCTATTATAGAATTGTTAATACCTTTACCCTTCTCTTGAACACATCAAAGGATGTCATTGAGTGTTGGTATTGGAGTATAGCATATCTATTATTCTGCTCAATTAGAAGATATTGTTCATGTTGTATAGAGATAATAAGTAATTGTATTGATCTGCAGATGCATCCATCTCTTGGATTCTCATTCCTTCTACCACTGCAGAACTTTCACCTGTAATCACTTTCCTTTGGCCTTAAGGATAACTTTTAGGGTTACTTTTCTACTAAATTTCCAATTTTTGACCAGATATAATCTTATATTGTGCTCTTCCTGAAAAATACTATTGTTGTGGATAGAAATCTGGGTTGGTAGTTATTTCTTCAGCAATTTGACCATGTCATTCCACTGTGTCCCTGGCCTCCTGTATACTGGATGTGAATGGATACAATTATATATTGTGTTTATAGTTTTCCTGTGCTATAGGAACAGTATTCGAATCTGATGCAAAGGACAACACACCCTAGAGATTGTAACAGTGAGATGAACCAAGTGATTGGATGGGGTTTTGAGTTGCTGGAATAATGGAGTTACAGTGTACAATGCATAAGCAACATAATAAATTATATATCTGGTGAACAAATGGA,True
184,-1013,-1.7730821,1.5454481,0.96505904,-1.6242169,1.6681545,0.96416616,0.22670618,0.15873551,0.4830139,-2.960222,2.583101,0.99610174,2.2162542,-2.6204188,0.007870963,0.6832424,ENST00000602520.5,-1013,GGAATAGCGTCATCAGTTCTATAAGAGAGCGTGTGCCGAAGGCCTCGGCCTTTCACATTCGGGAAGCGTCGGGATTAGGTGAAAGAAGCTGAGCTGAACACATTACGATGGATGATGGAAACATAAGACTATCAAGAAATCCAAGTGGTAATGGGCGAAGTTTATTCAGCATCCGGCAATGGACTTATCGTAGTTGGGGAAACGGGTGTTCCGAATAATATCCTGGAAGTTATCAGGACACCTATTTTAAATATAGGCCTGAATTTTGTAAAGTAATATTTAAGGTGGTCCGTGATAATTAAATAAAATGCTTAATTCATGTGGCTA,False
185,-94,1.1884589,-1.2271898,0.081987165,-1.6645135,1.5220073,0.9603239,0.12020257,0.20213908,0.52047265,-1.906809,1.8252678,0.9766168,-1.0406682,0.90408295,0.8748732,0.6828548,ENST00000561746.1,-94,CTGTTGGTTTAGTCTGAAAGCTACTATTAAATATAGTAAATATTGTAATTTTATTTTGCTGAAGTTTTTCAGTCATCTCTTGTTGAATGAAGCTCATTCATTAGTAGATCTTCATGAGTGGCTCAGGGGTACATAATTGTCTAAGTTATGTGTTTGAAGCTGTTTTTCTATTATAGTGTTTTATACTGAAGGACAGCTTGACTGAATATAAAATCTTGGTTCACACTTTCAGTTTTTTGAAAATTTATTGTCTTGCTTTATATATATTTTTTGAGAAATCTGATACCAGTCTAATTATTTTGCCCTTGTAAATTATTTGATCACGTATCCCTGAATCCTCGAGGATTAAAAAATTTTTTTCGGCCTGGCTCGGTGGCTCACGCCTGTAATTCCAGCACTTTGGGAGGCTGAGGCGGGCAGATCACGAGGTCAGGAGATCAAGGCCATCCTGGCTAACATGGTGAAACCCCATCTCTACTAAAAATACAAAAAATTAGCCTGGTGTGGTGGTGGGCGCCTGTAGTCCTGGCTACTCGGGAGGCTGAGGCAGGAGAATGGCGTGAACCCGGGAGGCAGAGCTTGCAGTGAGCCGAGAGTGCGCCACTGCACTCCAGCCTGGGCAACAGAGCGAGACTCCGTCTCAAAAAAAAAAAAAGAAAAAAAGAAAAATTTTTTTTTCAAGTTTAAATAGTTTTACTGAGATGTGTCTTGGAGTTAACATTCAAAGTTTACTTTTCCAGTTAACTGGAAATCCCTTTCAAAATGTAGATTCAGATCCTTTTTATTTCTGATAATTTTTCATGGATTATAATGTTAAATATTCTGTTCCATTGTTTTTTATTTCTTCTTCAGGGGTTCCAATTATATGTGAGTTATTTATCTTTTGTTCAACTTTCTCTTTCTGACCATTTTTCCTTCTTTTCTGTATCGTATTTATTTGTTTATTTTTGCATCTATCCAGTGTCTAAGTTTTCATTAGTCTGTTTTCCTTTGGACACCTTGTAATTTAGTCTTCATTTATAATTCCCCCCCTTCCATTTCTTTCTTGAATTCAATAATCTTTAAATTTACTCGTGGTTTTTTTAATCTATTTCTGTTTTTTATATTTTGAATTTCCAATTCACGGTGCTTTTTCATATCCCCAAATGCTTATCTGAGGATTTTATTCAGTTTGATATGTTGTGTTACAATTTTCTTCTGATTTAATGGTTGCTTTTTGGTAGAGAATTTTCATCAGCCAATGCATGTTAATTATTGTTTGCTGATTTCTCATACTACCATTATATAGATTTAGTCCATTTCCTTCCATTCATTTTTTTGAATTTGAGGGGTTATAAGATTCCTAGTTCAGAAGGACTCTCTCTGTCAGCATAGAAAATACAATTTCTTTAGGGGGTGTTTTTTTTAACTTTATAGTAGAGGGAGGGATTATGTATGTTCCAGTTTTTTGTTTTTTGTTTTTGTCTTGCAGGACCCTGAATTTCTCCTGTTGCTTCTTTTCCCCTTCACCATCCAGTTGCCAAAAGGCACCTTGCCTATTCTTTTTGCTCTCTCCACTCCCTGAAGCTATCCTGTAATAAGTGTTGTGATACTAAGATACTTTATATTTTTGCACCTAGGATAGAATTTCTATCTCTGCTGGTGATTTTAGACCAATTTTAGGCCTGCCACTAGATCCGTTTTTCTTTATTCTGTATGTTCTTCTTTGGCCTGCCCTTGCTTGCTACAAAGGCTTATGGTAGAAATGTGAAAGATCACTCACTTGGATTTGGTGCTTTTAATTTTTTTACTTATAAGTATTTGACATTTGGCTATATTTTTCTTCTTGTTAGGCTGAGGGTGTATTTTGTATAGATTTATTTATTCTTCTTGTTCTGTATCGTTTATGACGGACATAGGTAGCTGCCATTTTATTTTATTACCGCGAAGTCCTCACCTATTCACTCTTAAATCTACCTCATTGAAGACTTCAATAACTATTTGTTGTTGGAAGCCATAATGAAACTGTTGATCAAATTACCCAATCCAAATCAAATTAACCAAAAAGACTTTCTTCAGTCTTCATATTAATTACCTTCCCTGCAGAACAGAACATGGTTGCCCATTATGTGAAATTCCTTTTACTTCTTTGGTGGTCCTGTCTGTTTTCTTATGCCTAATTGTTGCTTACGGTATACTTGCTGTTTGTTTGTTTGTTTGTTTGTTTCTTTTATACACTCATTAAGTGAGTTCTCCATCTAAATATCCCATAAGGCACTTCAGAATCAACATATCCAAAAGGAAACATATTTTACTCATCTCCAAATCTTTTGTTTCTCCAGCAATTCAAGTTTTGGTGAATGAAGCTATGAACAATCCAGTAATCCAAACCAGAAACTTGAGAGTCATCTTTTTTACACCTCCCACTTTGCATCTCTCACATTGAATAAGCAATCATGCCCTGAGCCATATACTTTCTTAGCATCTCTGCCATCCTCCCTATCCTCTTTGGTATGGCCTCTCTTCAGACTGCCTCCTTAGCTCTCTTCTGGATCACTATAACAGCCTAACAATTGTATCACCTTCAGTTTTGCTCTTTCTTCCATATGACTATCAGAATTATTTCTCTGGAAGATCATGTCAATCACTCCTTCTCAGTGGTTCTTCATTGCCTATAGGAAGAAATCCAAACTCCGTAGCATGAGAGAAATGTTTTTCATAATGACTTTATCCTGCCTTTCTATTGTTTCTTTCATATCATGCCCAGCTCAGCCCCCCATTCAATGAAAATCATACTAAACTACTTTAATTCCACTAACATGTTGTGCTAGTTAAGCCTCTTTACCTTTGTTCATGCTGTTTTTACTCAGACCACTCCATTCCACAACATACACTTGGGGGATACCTACTAATTTTGAAGACCCCCTTCAGCCCTGATGTTAACCTTCTTTGTGGAATCATTATTGACATGATGGATAGAATTGGTCAGATGCTTCCTTGTTCATCAGTTGTACTAGGCACAGCATTCTAATGTAGCACCTATTACACATTTTAAAATTTGTTTACATGTCTCCCCTCATGTAAGTTTGTAGGACTGGTACCTGAAATATACTAGGCTTACCTTACTGACATTTTGAAATATAAGATAGCTTTCCAAGGCTTGCTTTTGCCTCCTGATTCAGGACTCTACCATTGGCATCATCAGGAAGAATTTCTAATAGTATTATTGATCAGAGTCTTCTGGAAGTTTCTGCAGGTTACACATCAACTTACTTTTCCCTGACAAAATAATTCTGCATCTAGAAACACAAACAAGTAGTCAAAGAAGTTATATTGGAACTAAGAGATGAATTACCAAAGGAAAACTGAAATCAAGAAACATTTGATGAAATTCAGGCAATGTCTTCAGGTGCCAGAGGACACAGAAATGTCCCGAGAACCATTCACATGATCTTAAAGAAACTTCTGCTGGTTGTCTTGTACCTTTGAAGCAGGTGTGATTGAGATGGATACCTTAATTTTTTTAAAGTAAAAATTGTTCATTCTCTTATGTACTTTAGCATACTGGTATTCTTATCAAAATATGAAACAGCATCAAGTTTAATATTAATTATAAAACACATGGTATATTTATATTTCTGCTCTTTATTTTCTAAAGTTAACTCAGTTAACTCTCCATATAGGTATTTGGACATGGGCTGTAACCACTTTTTAGAACAAATACTGTGAAGATTGTTTTATTACATGACATTTTATGATGTGAGATTAACACCTTTGTGTTAGTAAACATCCTAGATTGTTCACTTCAATATAGATTTTTAAAATGTATAGTTATACTTGTGCAGGATACTAGAAAATGAAAATGACTGTTCACACATGCTTTATTATTCAGTAATTTTACAAGAAAATATTACTGTTTGAAAGAAAATCATGCATGCCTAAAACTGATTCTGTTCCAGTTTTATAAGTTAGTATACTAATTTTAAGACATTGTGTATATTTCCTTCACTTAATTTCTATTTTCTACTGCATTTCTACCAATATAAAAAACAAAGAATTCAGTTGGTTCCTTTCTAGAGGGAAAATTTGTTGTGAGTATAGTACTGGGCATCACATGCTGCTTCCCTTTGTGGCTTTGAATAAACCCTTATTTTCTTGTCC,False
186,-307,-0.5753777,0.3065303,0.70721745,-0.6562487,0.637759,0.7848247,1.1261264,-0.8573451,0.12094926,-4.526457,4.4217954,0.99987006,-0.7569257,0.5749826,0.7911561,0.68080354,ENST00000604845.1,-307,GTGGCCCTGAAAATCAGATATTCCCCCCTTCCTGAGAGTTAGTTTTATTTTTATTATTGAAGATTGTAGCAGTCTATTGCTACATGTGCAGTCATTTCCAAACTATTTTTGCAAAGACTGTATTCCTTCTGTGTGTCATCACTGAAGTCTCTGTTCCTTAGTTTGTGTTTAATAGTTTGACATAGATTTCCTTGAAAGGAGTTAAAACTAGCAGAAAAATCTCTCTCCCAGTCTTTCCAGTCTTTGTAGATTGGTTCTGTGCTGGGCTTTTCCATTAATACTTAGCCAGGCTTGTACTGAGCCTAACAATCAGGCCCAAAAGCGTAGGGTCTTTGCAGATCTTGTCTGAGCATGCTTCTTGCTGTGTATGCACGTAGTTTTCTAAATCTCCCTGTATGTGCTGTTGAATATTCTAATTTCCCAAAGAAACTCCTTTGCAGCTTTTTCTCACAGAACATAGATGGTTTTTTGGATATCTTGACCATAGTCTTTCGACCCAGGTGTTTGCGGTTGTTAGTTCACCTTACACTTTTTTCAAGCATTGCCTACTGCTTACGATGAGTGCTCTGTCAATCCTTTAAGTAGCCCCAGACAGGCTACCAGAGACTTAAACAAGAATTTGTAAGTTCTGCTCAGCTTCCTCTAGAAATGGGGATCAGGGTCCAAGACAGAATGCAGTTGCTGATTTCAAGACTGCTGCAACACCAGGGAGCTTGTGGGGGAAGGGCAAGCAGAAATGTCACAAAGCTTTCTTGCCATTTTAAAGTTGCCTGTTCTTGACTCAGCATTTGCTTCATTGCTATAAACTTTTTACTGTTTTTCAGAGTTCTGATAAAATTGGCTATGCCTGTTCCTGCTTTAAAAAATATATATATATTTTTTAGGGATTGGGGTCTCACTATACTGACCAGGCTGGTCTTGAACTTCTGGCCTCAAGCCATCCTCTCATTTCAGCTTCCCAAAGTGCTGCAATTACACGCGTGAACCACCACACCCAGCCCCTGCTTGTTTTTCAATGTGCCTACTCCACCATGTTGCTCAAGTATGTATATTTTCTAAACTACCTTGTAGTGTTGTGATGGGAAATAAATCCCTGAGCCTTTTGAATAACTCAGAGAGATCAAAAACTTAGTTTATCCTATTCGAAGGATTAGAAAAATGATATATCTTTCACTTTTTCAGGGATAGGCTCCTCATTAGAAGGCTCCTATGTGCCGATGCTGTACAAGACATTTCATTTCTCTTAATGTTTACAACAAGCTTGTTGCCAAGGCTGATCTTGAACTCCTGGCCTCAAACGATCCTCCCAGCTCAGTCTCACAAAGTGTTGGGATGTCTGGCCAACTAATGACTATCTTAACTCTTGTGTTTCAATGTTTATGCCTTCTTTTATCTTGACTGATTGTATGACTATGTCTTCTAGAACAATGTTGAACAGAAATGGTGAGAGCAGACATCCTTGCTTTAATATTTCACCATTATATATGATGTTAGGTATAGATTTTTCTCACAGATGCCTTTTATCAGATTGAGGAATTTATATTCCTACTTTGCCGAAAGGTTTTTGTAGTATGAGGGGGTGCTGAATTTTGTCAAACACTTTTTCGGTAATAATTGAGATGATTGGTTCTGCAGTCATCGAGATGTGGATTTTCTCCTTTATTCTGTTCGTGAGTGATTACACTGGTTGACTAATGTTAAAACAACCTTACTTTCCAGGAATAAACCCTATTATCTTTTTTATACA,False
187,-911,-4.8970737,4.8621173,0.9999422,-3.482139,3.183919,0.9987282,1.1063799,-0.9528403,0.113124035,-1.2478955,1.3116258,0.92821056,0.24955523,-0.45163757,0.33154783,0.67431056,ENST00000426962.1,-911,ACGGGTGAGTTTGTTTCTCACAGGTGCGACTCTGTCTCTATTTGCATCAGGTTCAGTTTCTTCCTGGTTGACCTTGTGGGTGTGAATGTTGTCACAGACCTGCCGGGCCATCTTTCTGCAAGAAGATAAAGGAAGACCAGGAGTGCCTGCCGAACTCCTATGGAGGAAGTCTAGGAGAGGAAGGGGACAGGGAGGAAGATGGTGTCTGCAAACCAGGAAGCAGCCTTGCCAGACACAGGATTGGCCACAACCTTGACCCCAGACTTCCAGCCTCCAGAACTGTGAGAAATAAATGTCCATATTGACTAGGGGCACAGGGCATGGGGGAACTGGTTCCAGACCTGCCTCCTGGGAAGTTGGGAGGGGGCATTTCAACCTGTTAATTTCTCAAATTATGTAGTCATTCAAAAAGAAATAGAAACACTTCATT,False
188,-865,-0.515368,0.59965795,0.75306493,0.054162383,-0.13042727,0.45398316,-2.1344435,2.3460255,0.9887988,0.6019703,-0.72908854,0.20898429,-1.5582234,1.4915986,0.95477486,0.6719212,ENST00000457336.1,-865,GGCACCGTCTGGCCCCGCCGGCTGATTACAGCCAGAGATCGAGGGGGACCTCGCTGTCCCCCTAGAGGCCGTCATGCGGGGTTACAGAGGCTGCGACCAAAGTCATTCCTAGCTCCTCTCTCGGGGCTCCGGAAAGCCGTCCGCGCCTCCAGCCGCACTTTCAGCGCACGCAGGACCTGCCGCGCCCGGTGGCCACACCCGTCCCTCTGCCGGGTGACGCTGCGGGAGATCTTGCGCCCTGGGGCTCCGGATCCAGTTCTGGCACGTTGTTGCACCTGTGACTTGTCCTTGGCCTGGCACTGTCCCTCGCCTGGGGGAAGCGGGGGGGTGGGGGGGGGATGCTCACGTGGTCGCTTTGCTCCCGCAGTCATGCACTTGGGTGAAAACAGACTGAAGAGTCACGGGAACCAGCTTGTCTCCCCAGTTATGGCGCAGAGCTGCAAGGATGGCTGTGGGTCATTAATTTCTCCGTGGCTGACCTGTGTTTGTAACGCCGCAGCTGTTGCGAGGGGGAAGGACACTGCTTCGGATTCAAATTCTGACTCCTTGCTGCAGTGTGTCACCTTGAGCCAGTCCCAGATCTCTGCGTTCTCACAATTGTAAAATGTTAACAGAGGCTGCCTACCTTGTGGCTGGAATTAAATGAATTAACGTGTGTGAATGTGACTAGAATTCAGTACATGTTCAGGAAAAGCTGATTTCCGCTTTGCTGTTACCGTGAATATTACTGTTTTAGGGTGTAGAAAAGGGTGGAAGGGGATGTTATTGCATCCTGGAAGCTTATCCTTTTGAGGTAAAGATTGATTTCTGGTCCCCTGCGTGGTATATAGTGTAGTTTTGACATTATTTAGATGTGTTATGCACATTTGGGTGTTGATTATATGGCTTACGATCAAGACTAACCAGTCATGCCGTGGGAGATTAAGGTCGTGGTCTCTTGTCAGGATTGTAGTGAGATTTAAAAATTCCAGCCAGAAATACCAGGCTTAGAATGCTCTGAAGCCCTCCCCACATTTTTGCCATCTCTAGCAGGAGGGCACTGCATAGCAGAAACAAAGACGTTGTAAATTGTTGCTGCCTGAGTCATTTATAGAGGCTTAAACAACCTGAATGTCCTCTGACCTACCTGTAACATTTGATGGAGTTGTATGAGTAACTTACAAAGCTGTAGGTCCCAAGGTCGGTCTGAAAAAGAAAGTTCATATCCGGGAGCACTGACCCCGTAGTGTAATCCTGGCACCTTAAAACGTACTGCTCCCTCCACCTTCACTTCAAGGTTATGAAAACATTGAGTAAAAGGGATGATCTGTTCAAAGTCCTTAGTGTTCTGCCAATTTAAAACAGTAATTTTCAAAGCAGTTATTTGCAAGGAAATTGCCTAGAACTTCTCCCAGTGTGCGGTTGTTTTGTGTGTTTGTGTGTGTGTTTTGTTTGTTTGTTTTCAGTCTGTCCACAGGCGTACTTTTATAGGTCTGTGATAGTAGGTAGCTCTTCAAGTTGGCAAACACCTGCTGGACAACCCCTGAGAGATTCATCTGAGTGAGAGAGCACTCTCCAGCCCCATCGGAGTGGGTTTGCAGGGAAATCATAAGGAAGAAATCCTTATCTTTCCAACACTGAGATGCTTCTGCCGAAGAGTAGAATGGGAGTGAGGGGACACGCAAAACGGGCTGCTGCCGGAGGAAGAGGAACAGTGTTGTGGCTCATGCCATATGAATGGGCTCACTGGCCTGGCCCAGACCCTGACTGCCCACAGGATCTTTGACAGAGAAACGGAGGCACAGAGAAGGAAGCGGCAGTTAAAGCTGCGAAGAACCTAACAAATTTCAAGATTGTAAGTGCCTTTTCCCAGGATGCCAGCAAGTACTGAGCCTGTATTTTGAGCTGCATCAAACCCTGTTGGAATAAAAAAGGACATTTCTAGGAGATCAGTCTTCGAGATTGGCCCCAGTTTCCCCAGAGTAGGAAGAGGCAGGAAGCCAGAGCACATGTTCTCTCCAGAAATAAAGTTGTTGCAGTGGC,False
189,-1335,0.32152915,-0.29582363,0.3503838,-1.3796731,1.0477692,0.9188961,-1.1514958,1.5403682,0.93654484,-2.8332481,2.7488978,0.9962496,0.7470076,-1.1021688,0.13596962,0.6676088,ENST00000593284.5,-1335,AGCTGCCGGCGTTGCCCTCTCCCAAGATGGCGGCCAGGTCGCCTGCTCGGGCCTCCCAGGCGACTTTGCCCCACTGCGCCCGCGCTCTCTTCTCCTTTCCATTTCTGGACCAAGGGGCTGCCATAAGGAGTCTGTGACTAGAGATGGGAGGTGGTGGCCACGGCCTCTCGCTGTATGCTGTGTGGAAGGTCGAATCATCATCATCATAAAACTTAATATTGCCCTTATGTGCCAGGAACTACTATCTCAGCAATGGAGATGTGGTGCTTGGCCGCAATCGTGAATCGGCCCTGGAGGGGACACAGGAAGGGGCTGCCTGCGACTCATGACCTCCTGCGTGCCTGCCTGCTGACCTATGACCCTTCAAGTTCCCACCCCTCAGCCACGCCTGTGAGGAGGGTCTTGTTTTGTCGCCTACGCTGGAGTGCAGTGGTGTGATCACAGCTCACTGCAGCCTCAACTTCCTGGACTCAAGCGATTTTCCTGCCTCAACCTCCCAAGAACTAGGACCCCAGGTGCATGCCACTACACCAGGCTAATTTGTTGTAGAGAGGAGGTCTTGCTATGTTGCCCAGGCTGGTCTCGAACTCCTGTGCCCAAAAGATCCTCCCACCTCAGCCTCCCAACATGCCAGGATTACAGGCATGAGCCACCCTGCCCAGCTCAATAACCTAAGTTCTATGAATGAAAACCATGACTGCCTGTGGAGTGAGGGGGCCGTCAGGCTGGTGGGGAGCTGGGTGAAGACCCAGCCAGCCCAGGCCAGCTCAGGTGACCTAATCCCCCCAGCTCCCACTTCCCCCTCCCCAAGTGGTTTGGCCGCAGAATAAGAACAGTGCTGGGGGTGCTGAAAGAGGGGACGCAAGGCTGGGGCAATGCAGTGGGACCCGGGGGTGTCAGGACAAGCAAGCAGCCCTTACCATGTCTGTGTAGATCTCGATTGCTCGCATCAAACAGTTAATGGCCTCTGGAGAGAAAGGGAGGTGGGAGGAGACATGAGAAAGTGAAGTCGTTTCAGCAGAAGCTGAGGAGAGGAGGCGGACGCAGGCGCACCTGGCTGCCAGCAGAGAGATCAATAGGCGCTCAGAGCTGCCAGCGCTGCCACACACTCTCAAGGGGCTGGGAAGAAGGGGACGGAATCCCTGAGCCCCAGGAAATCTGGTGAGAGGGCTGACTCTGCAGACTGTGACTTGCTGGGCACATGCTTCTGGGGGAGCCCTTCTCTCCTCGGGCTGCCAGGATGCTACCAGCTTCCCACAACCCCAGGGACAGGGCACAGCAGTGCTAGGCCAGGATGATGGCCAGACTCCCACGGTGTTTTAAGACAGACCTGCCAAGGCCCTGCTCTTGAAGGACTGAGCTGCTGGCAAAGGGGAAGGAGGCATGGGAGGCGGCCAAACCAGCATCTGAGGTGGTCTTGGAGGCAACAGGGTGCCAGGTTCTACCTGGGCTCTGCCACCATCTCTGCAGGATCCTGAGCAGCTTCTGCTCCTGCACCAGGAGGACCTGGACCTCTGGCACGAGGAGGCTGGATGTCATCAACACTGAGCCCTCAGTGTGCTCTCCACTGCCCCCTCTTCCTCGTAGCTCAGCAGTCGGGAGCCCTCTGCTCAGTCCCTTTAACCTAGTCCTGCCACCCACCAGCTCCTCAAAGGTTTTGCCAAAAAACCTGAACACACCAGGATGGCACTGAGGAAGAACTGGGCTACCTTTGTTGTACTATCTCTTGCAAGATTTTAAATTTGGGAAAGGC,False
190,-1126,-0.29908872,0.3575458,0.65850395,-0.6514959,0.40943995,0.7428693,-1.1916755,1.4623034,0.9342558,-2.7570584,2.5867105,0.9952449,8.327822,-8.716045,3.9622563e-08,0.66617477,ENST00000448955.1,-1126,GAAGTGACCTCACAATGACTCAAGCTACCACATACTGTTCATTGTGAAATGCCAGTTGAAGCATATGTCCTGTGAGCTTAGGGGTGCTACAAGTTGACCACTGCAGCAGTAAAGATGATTCTGAAGAATGGCATGGGATGGATCCTTTCGAATGCACTTGAGCAGCGGTCTCCAACCACAGGGCCACAGAGCTGGAGGTGAGCAGCAGCTGGATCTACCATGAAAGACTTCTGAATCCAGGAAGAGAGACTGACTGGGCAACATGTTATTCAGGAGATGGGGTCTCACCCTGTCGCCCAGGCTTGAGTACAGTAGTGCTATCACAGCTCACTGCAGCCTTGAACTCCTGGGCTAAGGATCCTCCTACCTGAGCCTCCTGAGTAGCTGGGACTGTAGGGTCTCCCTCTGTTGTCCAAGGCTGGAGTGTAGTAGTGCTATCACAGCTGACTGCAGCCTCAACCTTCCAGG,False
191,-635,-1.5772779,1.3744354,0.9503444,-1.4887153,1.315604,0.9429088,0.34436432,0.061888456,0.42984688,-6.2739444,5.9660172,0.9999951,2.3228364,-2.6976845,0.0065577966,0.6659306,ENST00000528156.1,-635,CTACGCTTCCTTCTCCATTTTTTAGCTAAGAGATTGAGAGAGTCGGTTTACTTTTGGGCTTGGAGTATCATTTAGATCTGTTAACAGTACAGTTGAGAGAGTTGGTGTCTTTTGTTGAGGTGCGAGGACCCGAGGCGGCGACCCTCGCCTTTATTCGGAGAAGCCCACTTCCACCCACAGAGTTGGGGTAGTCCTCCGAAATGCATTTTTGTTTTGCCGTTTGTTTTCCAACCCCCTTTCACTCTCCCCAAAGCTTCAGATTCACTGATTTTTCATACAGGAATGATTAACAAAGGCGTCCGAAGAAATCGTTGTTGGAAGGTGACCAAGGTGGAAAGAGACGTTGCTTTGGCCCTGCAAAGTCTGTCACACTAAGATGAGAAATGTCCTTTCTTCCTGAAGGTGTCTGATGTGTAAAAATATGATATACTTTGTGCTGTTTCCTCCCTTCCCTTTTGCATATTATTCTGAAACAACATTAACTAGTTACTTTGCGTCATTGAAGGTATGCACTTCCCCTCTATGTTAGGAGTGAATAAAATTAAAAATAGATCCTTATAACAAAGAAAGGCAGATAGAATGATTAAAAATGACCAAAACATGTTAGAAACAGTCTCTCAGGTGTATGCAGATGGTAATTACAAAAATACTTTTTCAA,False
192,-1252,-0.65844035,0.598011,0.77841467,-0.15453279,-0.0023287833,0.5379777,-2.9780288,3.2923934,0.9981122,-4.5469027,4.6158867,0.9998951,2.6522083,-2.8592122,0.0040241065,0.6636847,ENST00000416329.5,-1252,AAACACCTAATAAGAGTAAAGGCAAAGAGTTCCTGAATATATCACATGTGGTGATAAACATGAAGATGTATGAAAAATTGTGTTCGTTGAGAGAAAATGGAAGGCTTTTCATTCTACTTCCACATTTTCATTCCAGCAGCTTTTCTGTTTTGGAAGATGAGTACTGAATCTTGCAATGAAATTTTTTTAACTTAAACAAGACAAGGAAAATGAAGCGCAGAGACGTTAAATAACTCTCTCAAGGTCATGCAGCTGAGAAGAGATGAGACTTGAACTCCAGTGCCAGCCCTGTTAATCACTATTCTGTACTGTCTTTCAGATGGAATGATAGGGTATGCATAAATGTTCATGTGGGCTCTGGAGTATACCAGGAACTGAAGTAAGGTACATGGACGTCTTGAATATTGTAACTGAGATGGGCAAGCCTACACCTTTGCAAATAAAGGAGGATTGGGAAAGATTAAGATCCTGTTAAACGTCAGTGTTACTATTTAGCCTTTGATATCTCCAGTAAAGGCAACTTCTTTCTGGACCCAGAAATAAAGCTTTACATTAGCAGCTTCCATAACACCAATAACATGAATGACCATCTACTGAGCAATTGCAGTGCACCAGGATTATGGCTTATGAGCACTTTATGTTTATTATCTCACAACTCACTGAGTTAGATACTCTCCACAACCCAGTGAGCCTCTCAAGCACTGTGAAAAATC,False
193,-449,-0.89007634,0.7238605,0.8339573,2.3777523,-2.3399374,0.00885666,-0.04528784,0.36716884,0.6016768,-1.7284585,1.529978,0.9629751,-1.1886033,0.9384919,0.893509,0.660195,ENST00000519694.1,-449,ATAACCGAGGCCTTGTCTGCAGAGTAACACACCAGGCCCAAACCCACCGCCCTCGGCAGCCGCCCCACGCGGGCCCTTCCTCGGCAGACTTCCCAACCTCTACTTGAGCCGCAGAGGAAAGTGAGACCCCCTAGGCTCTCCTGAAGCCAGCTCTGGGCCCCTCCCCAAGGATGCTTTGGGAAGGAGATAAGGAGGTGAGATAGAATCTGGCAGAGACGGAAGATGAAAAAAAGACCAACGGAAGAAAAGAAAGCAGGAAGGAGCAAAGGAAAGAAGAAAAAAAGAAAGAAGAGATAAAAGAGGAAGGGAAGACAGGGAAAAGAAGGAAGAAAAGAGAGGCGACTCCTAGCAGCGGCCGAGCTTACAGAGAGAAGGCCAAAGTCAAGCCCGTTTGCCAACCTGCATGTCCATGCCTGTAAGCCCTTCTCTTGGCCAAGGAAG,False
194,-1044,0.24802399,-0.28550106,0.3696951,-2.4788837,2.2299798,0.99106556,-1.1274532,1.5637512,0.9365057,-3.5100052,3.2082403,0.99879277,8.866037,-9.2982235,1.29229525e-08,0.6592118,ENST00000502433.5,-1044,TTAATAAAGGGAGAGCAGGAGAGTGGTGACGAATTTCCACATTCCGAACAAGCTTGTCGAAAGAGGAGTGCAGGGAAGGAGCAAGAATGAGGCACTGGAAGACGGCTGTAGGCGCATGATGTCACAAGTTATTGGAAGAAATCCCTCCAACCTAGGTTGGGACAGATGAAGGCGGCGCTTATTGGTGTTCACCAAAACACCAGCATGGTGTACCAGCTTTGGCTAGATGATGCTCAGAACACCAGAGACTGGGTAATTAATAAAAAGAAGAAATTGATCTGGCCTACAGTTCTGGAGCCTTGGAAGTCCGAGATCAAGGAGCTGCATCTGATAAATACCTGGAGTGGGATTGCTAGATCACATGGAAAACACAGATCCTGGTGCCGAACATGAGGACAGGGCAGGCCGAAGGAGAAAGTGGAAGGAGGGGAGCTTCTCTCTCAGCCTCATCCTTCTGGGCCTGGATGCTGGAGAGTCATGAGGTGCTTCAGAGTACTCTGGGTGAGGAGGGAAAGATGGTGCCCACCACATGGAGGCCAGCCTAGGTCTTGTATGAAACCTGTGAGGCCAGCAGGAGCCAGGCCGTGGCCTGCTGACTGCATCTGCCAG,False
195,-1049,-4.2866497,4.4040613,0.9998319,0.0991503,-0.29685298,0.40227297,-0.8497412,1.2267671,0.88859886,-4.490307,4.289515,0.9998462,5.0785356,-5.771547,1.9402632e-05,0.65811384,ENST00000504506.5,-1049,CGTGATTCCCGGAGCCCAAATGGGCGTGTGTTACAGTGTGCTCTTTTAGCCTTACCATCAGCTGACGGCTTAAGTGTTAACCAGCTCAATAGACCCTCTGCCTTTTTGCAAGCGCAGAGGGTCAGTGTGACAGTTTCTGTATCTCAGCTCTTGTCTCACCTCCCAGAAGAATCAGGTCACACATGGACTTGAAGGATGACGGGCCTGTCTAATTGCAGGAAAACAAACTCAGGGCTCCCACTGATTCTACATTACGAACACCAGAGACTGGGTAATTAATAAAAAGAAGAAATTGATCTGGCCTACAGTTCTGGAGCCTTGGAAGTCCGAGATCAAGGAGCTGCATCTGATAAATACCTGGAGTGGGATTGCTAGATCACATGGAAAACACAGATCCTGGTGCCGAACATGAGGACAGGGCAGGCCGAAGGAGAAAGTGGAAGGAGGGGAGCTTCTCTCTCAGCCTCATCCTTCTGGGCCTGGATGCTGGAGAGTCATGAGGTGCTTCAGAGTACTCTGGGTGAGGAGGGAAAGATGGTGCCCACCACATGGAGGCCAGCCTAGGTCTTGTATGAAACCTGTGAGCCAGCCTCACTGGTTCCAGAGCGATACTCAGAGCTGTTCTCAGATACCAGACTGGAATAAACGAGAGACATCTGGAGAAAGGAGACCTCTTCCTATCCCAACAGGACTGTGTTTCAC,False
196,-803,2.1992445,-2.210956,0.012006824,-3.8846111,3.538923,0.99940336,-0.3981385,0.7921394,0.76679075,-2.2339637,2.2121117,0.9884114,-0.04213482,-0.040442824,0.500423,0.6534071,ENST00000590622.5,-803,GCAGGTGGCCTCCAGGTGCAAAGTGGGAAGTGTGAGTCCTCAGTCTTGGGCTATTCGGCCACGTGCCTGCCGGACATGGGACGCTGGAGGGTCAGCAGCGTGGAGTCCTGGCCTTTTGCGTCCACGGGTGGGAAATTGGCCATTGCCACGGCGGGAACTGGGACTCAGGCTGCCCCCCGGCCGTTTCTCATCCGTCCACCGGACTCGTGGGCGCTCGCACTGGCGCTGATGTAGTTTCCTGACCTCTGACCCGTATTGTCTCCAGATTAAAGGTACGACATTTGGAGGCCCCAGCGAGAAACGTCACCGGGAGAAACGTCACCGGGCGAGAGCCGGGCCCGCTGTGTGCTCCCCCGGAAGGACAGCCAGCTTGTAGGGGGGAGTGCCACCTGAAAAAAAAATTTCCAGGTCCCCAAAGGGTGACCGTCTTCCGGAGGACAGCGGATCGACTACCATGTGGGTGCCCACAAAAATTCCACCTCTGAGTCCTCAACTGCTGACCCCGGGGTCAGTAGACACGGGGTTTCACCATGTTGGCCAGGCCGGTCTTGAACTTGTGACGTCAGGTGATGCACCCGCCTTGGCCTCCCAAAGTGCTGGGATTACAGGTCCAGATTTTGAACAAATCTCGCTAGAGATTGAACAGAGCTGCGCCTGGATCCCGCCACAGTGAGGAGACCTGAAGACCAGAGAAAACACAGCAAACGGAGTCTTGCTCTGTTGTCCAGGCTGGAGTGTAGTGTGGCGATCTCGGCTCCCTGCAAGAATCTGCCTCCCAGATTCACGCCATTTTCCCACCTCAGCCCCTGGAGTAGCTGGAAGTACAGGCTCCCGCCACCACGCCTGGCTAATTTTGTTTTTGTATTTTTAGTAGAGACGGGGTTTCACTGTGTTAGGTAGGATGGTCTCGATCTCCTGACCTCATGATCCATCCGCCTTGGCCTCTCAAAGTGCTGGGATTACAGGCATGAGCCACCGCACCTGGCTGTTTTTTCATTTCTATTATGATTTGTTCTGTGGAATGTCAGTGACTTAGCGGTGTTTTTCACATGTTTATAAAGCTGAATAGTTCTGTATGTCAGCTCAGCACCCCTAGTGTCAGTCATGCTACTCTCCTGCTGTGCATAGATGGGGGCCTGTCCACACCCAAATCTCCTGGGTTCCCGCTGTCCGCACCTGAAGGTACCCACCAGATGTGTCTGTCACTGCCCTCCATCCACCTTTCTTGTGGTTCTCATGTTTCTGCCTCCCTAGAGACCATTTCTCTCTACAGCAGTAGTTTCCAATAGAAATACAATGCCAGACACATACGTCATTTTAGATTTTCTAGTAGTCACTTTAGAAAAGTGAAAAAGAGGCCAGCTGCAGTGGCTCACACCTGTAATCCCAGCACTTTGGAAGGCTGAGGTGGGTGGATCACGAGGTCAGGAGATCGAGACCATCCTGGCCAACATGGTGAAACCCCCTCTCTACTAAAAATACAAAAAATTAGCTGGGCGTGGTGGCAGGCGCCTGTAGTCCCAGCTACTCGAGAGGCTGAGGCAGGAGAATGGCGTGAACCCGGTAGGCAGAGCTTGCAGTGAGCCGAGATAGCGCCACTGCACTCCAGCCTGGGCGACAGAGGGAGACTCCATCTCAAAAAAAAAAAAAAGGTTACAAAGAAACAGGTGAAATTAGTTTTATTTCACCTAAAATGTTAGCATTATCCAAAATATCACTTCAACATCTTATCAAAATAAAAATTATTAA,False
197,-334,-3.0814898,3.0865204,0.99790895,-3.8122296,3.5038276,0.9993356,1.4814634,-1.3483261,0.05573547,-0.9809449,1.0505226,0.8840615,0.3173238,-0.4893828,0.30859274,0.6491269,ENST00000416204.1,-334,GCATGGTGGGCTGCAATAAAATGCAGCAGAAAGATCCTAAAGAACAGACTTGAAATCTTAATCCAACGACCAATAGGTGATGTCCAGGAAGATCGTAACCCCATTTACTCAGTCAATGAGGAACTGGGGGAGGGACCTGCGCACTAGGGGATAAATTGCTTGTTGAAACTCTGCTGGGGGTGGCTGCATGCCAGCCAGACACCCAGTCTTGCAAGACTGTCATTGAAAATCTCCGTTTTGCTGTTCTCCGGGTCTCTGCGTCCAGTCTTTGTGTTTGGACGGACCTGCCGGGCCATCTTTCTGCAAGAAGATAAAGGAAGACCAGGAGTGCCTGCCGAACTCCTATGGAGGAAGTCTAGGAGAGGAAGGGGACAGGGAGGAAGATGGTGTCTGCAAACCAGGAAGCAGCCTTGCCAGACACAGGATTGGCCACAACCTTGACCCCAGACTTCCAGCCTCCAGAACTGTGAGAAATAAATGTCCATATTGACTAGGGGCACAGGGCATGGGGGAACTGGTTCCAGACCTGCCTCCTGGGAAGTTGGGAGGGGGCATTTCAACCTGTTAATTTCTCAAATTATGTAGTCATT,False
198,-548,-2.1793566,2.0758038,0.98600775,-0.04151833,-0.07866898,0.4907134,-0.7258599,0.72560436,0.8102237,6.7736573,-7.0497413,9.921421e-07,-1.6346849,1.2069938,0.9448869,0.64636654,ENST00000457898.1,-548,TGTGGTGGTGGTGCATGCTTGGAATCCTAACTACTTGCGAGGCTGAGGTGGGAGAATTGCTTGAGCCCAGGAGTTTGAGGCTGCAGTGAGCTATGATCACGGCCTCGCACTCCAGTCTAGGCAGCAGTGAGACCCTAGAGAATTCTCTAAAAGAATTAAAAATGAAAAAAAGCCACAACACTTCTTTTGCCTGAGGATTCTGTAAGAAGCAGTTTTTATTGTTATGGAAATAGCCACTCTGATTAAGAAACTGTAGAGAGGAGAAAGAAAATGAAAATTGAAGATTCTCTTGCCCATTGAATTAAGGGTAAGGAGATTGCATTAAAGGATCTTCGGGAGCAGTAACTTTTTTATGTCGATTTCACATAGCATTACTTCACATCGAGTCAGTTTTAAGTACTTGGAGGGTGGAAATCAGAAAGCTTAGATGTAGAGGAAGCTTTATTAGAAGTGTGTACCATGGCTGGGTGTGGTGGCTCATGCCCACAATCCCAGCACTTTGGGAGGCCGAAGTGGGTGGCTTACTTGAGGTTAGGAGTTCGAGACCAGCCTGGCGAACATGGTGAAACCCCGTCTACTAAAAATACAACAATTAGCCAGGCATGGTGGCGCACGCCTGTAATCCCAGCTACTTGAGAAGCTGAGGCATGAGAATTGCCTCCAGGAAGTGGAGGTTGCAGTGAGCTGAGATCATGCCACTGTACTCTAGCCTGGGCAACAGAGCAAGACTGTCTCAAAAGGAAAAAAAAAAAAAGTATGTACCATTGAAGATCAGCACTTGGATTGTGGAGACAGACCTGGCCTTAGGATCTAGGCTATCCCCTGGTTAGACGTGTGGCCACAGGCTGTTCCTTCACCTGAGCGTCACTCGGATGAGGCACTAGCAGATGCACATTGCATTGTTTGACCTTAATGACCTTTCTCTGGAGTCAGGTAAGTACCCAGAACAGTTCATCATGGTAGGGAGGAGGAGGTGGCACAGCTGATGACACAGCCCTCAGGAATCTAGCCTGAAAAGCACCTTGTGGGGTCTGGGGCCAGGAGCAAGGGACAGCTTGATGCTGTCCATCACTAACTGGAATCCCAGCTGGAAAAAACTCATTACAGGACCAGAATCTCCAGGAAAACTCAATCCCAAACCAGGCATCACTTCAATTACACCCCTGACTGGAGTTTACAAACTGGTGGGTGGATGGTAGAAGATGGCTGCTTTCTTGGGGGGTATGCTAGACCTCACTTGCCCTCTGCACAACAGAATTTGGATGCACTGGGAGGTGTGGCAGATAGACTCCCAGGTGGTCACTGTGATCCCCACCTGCTGTTCACAGCCTTATGTACTCCCTGCCCCTTGAGATGGCCTAGACCTGTGACTGCTAACCAGTAGAGTGCCACAAAGGTGACAAGATGTTATTTTCATGGTTGCCTTATGTAAGACTGCAACATCTGCCTTGCTGAGAAATTCTCTTGCTGGCTTTGAAGAAGGAAGCTGTCATGTTGTGTGAGCTGCCCTTGGGAGAGGGTCAGGTGGCTAGGAACTGAGGTAGCCTCTGACAGCCAACAAGAAACTGAAGCTCAGTCCAGCAGTCTGCAAGAAAGCAAATGCTGCCAGCAACCACACAAGCTTGGAGGCTGATCACTCCCAGGTAAGCCTTCAGGTGAGACCCCAGGCCTGACCAACACTGACTGCAGCCTTGCAGAGGACCAGCTAAGCTGTGCCCAGACTGTCCCATAGGAACAGATGGTAAATGTATTGTGTTAAGTCGCTAAGTTTCTGGTAAGGTTATGCAGCAATAGATAACCAACACAAAGGTTAGCAAAGTGTGTTTGAGGTGGGAATCAGTGTGGAAAAGAGAGAATCTGGATAGACTTAATAGCTGTAGGGCCTTGGGAGGTCCCTTATGATGCTCCTTTGGGCCTTCCTGTTGCCTTTAAGTAATGCTTATTGTTTATTGCTAAAGTAATGCTTAACTCTCTGCTAGGCACTATTCTATGCACTTATAAAACTCATTGCATCATCTCTACAACCCCATGAGGTAAGGACTTGTTTTTTTTGTGTTTTGAGACAGTCTCGCTCTGTGGCCCAGGCTGGAATGCAGTGGCATGATCTCAGCTCACTGCAACCTCTGCCTCCTGCGTTCAAGCAGTTCTTCTGCCTCAGCCTCCGAGTAGTTGTGATTACAGACGTGTGCCAGTACTTCCGGCTAATTTTTTTGATTTTTAGTAGAGACGGGGTTTCATCATGTTGGCCAGGCTGGTCTCAAATTCCTGACCTCAAGTGATCAGCCTGCCTTGGCCTCCTAAAATGCTGGGATTACAAGTGTGAGCCACCGCACCTGGCCACACAACAAACTTTCTACACATTGATGTATGATATTCCACTGAGGGGAGAGGCACCCTCCTGGCTTAACTGAAGGGGTGTACCACAGAAGGACATGGTGGACATCACACACAGATTCTGTGGCATAGGATGAACTGCTAAACTAGGATATTTTAAAGTCCTCCAACATCTGTAATTGTTTTCCGTGGTGAACAAGTGTCGTGTGTCTCAAGAAGACAGGCCACAGTGACCTCTTTGAAAGCTTTCTGTCAAGTCTCTTATCCAAGGGGAGCAAAATCACAAAGGTCCCAGGCGATTTTTTTTCCTCTTTCCTCTTTTCTTCATAAATCTTGGTTTTGCTTTTATTTGACGAAAACAATCTGATGCCTGTTCTCCCTTCTATACAATGGTAAATTAGCATGCAAGTAGCTATCCCTTTATTATTGTTTGATAGATTTTTGCAGCGGCTATGTCCGTAAAAATTAGCCCACCTGAGATATATCACTGGAGCCAACAGAACCCTGCACCCAACAGGCACCTTGTGCAGACCTGGACCCTTACAGCTGTTGGCTCATGTTCCTTTGGTTCTTCTAATGAATATCATGAGTAGAAACTGAGCTCTTTGGCTTTTACCCACTACCATGACTCTAGTACATTTTCTCTCTCTCGTTTCTCTCATTTTTGTATCATGATTTTCTGCCATCAGGGGCATCAGTGTGGGTTCCTGGTTTTGATGGTATGGAGTGAACTTCTGGGATCGTTTTATGACTGTATAACAGTTGGTATTCTTCTGTTGATGAAGATTTGTGTTGTACCCAGTTTTTCCTTAGTATAAAAAGGAGGTTAATAAGAACATTTTTGCTAGAAGCCTTGTTGGATGTATTGTTCATTTTACGGGGGTAATCAATAAATGTAAGCGTGCTTCTTT,False
199,-802,2.1642025,-2.1866481,0.012731655,-3.8791175,3.539582,0.9994004,-0.30083367,0.6889577,0.7290467,-2.3588328,2.314083,0.9907416,-0.029495716,-0.06104976,0.49211213,0.6448065,ENST00000427868.6,-802,TAGTAGACACGGGGTTTCACCATGTTGGCCAGGCCGGTCTTGAACTTGTGACGTCAGGTGATGCACCCGCCTTGGCCTCCCAAAGTGCTGGGATTACAGGTCCAGATTTTGAACAAATCTCGCTAGAGATTGAACAGAGCTGCGCCTGGATCCCGCCACAGTGAGGAGACCTGAAGACCAGAGAAAACACAGCAAGCCCCTGGATCCTCCTGGAATCCCCGATCCCTCTTGCTCCCTGGCAGAGTTTTCTAGTCCCTCTTACTTGAAGCATGTCTTTCAGAGCCCGGCACCACCCATCTTGAGTATCTGGTGAGTTCTGTGGTCTGCATGTCCATGTTTGGGACATTCTGGGAAGGGTGGCCCAGGCTGTGATTTGCCATCTACTGCAGGCTATGGATGGTATTCAGAAGGGAGGGGAGATGCTGTGTGCGTGTTCTGAAGGGTTTCCCACTAAACAGATCAACCCTCTCCATAACTATTTGATTTTTACTTTATCTCCTCGTTGACTTCACAGTGTCAGTGCAGTTTGTGTAAACATCTCTATGGGGTGATGCATGCAGATAAATGTTTATGTGAACATATAAAGTCTGCATGTGTGGGTGAACACTCCACATCAGGTCATTGTCCATCATTACATATCTGTGGTGTCTGGCTCATTCGTCTCGTTTTCTGTCATTTTACCTACTTTTA,False
200,-418,-1.8321013,1.7533448,0.97302365,-2.0624275,1.8469028,0.9803403,-1.9074655,2.1996303,0.98381084,0.7137221,-0.63246286,0.2064948,1.2281337,-1.4308865,0.06543523,0.64182097,ENST00000506485.1,-418,GCCCCCGGCGGCGGCCCCCGCCCTAGCGCCCGGTACTTGCCTGCAGGCGAGCGCCACCACAGTCAGCCCGCGGCTTTTCTGTCTTCCTTTCTGGCCCAGCGAGAGCGCCCAGGGGGTGGGCGTCTTGCCCCGGGCGTCGAGAGTTTGGGGCCGTCCCGTACGCGGCGCGCCGCAACCCAGTCCCCGCGACCACAGCAGCCTGCTCCCCACCGCGCTTGCAGAGCCCGGACGCGCGTGAGTCGGGGGCCCGCAGAGGCCTCACCCTTGGAGGTCGCCGCTTGTCAGGCCTGACTGCTGTTGGCGCCCACCCCGCCGCCCCCGAGGGGCCGCTCGAGGCCGGACTGCTGCTTTGCCGTGGCAGGCCCCACCCGGGACGTGGCGCTGCGGGCCGGGGCGGTCCAGCTGCAATCCCTACTCCCTGCCAAAGGAGAACCCAGTTACTGAACATCGGATGAGACCATGGATAGTAAATTGGGAGTGAAGGTCCATACCTGGGTCTCAGAAGCACAGTACAGGTAAAGCTAAGAGTTATTTCCTCCTTCTCTTTCCCCATCCAACAACAGG,False
201,-241,0.52442217,-0.6521571,0.23566781,-3.2313108,3.2476568,0.9984669,-0.8122518,1.205658,0.88266474,-2.4485524,2.1817496,0.9903424,0.9965359,-1.3017187,0.09126763,0.6396819,ENST00000589440.1,-241,AGACTGCTGTGCTAGCAATCAGGGAGATTCCGTGGGCGTAGGACCCTCCAAGCCAGGTGTGGGATATAGTCTAGTGGTGCGCCGTTTTTTAAGCCTGTCGGAAAAGCGCAGTATTCTGGTGGGAGTGACCCGATTTTCCAGGTGCCGTCCGTCACCCCTTTCTTTGACTAGGAAAGGGAACTCCGTGACCCCTTGCGCTTCCTGAGTGAGGCAATGCCTCGCCCTGCTTCGGCTCTCGCACGGTGCGCGCTCCCACTGACCTGCGCCCACTGTCTGGCACTCCCTAGTGAGATGAACCCGGTACCTCAGATGGAAATGCTGAAATCACCCGTCTTCTGCGTCGCTCAGGCTGGGAGCTGTAGACCGGAGCTGTTCCTATTCGGCCATCTTGTCTCCTCCCCCCAGCCCACAACAGCCTATGAAGAATAACTAGAGGTCTTCATATCAGAGGCAGAAGGTACTGCAAGCTTACTTTCCAACGTGGCTGCATCGTTTCACATTCCCACCAGCAGTATGAG,False
202,-1347,0.095381975,-0.043309987,0.46538246,-4.90989,4.5066648,0.9999186,1.3589076,-1.2150583,0.07083283,-0.25277397,0.37322626,0.65158194,-2.473012,2.5898225,0.9937122,0.6362856,ENST00000549329.5,-1347,GTCAGCCCGCTCCCGAGCGTGTCCTCAGCGCTGTGAACAATGGAGCCATCAAAAAGGCCTTCTCCCAGCCTCCTCACCAACCACGGACATTCCTGGCCCAACAAGACCTCCTGGCCAGGTTTTGAGCCCTGCTTCCCAGATCTGGGGACCCTTCACCTGCCTCTACTACTGCAAATGATTGGATATTCGTCTGACTTGGCTCTTCCCTAATGTGTGGAACTAATTTTGTTCACTCTGTTTCATGCTGGACCTGGCCTGAAAATGGGCCCTTATATTGTCTTTGCACTTTCCAACTTGCCAAGTTTCTGAAAGAAGGACCAAAGTAATGCCAAGAACTCCCAGATGAAGAGGACCTTCCTTAGACCTATAACAGATTCACTACTTGACTTCAGAGGGAAGTTTCAGCTAATTCTCAGGAAAAGGTCAAAACAGGCCTGTGACTGTCCCTTGAATACTGAAGGTATAAACAAGCTTCTGGCTCCTCCAGGTCAAGCAGAGGAACACTTTTATTAGAATGAAGGGTTACTTCTTTGTTATTCAAACACACACCCACACACATCCTCTGTAGTCTCCCTAATGAAAAACCTCAACAGATGGAGAGCCTGAGCT,False
203,-771,-2.2037024,2.217729,0.9881257,0.19041574,-0.20658198,0.40203387,1.1869444,-1.0186967,0.099245064,-1.2898182,1.2345183,0.92583036,-0.60815215,0.5624059,0.7632459,0.6356962,ENST00000568363.5,-771,TGTAGTTTTCGCCTGTCCAGGACGCCTTCACCCCTGCTTCCTTTGAGAAAAGTCCCTCTCCCACTCCAAGTGGTACTGACGGGGATCACCCACACAAAAGAAACCTGGAGGCTCCCCTCCTGGGGCACCCGGCTTCTGCTCCAACCAGGTTTCAACAGAAAATGAGAAATATCCCCCGACGATTGGCTGAAAACATGCAGCAACCACTATTTTCTTCCTGCCCCTCGTTGATGAGAGCATTCGAAGTGACCTCAGCAGGGCATCCAGGTCAGTTTCTGGAAGACTTGTGTGTGTGATGAATGAATATCTGGTTTTGTCTCTGCTGGGCCTGTGTGCCTGGAAAGGAATTGTTTTGGCCTAGGATCATCCAGGTTTGTTTGGTTTAGTTCTTGACCACATATTTTTTGAATGGTGACTGCTTAAGACCCTGTTGTGTATGGCTATAAATAGATACACGCCAAGGTGACCACATACTCTGTGGTTCCTGTGCCCGCCGGCCATGTGTCTGAGTGTGTAGCCTCTCATCATCTAAAGGAACTTTGGCTGCAGAGGGGAGGCCTGGTCCCATGGGAAGTTTTGGGAGCGCAGCAGCAGGTGGGTTCAAACGACCCAGCAAGTGCCTCCTTAGCACTTAGAGGCGGAGGCCACCACGTTGTCCACGTGGGGTTTCTGATCCCAGCTCCCCACCAGCCTGCTGGACCTCGGGCAGGTCCCTCCCTGTTTGTACCTCCATTACTTCTTCAGTAAGATGGGGACACTGAAGATGACCATGCCTCCCACCAGATT,False
204,-1208,-5.0895853,4.9130726,0.9999547,1.2385362,-1.2460486,0.07694593,1.0767716,-0.8068731,0.1319708,-6.251507,6.2000623,0.99999607,-1.5979899,1.3044372,0.94796634,0.6313668,ENST00000560029.5,-1208,TATAAAAATAAATTTATTTTTAGTCCATCAAGGTGTCTGAAGATTTTATGCCTAGGTATCTCCATATCTAACTTGATAAGGAAAATAGGATAAACAATGCTGGTAATAGCAGGAAAGTAAGTATTTGAATAAGATGTCAAACTGATATTTCATGTGAACCTAACTCATTTTATGGTAACTAATAATTATCTTATTTAAATCAATAGGTAAAACCTGTTTAGAAATTAAAAATGAGTTACGATTTAAAGAAAATTCAGATGACTCATTGTGAGTGCTAGTTCTCTTGTAGGATGCCACTGGAAATGTTGAAATGAAAAATATTCAGCCGTTGGTCTTTGAAATTTCCTGTGATGTGTTTCAATCTAGATGCAAAGAACATGGAAAAATCAAAGTGCTCGAGTGGTTTAAATATGTTTTGGGTATTCCTGTTTATAGACTATAATACTTTTCCAATTAAAATCCTCAGTTGTCACGCAGAAGAAGGTTAAGCTGTATTTGATTGCCAGTTTTACTGAAAATGCTTAGTATTTTACAGTATCACCAAATATATTTTGTTTAGCCAAGGTATAGGAAAAATAAAATAAATTGTATAGGTTGACTTTTTTCTAAAATGTCTTTATTGGATTGAATGAATGTTTATACCTGAAAAAAAAAGGTTC,False
205,-578,-0.5876826,0.6494461,0.7750638,-0.50688756,0.21326193,0.6726399,2.8513339,-2.621956,0.004179856,-0.49161807,0.5754907,0.7440467,-1.3260735,1.2243676,0.9276031,0.6247066,ENST00000446880.5,-578,GACCATTAGTTTCCACTGCAGTGTTTGCAGATGGAGTCGAATGTAACCCCCCGGGAATGGAGCCGGGAGGGTCAGAGAACGCGGCTGCGCTCTGGATCTCCGAAGGGGGGCGGGGGCCTGGAAGAGGTCCGGGCCCAGAATGGACCTCCAGGTCCCTGCTGCCGCAATCTGGCCCTGCCCTCCAGCCTACCCCTTACTCCCAGAGGAAGGGACCCAGGGAGACCCACCCAGATGCCCTGAAAGGAGGTGGAGGATGGGGGTGGGGCAATACGCAGAGTTTGTCTGGTGAATGCAGGAAAGGGGTGGGGGCTGGAGAGGAAAAGGATGGAGCAGCCGTCAGCTTGTCAACTCCGCATCTGCTGGCTGCCTCGGCCGGGCTCCAGCCTGCGCCCTCGCCCCTCGGAACAGCGGGACCCACCACCCTCTCTCAGGCACCTTCAGGATCTGGTACTGTTCTGGAGTGGCCCGTTGCAGACACTGAACCACCAGCCAGCTGCATTTGTTGTCCTGGATGTCAGTGCCAATTTTGCCGGTCACACTGGGGTCCCCAAAGAGGTCAAGGCACGCTGCAATCCTGTACCCTGAAACCAGCTAGATGAGCATGTCCTATAGAGGCCAAGGCTACCATGGGCACCCTCTGGGCATCGGGCCCTGTCTGCAATACACCTGCAGGAAGAGCTCGATCAGGTTCAGATCTGTCCCCGGCGGGTAAGGGATGAATCCATGATGTCATCTGCCACCAGGAAGAAAGCTTGCAGCTAGAAAGAGTGGAATAAGACCTGCAGGGCTCCTCATTACTGTTCCTTCTATCAGCAACAGAGCTGCTACTTTATATCTGTATATAGTTTTGCTTTTTTTTGGTAGGGGACAGAGTCTCACTATTATCCAGTGCAGTGGTGCAGTCACAGCTCACTGTAGCCTCTAACTCCCAGGCTCAAGTGATCCTCCCACTTCAGCTTCCTGAGTTCCTGAGACCATAGGCACATACCCCATGCCTGGCTATTTTTTTTTTTTAATTTATTTTTTGTAGAGACAGGGTCCCACTATGTTGCTCAGGCTGGTTTTGAACCCCTGGGTTCAAATGATCCTCCTGCCTCAGCCTCCCAAATTACTGGGATTACAGGCATGAGGCATCACAGCCGGCCAGAGCTGCTGCCTTTGACAGTCCCTATGAGCTGGGAAAGTCAGGATGGGGAGACAGAAGACTTCTGTGCTATGGAGACTTGGAAAGTGACATAACATGTTTGGCTCAGACTCCCCGCCTATAAAATGGAACTAAAACACTCTTGTTTTAGGTTAAGAAACTAGAACAGATCTTTGACATCTCTAATGAGCCCTAGATTATTCCTGGTGTCAGGGAGATTAGGAAACACCTTCATATACCGTACTCTATTCTTGCCAAAAACCTCAATGAATGCTTAAAGTAAGATCTATTCATGAAACTGACTTCACATTACTTCCTAAATAAAAGAAGGCTATTCCCACATTGCCCCCAGCACTGTGTTTGAACACCCTGGTGACTAGGAACACAGCCTTACCTAAAGCAGCTCCTTAGCAGTGCAGGTCTAATAAGGTGGAACTGAAATCTGACTTTGACCTATGAGTCTCAGACATCTTTAAACATCTTTAAACATTAACTAAGGGCTTACTCTTCTGAGTGCCCATCTGAAGGTACCTGAACGTGTCGGGTTTCCCACTAGACCATGATCTCCTTGGAAGCAGGGACAGTAACTTCCCCCTCTTAGCATTTGCAGAGCCTAGCACAGCATTAGGCCTGGAGTGAGAGTTTCCTAAACACTTGTCTGACAAAGAAATTAATAAAACACTCTAACATTC,False
206,-707,-4.179062,4.2432647,0.9997801,-3.6076984,3.5252745,0.9992023,4.4674115,-4.1739035,0.00017662317,-4.582911,4.3679047,0.9998704,0.89599144,-1.0792873,0.121823035,0.62417054,ENST00000500370.2,-707,ATCAGGGTCACGCTTGCAGGGCAACGAGAGGCAAAACAAGAGGGAAGACGACTTTCCTCCTGTGAGCCAATGAGGCCAGCTGGACTACGCCGAGACAACTGGGAGAGGCGCGGGACTCGCCCGTTCCGCGGAACGCCGGGAAGGGGTCACCTCCTGATGAAGTTTCCGGTTCCGGTGTCAGCGGCGGTTGAATTGCCATGGCAATGCGGTGGGCGCGCGCTTGTCGTGTTGGTCTCTTGGGAGGTAGCGGGGCTAGGCCGGGCGGGTATCCGCCTCTCCCAGCTTAGGTGAGCGTCCCCGGGCGCCTCCGGAGCGCCGCGGCCGCATGCAGTTCGTCGTGGCGGGGAGCCGGAGCCTGACCGGGGTTCCAGCGCTCGGGCCGTAGCCTTGGCTCCTGGACTTTCCCTGGCTCCGCCGCCACGTGGGAGCTGAGGCTCTGGGGCTTCCGCCTCCGGCGCGCGATTATTTCTCTAGAACAGTTTTCATTTTTAAAATTTGTAAAGCGCTTTTGCCTGTGTGATTTCCTCTGGGTTTTTTTTTTTTTTCTTCCTTTTTGTAGAGACGGAATTGGCGGCGGGGGCGGGGGGTCGATGTCTCACTTTTTTGCCCAGGCTGGTCTCGAACTCCTGGCTTCAAGGGATCCTCCTGCCTCGGCCTCTTAAAGTGCTGGGATTACAGGCGTGAGCCACCGCCCCCGGCCGCCTCTGAGTTTCCAGCCTCGTTGGCCCTCCAGCCTTTTAACCTGTTGGGCCTAGGATCAGGAAAGATTCATTGATTCCAGGTAAATCAGAGGAACAAGCAACATGAACAGAAATATGTAGAAAAAGCTATTATGCAGAAGCATAATTGTTGTTTCAGAAGTCCAGCATCTGGTGCACTTAACAATAGAGAATATATTAAACTCTTTCCAAAATAACCTGTTGTTCCTACCTGTGTTGTAAGTGTTTTGTTTGTTTTTAAGTAAATATTGGTGATTTGTTGCCAAAAACCTAAACTGTTTGTTGCTGTCAACTTAAATAACGAACAGAGAGAGGCTCTCTAAAAGAAAATGGCATTTATTCAGGAATAGAGCACTGCAATGAGAAAATGCATGCGATAGTTAACTGTGTGTATCCTGGGAGATAGAGGAAGACAAAGGTCTTTAAAGGAAAAATGAGGAGGGTTACATAATTGTTTTGAGATAATTATTTTTGACTACAAGGATCAGTAACAAAGGTGACACCAGTCCCAGGTTGGACAGGCAGGTGCTCGGCAGGCATTGCAGAAGTATTTTTTGTGTAAGATTGAGATGGCCTTTGTGCAGGATTGTGGTTTTGGAATCTTCTGTGATCGTTTTTGCTATCAGGCATTTATGCTTGCGAACTCTTTATGGCCTTCCCTGTGTCTATTTTGATTCCACCTTTCTCATTGCCCACTCTAAACTGTAATTCTGCTTTTATGTTGACTGAGATCAGGAGAAGAATTTGCAAACTTATATCCTGAGACAGAACAGTAATGAGGAGTATCGTGTTCCTTACCTAATGTATAATAT,False
207,-980,-5.5031824,5.370033,0.99998105,0.012139678,-0.14615086,0.4605098,-0.8774525,0.90451765,0.85594,6.014493,-6.3460593,4.2842885e-06,-0.8387922,0.36072272,0.76843846,0.6169747,ENST00000465215.1,-980,AGAAGCAGAGATAAAACAGACTAAGTACACAGAGGAGTTTAAGGTTTCGTGAATGTAAGTGCTGAGTACAGAATGGTGCTCAATAAAAGCTTGTTAATTGATGGACCACAGGTTTGTGACAAGACTTCTCAGAGTCTGATTCTTTCAAGGTGGGATATAAGAGTAAGTAAATGGCATGGGGAAAATCTGATTGCCACAGACAGAAGAATGAAACTGGATGCCTATTTCTCACAATACACAAAAGCGATTCAAGATTAAAGACTTAACTATACCTTGACTATGAATAATAGTTTCAATAAGGAAGACAGAATGAGTTCTGACACGATGGTTGGGAGCTGTGACAGGCAGACGAAAAATGGAGCCAAATGGCATGGAGGTGTGTCATCACTGCTGGATTTTACCTTGATCTACATTCAGTTATCTACTTCTTTTCAAAATGCTGGGCATTCATTCAAGAAACAGCATATATGTTCTGACTTTGAAGTAATGGATGAACTGTCATGTGCAGTATATGGAAATAAGTTTTATTACCTTCTTCCCACATTAACTCATCCATCCATTCAATAGCCATTTATTGAGAAGCTCACTCTGTGTTAGGCACAGTGGTGTCATGATGTTGGAACAGTAACAATAACTCAACCAACCAGGGCTTGTCTGAATACAATCCTACAGCAGCAGGAGCTGTGGAGATATAGAAGGCAAGGAAGACCAGGTTGTGAGGGAAGACGAATTTACTCCCAGGAATGTTGGGATTGAGAGTAATATTCTCCAATAATGGTGGAAGACAGAACAATAAAAGCCCACCAGCTCCTTCTGCATGGTGGGATAAGAGAAAAGCCAAGGGCAGAAGTGAGAAAAATAACCATCACCAAACTGAAAAGAAAACCTTTATAAAAAAACTGGATTGATAAATGACCTTTAGTAGTGGAAAGATACCATTCCAATGAAGCATGAATTGAAAGGATTTCTTCTGAAAGCTAATTTACATTTTTCTTTTTTTTTTTTTCATTTTCAGTGTGTTTTAGCAGGTGTATTGTTCTACATGGTTAGTTTCTTTACCTCTTTGAGAAAAATGGGTCAGCTTGACACATCTGGATGAAAGAATCCGTTAGGTGATTATGATTGAAGACAGATTAAGCCTTGTTATGAGGGGAATATTTGGGGGCTTACCCTGAGGTGATATTTGATGATTTAGCTGTGGGAGAATTTCCCTCCCAAGATCAGCGTGACTGACACTGAAATTGCTACAGGGGAACCGGACCTTTCCAAGAGGTGACAAGGACATTTACCTGGTACAACACAATGGTTCTGGACTGGAAGTCTAGTCCCATTGATGAAGTTCCCAAAAGATGTCCAGGTCCTAATCCCTGGAATCTGTGAATATGTCATCTTACACATCAAAAGAACTTTGAAAATGTGATTGAGGTTAAGGACCTTGGAATGAGGAGATTACCTTGGATTATCTGGTTGGGTCCAAGCTAATCACATGAGTCCTTAAAGGAGAAGAACCTTTTTTAGCTGGGTCAGAGAGAGATGTGATGATGAAAACAGGCTCAGGGAGATGCACTGTAAGAAGGGCTTGACCAGTTGTTTTTGACTTTGAAGATGGAGGGAAGGGCCAGGAGCCAAGGAAGGTGGGTGGCTTTTGGAAGGTGGAAAAAGCAAGGGAACATTCTCTCCAGAGCCTCCAGAAAGGAGCTCAGCCCTGTTGACATCTTTGTTTTTATTTTTTATTTTTAGTAGCATTGAGGTCTCACTATGTTGCACAGGCTGGTCTTGAACTCTTGAGCTCAAGCACTCCTCCCGCCTTGGCTTCCCAAAGTGCTGGGATTATAGGCATGTGCCACCACATCTGGCTTCCTACTGACATCTTAACTTTAGTGCAGTGAGACTCATATTTGAATTTCTGACCTTATATTATAGAACCATAAGACATTATAGAATTATATAGAATTATAGAACCATAAGACAATAACTTTGTGTTGTTTTAAGATACTAAATTTTTGGTAATTTGTTATGGCAGCACAATAAAACCAATATAGCATTATATT,False
208,-979,-1.3351309,1.3888643,0.9384278,1.8181008,-1.8620719,0.024598284,0.69277525,-0.4106443,0.24909973,-1.5995454,1.5112071,0.95733416,-1.3656975,0.94596255,0.9098381,0.6158596,ENST00000470465.1,-979,GGCCAGAAGTCCAGGGCTAGGAGCCTCAGCCGGCGGACGCCAGGAAACAGGTCTAGGTTAATAGCAGGTAATTGTGACAAGTCCAGTGTGGGTTACTGGTCATGAAGAATCCATTGTTGATGACATCCCAGAAGAGAACACTAAGTCTTAGCTTTCATCTTACCCCTGAACTTCCCTTCCTCTGAAGAGTGGAATACCACCCAGCATCCTCTCACATACAAAGAAAGAACAAATTGCTGATAGACACAGATGTCCATCAATCTCAAAAGTCGTCATGAAACCTCTGGAAGAATTGAGCTGGTCGACTATGCAAACAGTTGTCAAGAGCCTATAAAATATGCAGCATAAAATTTTTCCTTTGTAGTCAAACCTGATTATTCCTCTTAGATACTGGGAACAGAATTTCACAGTCGTCAGAGAATATACCTTTTGTATTTTCGTATTAAATATGTACTCCTATTACTTAACAATTGTAGTTTAACTCCTTTTTTAGGTAAAATTCTAATTTTTCTCTTCTGTTAAAAATTTCCAGTTCCAACACGAAGATAATAAAGAATATTAATTTTATCCTTATTAACTTGAAGGAAGTAATATTTATTTTTGTATTTCTGTACTTAAGTATATCACAAATACAGATTTCTGTAGTTGGAGAATTAATATAAAGTAACATAGTATTCAATAAGAAGGGATTTTTCTTTATTAAAAAGAGGTCTGAATTATAAACTAAATATCTGTGTAACTTTGAACAATTTATTTA,False
209,-459,1.1288598,-1.3721833,0.075785086,-5.390003,5.0481606,0.9999707,-1.5412749,1.959441,0.9707081,-6.8470798,6.606918,0.99999857,1.7126209,-2.0776148,0.022091234,0.6137107,ENST00000450686.1,-459,GAGGGAGAAGTGACGATGGTGATCGTTGCTGCCGCGGCCGATATGGAACCCAAGCAGTGGCGAAGGGAATCGCAAGGCTCTTCCCTGACCATTTTCTACTGTCCCTGCGCGAGGTGGACGCAAAGGTGTTAAATGAGGTTGAATATATTGACCAGAAAAGAAAATATTATAGTCCTTTGTTGAAGAAGAGTTTTCTCATACTGGAAAGAAAAAAAATAAAAGAAAGAAACTTCAAAAACTTCATGCTGCTTTCTGAAGTACTCCAGCCAAAGAAAATAATTCAGGTATCAAGTTGGACTAGCTCAGATGACTACAAAATGGTTCAAGCGATTCTCCTGCCTCAGCCTCCTGAGTATCTGGGACTACAGATATGAGCCACCACGCCCGGCTAATTTTTGTATTTTTAGTAGAGACGGGGTTTCACGCCATGTTGGGCAGGATGGTCTCAATCTCTTGAACTTGTGATCTGCCTGCCTCAGCCTCCCAAAGTGCTGGGATTCCAGGTGTGAGCTGACTAGTGTCTTTATAAGAAGAGATG,False
210,-983,-2.836999,2.5140982,0.99527943,-4.820761,4.7004943,0.9999267,1.5458882,-1.1635106,0.06242103,-3.1571414,3.0600574,0.99800915,2.3194437,-2.538799,0.007704297,0.61266816,ENST00000473550.1,-983,GACAGCCCGGCGAACCGCGCAATGCGCTTCTTCTGCCTGCAGCAGAGAAAAGGAAAGAAAACTCCGCAGGGGCTCCGTTGGCTTCTCCACGAGTGACAACCATGTTTTCCCAGATAGAAGACCGGAGCCCTGCTCCTTTGCGATCCGCCGAGGGCTGCAGAGAGCATCCTCATCCATTTGGGCACCCCTGCCCAGGAAGAGCCCGGCCATCCCTTTCCGGACTGGATCCTTAAGAGGTGAATTTTCTTCCGTGGATTCCGATTTGCTCCGTCTGACCAGCCTAGGCAATCCAGCATCGCGTGGTACCAGTGCCGCTGGGCACACTGGCTTCACGCCGGCTCCGCCTCACCAGCAAGCGCATTCCCAGATGGAGTCTCACTCTCTCGCCCAGACTGGAGTGCAGTGAAGCAATCTCAGCTCACTGCAACCTCCACCCTCCCGGGTTCAAGTAATTCTCCTGCTTCAGCCTCCTGAGTAGCTAGGATTACAGGCATGCACCATCATACCTGGCTGTAGCCCTTATTTTAAATTCAATGTACTGTAATGATTTACTTGGTTTATTGTCTTAACTTTCTGTTCCACTGGAATACAGGTTCAATAAGGAGGGATTTTAATCAATTTTGTTCTCTGAAGTGTCTTCAGAACCAAATGAGTAAAAAATTATCATTGTTGACGTTTTCACTTCGTGCTAGCATATGGGCAATCTCAATTTATTTCTAATAACTCCCTGTATCTTTC,False
211,-1360,-1.1314553,1.0468767,0.89828676,-0.38225138,0.30251893,0.6648026,3.538803,-3.4780114,0.0008958742,-1.9182287,2.003063,0.9805696,0.015650153,-0.010502875,0.49346215,0.6076034,ENST00000450535.5,-1360,CGGGGGCCCAGGGTGGAGAGCACGAGGGCCTGGCCCAGGCACGGCCGGCGCCTCCGCCCTCGAGGAGGGCGTCACCTCAGCTCCCCCCGGCGGCGGAGCCGGCGGGCTCAGGCGGGCGCGGCTGAGGGGAGCGGACCGCGGGGGGCGGGAGATGACTGCGCCCAAGGCCTTTGCGGGCCTCAGCCGGCCCCAGAGGAAGGGGAACCCGTCGAGCGGTTTGGTGCGTGTGAAGCGCGACATGGCGAGGAAGCGGACAAGCCCGGGTGGCCCGGCGTGTAGAGGGAAGGGGGCGGGGCTAGACGCGGCCTGGACAACTACTAGAGCGCCTCGGGCTGTGCTGCTCGAGACTACATTTCCCAGAGCGACGCGCGCGGAGCGGGCGGGAAAGAGAGCGTTTCGGGTCCAGTGCGCAGGTGCGAAAGCCATCTTTGGTTATATAAGGGAGGTTCAGGAAGCCATTCGTTCTTTCGCGTCTGCGGTGCCCGGAGTGTGGTACTTCTCCTAGTTGCAGTCAGGCTTCATACGCTATTGTCCTGCCCGTTAGAGCAGCCAGCGGGTACAGAATGGATTTTGGAAGAGGGAGTCACCACTGGACCTCCAAGGAAGCCACGTGCAGACATCTACAACCTTCGATCTCCTGACGAGTTTATTGTTGGCCAAAACCAGGCTTTGATTGAACCAGGATGAATGCGGGTGTTGGAAGTAGAATATATATATACATATAAAATTGGTTGGGAGCCACGTGTACCAGTGTGTGTTGATCTTGGCTTGATTCAGTCTGCCTTGTAACAGATACAGGGTATGATACAGCATCCTACAAGAATGAGCAAACCTATTCTGATGGCAGGAGATTGAGGACAAACTGGCGATGGAATATGAGAGGAGCCCTCTGGAAAGAAAAGGACAGACCCTGTGCTTTCATGAAAGTGAAGATCTGGCTGAACCAGTTCCACAAGGTTACTGTATACATAGCCTGAGTTTAAAAGGCTGTGCCCACTTCAAGAATGTCATTGTTAGACTTTGAAATTTCTAACTGCCTACCTGCATAAAGAAAATAAAATCTTTTAAATCAAAA,False
212,-1153,-3.0908377,2.9244342,0.9975648,-2.1303217,1.7903451,0.9805577,-2.9223282,3.1064146,0.9975973,1.6299145,-1.4820333,0.0426171,3.3671842,-3.641101,0.0009035411,0.6038481,ENST00000477392.1,-1153,GGAAGAAGTGTATTCAGCATTCTACCTTCTTCCTGATTCTGTGAGCTTAGACCTGCTTCCACTTTCAATCTCTCTCATTGCAGGCTGAAGAGGACTGGCCTTTCAGTGGCCCTCGTGGAACGGTAGGAAGCTGAGCTGGACTCTCTGCCACATCGTTCGGTTCCCACAACAGCCTGATGAAGCAGCAGCAGAAAAAATGGAAGCCATTTTGGTTAACGGGTCACATCTTAGCAGTTGGCAGCGTAAGAAGCGGAAGGATCCACTGGTCAGAAATGGAGATTGAGGAGAAGCTGAGAGCACGGAGGGCTTCAGGGGAGAGCCTGTCCTTTGGAAAAGCGGGCAATTTGCACTCGTGGTAGATGAGTGGGGAGGCCGCTCAGTCTCTCTGCCCCTTTGCACATGCTGCACCCGTTTAGTTTGACGTCGTGGAGAGCTCCTCCAGGCACGGGCTGTGTGAAAGGGTTTAAAAGTTTGGGGGCATGGCTGGGGGTCCCCGCATGAGGGGTGCTGTGTAGGCTCCCATCTTTTCTGCCGGTCATGCTGGGAGCCAACAGCACCGGCTCCTGACGTGGGGACTTGCCCTGTGCCATGACGTGGGGACTCGCCCTGTGCCCTGCGCCCCGGTTCCTGCTGGTTCTGTGCCTTCTGGACTCATTTCCTTTCCAGGGTCCGCAACCGCTTCCGACACAATCACTATTTTGGCTGCGGCCACGGCTTCATTCGCTTCAGCTGCGAGCTTTTCTCAGCGCAGAGAGCACAGGGAAGCTGGGAGGAGTCCGCCTAGATGGAATCTTCCAGAAGCAACATGACTCTTTTAGGCCTTTGCTGCCAGCTAAGAAGGTGAAGAAAAGTCACCACTGCAATAAAAAGAGGGCACTTTGTCTTACTTGGCAATAAACCACCACCAGCAGCAGCAGCAATAGCAGCACCCCCACCCCCACCAAACCCAAAACAAACAAGAAAAGCAAAAGGAAACCTTCGTTTTCAGTGAGAGGATTGGCATGAAGAATCCTTGGGACACAGGAATCAATCAAGACCTTTGGATGCCCCTGCCTGCTCTGTCTCTAGAAGCCTCAAGCCCAGCATCCCCATGCCGACGTGCTCATCTCTAGCAAAACACCAGCCTCTCAGCCCTCTCTCCATAAAGGCCACTAGAAAGTACTGTGATGCCAGGCTGCTCCACATCCAGGCAGCCTGGGTGACCACTGCCCTTTATGAGAATCAGAAAAAGCTGTCTCCCGAGTAGTTGGAATTACAGGTGCATGCCACCATGCCTGGCTAATTTTTGTATTTTTAGTAGAGATGGAGTTTCACTATGTTGGCCAGGCTGCTCTTGAACTCCTGACCTCAAATGATCCACCCGACTCGGCCTCCCAAAGAGCTGGAATTACAGGAGAAGCTAAACGTTTTAAAATAAGTATATTATTTCTGAATTACTATAACAGACATGGACTCCATTTGAACAAGATACTTAATTCCATCAAAAACTTGTCAAAATATACAAATTTAGTCACAAGACACTTTACTACCATCTACCAAAGCTGTAGTAAACACACACATTTTCCATCTTTGAAATGAAATAACGTATAATAATGTTTTCCAAAATAACAAAGATGTCTGCAGTGAATAGCACTCCCTTTGATGTGGCAACTGGGTCAATCGTGTTAACAACTGTGAATTCATCTTTTTAAGAAATTCTTTTATTGTTTCTTTTCTTTTCCGCGACAGTCTCACTCGTGTTGCCCCGGCTGGAGTGCAGTGGCGCTATCTTGGCTCACTGCAGCCTCCGCCTCCCGGGTTCAAGCAATTCTCATGCCTCAGCCTCCTGAGTAGCTGGGATTATAGGCACGTGCCACCACACCCAGCTAATTTTTTTGTATTTTTAGTAGAGACGGGGTTTGACCATGTTGGTCAGGGTGGTCTCGAATTCCTGACCTCAGTTGAGCCGCCGGCCTCGGCCTCCCAGGAAGTGCTGGGATTACAGGCATGAGCCACCAGGCCCGGCCTTATTGTTTCTATTTGTAATAAATCTGTTCCCCTTGC,False
213,-296,-2.354079,2.3144133,0.99070084,-3.9436836,3.694569,0.9995185,2.437614,-2.318675,0.008524168,-3.334575,3.2570276,0.99863005,1.948989,-2.2383237,0.0149598485,0.6024667,ENST00000443038.1,-296,GCGATCCCGGAGGGAGCGCGCCAGGCCTGGCGCGCACCCGACCCCTTGCGCGTTCCGGCTCCGCGCGCCTGCCAGGCCGGGGCCGGCGGCGGAACAGCTTGGGACCCGAAACGCCTCGGCTTTTCTGCGGACCCGCGCCCGGCCGCTGCCGCCGGACGCTTGAAAAGGAAGAAGAGGATTTATCTGACTCAACTGGAGATGGCTCCCTTCCCTTATTTATTGTTGCATCCTGAAGCTTCCCCCATGCTGGGCTCAGTGTGAACAAACAGCGCGGGAGAATGCAACCACTGCAGAGGTACAAGTTCACAGAGGCAGAGCCGCCCCTCGACTGGGCCAGAGGCAAAGACAAACCCCAAACTCTTTCTTGTCATTCATTGAATTTTGCTGAACCTGGAAAGGAAATAAATTCCAAAGGCAGGAAGTGACCCAGAGACCATAACAATATGTGAAAAGCTTAGCCGGTGCTTCCGCCCCTTTGTTTCAAACTATTCTAATCTGTGTCCCAGGAAGCCTAGCCCATGG,False
214,-867,-1.1928988,1.0180018,0.90122414,1.5525488,-1.6978465,0.037312683,-0.5973755,1.0074394,0.83269024,0.013464242,-0.20655599,0.4452158,-0.56953895,0.6749851,0.77635044,0.59855866,ENST00000439321.1,-867,GGGTTAGGGCGTCCGCCCAGAGGGCGACTGCAATGAAGGAAATTGTGCCCTGCGACTTCCCGTAACAGAGCTGTGTGTCCACGCTCCCTTTTCCGAGCAGGCGCGGACGCTTGTGCCGGAAGGTCTCACCGCCGTCGCCCAGGCCGGATGGAGTGCAGTGGCGCGATCACGGCTCACTGCAGCCTCGACTTCCCAGGCTCAGAGATGGGTTTCACCATGTTTCCCAGCCTTGTCTCAAACTCCTGACCTCAAGTGATCCGCCGTCTTGGGTCTTCGAAAGTGCTGGGACAGCAGGAGTGAGCCACCGCATCTGGCCCGGAAAGTGTTTTGGAGCGTAGAAAAATGCAAATTATAGGGCTGCCTTCAAGGATCCCGAAGGACCCACAGATTTGCCGCATCAGGCTCCTATGCACGCCGGTAATTTGATGTGTTGAGATGCACTGCCCAGTGCGTTGTTTTTACTGGAGGAGCTTGTGTGCGGAGCTCCTTGCTAGTGTATGTGTTGGGATGGGAGAGAAGTGCGGGAGAACTATGAGATAATGCCCCCTGATCCTCAGGGTCTTAGGAGGTATGGTCGGAGAGGCTAAGCTAAAGTATGAAAGCCGTGTGTAGGCCCTTCTGTGTAGTGCAGAAAAGGTAGAGGTATGTGATTTGAAAGAGTAGGGATGACATGGAGGATGCGACTCCTGGTTGGATCTATAAACTAATGTCTTTGGAACGAAAGCACATGCAACCTTTTGAAAATGGATGGGTGATAATGAAAGACCATTCCAGAGAAGAAACACCATGGTGCAAAGGCTCAAGAGGCATACTGGAAGTACAATGAAGAGAGCAATCTAACTGAAATGGGAAAAAAAGAAACAAAGAGTAAAAAGTAAGATTTGATGAGAAAGATGGAATCGATTTTTAAATTTTTTTATCTACACAACAAAATTTATTATCTTAACCATTTTTGAGTGAATAATTCGTTAGTATTAAGTATATTTACCTCGTGCGGCCAGTCTCCAGAATTCTTTTCATCTTGCAAAACAAACCCCGAACCCATTAAACAATTTCTCATTCGCCATTTTCCAGCTAGCCTTGGTAACCTCCATTCTAGTTCTGTCTCTGTGAATTTGACTGTGTACCCCGTGTAAGTGGTATCATACAGTATTTGTATTTTTGTGACTGGCATATTTCACATAGCATAATCTCCTTGTGGTTTATCCATCTTGTAGCATGTGTCAGAATTTCCTTCCCTTTTAAGACTAAATAATATTCCATTGTGTGTATA,False
215,-1015,-2.4985194,2.5999982,0.9939313,-0.11292422,0.046085924,0.539669,0.24827957,0.03689459,0.44734964,-3.4042342,3.4291832,0.99892396,2.9792461,-3.0227425,0.0024677236,0.5964683,ENST00000509105.1,-1015,GCTCTTGGAATTCTCCCTCTCAGGAAACTAACAGCCTGCTATGAAGCCCAAGCCACAAAGAGAGGCCAAGGGGAAATAAACAGAGTGTGATTATATGCAAAACCTACAAGAATGAGGACCTCCAAACTCAGTGTACAGAGTGATTTTCTGCTGAAACAATTGGTTGGTGTAAGAATATTGGAAGCCTGAACCTAGCACTGTCTGCTACTGGCCTGACGTCTTTTCCACAACATGGGAAGAGATTGCCTGGGAAGGAAGCCAACTCTGTGGAAAGCATAAGAAATAACCAAAGAAAGATGGCACATCTTATCTGGACAGTGTTGAAGTGAACTTTTAAAATGAAGTAAATTTTGTTGAATCGTAGCCTGAGACAATGAAGGGGTAATTTAGGGGAAGAACCCCTACCTCTAAGTTGCCTTTTTTGACCACATGCTGGAAGCTGGGTGTCGGTTACAAGCTGACTGTAAAAAACGGCAGGAAGGAGAGGGGCTTCTTCTCAGCCTTACCTTTAGGAAATCAAAAAAAAACCAAAACTGAATCCTCACTTAGCGGAGGGGAACAAAGAACTCAGATTCTAAGGACAAGGCAGAATCCATTAGGTATAGGGCAGAAGCTAAAAAAAAGGAGAGGACTCTGATTAAAACATAAAACCC,False
216,-1340,-3.6976895,3.5654786,0.99929965,-1.558908,1.3172456,0.946655,-3.7813683,3.9099863,0.99954337,2.1550355,-2.151005,0.013307367,2.9449773,-3.2712317,0.001992822,0.5921596,ENST00000456685.5,-1340,ATGAGGCCCTCAATGCTTGTCACTGACCTGGGTCACTACTGCGTCACAGCGTTGAGCTGGACATTTTTCTGGCTCAAGCCATGCATTTTACAGTTGAGGGAGCCCTCGGGATCCCAGAGGTTTGTGGTCAGGAAGACTCTCAGATGTCATGGATTCGGAGTCGCGCTGCAGAGGGAAGTTCTGCCATTGAAAAACCAGCCGCATCTCAGATCCCTTCAGAAGAGATGGATTTTCTTCCAGGAGGGTTCCCCCTGCCATGCCATCCATGGCAGCATCCCTAACCGCTCTTTGGGAGGCCTAAGGAGAACCCACTCAGGATTCTTTCTGGAAACAACCTGGGGGACTTTGATGAGAGGCTCAAGCCTTCTAGCTACCTCACAGTCACCTAATGTCTTCCCAATGGGGTAGAGGCTTCTGAATCGGACATCAGAACAGACGCCTGAGGCTTCCTGCCATGAAAGCTGGTCTTCCTGGAAAGACTGACGGAGTTTTGCTCTTGTTGCCCAAGCTGGAGTGCAATGGTGCGATCTTCGCTTACTGCAACCTCTGCTTCCTGGGTTCAAGTGATTCCCCTGCCTCAGCCTCCCGAGTAGCAGGGATTACAGATGGAGCCTCGCTCTGTCACCCAGGCTGGAGTGCAGTGGCACAATCTCGGGTCACTGCAACCTCCGCCCCCCAGCTTCAAGCGATTCTCCTGTCTCAGCCTCCCGAGTAGCTAGGATTACAGGTGCACGCCACCAGGCCTGGCTAATTTTTATATTTTTAGTAGAGATGGGATTTTGCCTTGTTGGCCAGGCTGGTCTCAAACTCCTGACCTCAGGTGACCCATCCACCTTGGCCTCCCAAAGTGCTGGGACTACAGGTGTGAGCCACCATGCCTGGTCCCCCACTTGTTGATTTTGCAGAAAAGATAGCTGTGTTACAACCTGTCCTAAGGTCAGGTATGAATACTTGTGCTTCTTTCTTGGCTCCCCAAGCCAGAGGGCATTCCTATGCCCAGGTGAGAGAGCACGGAGTGTTACTTTGGCAGCACAGTCAGTTACCAGAGGTAGGAAAAGCAAAGGCCAGGCAGGACATGAGGGGCCCTTGCACTGGCTGGTTCTCCCTGCCTTCACCACCCTCCAGGTGAATGACTGGGTGAATAATGATTGACTGAGGAGGTAATGAATAATTTATGGACACTGCTGGACCTCAGTCTCCTCATCTG,False
217,-297,-1.980031,1.7569139,0.97672766,-3.867385,3.585074,0.9994203,-0.06756696,0.1729362,0.55983764,0.050371617,-0.26003125,0.4230164,5.8890533,-6.208294,5.5742494e-06,0.59180146,ENST00000366187.2,-297,AGGCAGAGTCTTGCTTTGTTGTCCAGGCTGGTCTTGAACTTCTGAGCTCAAGTGATCCTCCCGCCTTGGCCTCCCAAAGTGCTGAGACTACAGAGAGAGAATGCTAACGAGCTGTGAAATGACCAAAGATCTGGCAGCAGAAGGGAAAAGAAAAAATAATGGGTTTGTATATTATACATTCTGGATAATCAGCTCTTGAATGATTAAGTGTGGAATACGTCTTACGGGGAAAAGCAGATTTTTAATACTCATTTTGTCCCGGCGCGGTGGGTCACGCCTCTAATCCCAGCACTTTATGGGAGGCCGAGACAGGCGGATCACGAGGTCAGGAGATCGAGACCATCCTGGCTAACACGGTGAAACCCTGTCTCTACTAAAACTACAAAAAAATTAGCCGGGCTTGGTGGCGGGCGCCTATAGTCCCAGCTACTCAGGAGGCTGAGGCAGGAGAATGGCGTGAACCCAGGAAGTGGAGTTTGCAGTGAGCCAAGATCGCACCACTGCACCCCAGTCTGAGCGACTG,False
218,-243,1.2006434,-1.4942894,0.06327301,-5.326312,5.303509,0.9999758,-0.8565619,1.206146,0.8872254,-4.2265673,4.111087,0.9997607,3.37529,-3.6730876,0.0008680633,0.5902206,ENST00000587933.1,-243,GCATGATGTCACCTGCCTGTGATACCAACTGTATTTTGGGCACGGTTGGGTAGATGAGCTGTGTCCTCGGCCCTGACCAGCGCTGACTCAGTGTTTCTGTTGCTCCTCATTGTATGAAAGGAGAGGAAGAGGCCAGCAGTGCCCTTGAACCCACTGCTGGTTTGCCAGTCATGGTGGGTTGGGATGCACACCTGTGATTCCGGTCTCCACTTTGACCCTGTGTTTGTGCTTTCTGCTTTCATCACTGTATGATGAAGCAGCTAGGAGCACAGGAATTTCTCTTAACGTCTAACTTTATACCACATGCTGACAGTTAGTGCCTAAAGTACAGTGCGTGTATTATTTTTACCCTCTTCACAGCCCGTCGTGTCCCCAGCAGGAGAGACCGTGGAGGGACCAGGGACAGGCGCTTAGGCCTGTGACTGATCCTCTGGATTCTGAAACCAGAGCAGCCACCCTTTTTGCTGACATTAACCTGGAGAGTGATCAAAGCACAAGAAAGGGGATAACTTAAAACTATTGGTATTTACTTAGTTGGAACATTATTTTACTTATTTATTTTTTTGGCGATAGAATCTTATTCTGTTTGCCAGGCTGGAGTACAGTGGCACAACCATAGTTCACTGCAGCCTCTATCCCCTGGCACAAGTGATCCTCCTGTCTCAGCCTCCCAAGTAGCTAGGACCACAGGCACACACCACCATGCCTAGCTAATTTCTTTTTTTTTTTTTGTAGTCATGGCGTCTTGCTATGCTGCTTAGGCTGGTCTTGAACAGCCTCAAGCCCTCCTCCTGCCTCAGCCTCCCAAAGCCGAGGATTACAGGATTATAGGCATGAGCCAGCAAGCCCAGTCTAGAACATTCTTTATCCTTCCTGTTTTCCTCAGATACTTTCACTCTTTTTTTAAACTTTATTTATTTTTTATAGAGACAGGGTCTCACTATGTTGCCCAGGCTGGTCTCTAACTCCTGGGCTCAAGTGATCCTCCCACCTTGGCCTCCCAAAGTGCTGGAATTACAGCGATGATATTTTCACTCTAAAAAGATAGAAAGTATATTGACCAGCCTGGCCAACATGGCGAAACCCCGTCTCTACTAAAAA,False
219,-1361,-1.223657,1.1418922,0.9141623,-0.20396292,0.11293611,0.57856834,4.1892734,-4.1622725,0.00023597578,-1.8833331,1.969377,0.9792189,0.05494249,-0.048878253,0.4740681,0.58925074,ENST00000441722.5,-1361,CGGGGGCCCAGGGTGGAGAGCACGAGGGCCTGGCCCAGGCACGGCCGGCGCCTCCGCCCTCGAGGAGGGCGTCACCTCAGCTCCCCCCGGCGGCGGAGCCGGCGGGCTCAGGCGGGCGCGGCTGAGGGGAGCGGACCGCGGGGGGCGGGAGATGACTGCGCCCAAGGCCTTTGCGGGCCTCAGCCGGCCCCAGAGGAAGGGGAACCCGTCGAGCGGTTTGGTGCGTGTGAAGCGCGACATGGCGAGGAAGCGGACAAGCCCGGGTGGCCCGGCGTGTAGAGGGAAGGGGGCGGGGCTAGACGCGGCCTGGACAACTACTAGAGCGCCTCGGGCTGTGCTGCTCGAGACTACATTTCCCAGAGCGACGCGCGCGGAGCGGGCGGGAAAGAGAGCGTTTCGGGTCCAGTGCGCAGGTGCGAAAGCCATCTTTGGTTATATAAGGGAGGTTCAGGAAGCCATTCGTTCTTTCGCGTCTGCGGTGCCCGGAGTGTGGTACTTCTCCTAGTTGCAGTCAGGCTTCATACGCTATTGTCCTGCCCGTTAGAGCAGCCAGCGGGTACAGAATGGATTTTGGAAGAGGGAGTCACCACTGGACCTCCAAGGAAGCCACGTGCAGACATCTACAACCTTCGATCTCCTGACGAGTTTATTGTTGGCCAAAACCAGGCTTTGATTGAACCAGGATGAATGCGGGTGTTGGAAGTAGAATATATATATACATATAAAATTGAAACTGGCGATGGAATATGAGAGGAGCCCTCTGGAAAGAAAAGGACAGACCCTGTGCTTTCATGAAAGTGAAGATCTGGCTGAACCAGTTCCACAAGGTTACTGTATACATAGCCTGAGTTTAAAAGGCTGTGCCCACTTCAAGAATGTCATTGTTAGACTTTGAAATTTCTAACTGCCTACCTGCATAAAGAAAATAAAATCTTTTAAATCAAAA,False
220,-508,-0.14990878,0.06377691,0.5532191,0.27958524,-0.32006803,0.35442308,1.5577608,-1.272995,0.055684645,-4.804187,4.619193,0.9999192,-1.8708624,1.6099703,0.9701375,0.5866767,ENST00000560208.1,-508,GCTGCAGCGGCGGCGGGGACCGTGGGGCCGAGGTGGCTGCCAGCCGGCCAATGTCTAAGCGAGGCGGAGCGGCCCAGGCGGCCCGAGCCTGGGGGAGCGCGCAGCCGGCCAGTGGCGGCCTCGCCGGCGGCCTCTTCCCGGGCTCGCAGTAGGCCCGAGTCGTCGCCGGGAGCTCCTGGGAGCAGCGTCCCCGCCCTGCTCCCCTCGCTCCCGCCTCTTGCGGCCCCACGGCCCCTCAGCGCCCGCCCCCGGCTCCGCCCGCCGCAGCCGCAGCCCCTGGCGCTAACGGTCGGTAACGGCCCGCGCGCGCCGCCCGCCGGGGGCTCGCGCCAGCCACGAGGGAGCGTCCGCGGCCCGCGCGCCCGCGCGGCGGAGGAGAGGTGTTAAGTGTGATGCTTCCATAATACATTTGGATGCTGTCAGCTAAGTTCACTTCTGAACTAAGGGGTTCCTCCAAATGTTGGCTGAAATTCATCCCAAGGCTGGTCTGCAAGTGAGTGTCTGCACACAGTTTGCTTGTATGTGGAGTCGATCCAAAATAGCATCAATGTTGGTTTTACCAAAGTATTTATTATTGATAATAGAGGCTAAGTACAAAATGTAGAGAATGTCAGCTACTTGAGGCCTTTGATTATTAAAAATTTTATTAATGCATTAAACAAGAGTACAGTAAATAGATAAATTTTAGGTTCATGAAATAAAACTGAATAATTTATTTTTACTTACTATTTATCA,False
221,-1251,-0.21908116,0.105918944,0.5805423,0.29904145,-0.5406126,0.30160764,-0.93772423,1.3534725,0.9081453,-7.3706555,7.3113937,0.9999995,0.8106042,-1.042433,0.13551667,0.5851623,ENST00000453011.5,-1251,CTGGGCTGCGGAGACCAGAGCCCGGCTCCACTGAAGAAACCCGCCGGCTGCTGGGGCAGGGCGGCGAAAGGTCAGTCGGCCGAGAGGAGTCCGTGGAGCCACCGTTTCATAGCCTCAGGGAAAGGATCGGGCGTGCTCACGAGCCCTCTAACCCATGGCTTAAACACCCGCTTCCTAAGCCTGGTTCCTGAATATATCACATGTGGTGATAAACATGAAGATGTATGAAAAATTGTGTTCGTTGAGAGAAAATGGAAGGCTTTTCATTCTACTTCCACATTTTCATTCCAGCAGCTTTTCTGTTTTGGAAGATGAGTACTGAATCTTGCAATGAAATTTTTTTAACTTAAACAAGACAAGGAAAATGAAGCGCAGAGACGTTAAATAACTCTCTCAAGGTCATGCAGCTGAGAAGAGATGAGACTTGAACTCCAGTGCCAGCCCTGTTAATCACTATTCTGTACTGTCTTTCAGATGGAATGATAGGGTATGCATAAATGTTCATGTGGGCTCTGGAGTATACCAGGAACTGAAGTAAGGTACATGGACGTCTTGAATATTGTAACTGAGATGGGCAAGCCTACACCTTTGCAAATAAAGGAGGATTGGGAAAGATTAAGATCCTGTTAAACGTCAGTGTTACTATTTAGCCTTTGATATCTCCAGTAAAGGCAACTTCTTTCTGGACCCAGAAATAAAGCTTTACATTAGCAGCTTCCATAACACCAATAACATGAATGACCATCTACTGAGCAATTGCAGTGCACCAGGATTATGGCTTATGAGCACTTTAT,False
222,-1189,-1.4302514,1.2980633,0.9386769,-1.5592493,1.6580461,0.96147996,1.5207012,-1.2195513,0.060639516,-0.71260464,0.58198965,0.7849238,0.70824313,-0.86366624,0.17194436,0.5835329,ENST00000630598.1,-1189,GTCTGCGCGGACGCGGCCTCCTTACCTCATTTGTCCTCGCCCCTCCCCGTCCCTCTACGCGTTTTGGTCCCTGTTTGGTGCTTTCTGTTTGCAGCTACGGCAGTGAGTATGACCGTTAGAGAAATGACTTCGTGTTTGAATAGTTAGGCTGTCGCATACAAAGACTTTTAAATGGATTGTGTGTATACTTAGGAAGGCATTATGCTTTCAAGAGAATCTGAGGATGGGGAATAAAGTCAGGAAGGATCGCAAGTGAGGATTATATTAATATGATAATTAGCACGGTAAGAGACTGCATGAC,False
223,-1420,-1.2893667,1.1752434,0.9216233,2.5841212,-2.7571065,0.0047671525,-2.004867,2.218229,0.9855584,0.63926613,-0.61765754,0.22150393,-0.63474834,0.51892036,0.76018035,0.57872665,ENST00000506584.5,-1420,GTGGTGGCTGCGCTTGCGAGGACCCTGAGGTAGATTGGGTGGTTTCAACAGGAACGCATCCACTGTCTGAGAGTTTAAACTTGATTTTGTGAGGGGACGAACAGCGTGACAATTAAAAGAAGATCTGGGAATCAAAAGCTTCCTGAGGCCTTCACCAGAAGCAGATGCTGGTGCCGTGCTTCTACAGCCTGCAGAACTCATCACCGCTCTTGCACTCCAAGCCATTATTAAGTAAAGTAAAGAACACAAACACTGTGATACTGCTACACTTGATCTGATAACCAAGAAGTCTACTAAGTGACTAACAGTTAATATTTTTGGACATGAGGTGACTGCAGTTAACTAAAACCATGGAAAGCAAACCCATAGATAAAGGGATACTATGCAGAGCAACTGGGAACCTAATTCTGACCAAAAAGGAGGAATTGTTTGGCTAATTGGAAGTGACAGAAACCTTGGGAGAAAGCAACCGCATACCAAGGATAATTATAAGAAGAAGAGAAGACATGGAGAAGAGGAGGGAGTAGTTGTGACCGTGGAGGCAGAGAATGGAGTAATGTGATCATAAATCAAGGAATGCTGACAGCCACTAAAGCTGGAGAAGGCCAAGGACAGATATTCAATCCTCCCGTAGAAGTACAGCCCTGCTAATGCATTGATTTTGGACTTCTGGCCTCAGAACTGTAAGAGAATAAATTTCTATTGTTTTAAGCCTTC,False
224,-148,-1.0750272,0.9199528,0.880269,-2.3203592,2.0927942,0.98802817,2.4330397,-1.9831014,0.011936558,-2.8585725,2.7720726,0.9964265,5.738505,-5.9720807,8.20642e-06,0.57533365,ENST00000557412.1,-148,ACAAAATGTTCAGTATAAGAAATTACTTTTAATAATTACGTCAAAACATGCAGTAGGTGGACTTTTGAGCTAACCCTGGAGAAGGAGCTGGATTTCACCAGTTAGCCTCCTATGGATCTGCTACCATCATCACCCTCCCACCCCACCTCCACTGCCTTTTTTCCCAAGACTTTTAAAAAAATGTTTTATTGCCCAGGCACAGCACTTTGGGAGGCTGAGGCGGGCGTGAGATTGGGAGTTTGAGACCAGCCTGACCAACATGGAGAAACCGCATCTCTACTAAAAATACAAAATTAGCCTGGCGTGGTGGCGCATGCCTGTAATCCCAGCTACTCTGGAGGCTGAGGCAGGAGAACCGCTTGAATCCGGGAGGCGAAGGTCACGAGTGGTATTCAGTTAAGAGAACAATTATTTCGTATAAGCCACATCAGAGACGACTGAAGATGAAAAAACTACCATCCCCGTATATAACTAATTTGTGCTGTGCACCAACAAGAACCTGCTTTAAATTTCCATGGCAATTTACAACCCCCATACTGTACCAGGCAAGGTTAG,False
225,-242,1.3638707,-1.6332467,0.047556262,-0.6873045,0.77822673,0.8123772,-3.5836606,4.078291,0.99952984,-5.221685,4.9460063,0.9999616,2.0881267,-2.4335458,0.010753926,0.57403576,ENST00000588803.1,-242,AATGCCTAACGCCAGGAGGGAGAGACAAAGGGGCCTCTTCTTTAACACTGTGAATAGCCCCAGAGTGAATACAGCCTTCGACAGCTGTGGTTTCATTCTCATCACCGCTGGGCGAGTTGGGGGTGCTAATTGTGAAGCTGGAGAGCTGTTAAAATCAGACCAGATTTGTTAAAGGAGAGGAGTAAGATGATACTTCAGACCAGTATCTGCAGTGGCACAGGCACAAAAGCCCTATCTCAGGAGAAGGAATGAAAGGAAGGCAAAAAGGCCGTGAGAAAATGAAAGAAGCTGGTTGATTGACCCCTCCTCTGTGTCGCCTCAGCAACTTGTCCATATCATTGTTACAGCACTTACCACACAGTTGTAAGACGGTACTGCAAGCTTACTTTCCAACGTGGCTGCATCGTTTCACATTCCCACCAGCAGTATGAGGTTTCCAATTTCTCTGCATCCTCATCAAAACTTGTTATTATCTGTCTTTTTTATTTTAGA,False
226,-460,2.4417741,-2.6362147,0.0061938297,-2.3717313,2.2291858,0.9900572,-0.6605443,1.1317503,0.85720843,-5.0711637,4.816396,0.9999492,1.9017617,-2.228618,0.0158224,0.5738462,ENST00000445184.1,-460,GATCGTTGCTGCCGCGGCCGATATGGAACCCAAGCAGTGGCGAAGGGAATCGCAAGGCTCTTCCCTGACCATTTTCTACTGTCCCTGCGCGAGGCTGAGTTATGAACTTCGGTTTGGTTTCTTTCTGCAATCCCTGCAGGGCCATAAATTCTTGGCCCTTAAGACTGGGTGGCCCATAACAGACTCAGTGATACCATCAGTAACCACAATTCACACTGGAGTCAAGTTATCTGATTCCCACACCAGTTGGAGAACTGGAGATTCCTTAGAACTTTTAACTGTCATGTTTTCAAAGTTGACATGGAAAATTTTACATGAAGCTTAAAAATACAACTAATCTGTGGTGATAGAGACGAGAAGAGTTAAGCTCTAAAATTAGAAGAGCAGTTCGTTTTGAGGCAGCACTGATTGGGAGGGAGCATGGAGTATATAATTACACATTTCTATGTAATGTAAAAATGTATAGATTTAAGATTTATGCATTTTATGTAAATTTTACTACAATAAAACGAAAATGAAAGAAGACAGATCATAGTTTAATCAAATATTGTGTACAAAGTAATTTCTGTTAAACATTTATATTTTTATGTGTATATGTATCTTTTACATGTATGTGTTAAGGATATGCATTAAAATGGTAATAACTTCCTCTGCCTGTTGGGATAATGGAGAGTTTTGTTACTTTT,False
227,-1491,2.7148757,-2.91049,0.003592293,-3.2111082,2.9030218,0.99779344,-0.091041714,0.52878094,0.6501782,0.08553609,-0.18863872,0.43188247,-0.67721164,0.5867064,0.7796998,0.5726292,ENST00000444489.5,-1491,GCTGAAAGGCAAGAGTCCAAACTTTCCCGCGGCGACCTAACTGCACCTCCAGTGTCTTCCCCCAGAGGGCACAGAAGCAGCAAGAAGGGCGGGAACACTTGACTGGGGTCCATGCAGCTCTAGGCTGAGTCTTGCAGGGCTGAGCCCCCCAGGCCTGCTCTCCTGTGTCCTGGCCGCTCCGTCAGTGCCTGCCAGTGGGGTCCAGAGGGACCGTTTTTTTAACGCCTCTTTTGCAGTGAGATGCGCCTACTTCTCCCTGGAGAAGCTTGAGGAAGCAGAAATGCTGGAGATGAGCTGCTCCTCACTCTCACTCCTGGGTGTGCTGGGCAGTGGGGTGCAATGTGCACGTAGGTGCACACTCTCCCTGGGCGGCAGCGAGCAGCAGAGGTCTGATCTGTGGTCGGATGACGAGAGGAAGTGCAAGTAAAGCAGCTGCAGCGAGACCTCGTCCGCACAGGGGCTTGTTCTTCTGTGTCTTTGCAGGGCTGTTTTGGACTCAGTATTCACCTAAGCACTCCAAATTACCCAGCACACCCTGCCTGCATGGCGCTGCGCTGCACCTTCACTCTGGTCACGGGTCTGGCAGTCAGCTCACCAATTCCTCCTGCTTCCCTGGGACTTGCCGGCTTTTAGCACTGCAATTCACTCAGCAAACTGGGACTGTTGGTCACCCTACCTGGCAGCCAGTGATAAGGTGAGGGCCACTCCTGGGAGGGAGGACACCTGTGGGGAAAATTCTTGTGTTATTTATTTCTCCTTCGGGATAGGGTGCCTGCAGCGCTTCATGGGAGGGGGTGGGCTGATGCTGCGGGCTCAGAAGTTTCAAGGGCATCTGGGGAGACCAGATATTCAGAGACCTTCTAGATGTGCCTGTTCCATGTATCAGGGACGCAGGTTTTCCCAACAGGGCTGGTGTCATTGGCATGACAGACCTGCCTTGGCTGAGCGTTCACCTGTCTTTGGAGTTCAGCCACCTTAGCAAGTCCTGGGTTTGTTCTTCAGACTTTGCTGCTCGCCCATTGCCTGGATCGGGGGCTACTTTGTAAACCACCAGGAAGACTCCAGTGTTTCTGGTTAATTTTTAGATGTTTGTTAATTGCTCTTGGTCTCTCATTAATCCCCTGTGGGTCATCCAGGAAACATACTCACCACTGTCTGTTCTCTGAGTTTTCATTTCCAGGCATCCGCCCTGCCTGGATCTCCTCACCTGCCAGGAACTTCCTCTCCACAAGCCGGCCATCCCAGCAAAAGTTCTAACACCAAAGGTCTGGCAACTAGCCTGCCATCTTGTGCCTGGAGCCGCCTGCGTGCCACCTACTCCCGAAGATGGGAACCTTGTTGCCAGTTGGGCAGATGCGGGGCAATCCTGTACCAAGACCCCATTTTACCACCTGCTTTCTCAGACCACTCTGGAACCCACTGTCTCAGATTGTGTCCTCCAGGAAGCAGACCATGAGAGGGAGTTGGCAGGGCCAAAGATTTACTGGGGCTAACTAACACTCAGGAAAGGGATAGGAAGGAAACAGGGCTGGAGAGCAGGTTGAGCCCGACCTGACAGTCTCGAGCAGCCCAACAGGGAGGTGTGGAGCAAGGGTTGCCCACTAGAGGGGCCTGCATTGGGTACGGGTGATGGGGTCCACATGGTACCTGGCATATAGCAGGCTGTGCAATCCATATTAACTGACTGGATAAATTAATGCCCAGAAAAGGTGCCCTGGAGAATGGGTGTGTGCTGAACACAATAGGGAAGGGCCCAGCATCTGCCTTGGCATAGGCAGAACTGTGCTGTGCCCTGCAACAGGCCACCTGAGAGCTGCTTTGATCTTGTGTGTACATTAGATGACTGCCAGGGGCATGAAGGGGATGTGCTTCCAGGGCATTTGCTGGCAGGGCGTCTCGTGATCTCTTGGTATTGGTGTGAGCACAGCCTGGCAGGAGAGGGCAGATCTCCATGCAAAGTATGTCAGAAAGCAGATGGAAGCCAGGCCCCCTCCTGAAAGAGGCTCCTTGAAGGCTCCTGGGACCACATTATCATTCTCTTCACTCGAGAGATGAGGACACTGAAATTCAGAGAGGGGAAGTGATTTGCCTCAGCTTGTACTAAAGAAACATTTCAACAGAGAACCCAGTGGAAATTATGACATGTTATCTTCTCAGAGTCCTGAACTCCCATCCCTACCTCAGAAGAGACTCCTCTGTTCACAGAAGCTAAAGGCAGTTCCTTCCCAATGGCAACTATGTTTGGATGTTGGATCTACACTTTCTCAAGCACTGTGATCTTCAAATCAAAGGAGATTTCTCCCATTATATACTTCTTATGATCAACAAATTCCATCATCTCCCCACTAAGAGAAAGTACTCCAAGATGATAGAATGATTTTAAAGTTATGGGACTACAACAGCAGCCACAGGAACCTTGAACTGCCATCCAGGGCCATGCAGCAAACAAGCAACAGGGAAATATCCCACTATGCAATCCTATTTTGAGATGATATTTAGGATGAGAGAACATGCATTAGTTACCTACCAGCTTGACAGGAATGGATTTCCAAATCTGACACACCATAGCCTGAATTCTCACCAGTTTGCTCCTGGAAAGGCCCGCTCATGCATGAGCCCCTGCCACTCTTCTAAATAAGCTTCCAGGCATTACCTGCATGCTGTGTTCCTGTGGTGGGATGGCAGTAATCTCTGCTAAGATAAACGGGAGCTTCTGTGGATAAAGCATAAACGCAGTGAAGTGTGTGTGGCTGGAAGATTTAATGCCTCTACAGTGCTTAGATACAAGTTGAGCTTGGAATTCCAGAGGTAGAGCACTGCTGATTGGAGACATATTAAGTAAAATGTACTGTGGAAATGAGATAAAACCTTTATTCTTGCTAATGATTGTCATTGTATGTATTCAGGTGTCCAACAAAGGATTTTAGAATAAAGTGTGCCTTTAAAGTTTC,False
228,-733,3.8561394,-3.9514647,0.00040646596,-2.9300022,2.866722,0.9969717,6.7614474,-6.5308495,1.6874382e-06,-1.575531,1.1288539,0.9372849,-1.2835203,1.2128742,0.9238887,0.5717107,ENST00000558831.5,-733,CGCCAGGCAGTCGTCGGTAACGTGGCCGCAGCCCGAGAGCGTGACGGACGCCAGGTTGGGGCACCTGTGAGGAGAGTGCGGTGACCCGGGGCTCACTGGCTTGTTAAAGCTACCCAACCGCCCCATGGGACCGAGTGGACTCATTTACCGAGGAGGACTCGGGCCCTGCGAGGTCACTTCATCCTGGCCCAGGTACTGCAGCTCCAAATCGTGGGGATTCTGTAAGAGCTTGCTACCTGTTGACTGAGGAGGCCCACGAGTTGAGAGCCATGTGACTCAGCGCGAGGCCCTGCCTCAGCAGAAGCTCTGAGCCAGAAGCCACATATATTGCTGGAGACAACATGGCACAAGGGAAAAGCCCTGAAGAGGACAAAAGATCAGCTTTCAAAATAGGAAGAACTAGCAAGAGTGGTACAAAACTGCAGGTCATTGGGCTGGCCACCAGGTATTCCCACCCACCAGAAGCTGGCTGTTGTACTCACCCGGAACCATGGTGCACCACCACAGCGGCGAGGTCATACAGGCAGCTCTCCGGGCCACTGTTCTCAGGCTACAGAACAAGGAAGAAGGAGCAGTGGTCAATGACATCAGTATCTCGATGACCTCTACCCTCTCCATGTGATGACAATCTTACTGAAGAGCCATTTTTTCACCATGCTAAAAAGGTAACCACCTTACCTCTAGTAAGTAGCATTTCATGTCTAGGCCTCTCAGTGGAAATTCTACGTATGTATCAACTTTATTTCTTAAATATGCTGTCCAATGAAATCTTTTCAAATGTAAGCATAGCACCTGGAGGACAGAGATGCGGTCAAAGATTGTGAACACCTAATTTACCTTTCAGTCAAAGTTTGATACTACTATCAGTTCAGTAAATAACATTTTAGCTGCCCTATCAATCATTCTTCCATGCATACCTTATGCATTCATTCTGTAAGGGGTTTAGCTTTTACTGAAAATCCTAGAGAAAAATACAGAACAGTTCACATAGTGTAAAGTTATAGACATGGTCTTAGCAGTCAAGCACTTTCCCATTGAAATTGCTTCATAACTCAAAATTCAACACTCACCTTGGGTAGTTTTTGAATCCAAAACTTTTTTGTGGACTTTTGTTTCTTTTTGCATTTATGGCACATATATAACTCTGTCTCATCAAGTTCTTCTAAGTCGGTAAAACTGCGAAGACAATCTAAACAAATTGATTTTGGCAGCATTAAAACAAGATGCCTTTTGTAGAGGCAATGTACTGTAGAAAAAAGACCCAGGTTTAAAATCTCAGCTTTATTAGCTATACGACCTTAGAAAAGTTAACCTTTCTCAATTGCAAACTGGAGACAAAAAATAATACCTACTTTGAAGAACTATTATAAGGAAGAGAAATAATGTGTAGAGCACCTGGCATCATGCCTGACATCTGGTGATGATCAATTGTGTTGGTTTTACTATTAATGATAATTCATCTGGATAATTCTGATAAAATGGTTTCCTGATGAATTTAAAGTTTCAATTGTAGTTTTCTGTCAATATGTTACATTATACAGGACAAAGCTCCAAACTCATAAAAAAAAGTCAAATTTAGATAATTTAAAAATAAACATAGATCACAGAAGGCTACACTATCAACCTTCTCTGTCCAGACGCTGTACTCTCAGTTCCTAGATAAATCACAGCTACATTTTTTTTCATTTAAAGATGTAATTGTGTAACCTGGGGTTTAGTAAACTACAGTCCTAAAACATCCAGCCAGCCACCTGGTTTTGTAAATAAAGTTTCATTGGAACAGA,False
229,-476,0.6327219,-0.900567,0.17751299,-0.5322617,0.38925156,0.71535033,3.7914312,-3.4943776,0.00068472483,-2.6896238,2.4753149,0.994319,-1.850272,1.5788352,0.96860194,0.57129383,ENST00000531565.1,-476,GCCGTGAGTCGGGTGGGTGGGCTGTGAGTCGGGTGGGTGGCCGTGAGTTGCGTGGTGGGCCGTGAGTTGCGTGGGTGGGCCGTGAGTCGGGTGGGTGGGCCGTGAGTCGGGTGGGGGTGCGGAATTGGCTGCTAGCGGTGATGGTGACACAGGGTTACGGAGGAATCCTCACTCAGATGCATTTGGACGTCTTTGTGGGGAAATGACGTGGCGCCTGGGATGTACTTTACGATTCTAATAAAGAGGAGAAAGACACAACAGTATTGGCTGAATGTTGACAGCTGTTGAAGCCGGGAGGTTGGTGTGCTTAAAAGTTCCCCAAATCTTTTATTTGCAGCATGAGTATGAGTTTCTTCGTGCTCACGGAAGATTGTAGAGAGCAGCTGTCGGTCATGGAGTCACAGGGCTGCCTTACCAGGACACCACCGGCAGCCCCACAGACAACACAGGTTTATTCTCTCCAGCTCTGCAGGCTGGAAGTCCGAGGTAGAGGTGCCAACAGGGTCCGTTTCCGGCGAGCGCCTCCTGGTTCAGAGGCATCCTCATGTCAGGAGGGGCTTTGGTGTCACCTTTTCCTTGTGAGGGCCCGGATCCCATGACCCCTATCACCCCATCGAAGCCAAATCACCTCCCAGAGACCTCCTCATACCATCACGTCGGGCCTAGGGCTTCCACATGGGAATTTCAGAGTGACCATTCAGCCCGTAGCAGAAGCTCCTCTGGGTCTGTCCTGGCCCACAGACCCTGTGTAGGAAAAGCACTTGCCCCTGCGGGGCAGGCCCTGGCAGAGCCCGGTGAGGCAGTGAGGGCCCTGCAGGATAAGTGGAAATCTCCCCAGGGGGGATATGGGGGTGCCTTTCTCTTACAGAGTCCAGGCTGGTAAAAGCGCATGTGTGTTTCGTGTCTGGTTTGTCCCCTGCCCAGCGGGCGCCGTTGGAAGGGCCTTCAGGTGCTTGAGCACAGGTGGGGACGGAGCAGCTGGTGTCTCGGCAGTAGATGCGGCGGATCATAAGGACTTGGGTTTTGAGCGCCCTGCAGGAAGCCACTGGCCGCGTCCAGGGTCACCTGTGCCTGGTCGTTAGTCCCTCACAATGCTGTCACTTTGTGACGCTCTTGTGCAGGATTAAATGTGAACAGCAGAGACGTGGGTGATGCGCTGCCTCGTCAGATGATGGTCAGTTGTCCAAGCGGGCTGCCTTGCTCTTGGTGGCCTCATCATCCAGGGCTCACACACTGGATGGTTGGGCCACAGTCGCGGTACCCCCCGGGCTGCAGGCTTTCCACCCTGCTTAGCAGGGCTCCAGGGCTCCGGGTAGAGCAGGGGGTCCCTCCCTTGGCACTTCCCCAGGGAGGAGCACGACCGTGCTCAGCTGCGGTCAGGCTGCTGCTCTTAGTTGTCTTTCCTTCTAACACTCAGGCTTCCCTTCCTGCCTCCTGGGTCGCTGAAGAAGGTCAGGTCCACAGAAAAGGCCTGGGGAGAGAATGGTGGGGACACTTGCCTGGCCTTTGTGTTAGCGCTCAGCACACATGTGTCCAGTGTAAAGTCCACCAAGATTAGCAGGGCATGGTAGCTGCCGCCTGTAATCCCAGCTTCTCAGGAGTCTGAGGCAGGAGAATTGCTTGAACCTGGGAGGCGGAGGTTGTAGTGAGCCAAGATCGTGCCACTGCACTCCAGCCTGGGCGACAGAGTGAGACTCCATCTCAAAAAAAAAAAAGTCCGTCGAGAGAGCAGGTGGCGGATGCAGCTGAGAGCTCCAGGAATGGGAGGGCCACGTGGTAGCCACTGGCAGCCTTGACTGAAAGATGAAGGAGTCCATGGTGCTAGGAGGAGGAGTTGCATCCCAGCAGGCTCAGCTCCTGGAGCTGCCTCTCTGCACTCTGAAGGGAGGCCCAGTGGCTGCAATATTCTTCTTTGGGAAGTACAATGCCAAGTAAATAAAGATATTTGGGGTCATTCTAGTTA,False
230,-419,-3.1165528,3.051255,0.9979086,-1.5138994,1.4287467,0.94991475,2.6850545,-2.3291376,0.006599159,-0.5607656,0.5660573,0.7552521,0.89506114,-1.030478,0.12724516,0.56738394,ENST00000515570.1,-419,GGCAATCCCTACTCCCTGCCAAAGGAGAACCCAGTTACTGAACATCGGATGAGACCATGGATAGTAAATTGGGAGTGAAGGTCCATACCTGGGTCTCAGAAGCACAGTACAGGTTTTTAGAACAAGCCACCTTATACAAGTTAAAATTCATGAAGGAATGGATACAGGTTAAGTTACACCAGCCTCCTGAGTATGACAGCAACATTCCTTCAGGGATTAAAGAAAATGCTTCAGAAGATTGGAACACTGCTCAGCCTTCCCAACCTTCTTTTACCACTGATGTTTCTACCTTAGTGATCTTCCTCCTTATTTTAATGCTTCTTTCTCTTTACAATTAAAAGTTCATAAAATCTTTCAACATTATTTTTCACTACAAAAGTCTGAAGTTCTCTGTGAAATGCCTACATGTAAGAATTAAGATAGATTTTAAAGACTGTCAGTCTCAAAATTCCATGCTCATCAGTTAGTGCATGATATTAAATTATGCTTTTTTCCTCCTTTTAAATATACCAACATTATATTGCTGATTTTTTTATTTACCTGGGTAAGAGCACTGACTCGGTTCTCACTAGGAAACAAAGGTGGGTCTTCTCCAACTTGAAAATCAAAATATACAGTTTTATGTGTGAAAGTAGAAAATTCATTGCTGAAGCAAAATTTGTATGTCCCATTTTTGGAGGCTGTGAAGGTAAAACTATCATACTGTTTCTTCATCTCTTTGTATAACACTTTACCATCAGGATCTTCTAATCGACAATCTACATC,False
231,-516,-2.2541866,2.0423014,0.9865666,0.3141929,-0.32600775,0.34520116,1.3016285,-0.9542111,0.09484694,-2.2142074,2.0202832,0.98571974,0.11214125,-0.2802543,0.40314075,0.56309503,ENST00000561622.1,-516,ATAAAATGGGTACATTATGGGCAGTGTAATACAAGCTTTCTTTTCATTGCCTAGTACTTTACCAGCAGACCACAGTTTTGCCCTGGCTAGACCAACCCTCAGAACAAAATCATCATTCCTTGTATTTATATTTGTATCTGAGATAGTAAACAAGATGGCTGGCCAGGTCAACATGGCACCTTAACTTATTTTTTTAATAGGTAAAACTTCTTCAAAAGTAGCTTGCTTTGTATAAGAACTAAGCTATCAGTATAGATATAGCTATCCTTGGAGCTTATGTTTCAGACAAGAATTATTTACTAAAATAAATAATAAACAAGATAATGCATTATACAATTTGGGCATTTCTCGTTTCTCAAGTGTATGCATCATGGTAAATATAAACTAACCACAAGATAGGTAGATTGATTCATTTCATTTTAATCTCCTTGTGTAATTCAGTACCTCCATAATTGTTCTAATCTTCTTCCCACTGTTTACAAATTACCAGTTAATTAACTCGTGAAAGAAAAATTCACATATCAGAATAAAAATAAATGTATACTCACTTTATAAAAATCACCACTGCTGTCTTTCCTTAATACTAGCAGTGGAAATGTAAGTGGCTTACTCTACAAATTTTGGTGCTGGCAAATACATAGGCAAACTGTTGGGAGCTGCTCTAGTTACATTCCTCCCTTCTTATTCCCTTTTTCTCTTCCTCACTTTATTGCATAACATATTCCTGTACCCAAAGCATTCTACCACAGTTCTATTTGACTCCCACTTGTAATAACTCCTTTAAAAAATTCCATGTTTAACCATATGACCCTGCTTGCTTACTCATATTCTCCCTCCCTCTCCCCTTCCTTTCTCTCTCTTCCAGAAGTCATTTGCCTGGTTTGAAATATTTTGTAGGGATTGCTTATTATATTATTTTAGCTGATGAACCTCAGGACAACGTCTACACACACACACATACATACACGCACACAAAATCTCAGCTGTTGAAGAGTGGGCTTGGAATCAGACTTCTGTGTCCAGTAAAAAACTCCTGCACTGAAGTCATTGTGACTTGAGTAGTTACAGACTGATTCCAGTGAACTTGATCTAATTTCTTTTGATCTAATGAATGTGTCTGCTTACCTTGTTTCCTTTTAATTGATAAGCTCCAAGTAGTTGCTAATTTTTTGACAACTTTAAATGAGTTTCATTCACTTCTTTTACTTAATGTTTTAAGTATAGTACCAATAATTTCATTAACCTGTTCTCAAGTGGTTTAGCTACCATTCTGCCATTTTTAATTTTTATTTAATTTTATTTGCTTGAGCACACTGATCAACCACTGAACTGCCTTCTTCCATTGTCCTGCAATGATATAAGGGTTACATTTTTGTGTATATGGCTTTCATAGTTGGGATTTCAGAGCACTGATACCAGATATTTTCAGTTTGTTCTCTGGGGGAATTTCATTTGCATCTATGTTTTTAGCTATCTGTGATAACTTGTTAAATATTAAAAAGATATTTTGCTTCTATTGGAACATTTGTATACTCGCAACTATATTTCTGTAAACAGCTGCAGTCAAAAATAAAACACTGAAAGTTTT,False
232,-599,-1.1042144,1.1507444,0.90507746,-1.2176049,0.540347,0.85295296,4.2751083,-3.8340504,0.00030068142,1.3823744,-1.4455323,0.055834655,-2.9105258,2.7645912,0.9965815,0.5621494,ENST00000419697.1,-599,TTTTCCAGAGAAGAGAAGCTTTACTGGTGTTCCAGCCCTAAGGCTCATATGACATTAACAGACAAGACACTTTTCAGAAAGACAGGTAAGTCATTTGTTAAAATCTCACTACTGTTGTTTAACAGAAACATATATATGCATGTATATGTGTGTACTGTATGGAAAAAGTGGAATTAGAGTTTATCTAGAAAAGAAAAAATTACCTCATCTAAGTGCAGAAATGAATAATACTTAAACCATACCATACAATTCTCTATCATATTTCCACAGATAAGTCAAAAATTTAAAAAATCTTATTGTTCATGCATAAATGCAGAAAACAATACCTCTAGTATATGTTTGTGTTCTATTGTACTTTCACAGAAGGTGTTTGATACTTAATACTGTGTTTATTAAGAAAAATCTTTGCAATGGTTATGGAATTAAAATTTCATGTAAAAATGATTATGTAGATCAAGAAAAGTTGCAATTTTCTGGATTCCTGATATTTTAAATAAAAGTAGTTTCCAAAGG,True
233,-628,-1.5341487,1.473988,0.95294034,-0.20888364,0.077546924,0.57112205,-0.96928287,1.3280679,0.90865743,0.1589677,-0.3669329,0.37147352,2.6618586,-2.775323,0.004332876,0.56170523,ENST00000450804.3,-628,CCCAGACACAGGGCAGCCTTCCTCTCAGAACATCTTCTGTATCCTGAAAGCCTCCAGTGGGTTCATCCTTCAAGTTAATGGACAGGAAAACTAAGACCAGTGAGGAATCCCAACACTCATCCTGCCAGGATAGAAAGGAAAGCCCAGAGGCATTGCAAAGAGTGCTGAAGAGCAGGGATTCGCTGTATGGGGACAACTCTTGCTTTGTGTTTCAGGACAGGGAACCCAGGAGTGCAAACCTCAGTCAGGTGCAGTCCAGAGCCTGTCTTGAGCATAATGGCTGCTCTGCTCTGCCCCCGACCCTCACCACCTCCAGCGGGGTTCATCATCCCAGTTTATGGACAGAAAAACTAAGACTAGAGGGGGAGGGCTTAGCTCCTGCTCGGAGGAGACCTTCAACTCCTTCACCTGCCTGGACTTGGCACCCTCCCAAGAGACTGCAACCAAGGTTATGAAAATAGCATCTACTCACCATCCTTCCTCAGCACACCCCCAACCAATCCACCCCTCAGTCCCACCCCTGTCTCAAGGAGACTGAGCCCCGAGAAGCACAGCCTCCTGCACCTCCTCACCTCCCAGCCTGCCTTCCTGGTCTATCTGCAATGTCCTCAAGTCCTTTCCCGTCCTCCTCATCCAAACTCCAAGACCTGCCTCACCTCACCCTCCTCCAGGAAGCCCCCTTCATGGTCTGGGTTCACTCCCTGTCATGACGTCCGCCCTCACCAGCACAGCACCAAGCCTTGCAATGCTCTCTAGTAGTTATTTCCTGCACAGAGAAGGGGTGAGGGAAGCATCATTTCTGCCTATCCCTGTTCACACGCAAGGCTGGCTCTGCCTTCCCAGGGACCGTTCTGCAGAGGGAGACCGCTCATCAGGCAGGTACCACCTCCAGGGATCTCACTAAGGTAGAACTGATGGGCCTCAGTTCTGTTCAGAGAACAGCTATACAGGCTGGAGGCCTCCAAGAAACAGTTTCCATTTTCCCTGAGGAGTCTGTATGGATGTGTACTGTACAGGGTATAGGCTGTATGGAGTCTGCAGGTAAACATGCCTGTGTGTCAAAGAATGAGTCTGTATGGGTGTGTACTGTACAGGGTATATGCTGTATGGAGTCTGCAGGTAAACATGCCTGTGTGTCAAAGAATGAGCATGTGTGTGTGTGCATGTGTCAGCATGAGAATGCCTCTGTGTTTGTGAGTGTGAGAGGGTCATATAGGTGCAGCATTCTGTTGATGGAGAGTCAAACTCTGTAAAAAAAAATTTTTTTTTTCTTTAGATGGAGTCTCACTCTGTCACCCAGGCTGGAGTGCAGTGGCGCGATCTCGGCTCACTGCAACCTCCGCCTCCCGGGTTCAAGCAATCCTCCCTGCCTCAGCCTCCCAAGTAGCTGGGATTATAGGCACCTGCCACCACGGTCGACTAATTTTTGTATTTTTTAGTAGAGACTGGGTTTTCGTCATGTTGGTCAGGCTGGTCTTGAACTCCTGACCTCATGTGATCCACCCACCTCCGCCTCCCAAAGTGTTGGGATTACAAGCGTGAGCCACTGCACCCAGCCTGTAAAATATTTTAAGAGATTTATTCTGAGCCAAATATGAGTGACCGTGGCCTGTGACACAGCCCTCAGGAGGTCCTGAGAACATGTGCCCAAGGTGGTCGGGATACATCTTGGTTTTATGTATTTTAGGAAGGTATGAGACATCAATCAAATACATATAAGAAATACATTGATTTGGTTCAGAAAGGCAGAACAACTCAAAGCGGGGGGCTTCCAGGCTATAGGTAAATTTAAACATTTTCTGGTTGACAATTGTTTGAGTTTGTCTAAAGACCTGGGATCCATAGAAAGGAATGTTCAGTTTAAAGATAAAGGATTATAGAGACCAAGTTTTATTGTGCAGAGGAAGCTCTCAGATAGCAGACTTCAGACAGAGCAAGTTGTAAATTGTCTCTTATCGGACTTAAAAGGGTGCCTGGCTCTTACTTAGTTGATTATCTCCTGGATCTGGAAAGAAAGGAAGGAAAACAAAGGCGGAAGGGGAATCTCTATAGAATGTGGATTTTTCCCACAAGAGACTTTGCAGGGCAATTTCAAGGTATGGCACGGAAATATATTTTGGGGTTAAATATTTTTTTCCTTGTCTCATAATGTTATGCCAGAGTCAGATTGAAAAGTAAATCACAACATATAGGGTCAAATAAAACCCATCTGATGAGAATGTATGGTTTGTAGGGCATGACTTCCTAGACCTCTTAGGTAGGAATCTGGGTAAGACAGAATATCAGACTTAGTCCTCAATTCCTAATGCAAAGTTCTGAGATCCAAAATGCTCCAAAATCTAAAACATTTTTTAGCACCGACATAATGCCACAAGTGGAAAATTCCACACTTGCTTCAATGTGCACAAACTTTGTTTCATGCATAAAATTATTCAAAATATTATATAAAA,False
234,-205,0.0788939,-0.058597147,0.46568125,-0.33194172,0.08993444,0.60393214,-2.0600665,2.4111679,0.988696,-0.5120088,0.3993018,0.7132682,1.615436,-1.7718108,0.032696426,0.56085485,ENST00000591237.1,-205,AGGTTGGACATCCAACAAGATAGACTCTAATTCAGCCTCCCCAGTCTCTGGCCACCCAGCTCACTCAGGGATTCAGCTACCCTTGGCTACCCAAGTAGTCTAAACATTTTATCTTTATCAGGCACATATACAGTCTGGTTCTCTGTAGCCAAATTTAGATACCCATGACATTTATCTAATGATTTCAAACCAAACAGGTTCCTAAAAAAACATTCAGCCTACTTCTAGAACTTCCCCATTTTGCTTGGCTGTGAAAATGTATTTGTCCCATGCAGGCCCTTGCTCCAGCCCAGTGGAAGCATTAGTACCTCTTCCTAGCGGGAACTCAGTCCAGCTACACACCAGAGCCAGGCCAGTGGTTGTCTGGGAAATCTTCAAAGGCCGTGACCACTCAGCAAGGGTCAGTGGCACCTCTCCCCACTGTCTCCTCACCAGGTGCATTCATCCCATCCATCCATGCATTCACTCACCCTCCGTGTTGTCCAGCACTATGTATAGTGCTGCAGAAACAAGAAGAATATAGTGCTTGCCTTCAAAGACCTCCCAAAGTGGGGAGATAGTCTGGATGACAGGTGCTGTAATAGAAGTGTGCCCCGGATGCTATAGGAGCACAGAAAGAGGGCAACTGATGAACACTGGGGTGAGAGTGGAAGAGGAGACCCTGGAAGACTCCCTAAGGAAGTTGTCTTACTCTGGTCAAGCAGGAGGCCCTGTAGAGGGAGTGGTGCAGACCCACCAGCATATGCAGCTTCACAGGGGCAAAACACCTGTAGGTCCATCACGTGTTGGGGACTAGCAAGTATTCAGCTTGGCTGGAGCAGAGGCAGGAGTGGGGAACTGGGGACAGGTGAGACTAGAGGTTGGCAGAAACCAGCCATAGTAGTTTTTGCCTCATTTGGACAACAAGGAGCCATCCAAGAGAGAGCGGTGAAGCTGATGGTGACACAGCCATGGCGCATTGAAATACCCCCAGTGGCTGTGTTGTAGGGTATATTGGGTTGGGGAGGGACAAGGTCAGGAGGCATAGACTCGACATCATCTGATGTGATTCAGGACAGAATGGCGAGCCTGAAGTGAAGTGTCTGTAGGATAAGTTGGAAAGGAAGGAACCAATATGAGATATTAAAGAAGTGAAAGCTATAGGTCCCAGTGCCTTAATAAAGGTAAGGAGTAAGAGAAGATTCGAGATTGACTCCCAGACTCTCCAGTCTGCTGGACATGGGAGATGGAATAGAAGTTGATCTCGGTGTGGTCAGAGGAGAGCAGTTACTGTGTTGAGCATGGAGAGCCTGTCGTTCCCCAGGAGAAGGAGTACAGCTGGCTGGAAATAGGCAAGGCAGAGATGGAGAGATCCACCTTGGAGTCACTCCTAGGGGCGACCCTTGAAGCCCTGAGTAGCAATCCCACCAGAAAGATGCAAGGGCTGAAGCTGAAACTTCAGAGAGCATCGGCATTTAAGGAAGAACCTTGGCTGGGCGTGGTGGCTCACGCCTGTAATCCCAGCACTTTGGGAGGCTGAGGCGGGCGGATTGCTTGAGCCCAGGAGTTTGAGACCAGCTGGCCAACGTGGTGAAACCCCGTCTCTACTAAAAATACATAAATTAGCTGGGCGGTAGTGGCATGTGCCTGTAATCCCAGCTACTCGGGAGGCTGAGAGAGGAGAATCACTTGATTCTCCTGGGAGGCAGAGGTTGTGGTGAGCTGAGATCGTGCCACTGCACTCCTGTCTTGAAAAA,False
235,-814,0.61370945,-0.9460687,0.17367847,-4.5046124,4.35574,0.99985814,-1.6784481,1.7993666,0.97004986,-0.32724616,0.17027804,0.6218774,1.6525823,-1.9559801,0.026376208,0.5583681,ENST00000426083.5,-814,AATGCGCGCAAGAAGGGAGGTGGCAAAAATCATGTCCACCGGGGGGGCTCAGAGGCAGAGTCTTGCTTTGTTGTCCAGGCTGGTCTTGAACTTCTGAGCTCAAGTGATCCTCCCGCCTTGGCCTCCCAAAGTGCTGAGACTACAGAGAGAGAATGCTAACGAGCTGTGAAATGACCAAAGATCTGGCAGCAGAAGGGAAAAGAAAAAATAATGGGAAGAAGAGGATTTATCTGACTCAACTGGAGATGGCTCCCTTCCCTTATTTATTGTTGCATCCTGAAGCTTCCCCCATGCTGGGCTCAGTGTGAACAAACAGCGCGGGAGAATGCAACCACTGCAGAGGCATATGTTTGAGATACCTGGCCACTGGAGGTCATCTCGTCTACTATATTCACCGCAGATAAAGAATGAAAAGAGAATACACAACCTTGTGATTGCTAGCAGTGAAAGCTCAGAGTTATGACATAACAGAATTGGCTCATGTGACTATGGAGGCTGAGATGTCCCAAGAGCTGGATACCCAGGAGAAGCAAAGAGGGAGCTGATATCATAAGGCACCCTGTCTCAGCACTCTCCCAACTTTGTCCCCAGGCAGTGAGTGCTTCATGGCCAGAGAGAGATAGGACTGAACCCTCGTACCTTCAAACATATCTAAATCTCTGGTGCAGTTCAGGATATTATCCATGAGCCTGTGTTTCATGTAATTGTCATGTTTCTTCGGATTCCTTCAAACTGCTACAGCTTCTGTGTCTATCCCTGTCTTCCATGTGCTTGACAGCTTTGAAGAGTACAGGTCCTTCATTCAGTAGAATGACCACCAAGCCAGGTCCACCAGATGTTTCATCATGGTTTTAGTGAGGTTATAAATTCTGGGCAGTAATTCTACAGAAGTGCTGCTTTGTTTTTCTCAGTGCCTCACACCCAGTGGCACATATCATCACCACTGGTGATGCTAACCTCGATTGCTCAACCACATTGTCTGCCAGCTCCCGCCTACTTAAATTCAACATTTTGCCTTTTGCAATTTATTTGTGTTTTGTGGGAACATATTTTCATTTCTGAAATTAGTCAATATCCTGTTCCTTATCAAACTTCCAACTCTGGTCTTAGCATCCATTGACTGAATCAAGTGCCTTTGTGTAAGTTTCCACATGATGAGTGTCTATTTCCATCATTGGTTCTATTTTTATGAGCTGGTATTTTACTATAAGAAATAGCATATTATTTTCTATGCTTAAACCACTGCAAGTTTGACCCTTTCAAGCTGGTTTTTGTGTCCTTTTGACATATTCCCATTGTTCATTGAGCATTTCCTTATTTTCTGGCATAAGAAGATGTTCCAAGTGCAACTTGTATATTACCTGTTTCAGCCCTGGAATCAGACATTTTCCTAAGGATCCTTGGTTTCTTTGAATAAAGGATACTATTTAGAAGCCAA,False
236,-1205,2.31991,-2.5252235,0.007805165,-2.9587264,2.6536808,0.9963611,0.07637599,0.37310344,0.5736423,0.2549897,-0.35733607,0.35152885,-0.8720625,0.768562,0.83761984,0.55339146,ENST00000458274.1,-1205,GGAGGGGCGGGGTAGGGCCGGGCCGAGAGAAACCACTGGGGAGGGTCTGGGGTCGGGGCTTTGCCATCAGTGGTGTGAGGAGCAGGCCGGGGCAGTGGGCAATTGAGCGAGGAACAGCTGCGGGAGGACTCCGCGGACTCCTGAGAACCAGCTTAGGGGAGCGGCGGCTTGGGGAGGTGTAGGGTGGAATCACGAGAAAGCTCTGTGGGAGGGCCTGGTGCACAGCTCAGCTGCAGGGTGGAGCTGAGGGAAAGCCGGGCGTTCCTGGAGGAGGAGCAGGGCGAGGCTGTGGCAAAGCGCTGTGGGAGCAGATGGGGCGGGGCTGCGGGAAAGAGCTGGAGAAGGAGGAGCCAAGCTGCACCAAGGCTGGCGGGCAAGAGTCCAAACTTTCCCGCGGCGACCTAACTGCACCTCCAGTGTCTTCCCCCAGAGGGCACAGAAGCAGCAAGAAGGGCGGGAACACTTGACTGGGGTCCATGCAGCTCTAGGCTGAGTCTTGCAGGGCTGAGCCCCCCAGGCCTGCTCTCCTGTGTCCTGGCCGCTCCGT,False
237,-201,1.9082725,-2.1295445,0.017330294,-0.6906444,0.37793097,0.7443259,4.7780643,-4.4128637,0.00010194986,-2.372976,2.1623785,0.9893907,-4.44661,4.1026106,0.99980634,0.55019104,ENST00000578389.1,-201,TGCCTTAAAAACAGTGCCCAACAGTGAACTGCCCCTCCGAGGACTTGAGCAGTGTCATCATTAGGCTGTCTTTGTGCCTTAACAGTATTGATCAGGTATTGTAATAGAGATTTTGATGATGAGAAGATCCTTATTCAGCACCAAAAAGCAAAGCATTTTAAATGCCATATATGTCACAAGAAATTGTATACAGGACCTGGCTTAGCTATTCATTGCATGCAGGTACATAAAGAAACAATAGATGCCGTACCAAATGCAATACCTGGAAGAACAGACATAGAGTTGGAAATATATGGTATGGAAGGTATTCCAGAAAAAGACATGGATGAAAGACGACGACTTCTTGAACAGAAAACACAAGAAAGTCAAAAAAAGAAGCAACAAGATGATTCTGATGAATATGATGATGACGACTCTGCAGCCTCAACT,False
238,-1327,1.0640321,-1.3455658,0.08244374,-0.40684378,0.2922097,0.66797787,3.61308,-3.4755692,0.00083382806,-4.357118,3.9678693,0.9997577,-4.137649,3.8435895,0.99965835,0.5501343,ENST00000533146.5,-1327,GCTTCCGCCCTGCGCGCTAACCCAAGACGGGAGCTCGAGAGCTTGATCCTGCGCGAGTTTACAGACTGCCCTCTTCCCTTTTTGCATCGAAGACCACGACTCCCAAGAGGTAATGCGTCGGCCCGGGACTACATCTCCCGGCATGCATCGCCGGCGGGTCCGCGAGTTCTCACCATCGCAGCTGGACTATTAGCGGGGGCCCTAGCGCTCTTGTGGTTTGTTTCGGCAGTATCTGAATGTCAGCTTTTGGCACTTCTGGTCGCTCTGAGCCTCCTACTCGCATTCCTGGAGCAAGTTTGCCAGACTAGTCAAAGAATCCTGCGTCAAAATCAAGAGAACGAACAAGCCTTCATTGCCATGGCACATTTATTATAAAAAGAAAGGGAGAGATGTTGCGGGAAGTCAGGGACCCCGGAGGGACCAGCTGAAGCCATGGCAGAAGAACATAAATTGTGAAGATTTCATGGACATTTATTAGTTCCCCAATCAATACCCTTGTGATTTCCTATGCCTGTCTTTACTTTAATCTCTTAATCCCGTCATCTTCGTAAACTGAGGAGGATGTATGTCGCCTCAGGACCCTGTGATGATTGTGTTAACTGCACAAATTGTAGAGCATTTGTGTTTGAACAATATGAAATCTGGGCACCTTGAAAAAAGAACAGGATAACAGTGATGTTCACGGAACAAGAGAGATAACCTTAAACTCTGACTGCCG,False
239,-204,-1.5556085,1.541511,0.9567738,0.75490963,-0.6042708,0.20437354,1.2753725,-1.1436472,0.0817338,-1.8883098,1.7630329,0.9747004,-0.1447326,-0.08607298,0.5146607,0.5464484,ENST00000560400.1,-204,GTATTTTTAATAGAGATGGGGTTTCACCATGTTGGTTAGGCTGGTCTCGAACTCCTGACCTCGTGATCCGCCCACCTCAGCCTCTCAAAGCGCTGGGATTACAGGCATGAGCCACCATGCCCAGCCCTCAAATTTACTCTTAATGCTCAGTTAATATAAAGGATTCCTAACAGTTTACAATGTGGTTTTCTTGTTTTTGTTGTTGTTTTGGTTTTTTAAGATGTGAGGTCTCACCTTATTGGCCAGGCTGGTCTCAAGCTCCTTTCCTCAAGCAATCCTCCCACCTTGGCCTCCCAAAGAGCCACCTGTCCAATGATTTATCCTGTTTCTTAAGAACTGTCTTTACCTTCTTAGACATTTTGTCATACCATTCTAGAAGTCAAATTCCAAGTGCAGTGATTTTTTTTTTCCCTAGTCCATTATAGTTAATCTTCTTGTTAGTGATCAAATACCAAAAGAGAAAAGCACAACCAGAAATTTTGGCTATTTGCTGCAAGTTGTAGGTCTTGGGCTCTATACTAAGAACTTGAAATTTTTAAATTAGTATCCCTGCCTAGGTGAAAAGTTTTTAATAAATGTGTTGAAAATCAACTTTAAATCCATTTAATTTAGACTGGAGTGGGCGTGAGAAACTGCAAGTCTATTTCTACATATAAGGATATATTATTATATTGTCCCATCCCACCACTACCTTTTTCTCAATTTCTATTTCTTTGTAGTTATTTTAGTAAAAGCCATTTGGATTCTGAGAAGCACTAATTCTTAGCTGTGATAGGTCTATGCAAGTAAGACAGAATCATTAAATGAAGCTCACTAAATGAAGTTCTCATTTCTCTCCAACAGACTGTGCTAGCAAACTTCGTTTTCTTGATTGTATTTAAATAATTTAGTATCTCACTACGATAATAGTTTTTAACTGGAAGGGTGTGATGTGTTTTTTGTTTTTTGTTCTCAGAGTTGTCTTCTGAGATAATTATTACCAAGTCATTTGTGGGGTTGTGTTTTTTTCACATCATGTGACAGAAATTATAACTCATAAGATTTAGGCATAATCTGGTTTTAAAACCTTGATTGAAACTGTTGTTTTTTAACTTAGCAGGCAGCCTAGGCCATGGCTGAAAAGAAGGGGTAAGTCCTTCATTGCATGATGATGTGTGCAGGTTTTCCTGATTTTCTAATTTTTATTTTTGAATTCACATGTGTAATTTCACATCAATAACTTGTGTTTCTGAAATATCCTAACTAACTTGTTAATAAGGAAAGAAACCAGATTTGCTTAAATCTGTTCAAGGCTGACATTCTGAAATTCTAAACTGGAAATAACTTCCCAGAGTATTTGGAAAGGTTCTAAGTACAAGGATCAGGCCTAAAATAGCTCCTTGGGAAAGAAATTTCCTTTTTGATGAGAAAACTTAAAATATTGTTTTTGGTAATGTAAGCAGTTAAAAACATGACTTTAGAAAGACAGCTTAATGCGTATTCAAGCAAACCTTTGTTTTGTTGCTTTTGCTTTTGTTTGTAGAAGAGAGAGGAAGTTATTATACCAAAAAGTAATAGTATATGTAACTTTGAGTGAGGCTACTTATATCTTAGAATGGGTATCCTTGAACTATATCTACCCCACCATGGCTTAAAAAAATCAGTGGTATATATTGAGAATGTCAGTCATGAGCTTAGTGTTTAAGTAACACATCCCACTTACAGTTGTTTGCATGATTAGTCTTGTGTATCATGATGTTCAACTTTGCTTTTGCTGTGCCAGTTCAAAAATATCTTTTTTGCTAAAAACTCTTAAAATTCATGACATAAGTTTTGTTTTGATCACCCGGTTTTATATAGTATTTCTGGGACCAAAAAATTTAAATATACCTTTTTAATATAAAACAGAAGTTTGAAGCTGGAAAGATAGTGTTTATGGAAGATTTGTGTGCTTTTGTGTTTTTTAAACCCGTCAGGCTGCTGGTAAGGCAGTTTCTAGGGCTCACTTTTCCTCCTTACCTCTTGACTAGTGTAGCATGTGGTATGTTTAAAATATTTCATTTTCTGCTTTGTAATTCTAAAGTCAACACTATACTGTATGTAGACAGGAGAGCTGATTTGTATATTTTAGTTATTTGGTCTAATCAAGCATAACTAAAGGGACTTCTTTTTTGATACTTTTCTCAAATTAAGTTTAAATATAGTATACGGGCCACATTTCATGTCTTTGAAAGTGTTGTACATTACTGTAAACCAAGTACTCTGTCTACACCAGAGGGTGCTTTAACTGCAAAATATTTGAGAAACAATTCAGTCTCTCAAACATTTTGGCACAGTTCATCACTCCAGTTTGTTACTTTCTTGAGAATAGTCCATTTTTTGTTTTTGTTATTGTACCGTATGTTCTGGTCATTGGAAACAGAACAGCTCATAGTTGGGTGATGTAATATAATAACAGTAATATAACCTAGTAGTCATTTTGCTTCAAGTAATTTAATTAGATAGCAAAATCACTGCGGTTTGTTTATTACACTTGTAGGGCTTTTTATCTTACTCAGTGACCATCACTACGAATGTCTTACATTGAAGCACAGACTGCAGAGCACTTGTTAACTTAGTCCTCCTGCATAATGCACTCGTGAAAAGTAGTGCTTGCTAGGTGTTTGAAGATTTTATGATCCGTGTGCTTGGGCTCGTTGAGTTATTTGTAAAATAAACATTTAGTTTGAGTTGATGCAGTAAGTTTTTTGGACTAGTAGTATCCAGGTCCCTACTCTACTGAAAATATAATCTTCACTATCTCCCCTTAACTCAGAGGAGATGTAGCATTTAGAACACCTTGAGACATGACATTGTAAAATAGCTTGTTTTATGTTCCTGAAGCTATCTTGTTCTCTGTTAAAGCTACTAATTGTCTCAGTGTAAGTTTTAAATAAACATATTTCTTTAAA,False
240,-724,2.1559625,-2.2073288,0.012576223,-1.0377749,0.39105448,0.8067189,4.801076,-4.4075336,0.0001001632,-1.000841,1.024643,0.8834469,-2.765613,2.7014349,0.99579406,0.5397272,ENST00000560812.5,-724,GCACAGAGCCTGCCTGTTGGTCTCTACCCACAGGGGATCCCCTGCTGCTCCACCATCAGATTTGGGACACCACCCCCCCCCCGGCCCCACCAGAGGGCATCAGCTATGCCTAGCAATTACGCCCCCGTGGCTAAATTAAACTCCCATTGGCTAAATTAGGCTCGAAGAGAGGGGCACCTGCTGCTAAGCTGTGTATGTTGTCCCCTAGGACTCCCACCGTTTGCTGAGCTCCACATGACAACAGCAGACGACAGGCCGCACTGATCCCACCTGGCTTACAGGTGCTGTCACACAGACTAGAACATTGGAGAATTTCTGGAAGATATAAAGCGGAGGAGATCAGATTCGTGGTGAAACGCAATAGAGCCAATGGCCTGCAGGGTAAAGTCTGAGTGCAGCATTCAGACTGAAGACAAAGATGCACCGGGAGCCTCCAGAGCCAACACTGGCCCAAAGAGAGAAGCAGGGGCCCGCCCAGGTGACTGCCAGGCACTGTCAGCCACACTGACAGGGAGAGCGGCCCAGATGAGAGGCCCAGGAAGGCACTCTGCCTTTGCAACGTCCTGGCCTGTCTCCATGACCACAGGTGCCCAGTGGTGCCAGGGTTGCCAGACAGTGGTGGTTTAGTTGTGTGCAAGAACTACTCTGCACAGCAAGAATGATTGGTTGAGACTGACAGA,False
241,-1400,-3.4153535,3.3535554,0.9988524,2.2130527,-2.3507214,0.010315137,-0.15063986,0.55497885,0.66943234,-5.140456,5.0229917,0.9999615,3.3006287,-3.6592557,0.0009483059,0.5359019,ENST00000466089.5,-1400,GACGGCCAGAAGTCCAGGGCTAGGAGCCTCAGCCGGCGGACGCCAGGAAACAGGAAAGTATTTTATCAGAAGAATTCGTAGAAGTAGAATCTGTTTGTCTTCAGTTAAACAAAAGAAGAACCTCATTGCTTTCCAACTGGGCCCCGGCCATTTTCCAGTTGAAACATCAAATATTTTATTTGTGTCTTTCACTGCCAATTAAAGGGCAACAGAAATGGTACAGGCTCCCTCTGCAGTGGAATTACCCTTATGTCTTTTCTGTCTATGCTGATCCACCTGATCTTGAACTGGTGCTATTCCATGGGGAAAATTGGAACATGGGGCAATTAACACTTTCTCCACTTTATCCCATCAACAGGAAATTGAAATATAACCAACTAACTCAGGAGACATCATGGAAGATGTCACACAGTGAATGATGATGAAGCAGAATTTTTAAAATGTGTAGGATTACGAGAAGTGGGGTCATTTTTCTTTGTGTATGGTATTGCTGATGCAGTTTAATGCTCCATTACTTCTAAATTTTCATCATAAGCTAGATTTTCCAGTTGTGGTTTCTATAAAGAAAAACAAACATTCTGAAGACAGTTTTTCCAGATTTATTCCAGATATCGATGATTAACTTTTGAAG,False
242,-1190,-1.7079676,1.5835814,0.9641378,-1.227778,1.3314779,0.92819285,1.5770869,-1.2944949,0.05357639,-0.13122311,0.02598235,0.53922063,0.66124916,-0.7770408,0.19181031,0.53538764,ENST00000628924.1,-1190,CTTACTTACAAAAACAGGTGGCTGGCTCAGACTGTAGTTTGCTAACCCTGAGAACTTGACAGCAAAAAGAAGAGATAAATAGTAGTTAAAACATAAAGCAGAATCAAATAAATTTTTTTTCCATATAGGTGAGATCTGATAATGTTTTTAGGTAGAAAGGAAGAAACTTGTGAAGCAGGAGAGACTAAACCTGTTTGATGTTTTTGGTTGGGGGCCAGGTTAGAGATAGGATCGGGTGTATGTGTTGTTGAATTATTCCTAAAAGGGAAGAGAGACACCAGTAATTGCAAAATCATCAAGTATTTATAGAGGTAGAGGAGAAAGAATAAATTCAGATGTGTTGAGATAGATGAGAGTACCTATGAGGATTTGTTTGATTTGGGAAAATGAAAGCAGAAGTAGGAGAAGCAGAAGTAGGAGAAATTCAGATGTGTTGAGATAGATGAGAGTACCTATGAGGATTTGTTTGATTTGGGAAAATGAAAGCAGAAGTAGGAGAGGGCAGAGGATAATTGGAAGCTTAGAATGGGGAAAGGATGTCTGTGCTGTGGGGAATACTTTCAGGCAGTTGTTACCAGTATTTTGAAGATGACAACTTGTTTAACCTCGAAACAATTTGTGGACCACCCCATGATTGTAGTTACATTTTTAGTATTCATCAATGGAGAATATGCATATTAGAAAAAAGCTACTACTCAGTTCTCTCTTAGATGACTTTGTATTTTATTAACCACAACATGGACTGCACATTTGAAAAATGTTAATACATGTATGTGAGAAATTGTCTTTATGTAATGCAATGCCCTGGGTACCCACTGAGATAACTAATTTAACAGCTTCCCAGGAGGCTGAAAGCTCATAAGTTAGAAATCATTGCGTTCTAATGAATCAACAATAAGAGAATAAAGGATTGCTTAGAAGTAGTATTCTGTCAAAATTAAAATGAACTTATAATGAACTCACTTTGAAGGATTCCATAACTTTTTATTCAGTAGTACTTGGCAGTTTTGAGCAAGATGACAGAAACAAAATGATCTAGGGTTAGGCATAACATTGTATAGAAGGCCAGAATAAACATTTAGCTTATTCTTTCTCTAAATTACCTTTTCCTGAGATCACACCCAGTTTCATTAATCACTTCTGTATTTATGGTGATCAAATTGGCATCTCATTTTCTTAACCGTTTTGTTGATTTCATGTTCCCCATTTACACCTTACTGAATATTTCCATTTGGGTATCTTACTGTTTCACATTTAACCTACTGAAAAGAAAGCTTCTTATCTTTCCTTTGAAACGAGCTCTCTGCTGATTTCTACTTGGAGTAGAGAATATACAGAGATGCTGAAGTTGATGGGAAAATGTGGATAGGTTGGGAAAAACATGAATTAGGTGTGGGATTCATTGAAGAAATTGAACAGCATCATGACTGGTAAATGATGGTGATGAGAAAGTAGAGAAAACCTACTGTTTGCTCTTACCATTTGTTTTTTAAATTTTAGCCAAATCAAGTTCTTGACTCATACACTCTTACAAATATTCAAATATATGTTCTCTATTTTGTTTCCTTAATCCAATAATGTTGTAATCCTTTTCCAATTAATAAGCAATATGTTCAATACCGATGCCCATTTAAGTGTGCTGTTACTCTCTAATCATTATTATTCCTTTCATAAATAGATCTGGGCATAGGAACCAATCAGAAACAATCGCTTCAGCAATCAAGACCATTGTTCATCATGGAGGAACCCATGGATACCTCTGAGCCTCTATCTGCATTACCATTCACTGGGCAGCAGTCTTTTGAGCCAAGTGGCAAATTTGGACAGTATCCATCGATGCAGATGAACCACATCCAGGCACTGGGGAAGTGGAGGACATAGAACAGCTCAATCAGTGTTTGATCCAACACTTCCATCTCATTAAGACAAGTTTGATTTTTCTTTGCTTTTTATTTCATGGAATACATGAGAATCTCTTAACTGTTGGAGTTTCCAAGGAGGCATACCTCATGACTTCAGTTAATGGAAAGAACAAAACTAAAATGCTGTATGGCCAAAGCCACAAAGGGAAGGATCCACAATTTACATTCTTGGAGCTATCATCTGTACTGTACTGTTGTGATCTACTGATTGGCATTGGCATAGTAGTAGGGGTCAAGTGACAGAATCCGTGCCAGCAGTCTCCAGGTTCAGAAGCAATTCAAGACCCTGATGATAGCTCTCCAGCAACCAACACATGGTGATTGTGCCAACTTGTTGCTCAGTTATAATGCAGGGCCAGTGATTGGTTTAAGTGAAGACCATGGTTGAGATCATTTGTCTTTGGTCTAATAGAATTTGAGTCTAGTAGAATTTGAGTCTCCAGGGAAAGAGCTACTTGACCAAATTAAACTAGTAGCAGGTAGAGCATGAATGACAGCATATTATACCATCAAGATGTTCTTAGAGCAGTGTATGGATGGATCGATTGTACTGCCATCAGTTGTGACTGACGTTGTATTCAAGGAGAAAGAGAAACTTGTTTAGAAAGCACTTTGAAAGTTTTTTGAGTACGGGGGTGCCCTGTATCACCCCGTTATGGTTGAACTTTCTCCTTCAAAATTACCAGACTTGGCAGCAGTGGCAAATTATTGGGCTAAAAGACTTAATCAGACATATTCTGGGTTCAAGGCTCCTAATATAATACCTGGTGCAAACATTATACTTCCACTCATTCAGATGGTTGCATCCTGCCAGGCATCCAGTGGGACTGGGAATATGGACACTTGAACATTAAACATCCTGAAGAATTTTGGAATGACAGGTTACAAGTGAACATAATCAGTTCTCTATATT,True
243,-910,0.22415489,-0.15903848,0.40535688,-2.798963,2.5356302,0.99520123,1.3193406,-1.3241702,0.0663901,0.08158004,0.077026814,0.49886164,-0.43099606,0.4545068,0.70796126,0.5347542,ENST00000429456.1,-910,TAGAAAATAACCTATATGTGGTGGTCCATTTTCAGTTCTAAGTGCCTTCATATAGGTTTAAGCAGGCTATGTGGAAATAGAGAAATAAAGAAGCAGAAATGTACTGAGTCACCACCCTGCCCTCCTTCCTGCTTTCCCTTTCACCCAGCGGCCACGTGCCTATCAGTAGGAGCCCCCTCAACTACCCTCTCCTCACCCCACCAAAGAATTTAGTTTAGGCTAGCTTGCAACATAAATAATTATACCCTTTCTTATCAGCTACGTGCAGCCACCAGGGCCATAGTCAAATGTTTGAAGAGTCCTGAGACAGTTGCAATGCATGGTGGGCTGCAATAAAATGCAGCAGAAAGATCCTAAAGAACAGACTTGAAATCTTAATCCAACGACCAATAGGTGATGTCCAGGAAGATCGTAACCCCATTTACTCAGTCAATGAGGAACTGGGGGAGGGACCTGCGCACTAGGGGATAAATTGCTTGTTGAAACTCTGCTGGGGGTGGCTGCATGCCAGCCAGACACCCAGTCTTGCAAGACTGTCATTGAAAATCTCCGTTTTGCTGTTCTCCGGGTCTCTGCGTCCAGTCTTTGTGTTTGGACGGACCTGCCGGGCCATCTTTCTGCAAGAAGATAAAGGAAGACCAGGAGTGCCTGCCGAACTCCTATGGAGGAAGTCTAGGAGAGGAAGGGGTAGGACCAAGGGCACTGCTGTGGGCTGAAGGGAGGAAGATGGTGTCTGCAAACCAGGAAGCAGCCTTGCCAGACACAGGATTGGCCACAACCTTGACCCCAGACTTCCAGCCTCCAGAACTGAAGGACTGAGTTCATTTTCAGCGTGTCTGGCTTTTCCATTTCTGTGGCCTGGGAAGGAATTTCCCTGCACAGGCTCTCTTGCCTGCCACCATGTAAGACCTGCCTCTGCTCCTCCTTCACCTTCCGCCATGATTGTGAGGCCACCCCAGCCATGTGGAACTGTCAAGAGGCTGGGAGGTGCCCTCTGCCTTTCAAGATCAGAGAGTAGCTGATCCCCCTCCTGCCGTCATTTATGGACTGAATAACCACAGAGAGTGTGAGGCCGGCGGAAACTTGGCAGTGCCTGTTTGTCATTGTCAGTTTCAAATACTTTTTAATTTTGAATAGTTGTAGATTTTCAGAAGGGTTATGAAGATTGTGCAGGCAGTTTCTGCAAGCTGCTGCTAATTTCCCTCAGCTTCCACGTCTTCGCTGCCATGGTCCACCTGCAGCAGCCAAGAAAGCCGCGTTGCATCGCCACGAGCTAAACTCCAGCCTTCGGATTTCAGAGCTTCCATCCATGTCCTCTCTCTGCTGTGACCCCACCTGGGGTGCCACGTCGTGTCTGATCCTCCTGTGTCCTCGGCTTCTCTGGTCTGTGACATTTCTGTCTCTCCTTTGCCATGACCCTGGCAGTGTGGAGGAGACTGTTGGGCACCCTGTGGATGCCCCTCAGTCTGGGTTCATCTGTCCTTTTCCTCATGGTTAGCCTGAGGTGGTGGGCTTCCGCAAATAATACCAAGGAGGTGAAATGTTCTTCCCCTCACGGCCTCTCAGGGGCATAGAACATCCTCTTGACTTCACAGGTGGCGTTAACCCGATCGCTTGTGTGAAAATAACGCATCGGGAGGCACTAGGCTGAGGGCTTCAGTACCTCAGAAGCAAACCCAGTTCCTGCACACAGAAACCCCATTCAGGGTAAGGGGTCCTGTCCTAGGAAAGAAAATTCAAGTTTAAACAGAAACTGCCAGCTAACCTCAAAGCAGAGGCCGTGTGACTGCTGTTTCACTTCAATCCATCCTTTTTCTGTTCTTCCTTCCAAGAACACTGATGAAGGTTTTCCTTGTGCTCCTTGGTAGAGCCCAAACTGCTGTAGTTCAGTGCTGCCCAGCTCATGGATTCCTGTCTCCTCAAATAACTCTTTACACTTTCACGTGCCTACGTTTATCTTCTAACACTTGGATCAGGTGGCGTCCGCCAGGTGTCTTCGCTGTAAAGTCACTGTCTTCCCTTCCACCGCTCCACTCTTTGGGATGAGTCACGAAGCCTGTGCTACCTTCAGGGGAGGGCTGGGGAAGAGTTAAACTCCATCTCCTGGAGGGGCTGCTACATATGATCATATGATGTTATTTGGAGTAAGAAAGATTTGCCTCTTCTCCAC,False
244,-441,-2.0861943,1.9233465,0.9821815,-0.45855677,0.10155484,0.63647836,1.6445451,-1.1162406,0.059480406,-2.5047114,2.4812229,0.99321294,5.1873536,-5.6216516,2.0216206e-05,0.5342747,ENST00000424516.1,-441,AAAGGAACAACTCCATGTTTTCTAAAAGGCCTAGAGAACATATATCGGGTGCCTCTCCTCTTTCCCTTTGTGTTCGTCATTTTGGCGAATTACTGGAAGATGGCGGTTCCGGCCGAAAGGGCAAGATGCATATTGGATATCTAAATAGAGATATCAAGAAATGAAGATATGCATTTCCAGTTCCAGAGAGAAATTCACACTGGAAATATAAATTTAGGAATTTTAAAGTTAGTGGTCACATTTAAAGCTGCAGAATACAAAGAGATCACCTGTGTGAGAGAACTGAGTCCTGAAACATACCCGTGTTTAAAGATCTGGGAGGTGCAGAGGAATTATCAAAGGAGGCTGAGAAGGAGCAGCCAGTGAGATAAGCAAAAAGAAAAGCAAGAGATATGGAACTGAACTTCCCTTTGGCAAAAAATTTAGAAAATGATAATGAGGCCTTGGAGATACAACAATGGTACAAGAGAACATATTCACGACCACAAGAAGCTGACAGACTAGGTATACTGAGGAAATAAAATTAAGACAGACTGAAGCCAAATCAGGGGAATCTTCAGGCTTGCTCCAGGAAATCATAGGATCAATTATTGGACCATCTACTACTCTGCCTTTCCATCCCCATGAAACACTGAGATGATTTATATGAATGAAATTGCTGGTGATTTTCCAGGTCCAACATGAGTTAGTTAGTAAATCTTACGCACCAT,False
245,-1052,-1.5070181,1.382549,0.94732827,2.66222,-2.8360639,0.0040771,-3.6232064,3.8139348,0.99941134,0.6933346,-0.62737656,0.2107,-0.05312407,-0.0840407,0.49227148,0.5307576,ENST00000508015.1,-1052,TTTGTTAGTTGACGATGCAATCAGCATGCTGATTAAGGTTGCTTGGTTTTTTACTAAACATTAACTGAATGAAAACGGGTAGTCCTTGTTCTGCTTGGGGGGCTTTAAGGAAGCAAATGGACTTTCAGAACAGAGATTGTCAATAAAGATCCAATGTGATAATTTATGTGAAATCTTTCTGCAAACTATACAGTATGATAAAAATATAAGGTAGTTTCACTGGAAACAACAGAAGACTAGAAGCTGATGTGACGTGGCAATATCAACCAGGAGTGGGTGGACATTTGGCATCCAGGATGTGGTTCCAAGCTTGAGCCATGGGATGGTTTTTATCTATCTTCATCAGAAGGGAGTATGCTAAAGAACACATATGAGATTACTGTGTGTCTGACACACAGTAGGCCCTTAATATTAGTTTGCTGAATGCACAAAGGGAGGGAACTTCACCAAACTGAAGATCATTTCTCAGGAGTAACTTTAATAACAAGCTGAGGCACAAAATCCCACTAAAGTTTACCAGCTACCTATTTAGAATGGCTGAATTTTAACAGATGTTGACTGACTCTCTTAGGAAC,False
246,-969,3.0217142,-3.0337646,0.0023394926,-1.7673801,1.5609103,0.9653867,-0.29733682,0.38242847,0.66368634,-2.5865386,2.4316247,0.9934268,5.9904313,-6.0837564,5.704849e-06,0.524969,ENST00000432743.1,-969,AGGAAGTCATTAAAGAAGCAACCCATGGCAAAACTAGTTATTTTCTTAAAACAGTAGGAAGAAGAAAAGCTTTTTGAATGAATCACTTCTCATCTTCTCCGAAGTTGGAAGCATCAAGAATCTAAATAAGCATTTATGATGGCTGGCATGAATATTTCTCTCCTTCATCGTGCCTATTTTATGAACTTGAACAAGGAAGTTGCCACAACATCTGTGGGCCAGAGAACTATGCCAGAATGTTATTTCCAGATTGCTTCCTGTATTTACAAAGGTATAAATCTTTGATTTCTATATATTCTTCTCACACCCTTCTCTGCGAACACACCTATCTTCCCCATTTTTTAACTGGCTAAGTTCTATCTGCCTATCATGAAAAGCAAAGCCACCTATAACAAATTCCTTAGATTTAAGTAACTCTTTTTTAAATTCCGGTGTATTTTTTGTGCCTTCTATTGGTTAGATTTTGTTAAAATAATGCTGCATAACAAACCTTTCCAATAATAATTTGATACAATAATTTATTACTGTTTATGTACCTCCAGGTTGCCAGGGCGTCCACTGGTCTAAATAGCACTCATCTTCCTACTGCAGGTCTATAGGTCCACTGATACGGCTTTGCTACTCTACCCC,False
247,-231,0.51907754,-0.55208236,0.25518256,0.850469,-1.0130347,0.1342952,-1.5370692,1.632875,0.9596875,-0.665063,0.7662643,0.80710804,-0.03500831,-0.20813257,0.45682675,0.52262,ENST00000577000.1,-231,CACTTGAGCCCAGGAGTCTGAGACCAGCCTGGCCAACATGGCAAAACCCTGTCGCTACAAAAAATACAAGAATTAGCCATGTGCACCTGTGGTCCCAGGTGCCTCCTCTGCTCCTTTGGGAAAGCCCCACCTGTCTTGAGGTCCCCCACACCTGTGCTTCCCAGCACCTCGGAGACCCCAGAACCACTGAACAAAGAACACTGGGGTCCTGGGCTGCCACATGGAGGACCCCAGGGTGGCAGGCTCACAACAGCACAGGTGTCCTCCTACAGCTCCCAGGGCCGGGAGCCTGAAACCAAGGTGTCCACAGGGCCCTGCTGCCCCCAGAGGCTCTGGGCAGAGCCCTTCCGCCTTTCCAGCTCCCCCTGGTTCCCGTGCTCCTCGGCCTGTGGCCCCATCACTCTGGCCTCTGCCTTCATCTCATGCCGAGATCCCTGAAGCGGGCCCAGCTCCGTTCACTG,False
248,-1228,1.6064866,-1.839839,0.030878628,-0.8944169,0.62237537,0.8200656,3.9677064,-3.7982109,0.00042376094,-0.7331681,0.54918516,0.7828501,-1.7952541,1.5985456,0.9675102,0.5203457,ENST00000457853.1,-1228,AGAGGTGGTTGGGTCCTGAGAGCTCTGCCCTTATGAATGGATTAGTATCATTATTGCAGGAGTGGCTTCATGATGGAGAGAGTGGATTTGTCATGAAAGTGAGTTCGGCCATTCCTTGCTGTCTCACGTGCCACCTCTTGCCATGGGATGCCCTCGCCATGGGATGACAGCAAGAAGGCCCTTGCTTGAGTGAGCCCCTCCATCTTCGGCTCTCCGGCCTCCAGGACTGTTAGAAATACATCTCTGTTCTTTGTAAATTACCCAGGCTGTAGTACTCTGTTATAGCAACACAAAACAGACTAAGACACTACTATGTAGATGAAGAAACAGGCCCAAGAGGTGAGGAGTGTTGTCCAGGTCTTCTGGCCAGAGGAGCGGCAGAGATGGGATTTCAACCCTGGGACTGTGTGGCTTGTGACCACTCCTAGCTTCAGCCCTGCCCGGTGCTGAGGGGTTTGGGGCCAGAACGATGGCCAGATGTTTGGGCACACTGGGCCCTACCCACCTGGAAAGAGGCTGGCCTGGGGTTGAATGAGAACCAGAAGTGACTCAGGCTAGGACCCCTCTGCACCCTCCCTCAGGCCGTGGGTAATTACCTGCCCAGGTTAATAGCGCCCACTTCCCGCCACCTTTCATCAAGGCTCCTGGAGCTGCCAGGCAGTAATTAACCCTCACAGCACCCTTCTGAAGTCAGCACTGGAGGCAGACGTGTGATGAAACACGTTTATTACAGGAAGCACCAGTTAGCCCAGATGCTTCTCATCTTTGGAGTTGAGCTGCAGGCTGGAGACCTGGAAGGCCCTCGCAGCGCCTGCTCCCATCCTCTCACCTCACGAAAGCGCAGGAATGTGGGTTTGGAGCCAATGAAAAGTACTGGAATCTGGCTCTGCTCTGTGACCCTGGACAAGTCACTGCCCCTCTCTGGGCTTCAGTTTCCTCCTTG,False
249,-1040,-0.45017362,0.2597918,0.6703935,2.1593938,-2.3674304,0.010699257,-1.0509578,1.4324284,0.9229689,-2.4881403,2.367448,0.9922754,2.6824613,-2.8557847,0.0039180084,0.520051,ENST00000504280.1,-1040,AGGCAACAGATGACTTTCTGCAAAGGCACTGATAATAGCTATGAGGAATAAATATTGCAGATGGATTAAATCAAAGAATCAAATTTCAAAGCCAAATTAGTCGTGAAAAGGAGGGAGAAGCAGAAATGAAGAAAAAAGAACCACAGAAGTAAAATCAGCAGCATTGAAAAGAAAATCATCTGCTGTTTGAATAAAGACCCAAGATCTTTCATTGTTGGATCCCCAAAGCCAGTGCCTTTTTTGAGCAGCAAGTCCCAAGATCAAGAAATCAGAAGGAACTAATACTTTAACTAATTAGTAGTAATGAAAATTTACTAGACATCAATGACAAATTTACAAGGCAAATTTATTTCCAAAGTACATTCATATATATCACAGGATCACTTCACTGAGGAACTGAACACGAGCATTTAACTTGTGTGACTAGTTATGGCCTGGTCTGGATTTCCTTCTGGTTCTCAAGATGTCTTACATGAAAAAAGCTCTGTGGCACATTACATTTGGGAGCTGCTGATTAAAGACATATAAGCTCTTTTGCTGACCATTTTTCCAGAACCTTGACTGGAATGTTAATATCCATTGTAAATCTCTAAGTGGGTACCAGTGTTCTGCAAAGCACTCTGGGAAATGTTTCCCTTTCCTTTATCTTTTTTAGCCAGTCCCAATGTATTATAACTTGAGTGAAACAGAGCTGTCCTATACGCCACTCTCAGCATACTGAGACATCCAAAGGAAATCCAAGTCTGGCTGAAAAAATCACCCACCTTGAAAAACAACGTATGTTGATCAAGACAGATGCCTCTTGGAGAG,False
250,-1316,4.6912994,-4.527778,9.91202e-05,-1.8689581,1.8583196,0.97650695,7.9339375,-7.4278,2.130501e-07,-6.0759754,5.829123,0.9999932,-0.35269296,0.13707536,0.6200518,0.51933026,ENST00000555866.5,-1316,GCGCGCTTGTCGTGTTGGTCTCTTGGGAGGTAGCGGGGCTAGGCCGGGCGGGTATCCGCCTCTCCCAGCTTAGATTCATTGATTCCAGGTAAATCAGAGGAACAAGCAACATGAACAGAAATATGTAGAAAAAGCTATTATGCAGAAGCATAATTGTTGTTTCAGAAGTCCAGCATCTGGTGCACTTAACAATAGAGAATATATTAAACTCTTTCCAAAAT,False
251,-1067,0.16468596,-0.18537539,0.41336754,-0.80423605,0.6432129,0.80960554,0.49282554,-0.12964344,0.34922013,1.7207781,-1.8362226,0.027733183,-2.553267,2.7009683,0.9948019,0.5189457,ENST00000460889.5,-1067,AGATTCTCCCCAGACGCCAAGGTTGCGGGTCATGGAGTCCCGAACCCTCCTCCTGCTGTTCTCGGGAGCCGTGGCCCTGATCCAGACCTGGGCAGATTACAATTACAATCAAGGCAGAAATGATCTCATTTTTACATTACAACTCTGGAAAAGGCAATAGACTGAGATGCAAGTGTGCCCCCAAGTGATGGGCAGAAGGAGAGAAGGTGTTTTGGATGCATTCTAGAACACAGGAATGGTCCTGCTTTGGTGTCCCTGGTGTGACCCATCACCCGCTGGGAACAGCCTGAGAGAAGTAGGGCCTCTGCACCAATGCTGCTGAGGATGTCAGAGCACAGGAACGAGGCCTTGGGAAATTACCTGGAAATGCGACTGAAATCTTCCTTCCTGAGGGGTCTGGGCTCTTGGAAATCAAACCCTCTCAGGTTGGGTGGCTGGACGATTCTCCTCACACTTACAATGGGA,False
252,-68,1.6477671,-1.7699871,0.031745188,-1.1432391,0.75896585,0.8701409,0.5148084,-0.024234593,0.36841023,-0.4630672,0.40780327,0.70492685,-0.30302358,0.14016312,0.6090181,0.51684827,ENST00000420424.1,-68,GCTGATGATACCACCACCAAGAAATCATCACCATTAATATTTTGGCTTTTTTGTTTTCAGATTTTTTCCATTATGAAATTGTTGATATTTGATCCTTTTGACCTATAAAAATGTTAATATCATATAGCTTACTCGAACATATCCAAATAATGTCATATATATTATTTTATGTACCAAAAAGCATACTAAACAGATTGTTTTATAGCTTACTTTTCTCATTTTTAACATTATAATTTAAGCATTTGTTCATAATATTAAAACTTTTTGAAAACATTATTATGAATGACTATTTCAATATGTGGATGTACCACAACTTACCTAATGATTTACCTACTGGTAATCATTGAGTTGGACTGGTTGGACATGAGTTGTTTCTAATTTGTCGCTATTACAAATAATGCTCTGATAAATATGTATAATTAATTTGTGTTTCAGATTATTTTTATTTCTAGAAATGAGATTCTTGGTTATAGGCTAAATATATTTTCTTGTTTTTTTTTTTTTTGTTCATTTGTTTGTTTGAGATGGAGTCTCTCTGTCACCCAGACTGGAATGCAGTGGCATGATCTTGGTTCACTGAAACCTCTGCCTTTCTGGTTCAAGCAATTCTCATGTTTCAGCCTCCCAGGCAACGTGTTGGACCTTCCGGAGCTTCTCAGAAGACAGAGGGTTTTCTTTTGAGGTAAATTTGATAGTACATTTTGATAGTACAGGAGGCGATACGGCATGGTGACAGAAAAGCGCCGGCTTGGTTAGCGGGACCACCTGGCAGGGCTGCAGGCTGTGCCACTTACCAGGCAGGGGACCTTGGGCCAGCTGCTTGGCCTCACTCACCCTGTTTCCTCAGCTGCAATTGGGATGAACAGACTGCCTGCTTCGGGGTTGCCTAAAACTCACATTGCTTAATGATGTGAAATGCTTAGCGCAGTGCCTGGCATAGAGAGAATTCTCATTAGATGATACCTCAGCTGGGCTTTAGGAGCTACAGAAGAAGCTGCATCTCCATGAGCTCAGCGTGTTTCTAGCTTTCCTTTTTGTTTTCTATTCAACCTTTCACCCAACTCAGCTTCTCAATCCCTAAATGACAAAGGTTTGGGAAGGAAGACTTGGACCGATGCTTGCATTTGTTTCTGAGAATTAAACGTTATGTTTTCTTCAATCCAAATAGGTTTGCTTGTACAGCCTTGTTCAATGGTTTTTTTTTTTTTTTTCTCCATGATAAATGACTCTCAACTTCTTTTCCCTCATTTAATTGCTTATCTACATACAATGCCTGGAAGGAAATAAATGTAATGGCCCGTAGCAGTTGGCCTTCAGATATCAAGTTTAAGTCCCTTTAAGCAGAACAGCAAATTGAGCACAGAATGAACTGGTTTCATGGTAGCGTACTGCAATTAGATGCAAGAATAGGGAAAGCAGGGTGCTTCAATTGGTGACACAATTAGTATAGCACTGGGGGACTTCTCTTTCCACTTCTTCAACTCCGCCTGCATTCCGCTGGCTGAAGAGTTGATGACATCCCTGAAAAATCTTCCCTCTCTTGTTTCTCTGATGCCACCTCTGTGTTCTCCGCCTCACTGGCCACACTTCCTTTACCTCCCAAACTTTTAACTCTGAGTGTCCCAAACTTGTCTCATCACCTACCCCTGCTGCCCAGCTCCCCAGCCTGTTCCCCTTCTGACACGGGCACTCTCCTTCTGCTGTCTTGGGAGAGAAACAATGAAGGCCTAGTTGGCACTTTTATTTCTATTCAAGGAACCAGACTGTGAACAAGTTTACCATTTAGTCCTTTGGACTGTGTCTTGAATTCATCCCTCTTCTCCATTCTCACCAGCACCATCATCATGATGGCTAATATTTCCTGAGCACCTTTCATCCAGGCATGATGCCAGGTGCACCAACTTACTTAATCCTCATAGCCACCACCTGAGCAAGCTCCTGTTTTATAAATGGACCAGTTCTTGTTGCTATTGTACAAGTTATTTTCTTTCTATAACGTCCTCCTTGTCCTCCTTCCACATTCTTAAAGAAACTTGCCCTTCCTTTAAAGTACTCAGGGAGCCCTGCATTGCTTCTTGAAGCCTTCTCCAGCTTCATCATCTCACAGTGGTCTCTCTTTTCACTAAATGTCCAATATGCTGCACATAAGTACCCCAAAGTTAGCACAGAATTGTTCCATGGCTGTCATATATGTTAAAAATCATTAAAAGTTCATTTTTTCTCTCA,False
253,-1188,-1.3741318,1.2492497,0.9323513,-1.5856547,1.6783457,0.9631729,1.4525403,-1.1482843,0.06908537,0.06032881,-0.18016914,0.44016364,0.7141881,-0.8445373,0.17382962,0.51572055,ENST00000631093.1,-1188,AAGTGCCTTCTCTCCTCCCGGGTCTGCGCGGACGCGGCCTCCTTACCTCATTTGTCCTCGCCCCTCCCCGTCCCTCTACGCGTTTTGGTCCCTGTTTGGTGCTTTCTGTTTGCAGCTACGGCAGTGAATCTGGGCATAGGAACCAATCAGAAACAATCGCTTCAGCAATCAAGACCATTGTTCATCATGGAGGAACCCATGGATACCTCTGAGCCTCTATCTGCATTACCATTCACTGGGCAGCAGTCTTTTGAGCCAAGTGGCAAATTTGGACAGTATCCATCGATGCAGATGAACCACATCCAGGCACTGGGGAAGTGGAGGACATAGAACAGCTCAATCAGTGTTTGATCCAACACTTCCATCTCATTAAGACAAGTTTGATTTTTCTTTGCTTTTTATTTCATGGAATACATGAGAATCTCTTAACTGTTGGAGTTTCCAAGGAGGCATACCTCATGACTTCAGTTAATGGAAAGAACAAAACTAAAATGCTGTATGGCCAAAGCCACAAAGGGAAGGATCCACAATTTACATTCTTGGAGCTATCATCTGTACTGTACTGTTGTGATCTACTGATTGGCATTGGCATAGTAGTAGGGGTCAAGTGACAGAATCCGTGCCAGCAGTCTCCAG,False
254,-139,-0.049113095,0.04976535,0.5246995,-0.26353014,0.20370731,0.6147297,0.62657154,-0.37095308,0.2694284,0.68548,-0.7727809,0.18873346,-1.872667,1.7535481,0.9740734,0.5143329,ENST00000554036.1,-139,AGCTGGCCATCCGCACCGAATTCCAAGCCCGGGCACAGAGGCCTAGCAGCCCCGCCTTGTGCATGGATCAGACCAGCAAAATTCCTTCTCCAAGAAAGTCTGGGTCTATGTGTGTGACAGCCCACAGGAGGGCAAATGTTTTGAGACTGCCCATGGAGGTGAGGCCTGTGGTCGCCATGGAGTCCACCAGGTGAGGCTGGAAGAGCCTGGGAGAGAGACGTGATAGGGAGTAGCTGCGCCAGGCCTGGCACTGCCCTTCACTCTGCCCAAGGTCTCTTCCATCTTCACGGGCCCTGGAGGGCAGACTATGGTCATTGGCCAAACAGCATTCTCATGTCCGTTGACAAAGGGACTTCCTCCTTTACAGGGGCTAAGTGGTAGCGAGGAGGCTGGACAGTCCCTCAAGCAGTGGTGGAAATGCAAAGAACTCGGGGCACTCAAGTTCTCCCTAACCACTCTGTCCCCAGGTCTTAGCCGCCATCTTAGTTCAATAAATATTTGTTGAATGC,False
255,-788,-0.859648,0.7759685,0.8369376,3.6269712,-3.8417091,0.0005703554,-2.7495267,3.0812767,0.9970728,-0.55948675,0.46016854,0.7349055,3.2039866,-3.222212,0.0016159759,0.5142204,ENST00000596705.5,-788,CTTTGTCTCTTGCTCCAGCCAGAGCTCGAGGTTAGCTCTTCACTGCCCTGTGTCTTCTTTCCAAGGGTCTCGGTGATTCGGCCACAGCCTCAGCCTCCATCACGCGGTGAACTGATGGTGCTGGAAGATTCATAGACTCCAGGACATTCCTGAAGCCGAGAAAAGGTTAAGTAGGGTCTGGCCTGGAATACTCTCCTAGATGAAGATAGCCCAACCATGAGCCACCTTCGAAGCAGATGAGATGAAATTAAAGCTCTTCAACTCCTAAAGGCCCAGAGACTATCACAAAAGAGGTCAGAAATCCTGAAGGTCACTTTCTGACAAACTCAGGAACCCCAGGTTTATCTTGGAGCCTCAAGAGGAGATAAATTCACCCAACTCAGTAAAATACGGATGCCAAGCCGAGGCTGGACTGTGCTGCCGCCATCTCGGCTCACTGCAACATCCCTGCCTGATTCTCCTGCCTCAGCCTGCCGAGTGCCTGGGATTGCAGGCGCATGCCGCCACGCCTGACTGGTTTTTGTATTTTTTGGTGGAGACGGGGTTTCGCCATGTTGGCCAGGCTG,False
256,-70,1.2268714,-1.0895593,0.0897713,-0.83315814,0.66574967,0.81741154,1.3449166,-1.1886728,0.07353673,-1.4694928,1.4481143,0.94871,-0.20561612,0.34274024,0.6337542,0.5126368,ENST00000562983.1,-70,CTTTTCTCTAACTGATGCTAAATATAACTTGTCTTTAATGCTTCTTGGATCCCTTAGAAGGTACTTCCTTTTTAACCTTAACCCTTTTAGTAGTTAAATAATTATTTCCATAGGTTGCTATTGCCAAGAAGACCTCTTCCAAACAGCACATGATTATTCGTCAAACAGTTTCGTATTCCAGATACTGGAATGTGGATAAGAAAGTATACATTTCAAGGGGTAGGTTTTATTATTAAGAAAGCCAAATGAGGATTTTGAAATATTCTTTCCTGCATATTATCCATTCTAGCTACATGCTGGCCAGTGGGCCACCTTTCTTTTCTGCAATTTAATGCTAGTAATATATTCTATTTAACCCATGAGTCCCAAAGTATTAGCATTTCAACATGTAAGCATGTCGGTAAGATAGTTGTGCTTTGCTTAGGGTTCCCTCCTGTGTTATGGTCTGGAAAGTGTCTTTAGGCAGAAAGTCTGAGTGATCACAGGGTTCACTCATTAATTTCTCTTTTCTGAGCCATCATAGTCTGTGCTGTCTGCTCTCCAGTTTTCTATTTCTAGACAGAAGTAGGGCAAGTTAGGTACTAGTTATTCTTCATGGCCAGAAGTGCAAGTTCTACTTTGCAAGACAAGATTAAGTTAGAGAACACCCTATTCCACTTTGGTGAACTCAGAGCAAGAACTTTGAGTTCCTTTGGGAGGAAGACAGTGGAGAAGTCTTTGTACTTGGTGATGTGGTTTTTTTCCTCATGGCTTCACCTAGTGGCCCCAAGCATGACTTCTCCCATGTCAATGAGCACAGCCACATTCCCGAGTTGAGGTGACCCCACGGTCCAGAATCATCCTCATTCTGGTGAACCTGGTTCTCTTTGTGGTGGGCATACTGGGTAGGAGAATCACCCAAAGGTCACCCATGAGCTGCAGAAAAAAAGGCTATTTGCAGAAGGAGCTCACAGATCACATTGAAAGCATTGCATATTCAAACATCTTGGTCTTCTTTATTGGCATGCCCACAGGGTCTTCTGACCTCTGATTAGATCAGACACTTTTTAGATATTGAATCATCAGTTTCTGTACAACTATCTGAATAAGGTATATAATCAATGAAATTTAGAATTTTTTTCTATGCTTACTCCTGATTGGTAATTTGTTTGGGTTTAGAATTCTATACAAGGCCATTTGTAATTTTCCTCAGCACTTTAAAAATATTAAACCATGTTTTCTTAA,False
257,-625,3.5786736,-3.4380054,0.0008959954,6.5281887,-6.7365613,1.7345695e-06,-0.24678048,0.6906302,0.7185763,-2.5946229,2.6016548,0.99449337,-0.90069664,0.82283133,0.8485827,0.51251,ENST00000501541.1,-625,AGAGCTGCTTGCTTAAAAGACTCTGGCCTCCCTCTTGCTCCCTCTCTGGCCATGTGACATGCCTGCTCCCCCTCCACCTTCCACCATGAGTGGAAGCTTCTCAAGGCCTCACCAGAAGAAGATGTTGGTGCCATGCTTGTATAGCCTGCAGAACTAGATAGGATTTCACCATGTTGCCCAGGCTGGTCTCGAACTCCTGGGCTCAAGCGATCTGCCCACCTAGGCCTCCCAAAGTACTGGGATTACAGGCGTGAACCACTGCCCGGCTGAGAAGGAGGTTCTTCCGCGAGAGAAGGCTATGCAGAGGGGAGGATCTCAGGCCTGAAGGGTCTAGAAGCCCACTGGAAGGTCTTCCAGACACTTGGGACATCTAGCTCCTGAAGAGTAGAAAGAGGAGCTGCTGCCGAAGAGGTAAGACAGAGAGAGGGGCACAGGATGTGGAGTCCGCCCCTCTGTCCTCAGGGAGTTTCTTTGGAGAGAGAAGAGAATGAGGCTGGGCTCAGAGGAAGTTCCTCCCACTCCGTGGAGCTCAAACTAGTCCAGTGGTGGCAGCTGCCCTGGCTGGAATAAAGCATCGACCCACAGTGGCCTCACATCTCTGAGGCCTTTGCAGGTTAAGAGTCTCCTGCCATGATACCCCACCACAGTGGAACCCGTTGTTGGGCCAGCGTGTTCTCAGGGACTGGGACACGGGCCAAATACTACAGCCACCAAGGCCATAGCCTGTGCTCTCTCTGAGCCGAGGGAAGAACACCCTCTCCGGCCCTGTAGTTCCATTTTTGTTTCTTTGTTTCGTTTCCTCTGCTGTCTTCTCCAGAGCTCTGCGCTGCAGCTGAGAGACTGGGTATCTCCTAGAGATTCCTGACCCCCACGCACCAGCCCCACCACCAGAGGGCGCCCGAGCACAGAGACGCCGCAACCGGAGCAGGAGCCCTAAACCTGTCAGGGTGGGTCAGCCCTGGAGTAATCCTGGAGGGAGGGTCTGGGAGAGGGCCCCAGTGTGGGGACCTGCCCGGCTCAACCAAATGTAGTTTGTTACCTTGGTGGCCATCTGCAGCCAGGTGGCCCTGCCACACTGCTAAACCAGAGGATTTAGGAAGCAGACAGGGATTCGGGAAGTGGCTGAAGAGCACTGGAAAGACAAACTCCTGCGGTGCAAGAGTCCTGGACCAGGAGTGCGGAGAACTGGGGGCGCTCCTCTCCCTGTTACCCTAGGCTTGTTTTCTCATATGTAAACAAAGGCAGGGGCGGGGAGAAGGGAAGGACTCGATGGTACCCAGGTGCCCTTCAGGCTCTAACCAAAGACATGCCCCACCCTCCTGGAGGAACCCTGCGGAGCGCAGAGAACGGCTGGAGACATAGCGGCCGCGGTTTTCCCCGCAGCGCAGGAGCGCCAGGCACTGCGCTGGGTCAACTGCGGTCAGGGAGTCACCTGCCCGCGACAGCGAGCGCGCACCCACACTCTCGACCAACCCAGGCTGGCCTCCAGCCCACTCTCGGGTCCCAACGCCCAAACATCTCGCATTGCTGGCTCCGACATCTCCCCACCCGCCGCCAGGAATCAGCGCAGAGGGAGATGCGTCTTCTGTGGCGGGTGCGGGGCGAGGACCCTGACCCCAGCTCTGGGAAGTGAACTGTACGGAGGAGAGAGCTCTCCATCGTCAGCTCTGCCTCCGCCCCTCCTGCGGCTTCACTTCAGCCCGGATGCCGGCGATGGGGAATAGACCAGGGACGCAGGAGCACACTGGACCGGGGGTGGATCCACTTGGGGAGGCAGGCAACCGACCCGCGCACCGGTGGCGCAACCTCGTTCCGGTGACCGAAGCTTGTGGAGGTAGCTCCACTCCCGGCTCCCTGGTCCGACATCCCCCTGCCACCTCCTCCCCCACCTCCCCGAGTCTTGGGAGCCTGGACCCCGAAGGTGCAAAAAGTCAAGAGCCTGGAAAACTGCACTGTGCAAATATATTGACTTTATTTGTCTCCTTTCAGGAGCCTCACAGACATATCCAGGTAAAAAGATCGTTAAATAAATGCCTTCAGCCATC,False
258,-1359,-0.9586227,0.8738479,0.8620558,0.48188365,-0.57786596,0.2573573,4.1797347,-4.142928,0.00024288917,-2.0181859,2.1030002,0.9840338,0.09298527,-0.07245666,0.45873356,0.51248467,ENST00000417721.5,-1359,CGGGGGCCCAGGGTGGAGAGCACGAGGGCCTGGCCCAGGCACGGCCGGCGCCTCCGCCCTCGAGGAGGGCGTCACCTCAGCTCCCCCCGGCGGCGGAGCCGGCGGGCTCAGGCGGGCGCGGCTGAGGGGAGCGGACCGCGGGGGGCGGGAGATGACTGCGCCCAAGGCCTTTGCGGGCCTCAGCCGGCCCCAGAGGAAGGGGAACCCGTCGAGCGGTTTGGTGCGTGTGAAGCGCGACATGGCGAGGAAGCGGACAAGCCCGGGTGGCCCGGCGTGTAGAGGGAAGGGGGCGGGGCTAGACGCGGCCTGGACAACTACTAGAGCGCCTCGGGCTGTGCTGCTCGAGACTACATTTCCCAGAGCGACGCGCGCGGAGCGGGCGGGAAAGAGAGCGTTTCGGGTCCAGTGCGCAGGTGCGAAAGCCATCTTTGGTTATATAAGGGAGGTTCAGGAAGCCATTCGTTCTTTCGCGTCTGCGGTGCCCGGAGTGTGGTACTTCTCCTAGTTGCAGTCAGGCTTCATACGCTATTGTCCTGCCCGTTAGAGCAGCCAGCGGGTACAGAATGGATTTTGGAAGAGGGAGTCACCACTGGACCTCCAAGGAAGCCACGTGCAGACATCTACAACCTTCGATCTCCTGACGAAAACTGGCGATGGAATATGAGAGGAGCCCTCTGGAAAGAAAAGGACAGACCCTGTGCTTTCATGAAAGTGAAGATCTGGCTGAACCAGTTCCACAAGGTTACTGTATACATAGCCTGAGTTTAAAAGGCTGTGCCCACTTCAAGAATGTCATTGTTAGACTTTGAAATTTCTAACTGCCTACCTGCATAAAGAAAATAAAATCTTTTAAATCAAAA,False
259,-696,1.6494393,-1.7874835,0.031161252,-2.6714568,2.5473356,0.99461526,-0.8735527,0.90122294,0.85505056,0.24738571,-0.16402754,0.39857325,0.40193385,-0.53834015,0.280845,0.5120491,ENST00000555968.1,-696,AGGCCAGGGAAAGAAGTCTGGAACAAAGGGAAGACAGATGACCATGATTGACTTCATTCTTTTACCTCCTGAGATGGCGATGGGATGGGGGACACACAGGAAGAAGCAGGGTCCATGAGCCTCAGCCCTTGGCTTAGGAGGAGGAGCAGTACATTTCCACCTACCTTCTCTAAGACATCTTCCCTTTGCTTAGGCTTACCTGGGGGTGGAGGTACACAGGGAAGGTCAAGCAGGTGTACCAGGGCACCTCCTGGGGAGGGGTCCAGATGGGGAGGATGCTGGACATCCCCAGAAGCCCCATCCAGGAGATCTAGCAGATCCAGGAGCTGTGAGGCCTGGCAGAAGGGACAGAAGGGGCAGGGCTGGGTATGAAGCTCAGCCCGTCTTCCTACCCCAGAGTTTCTAGCCTTCTCACCTGGGGCTCTGTGGGCACTGGGGCTGCTTCTGAAAGCTGGGCTGCTTCTTTGCTTTCCTTTGCTTCCTCATCAGCCTGAGGGCCATCTCGCTCCACAAGAGGCATTTTTTCCAGGATGGCAGCCCTGAGAGGATGGAATGCAAGTGTGCCTCTGTGTGGTCTCTGGGCCTTTCACAAGAGGCATCTAGGATGAGGACTAGGAATATGGAGCCCTGGGCACATGGTGGCTCAGAAGTACCCTTCTGATTTCCTAAAATGACATGTTGTTGCTGATTTTCAGATGAACAAGGAGGGTTGGAAGCCAGCTTAGCTTCAATTAACAGTGGGTGGGAAGCTCTCACCGTGGATATGGAAGAACACAGGGTCTCACTCTGTCGCCCAAAGCTCACTGCAGCCTTGACCTCCCAGGCTCTGATGATCCTCCTGCCTCAGCCTCCTGAGTGGCTGGGACTACAGGCACATGCCAACAAGCCCAGGTCCTGGGATGACCCGAGCAATCCTGTGCCTGCTACTCTGCTGCCCAGGACACTGAGAGAACCAGTGTTCTCTGGGAGGAAACCACTGGTCATGGTCTTACTGCTATGCCCTCTCTGATCCAGGGATACAGCAGTGAAAGGTCACCCCACCTGCAGGAAGGGGTCGCTGACTCCAGATATGCTGTGTTCTGTGGAGTATCCCATTGTCACCAGAGTCCGGAGGATGTGTACCAGCTGGGGTACCACCTGGAGGGAGGGCACAACTTTGGGCATTCGTTCTAATCCTCTCCAGCTAAAGCCCCATTCCTTCCCCACTGACCCTGTCTTCCAGGCCCAGGGCCTGCCCCTTCACCAGCCCACCTTTCGGAAGTGCCTGAGGGCTGCAGGGCTTCGTTCGCAGAGCTCCGTGATCAGCGTGATGGTGCCCAGCAGGATGCCTGGGGTCAGCGTCGGGGAAGTGAATGGTGGGGGCCAGGGGCAAGAGAGTCTATTGCGTGTGTGCCTGTGTGTGTGCACTACCCTTCTCCTGTGAGCTGGGGTTCCCATCCGATTTTCAATTCTTCTGTCCATAGACCTGAAGCAAAGGATGGGGGGCCCCACAGCCTTACCATGGTGACGCTCATGAAGCAGTTGGGCACAGGGTGGGAGGAAGACACTGGAGAGTTCAGGGACCTTCCGGATCATGTGCACTGCAGTCAGAATAGCCTGCAGAGGTCAGGGGCCTCAGACAGGGGTCAGAGGAGATGGACCCCTGCATCTACTACTATATAGCACGCAGCAGGCAGTGTGCAGGAGCACGTGCCAGGAGTCCCGCCATCTCACCTTCTTGCGCACGTAGGGACTGGGCTGCAGGAGCAGTTTCTCCACCTCTGGGGCCAGGTCTCGGCACATCTCAGCAGAGCCCATGGTGCTCAAAGTGCACAAGGCCAGGCCTTGTACTGGCTGAATCCCCTGGCTCAGGTCACTGCAGGGTTTGGGAGGACGGTCAGTCAAACCTCTGAGAAAATCAGTCCTTTTCAATACCCACAACAGGCAGTCCCCTGGGATTTCCAAGGTCCCTACTCTCCCATCTCCCTGATTCCAAGTGATTGCCAGAACCCTCTCACTTCTTGATGCTGTTGGTAATGAGCAGGTGGGCATCGTGCCTCTCATCCAATAGAAGCATGGCCCCCAGGTAGCCCACCCTCTTGTCTGTGAATCTGGAGGAGGCGATCAGTTTCAGGCACTCCATCTATAGTGAAGGGGGCAGACCAGGAAGAGGCAGGGGTGAAACCATAGACACTCACATCCCTGTTCCATCTTCCTCTTTAAAACCAGATTAACCTGTGGGGCATCATATCTCATCACTCTCCCTTCAACAAGAGGAGAAGCTTAGGAAATTCAGGCGTTAGTGGGTAGGAGGAACTAGGAGTTGAGGAGGATGGGAGCGGAGAGGAGGAGATGCCTGCCCTAAAGGAGGCTGGCCAGAGAATGAAGGGTTCAGGCCAGCTGATGACCAGTAGGGGTAGCAATGGGGAAAGAGGTTTGCAGTGCAGGCTGTGAAGACTCTGAAATTGTAGAATTTAAAAAACCAGGGCATAAACAGGTGAGAGAGTCTGGGACTCTGCCCCACTAGCCTTCATCAAGCTCAGGAGGGAGGTATTCCTGGCCAGTACCTGTCCAAAGTGGGCGGGGTAGCCCAACATGTGGACGTAGAGCAGTTTGGCCAGCTGCCGGTGCCTGTGCACTGGGTCCCCGTCGCGGAAGGAGGCCCGGATGTGGGCACACTCCTTTTGGATCACCTCCCGCTCCTGGGCCTGAGTCTTGGCCCCGCGAATCTCTTCGATGAGGTCCTGAAGCTTCAGCGAAGGCACCACCATCCTGACTGGCAGAGTCCGGGAGTGGAGAAACACTCTCTGGTCGGGCGTGCCTGGGCTTTCGGCCCAGGCCCGTCCTGTGTCAAGACCCTAAGAGCCCGGGTCCCACAGGCAGCGGCAGCGGCAGCGACAGCCTGCCTACCCCAGGACTCCAGCCTCACCTGGCTTCTGCCTCAACTCCGCTCCTCTGCCCCCCAGCGCTTCCTGGTACGGGGCCGAGCAGGGGTTGGTGCTCCGTGCGGTCCTTCCCTCTCCCCGCCTCCACCACGGGACCCCGCCCTCCTGGGCCGACTGCAGAGCCTTCCTGAATCCTCTGACCTCGGGCCTCAGGCTTTAGCGGAGAGACAGCATGATAGGCCTGGAGTTCTTCAAGAGGCCTCCTCGCACATCCTTACCACCCGGAGAGCCTCAGTTTGGATTTGAAGCCATCGCACCCCAAAGGAGATGACAATCCCCCCCCTTTTTTGAACTTTTTTATTAATATATTTTTTTTGTT,False
260,-1417,-0.89997876,0.7979901,0.8452693,3.3170767,-3.5130172,0.00107959,-0.49216387,0.71643984,0.77005184,1.8089033,-1.7371719,0.028029298,-1.2137846,1.1077614,0.91064584,0.5110152,ENST00000504769.5,-1417,ACAGGTACGTGGGCGGGCGGATCGTGGTGGCTGCGCTTGCGAGGACCCTGAGGTAGATTGGGTGGTTTCAACAGGAACGCATCCACTGTCTGAGAGTTTAAACTTGATTTTGTGAGGGGACGAACAGCGTGACAATTAAAAGAAGATCTGGGAATCAAAAGCTTCCTGAGGCCTTCACCAGAAGCAGATGCTGGTGCCGTGCTTCTACAGCCTGCAGAACTCAGAGCAACTGGGAACCTAATTCTGACCAAAAAGGAGGAATTGTTTGGCTAATTGGAAGTGACAGAAACCTTGGGAGAAAGCAACCGCATACCAAGGATAATTATAAGAAGGTAACATGGGCCCTAAAGGATAGTGTCAAGAAACCTGAAACCCCCAAATGAGGTGAGACTTGCAAAAAATGCTAAGGAAGGACAAAAAACAGGCCTTTTAAAATTCTGTTCAGAACCAGAAGATGATCAAGAAAGGGAAATGCCCACTAGCAGCTTCTACTGTAAGGTTAGAGCTGACAGAGAAAGAACTCCTTAACTACTATTTGCTTCATTCTC,False
261,-1,-0.063788176,0.07009214,0.53342015,-2.1092095,1.4392892,0.9720366,3.1900256,-2.702393,0.0027526934,1.4145161,-1.3188016,0.061035737,-1.9398166,1.8027325,0.97685474,0.50922,ENST00000448179.1,-1,GTGCTCACACGCAGCTGGCAATGGCAAGTCAGTGGATTTAGGATAAAACCGAGAATAAGGAACTTTACATTGTCAATGATCAAACACCTAGTGCACCCATGGCCGTGCGTCCGCAGGACAAAGCAGCCTTTGGAGCCCTGGAACTTAAGATGTCCAGAGATCAGCAGCTCTCGGCTCAGGCCCAGGCAGCTGGACAGCACCCAGCGCCTCCTCCAGGTCCTCCTGGGTCCCCTCCTTTCTTTCACTTTCAGCCCGGGAATCTCTGTGAAGTCCTAGCTGATAACTAAGGGGTTAATGAATAATCACAGTGATGAGCTCTGGAGGAGCCATGGCCCAGAGCAGCTGTGGCCTCCTTTGATTAAACCACAGAAGTCCGGAGGATCAGGCCTCAAACCTCCACCACCTGCCAGCTGGCACCTGTGAAGGAGGTGGGACCAGCACCCACCTCACAGTGGCTGCAGGGTCACCTGAGATGGTGATTGCAAAGTGCTGAGCCATCGGGACACATATTTCCAAGACCTCCTGAGTGCCGGCTGGCCCCTGGAGCAGAGATGAGACCCCTGTGGGGCCTACAGTCCAGTTATGAAGGCAGGGTTCCTGTGTAAGCCAGCAGGCCCAGTTCTGGAAAGGCCAGGATGTGGGTTCAGAAGCTCAAGGACAATGGACTCATTCTGACTGGAGGGATCCAGGAAGGCTTCGTGGAGGAAGTGGCATTTGACATTGGCATCAAGGATGAACAGGAATAGAGAGAGGGGACTGGTGTCTGCGTGAAGGATCGCCAAAGCGCTGTTCTGGGGTGAGGGCGATCAGCCCCTCCTGCCCCTCCTGAACTATGAGGCTCGGGAGCCTTTGGCAGAAGGTGGCTCTGCACGCCCCAGGTGCAAGCTTGGAGCTTCCTTTTCTGCACTCCACAGCAGGAAGAAGGGCAGTGTGAACTGCTCACCACTGTCTTCCTGGGTTTGCAGCTCTGCGCCTGGCACAGAGACAGGCTCAGTGACGGTTGAAGGAATCGGAGAAATAATGAAAAGTGTGTTCATCCTGCAGGCAGCAGAGCCTCGGGTTAACCGTTAACGTCAGGAAATGACAGATCCAACGCTCCTGCTTGGGGCAGCGTGGAGGCCAGCGGAGGAACTGCAGGAGCCTAAAGGAGATGGCGCGCGGGCCTGGCTCAGGAGAGCAGCCGTCTGAAAGATGGCGGCGAAGGGTGCGGGAGGAGATGCCCCGGGCAGGGGCTTGGCGGGGTCTGGCACCAAACTTCCCAAAGCAGCTGCCTCTGTGAACTGTGCCTGGCAGGGAGGGAGCCACACCGGGAGTGACCCTAGACGCTGGCTCCCCAGGGGTGACTGGAGGCAGTGTCTCCCGCCCATGTGGGCCTCCGGCTTGGGGTCCCCAGAGCTCTGCCCTGCTGCTGGCTGCACTGAGAGAGGTGGCCTTCTGAATGGGCCCTGTCCCCGGGGAGCCTCTGGTAAAGAGATTCACCTGCACCCTCAAAACACGCCATGCCCATTGGAGGCTCTGGGTGCAGGCTGCCCCTCAAACAGAGAAAAACCACACGCTGTTTAAGACCCAAACCAAGGAGACAGCCCCTCATGCCCCCTTCTATCTCCCCTTCTGTCCAGGGCCCCCTGCCTGCTCTGGTCCACCCCGTCCTGACCCCCTCTGCCTGTTCATCTGAGGGCCGTGAGCCAAGGCCTGGGCCTGGCCAAGGGTCAGGGATCCTGGGACCTGCTTGAGACCATGCCCCATACACTCCTTCGGCCAGAAGGTCAGCCGTAGAGACAAACCCCCACCCTGAGCCCGCAGTGTCAGCAACGCCCTGTCCTCAGTGCCAGGCAGTGTCAGGCTGAGACCCGGGCCACCTGATCCAACGTCCACTCCAAGCAAGCCAGAGCCAGGTGCTGCCAGCCTGCCCATGTGCACACGTTAGCAGACAGGTTTCCTGGTGTGGCACACACGTGTTATGACCGCGGCTGCTGCCCCCAGCCCAGAGTGCACTTCCGGGTAATCCAGCACCCTGAGGCTTCACTGCTCTCCTGAGAGTTTTCTAAGATTAAATCTCCTTCACAATGACAGCCTCCTGTCACCTGGGCCCTGGTGACAAAGCCTTTGGAGAGGCAAGGACCCAGCCGGGGCATTCACAGTGGGCATGCTATCCACCCTCCGCCCCTGTCCTGGCCCCCACAGTGGAGCCGCCACCTTGGGTAACAGGGGCTGCCTGAGGTCCTGGAGAAGGAAGAACCAGGTGGCCCACCTTCGGTGCACAGGGAACAGCAGGGACCTGACGGCAGCCCCCGCACCCCTCCCTGGGCTGAAGTTCAGGCTGTCTCATCCCTTGCCAGGAGCTCAGGGCTGAGCTAGGTTGGCAGGGGATGGGTTGAGGGTCTGTTGTCCAGCAGATTGCCCGGGCCCCACCCAGGCCACTCAGAAAACACCTGTGAGAGCCCCGCAGGCATGCAGGGCACTGTCGTGAGCACACCAGTGGGGACAGACGTCCAGGCAGGAGGGAGCAGCCAGACCCCCATCCCGCCAGGGTCACCAGGTGAGCAAGGCTGGGGAACAATGGAGGCGGAGCCCCGCGACTGCCCAGCTCACTGCCCCCAGTGTCCAGGCTGTGGTGCAGGCGTGGGGACCCAGGTGTGTTCAGGGGTCTCCTTCAGGGAAGGAGACCAAGCTGGGAGTCTGGGGAGGCTGAGGTGTGAGGTGACAGCAGGTAAAGAGTGAGCCACAATCAGCATTTTCACATGAAAGGAAACTACAGGCCTGGGCGCAGTGGCTCACGCCTGTAATCCCGGCACTGTGGGAGGCTGAGGTGGGAGGATCACCTGAGGTCGGGAGTTCGAGACCAGCCTGACCAACATGGAGAAACCCCATTTCTACTAAAAAAAATACAAAATTAGCTGGGCATGGTGGCGCATGCCTGTAATCCTAGCTATTCGGGAGGCTGAGACAGGAGAATCACTTGAACCCGGGAGGCGGAGGTTATGGAGAGCCAAGATCGCACCACTGCACCCCAGCCTGGGCAACAAGAGTAAAACTCCGTCTC,False
262,-89,-0.35192204,0.14005321,0.6205716,-0.6903442,0.6165558,0.786994,-4.484429,4.8725615,0.9999137,0.87462544,-0.955204,0.13825859,4.0051165,-4.3662205,0.00023135243,0.50919384,ENST00000543817.1,-89,ACACGGTCTACTTACTCAAGGATTTCTAGGAGAAAGCAACACTTTCACAATTCTATTGTTCAGGAAATGGAGCCTGAAAACCTTCCATCGGGTCGCCAGCGAGTGGCCAGTGGCGGGAGAGCTGCGTGGGAGCTTTGAGAGCCGGCTGCTTCTCCCTGGCGGTTCCTTTGTGATGGCCTTGAACAGAGCATGAGGTGTCCACAGATGTTGTACAGGTAGTATCCTTCCAGTTCAGGGGGGAAAAAAAAAAAACCCAACCCAGCCCTGCCTGCAATATTATTTTTAGTCCTTCCCTCCCCAACTGGCATAACTTGGTATAAATTATGTCTTCAACAATGTCGAATTCCCCCTCCTGCCTTCTATTCTTTTAAAAAAAATTGTCACTGTTGTGTTCTACAAAATCGTCAGCCCTCCCCAAACTTTGCTTTCTGCGGAGGAAAGTCACCCATGGAATTTCTCTTCCTTGCTCTCTTGGATTGCAGCAGGCTGGGCAAAGCCACATGGCCACGCCAGGGCAGCTGGGGCTGAGGCGGGGCAGCCCGGGTGGGCGGGCATCATGTGTAGGAGTAGTCTAT,False
263,-1419,-0.9430212,0.84859043,0.85712475,2.5340934,-2.7031357,0.0052868626,-0.69837654,0.91385424,0.8337209,1.4715215,-1.4335544,0.051903207,-0.7289802,0.63824385,0.79693127,0.50899345,ENST00000496733.6,-1419,GGCGGATCGTGGTGGCTGCGCTTGCGAGGACCCTGAGTTTAAACTTGATTTTGTGAGGGGACGAACAGCGTGACAATTAAAAGAAGATCTGGGAATCAAACTCTGTTCAACTTTTCAGCCATCACCTCAGGAATCAGAAGATACTCCAGAGGAAAAGCTAATGTAAATGCTGGATTCAACAACTCTGTTTTTTCCTTCTGAATATTTCATTGTCTCTAATGCTGTCAGATGTTTGTTTTATATTTTGTCCAAGCTGAGTGTGGTGGCTCACGTCTGTAATTTCAGCACCTTGGGAGGCCAAGGCGGGACCATCCCTTGAGGCCAGGAATTTGAGACTAGCCTAGGCAACATAACAAGACCTTTGTCTCTTGGAAAAAAATAAATAAATAAATATTATTAGAAGTGAAAA,False
264,-165,1.6580682,-1.7563448,0.031848047,-0.72281706,0.09859738,0.6945365,3.818671,-3.3841524,0.00074392685,-0.7229756,0.7385626,0.8117678,-2.9715762,2.89453,0.99717414,0.50721407,ENST00000559094.1,-165,TGAGCAGGCTCTCTGCCATCTGCCCACCAACTTTTCAAGTTACTTTTACCCACCTTCAAAATTACATCTGCTTTTAGCAAGAATTACTGATGTGATAAAGATGGGAGTGTTCACCATGCAAGGGCAGGGGATCCCCTGCTGCTCCACCATCAGATTTGGGACACCACCCCCCCCCCGGCCCCACCAGAGGGCATCAGCTATGCCTAGCAATTACGCCCCCGTGGCTAAATTAAACTCCCATTGGCTAAATTAGGCTCGAAGAGAGGGGCACCTGCTGCTAAGCTGTGTATGTTGTCCCCTAGGACTCCCACCGTTTGCTGAGCTCCACATGACAACAGCAGACGACAGGCCGCACTGATCCCACCTGGCTTACAGGTGCTGTCACACAGGCTCCCTTGCTCCTTCATTCAACCATTGTTTACATGTCGTTCAGGACTGCTGACTAAACACTTTCAAGCACAGTGGACCCTTGAACAACGCAGGTTCAAACTGTGCAGGTCCACCCACAGGGATGTTTTTCAATCAGAGTTATACCAAGTGTCCCTGCCTCTCCTGCCTCCCTTCCCACTTCCTCCATGTCTTCCTCTCTGCCACCCTGAGGCAGCAAGACCAGCCCCTCCTCCTCAGCCACTCAACATGAAGACAACGAGGATGAAGACTTCTATGATAATCCACTTCCACTTAGTAAATGCTTTCTCTTATGATATTCTTAATGACATTTTATTTTCCCAAGCTTAGTTTATTG,False
265,-138,-0.04076469,0.023864567,0.5161517,-0.8473505,0.80367744,0.83902997,1.1975943,-0.98194027,0.10160342,1.254491,-1.3204162,0.070770904,-2.983704,2.9005446,0.9972248,0.5049561,ENST00000556379.1,-138,GACTGGGGCAGCCCAGAACACTGGGGAGACTAGATCGATAGGGCTGCACAGAGGTGGCACAGTTGTGCCAGAGGTAGCAGGGACAGGAGGGCTGGCAAGGGAGGGTCCAGGGCTAGGGGATTCGGAGTGGCTTCAGGCGGACCACGTGGCTACCTTTTTTCCAGGGCCAGACTTTGGCAGCGTGTAAGGTCTGAGGACAGGGGCACCGGAGGCCGAGGATGAGAGGCCAGTGCCTGTTTCCAGGCAGCCAGGGCCTCAGAAACTCCGGCCGGAGCACTCACCCGTCGGTGGAGGCCGTTACCAGGGCCACCTTATTTGCGAGCGGGTCCCGGCGGGTCATCCCGGAGCTGGCCATCCGCACCGAATTCCAAGCCCGGGCACAGAGGCCTAGCAGCCCCGCCTTGTGCATGGATCAGACCAGCAAGTGCCACTTCGGATAAACCCTTTGGACTCCTAACTCCAATCAGGTGTCTGCTTTGTTGAGGACTCACAGACACAGTCTCCTTTCTTCAAGATCTTTACAATGCAAGACCTCACTAACACACAGGGATGGTCTCCCAGAGGGTCTGTGCTGTTCCTTCACTCAGAACATCAAGATGCACTGAAGTAAGGATCCTCTATTCTACAGTTCCTGCTAGCTGAGCTATTCCATGGGGGCTTCAGCAGGAAATTCCAAGGTTGGCTTTGACAAGCTAAGGCCGGCTGGTGGAGCACATCGAGTTCTGGAGGTTCATGTGTGTTTTCATGAAGATCTGTCTGCCCGTAGCAGATAAAGAGTTGTTGCCCCACTCCTCCTGGGGTCTTCTATTTTCCTGGGAGGAATTTCTGGATTAACTGAACACACACACACACACACACACCCTTTTGAAGCATCAACAGTAATTCTGAGTTCTTAGGGACAATGCAGATTAAATCCACAATAAGAAAGACAACTATGGCCAGGTGTGGTGGCTCACGCCTGTAATCCCAGAACTTTGGGAGGCTGAGGCGGATGGATCACCTGAGGTCAGGAGTTAGAGACCAACCTGACCAACATGGAGAAACCCCGTTTCTACTAAAAATGCAAAATTAGCCGGGCATGGTGGCAGGCGCCTGTAATCCCAAATACTCGGGAGGCTGAGGCAGGAGAATCACTTAAACCCGGGAGGCAGAGGTTGCAGTGAGCCAAGATCGCGCCATTGCACTCCAGCCTGGGCAAGAAGAGCAAAACTCCATCTCAAAAAAAAAAAAAGAGTACTATTGATCCAGAGGTGACCAGACTAGCCTCACTGGAGATAATAGGTGACATTATTATGCAAAGTGGTTTCAGTTCCCTTGTCTTGTTTTTGGAATAGTATAAGAGGCCTACAATACGAATAAATAAGGCCCATCACAAGCCTCACCAAAGGACAAAACTAATCCACTTCTGAAGAAGGCTCTTTGTTGGGCCAGATCAAATCCTTGGACAGAACTGTACTCTTAATCTCTGTAGTGAAAGTGGGGGGTAGTTTAAGAATTTATTAACCTTCTACCTTGAGCAATCCCTCAGAAGTAAGAGGTGTCAGGCCTCTGAGCCGAAGCTCAGCCATTGTAACCCCTGTGACCTGCACATATATGTCCAGATGGCCTGCAGGAGCCAAGAAGTCTGGGGCAGCTGAAAAACCACACAAGAAGTAAAACAGCCAGTTCCTGCCTTAACTGATTAACCAACATTACAACATTCCACCATTGTGACCTGTCCCTGTCCTACCTTAACTGATCAATCGACCTTGTGACAGTCTTCTTCTGGACAATGGGTCTTATCATCTCCCCACCATGTACCTTGTGACCCCCTCCTCTGCTAACAATAGATAACCACTTTTTACTGTAATTTTCCATTACCTACCCAACTCCTATAAAGCAACCCCTTCCCCATCTCCCTTCACTGACTCTGTTTTCAGACTCAGCCCACTTGCACTCAAGTGAATAAACAGCCTTGTTGCTCACACAAAGCCTGTTGGTGGTCTCTTCACACAGATGTGCTTGACAAAAGGGAAGGGTGGATTTGTCCTTCTGGTTACATATGTTCTGCTCACTCATTTTGAATTTAATTAAACAAGGATTGCCCTTACCTTTTCATACTTTGTAAGAAACCATAAATACTTATGCACCATGATTTTTTTAAAGAAACACTTTTTATTTTGAAGTAATTATAGTCTCATAGGAAGTTGCAAAAGTAGTACATAGAGTCCCTGAGTACTCTTCCCCCAGTGGTGACAACTGTAGTATAATATCAATTCTGGGAAATTGACATTGGTACAATACCAAATATACTATGCCTTTTTCTCTAAGGCATGATGTTGCAGTAGCATCCTTGTACATGTAGCTAGGAGAACTTGTACTAAGCCCAGATAAATAGTTGAAGTACAAGGGCAAGGAGTGTGTCTTTGATATTTTAATAGAAATCACCTATTGCCCTCTAGAAAAGCTGTACCCTTTTCCAGTGGCAGAGAACCTTCCTGAAAGGCAGTCCTGTGTAATGGTGTCCATTTCATCACACCCTTAAAACACTCAGCTTTAACAAACATGCAGATTTTTGCTGATGTGGGAGAAAATATTAATTATTAATGATATTAAGGTGATTATCTTTTCGTATGTTTATAGATATTTGTATTTCTTTTTAAATGAACTGCTCATGACCTTTGTCTACTTTTATTTGGGTTTACTTCTTTCTCATTTATTCCTATAAACTCTTTATAAAAGGAAATTAACCATTTGATTGTCATATGTTGTGAATATTTTTACCATTTTGACTTTTGAATTTATGTCTTTTTAATGAATTGTAGAAGTTTAAAATCTTTATGGAATAAATTTATTTAGTTTTTTGTTTATGG,False
266,-1490,2.4599638,-2.6502697,0.005998476,-2.9841213,2.659741,0.99647325,0.12229088,0.34510505,0.5554742,0.39905462,-0.4994183,0.2893644,-0.40368873,0.30247247,0.6695524,0.50337255,ENST00000449111.5,-1490,ACTTGCCACAAGGAGACGCTGTTCAGTTTACCGGATCCTGTCCCGCGCCAGCCAACCAGGACAAGGCCGGGGAGCTCGAGACAGGCAGCCTAGACCAAGAACCGGAAGGAGGAAAAGGAACCGGAGGGAGGAAGAGGAGGGGCGGGACGAGACCACCAGGCAAGAGTCCAAACTTTCCCGCGGCGACCTAACTGCACCTCCAGTGTCTTCCCCCAGAGGGCACAGAAGCAGCAAGAAGGGCGGGAACACTTGACTGGGGTCCATGCAGCTCTAGGCTGAGTCTTGCAGGGCTGAGCCCCCCAGGCCTGCTCTCCTGTGTCCTGGCCGCTCCGTCAGTGCCTGCCAGTGGGGTCCAGAGGGACCGTTTTTTTAACGCCTCTTTTGCAGTCTCCCGCATTGACTTCATAACCAAGTTCTGGGTCCCTGCCTCTGGAGTGCCTGATGAGACAAAACGGCTCCTCGTCCTGCATCCCCGCTGCTACTTCCAGAATTCAGGCCTCGTGGTCTGGAGCCTGCACTGTTCCATGAGCCTCCTGAGCAACCTGGAGTCCTCTGTCTTTCTTCCCTCAGTGAGATGCGCCTACTTCTCCCTGGAGAAGCTTGAGGAAGCAGAAATGCTGGAGATGAGCTGCTCCTCACTCTCACTCCTGGGTGTGCTGGGCAGTGGGGTGCAATGTGCACGTAGGTGCACACTCTCCCTGGGCGGCAGCGAGCAGCAGAGGTCTGATCTGTGGTCGGATGACGAGAGGAAGTGCAAGTAAAGCAGCTGCAGCGACGGAGTTTTGCTCTTGTTGCCCAGGCTGGTGCAATCTCGGCTCACCACTACCTCTGCCTTCTGGGCTCAAGCGATTCTCCTTCCTCAGCCTCCTGAGTGCTGGGATTACAGAGACCTCGTCCGCACAGGGGCTTGTTCTTCTGTGTCTTTGCAGGGCTGTTTTGGACTCAGTATTCACCTAAGCACTCCAAATTACCCAGCACACCCTGCCTGCATGGCGCTGCGCTGCACCTTCACTCTGGTCACGGGTCTGGCAGTCAGCTCACCAATTCCTCCTGCTTCCCTGGGACTTGCCGGCTTTTAGCACTGCAATTCACTCAGCAAACTGGGACTGTTGGTCACCCTACCTGGCAGCCAGTGATAAGGTGAGGGCCACTCCTGGGAGGGAGGACACCTGTGGGGAAAATTCTTGTGTTATTTATTTCTCCTTCGGGATAGGGTGCCTGCAGCGCTTCATGGGAGGGGGTGGGCTGATGCTGCGGGCTCAGAAGTTTCAAGGGCATCTGGGGAGACCAGATATTCAGAGACCTTCTAGATGTGCCTGTTCCATGTATCAGGGACGCAGGTTTTCCCAACAGGGCTGGTGTCATTGGCATGACAGACCTGCCTTGGCTGAGCGTTCACCTGTCTTTGGAGTTCAGCCACCTTAGCAAGTCCTGGGTTTGTTCTTCAGACTTTGCTGCTCGCCCATTGCCTGGATCGGGGGCTACTTTGTAAACCACCAGGAAGACTCCAGTGTTTCTGGTTAATTTTTAGATGTTTGTTAATTGCTCTTGGTCTCTCATTAATCCCCTGTGGGTCATCCAGGAAACATACTCACCACTGTCTGTTCTCTGAGTTTTCATTTCCAGGCATCCGCCCTGCCTGGATCTCCTCACCTGCCAGGAACTTCCTCTCCACAAGCCGGCCATCCCAGCAAAAGTTCTAACACCAAAGGTCTGGCAACTAGCCTGCCATCTTGTGCCTGGAGCCGCCTGCGTGCCACCTACTCCCGAAGATGGGAACCTTGTTGCCAGTTGGGCAGATGCGGGGCAATCCTGTACCAAGACCCCATTTTACCACCTGCTTTCTCAGACCACTCTGGAACCCACTGTCTCAGATTGTGTCCTCCAGGAAGCAGACCATGAGAGGGAGTTGGCAGGGCCAAAGATTTACTGGGGCTAACTAACACTCAGGAAAGGGATAGGAAGGAAACAGGGCTGGAGAGCAGGTTGAGCCCGACCTGACAGTCTCGAGCAGCCCAACAGGGAGGTGTGGAGCAAGGGTTGCCCACTAGAGGGGCCTGCATTGGGTACGGGTGATGGGGTCCACATGGTACCTGGCATATAGCAGGCTGTGCAATCCATATTAACTGACTGGATAAATTAATGCCCAGAAAAGGTGCCCTGGAGAATGGGTGTGTGCTGAACACAATAGGGAAGGGCCCAGCATCTGCCTTGGCATAGGCAGAACTGTGCTGTGCCCTGCAACAGGCCACCTGAGAGCTGCTTTGATCTTGTGTGTACATTAGATGACTGCCAGGGGCATGAAGGGGATGTGCTTCCAGGGCATTTGCTGGCAGGGCGTCTCGTGATCTCTTGGTATTGGTGTGAGCACAGCCTGGCAGGAGAGGGCAGATCTCCATGCAAAGTATGTCAGAAAGCAGATGGAAGCCAGGCCCCCTCCTGAAAGAGGCTCCTTGAAGAGACAGAGAAGAGTCCATGAGAATCAACATTTTCTGAGGACTCCAACTGTGTGCCAAGAGAGTTCCCCTGCTGGTGCCTCCTCTGTAGTAAAGGAAAGGCTCCTGGGACCACATTATCATTCTCTTCACTCGAGAGATGAGGACACTGAAATTCAGAGAGGGGAAGTGATTTGCCTCAGCTTGTACTAAAGAAACATTTCAACAGAGAACCCAGTGGAAATTATGACATGTTATCTTCTCAGAGTCCTGAACTCCCATCCCTACCTCAGAAGAGACTCCTCTGTTCACAGAAGCTAAAGGCAGTTCCTTCCCAATGGCAACTATGTTTGGATGTTGGATCTACACTTTCTCAAGCACTGTGATCTTCAAATTTTTTCAGGAAGAAAGAGAGAATCAGCAACATGGCATTGAAGGTACCCGTTGACAGTGACGTGCATCACAGCATTAACAGGAGAAATGCTTGTGTGTGCAAATGGGAGACAAAGGAAAGGGACCACCACATCCATGGAGTGCACCGCGTGAGAGAAATGCTCAGGAAGGGAATTGACCAGATTGGCTGTGGAGAGAAAAGAGAAGGAACATGGGAGGCAGAGCTGAGCAACCAGGCTTTCACTGCTGAATGTCTGAGCCAGCTCCATCGTACAACAGGAGTGAGGGAAGTACCTGCTTCACAAGGTTGTCATAGCCATCAAATGGGATCACACTCTAAAGGCAGTTCTGGAGGCCAGAAATCAGAAATCAAGGTGTCAGCAGTTCCAAGCTCCCTGCGAAGGCTCTAGGGGATAATCCTTCCTTGCTTCTTCCAGCTTCTGGTGGATCCAGGTGTTCCTTTGGCTTGTGGCCGTATCACTCCAACCTCTGGCTCCATCTTCACCCTTACCTACTTCCCTGTGTATCTTGAATCTCCTGCCACTCTCTTATAATGACACGTCATTGGATTTAGTGCCTATTTGGA,False
267,-166,1.7146399,-1.8155255,0.02846601,-0.6626059,0.03131208,0.66683793,3.6355565,-3.2020574,0.0010715103,-0.6396221,0.671613,0.7877197,-2.7418528,2.6553943,0.99549145,0.49591732,ENST00000558109.1,-166,CTCCTGGGTACACCAGCCAGCCCACGGCACAGAGCCTGCCTGTTGGTCTCTACCCACAGGGGATCCCCTGCTGCTCCACCATCAGATTTGGGACACCACCCCCCCCCCGGCCCCACCAGAGGGCATCAGCTATGCCTAGCAATTACGCCCCCGTGGCTAAATTAAACTCCCATTGGCTAAATTAGGCTCGAAGAGAGGGGCACCTGCTGCTAAGCTGTGTATGTTGTCCCCTAGGACTCCCACCGTTTGCTGAGCTCCACATGACAACAGCAGACGACAGGCCGCACTGATCCCACCTGGCTTACAGGTGCTGTCACACAGGTACGCCTTCTTGTGAATCATCAGTCACCATTTGCCCCTCGCAGCAACCCTGTCTTGGAGGAAGGTCCTTGCCGACACCCGCCTCTCCCCACCCTTAGGCTCCCTTGCTCCTTCATTCAACCATTGTTTACATGTCGTTCAGGACTGCTGACTAAACACTTTCAAGCACAGTGGACCCTTGAACAACGCAGGTTCAAACTGTGCAGGTCCACCCACAGGGATGTTTTTCAATCAGAGTTATACCAAGTGTCCCTGCCTCTCCTGCCTCCCTTCCCACTTCCTCCATG,False
268,-1421,-0.72168607,0.69084656,0.8041651,1.796934,-2.0166748,0.0215919,-0.3461047,0.5256262,0.7051058,1.0090089,-0.96976364,0.12144975,-0.83998764,0.72482175,0.82704234,0.49587098,ENST00000512724.5,-1421,GTGGCTGCGCTTGCGAGGACCCTGAGGTAGATTGGGTGGTTTCAACAGGAACGCATCCACTGTCTGAGAGTTTAAACTTGATTTTGTGAGGGGACGAACAGCGTGACAATTAAAAGAAGATCTGGGAATCAAAAGCTTCCTGAGGCCTTCACCAGAAGCAGATGCTGGTGCCGTGCTTCTACAGCCTGCAGAACTAAGAGAAGACATGGAGAAGAGGAGGGAGTAGTTGTGACCGTGGAGGCAGAGAATGGAGTAATGTGATCATAAATCAAGGAATGCTGACAGCCACTAAAGCTGGAGAAGGCCAAGGACAGATATTCAATCCTCCCGTAGAAGTACAGCCCTGCTAATGCATTGATTTTGGACTTCTGGCCTCAGAACTGTCTGGAAAGCATGGAAATTTGTATCTTCATTCACTTTTGTTTTCATGGACTCTTTTCATGTTTGAACTTTTCATGGTATGAGCTGTTTTATAATCTATAATATGGAATGTTTCTCATACGAATGTTTTTCTTATTGAAGAATGCCATAGAAATAAGGGTGTGAGGTATACTTACTTGACAGGAGAAT,False
269,-404,1.1989919,-1.3463917,0.07273725,-2.3943486,1.8804016,0.98627543,2.5065346,-2.0487874,0.0104017835,-1.8726121,1.8055425,0.9753533,0.06532121,-0.22638077,0.42758724,0.49447098,ENST00000569449.1,-404,TTGAATCTTTGATACATATTTGTTGAGGAGCTTGTCAGATCACTACCTTTCACTGAACAGTAAAACATGGATCATTTATTTCACCTCATTTTGCACTTCAATGCAATTTCACTCTTTAGGTGGTTGTACTTGGACAGTTAAATGAAGACTGTCTTTAAGGGTGCAGGGATGGAGAACACAGCATATATGAGAGGTGGGAGGGCAGAGACGCCTTGCGATTCCTGTGAGGAGGGACTTACCGTCTCCTCCAAAACAGAAATTCAGTGCTGCAGAGACGGTAGCAAAGTGCAGTTCTCTTGTTAAAACACAGGCTAAAAGCAGTGACTGCTTAACTTATTAAGCAGAGAAAACCAAAATGTCATTTTCAACCAAAATTGAGTGTTAGAGTTTATGGTCTCTGTTATGATACTTTTCAAGACCTGGGAAATATTTGTATCCTTTAGTGAAAAGGGGAAGAATCAATTACTGAAAGCCATAAGCTTACAGTAACGGAGCCAATTAATCCTTTGTCATCTTTGTTGAGTTTAGTTTTCTTCTGTTCTTAGCACGTCAGCTAGTAGATCTTTGATGAACTGTTGCTCCTCTTTAAATGTTTCTTTTATTATATTGATGATGTGCACTCATTCAGTATTCTTATTTTAAGCTGCAGTAATCACTGTACATTTGATTGCCATCTGTACTTCCCTTGAAGCAGCTTTGCTTATTACAGCCACACCTGCATCTGTTTTGACTAGCCCACATAACCTACACATTTTTCATCCAAAGCTATCCCATTACCTTATTTATGTCCATTTATTTTCATATATAGTATCTGCCAAAATAGTAGCAAAAGTTTTATCAATGTGTAGATTTCAATCAGAAAAACCTAAGCAAAAGGAAAAAAAAGTGATATTCTAAAAGCCACACTTCTTTTATCACCAGTGCAGTTTTTTCCATCATCATAAACTTAGTTTTATGAAAATGTTAATATCTTGGATTTAAACATTGGGGTAGAAATCAGGACAAAATTTAAATGTCATATCCAGGACTTAATCTCAGATATTCTGGTAGAAGATATTTAGATAAGGTTGTGGCTGCCTGTCAAGTTTTTTAATTTTTTAAATTATATAATGTCAGAAAATTAAATCACAAATGAGCCTTCCAGATTGTGAGGAAAATTACTTGGCTGAAAATGACTTTGCATAATGCCCAAATCTTGAAGTATCTGCTCAGATGTTTGTTCCATCTGAAATGCTGCCAAATCCATCTGTATTGAGGAAAGAGCTATGAGGTAGTTTCAGAGAAAGTGAAAACAAAACAAAGCAAAACAAAAATGCTATTACAGAAGTTGGACAGCCCAATGTGTTAAGTATTATACACCTGGAACAAGAGCAGCAAAACTGAAGCTCTTTGGAAAGTTATGGCAACAGTGGTCTGGGAATTCTGGGCCTTTAGAAATAATCATTCCCAGTGATACAGGGATGTGCAGCATCCAGACACTGCTTAATCACAGTGAGCTGCCGTCTTCCCTGAATAAGTTGTATCTTATAACATTGAAGTGAATGAAAATGTATTAGTATTTGAGAATTTACTATTCCTTCACCTCCTTGCACATGTAAATTAAAGATGTTTTGGAAAATATGAGAACTTGATGTTCACTGCCCTAGAGCACTATTCTCCAACCTTTTAGATTCCTGCAATCTGTTAATAAAATATTGTAGGACAACAACTCTATAGACTGATACATGCTGCTCTCAATCCATATACTACATATTAGGACAGCTTTTCTTTTCTAAATGAGCATGAATATAAATAGAAATTCTAGTATTTTCTTCACCTACCCCAGTGAATCATCTTTATATTTTACTTGGGAAACTGCTACAGTTGGCTAGTGGGTCTTCACTTTTATTGCTTTGAGAAATGGATAAAAGACATAGACTATCACCCCTCCAAAAATGTGCATATGGCCCCATACAAGACACATGTACTGCCAGAGCTTGGGGAACTCCCTAGAATCTACTCCTAGACCACCCTAGTGAAGTACCATAGACCATATTGTCTAGATGGGACAAAATAATAAATTTTGACTAAGAACTTACTGTTTAGAGAGAAAAAATAGTAAATAATGTTCAAAATGAGAAGACAATAACTGACAAGTCTGTGATTTTTGGGTTAGATGAGACCACTTTTGATTTTTGAGGAATAAAAGGAGTTAGTTTTTTGGTCCTGATGTGTAAAATGATTCATGGGGTTTCACATACAGACAAGTAGTTTTCTTTTCAGCAAATATTTAACATATCTCTCAATATATTTTTCACCAGTTTTTGGTAAATATGCATTGCTATAGGTATACCAAGTTTTTTTTGTTATGTTTAGTAACTAATTTCATTTTTTCTGTATATGTAAATATAGCTATTGGACCCTGCATTGAAAACCTTCTTAGTACTAACAACACTCCTTTTATTATTACCTTCATAGTTACTTTAAATGACATATTTATTTCGAGTTTTACTTCTGGCTGAGTTGCAAAGTCTATGAGAATGTTACCTCCTGTCTCAGAAGCTTGTTAGTTATTGTGCCACCTAAATATTGTAATAAAAGTGTTTAAATAAAAATCTTCTTAAAATTTAAAATGA,False
270,-49,-0.010701537,-0.17363703,0.45935598,-0.4154445,0.24183342,0.65864867,0.41398695,-0.21686384,0.34731767,2.2368696,-2.1462958,0.012331802,-2.4746623,2.4122097,0.9925115,0.49403316,ENST00000447832.1,-49,AGTGAATGCGGTCCTGTAAATGCTGGCGATCTTGTAGCAGTGCTGATTAGCGAGTTGCTCCAACACCTCCTCATAATTTTTTCCTGCTCATCACTCACCTGCTTTGTCAAAATGAACAAGAAGGAAGCATGATTGAGCTGTGCACCGAGGCGGCAAGGAAGCCCTGGATGACCCTCTTAACAGAGGCTGCCAAGGCTCCAGCGCCCACTTTCTCAGCCTCCCTTGCTGCTCAGGATGAAATATGTAGAGCTGGAGAAGAGACATGGTTAGTCCTTACGTCCTGCCTTAAATGATGATGTGATGGCCATTATCTGGATCCTTCATGGAATTTCGGCAGTTCCAACGTGTCAGGCCAGTGTCTGGGATTCTCTCAGCCTTTCGCTTTTTCCCCTGGGAGTCGGACAGCTGCTGCAGCTCAGTCAGACCAAACCTCTCTGAATACCACCAAGAATCGGGATCTTGTTCTGTTGTCCAGGCTGGAGTGCAGTGGTACAATCACAGCTCACTGCAGCCTTAACCTCCTGGGCTCAAGACATCCTCCCACGTCTGCCTCTCGAGTAGCTCGGACCACAGAGTCACCCAGGCTGGAGTGTAGTGGCACGATCTTGGCTAACTGTAACCTCTGCCTCCTGGGTTCAAGTAATTCTCCTGCCTCAGCCTTCTAAGTAGCTGAGATTACAGGCACTCTTCGCCGCGCCTGGCTAATTTTTGTATAATATTTTTAGCAGAGACGGGGTTTTGTCATGTTGGCTAGGCTGGTCTCAAACACCTGGCCTCAAGCAATCCACCCGCCTCAGCCTCCCAAAGTGCTGGGATTACAGGTGTGAGCCACTGTGTCCAGCCCTTATGTTTTATTTATTCATTTAACAATTATTTGTTGCGTGCTGCTGAGTGCCAGGCCTGACGCCGGCTGTGAAGATTTCAGAAGGGCCTGCCAAACCGTCCCTGTCCAAAACAGCTCACTATCAAGCATGGTTATTTTGTAAGTGTTCTGCACTGGCTTCCTTCTTCCCTAATCAGACCATCTGTTGGATCTCATGGAGCTGTCTCCTATTTCTCTGTAATCAAGCCACAGTATCTAACATTTGGGGCCACTGGTAACTTGCCGTCTACTCCCATGCTGGAAGCCCAGGACCCTTGAACATAAGAGGCGCCTTCTGACACCTGCGGTGCTGTCAGAGCCTGCAGGCTGCAGACAGTGAGTCAGGAACTGGAGAATTCCCAGGAGTGGTATAAGGAGCTGGGACTCGCGTCAGACAGGGAAAGGACTGACAGAGACCAGGACAGAACAAGAAGCACAAGGAAAGTCAAGAGGAGAGTAATGACCGCAATCCCAAGGTAGACTGGACTGGAGTGTCTGGAGGGTCCGACAGGAGAAGGGCATTTGTGTTCATCACGGAGCTACTAGGAGAAAGAAGAGCCTGGGTCTTAGCAAGGATGTGGTCAGGACACAACAATAGAGTGGACCCCTCCAGTGAGTGTGGACTATGACTTATGGCAGGCCCAAGGGTCCCAGCGCAGGGTGGGGTGGGGAGGGCATGGCTTGCTGTAGCATCACGCACTGCTAGTCACCATCTACCCAGTACAGGTCACCAATGATGGAACAGCTACAGCCTCCTCCCCTTCCCCTGTACTCCCTGTGCCCCCTTCTTTTTTTTTTTTGAGATGGAGTCTCGTTCTGTCACCCAGGCTGGAGTGCAGTGGCGCGATCTCGGCTTACTGCAAGCTGCGCCTCCCAGGTTCACGCCATTCTCCTGCCTCAGCCTCTCGAGTAGCTGGGACTACAGGCACCTGCCACGATGCCTGGCTAATTTTTTATATTTTTTAGTAGAGGTGGGGTTTCACTGTGTTAGCCAGGATGGTCTCGATCTCCTGACCTTGTGATCCGCCCGCCTCAGCCTCCCAAAGTGCTGGGATTACAGGCCTGAGCCACCGCGCCCGGCCCCTGTGCCCCCCTTCTTAAACATGTTCTCAACAGTGGTTTAGCGATACCCAAGCAAGGCCTTTGCATATGTGGGAAGTTGTGCACCATGCAAGAGTGCCACATGCAAACAGCACCTTTCCCCGTGTAGACACTGTAGATTTACATACCCTTACCACATACCCTTCCAGGAACAGGGAAGCAAAGGCTCTTGAGGAAGAGATTTCCCACAAAGGTGCTATGTGGGTTAGTGTTGGCATGCTCACCAAGAGATATTTCAAGCTATTTCCAAGGGTATTGGAAAAATCATTTATAAGCAAATTCTTTTTTTACTTATGGAAAATTTTAAGCATATACAAAAATAGACAACAGTATCATGAACCTCTACATATCCATCACATGCAACTTCTTTTTAATTCGCTTAAATTTAAAAATAGATACGTGAAATAAAGCATTTGGGGCAGAAGTTCATTGCAAAATCAAATGATAGAATTTCACAGCTCCTAGGCAATCAAATACTCCCCTTGTGCCATAAGGAGATTTAGGCCTTTTATTTCCTTTTCTTTTACAATTTGTTTTCTTTGCTATCATTCATATGTAGAGTTCTCCTGCAGTATGTAGAAGGTGGACATTGTCATTTTCAAAAATGGAGTAATTATGGCCTATCTACCTGACTGTGCAGCTATCAATAATAATTATTATTATAAAGGCCATATAACAGGGAAAAGCATTATTGATTAGTGTTAATAAACGGTATAAATTGTACATAAACAGTGATGTCTACTGTGTGAACATATACTAGATATGCATGTAAACAAAAACTAGAGGTAAATTGAAAAAATAAAATCAGTTTTTGCATC,False
271,-694,-0.60539883,0.50729537,0.7526311,0.24701035,-0.41486016,0.34031954,0.46199283,-0.1196751,0.3585489,-4.6584196,4.67774,0.9999118,2.0516,-2.145348,0.014818521,0.49324593,ENST00000555379.1,-694,GGCAGAGGAAATGGTGTCTTTGAACTGTAGTCTGTAGTCCTAGAAATTGAATAAACTATTTCCTAAATAGAGGTAAGAGACTAGGATCCTAGCAACTTCTCTAAGTTAACAAAAGGGGAAAAATATCCCCATACCATTTTTCTCTTCATTCTATTAATGAGGGCTAGAGTCGTTTCATAGATTGAATAGTTTCAAGAGCATATTGAGCAGTGCCTGGCTAACAGCTGAAAGTCTGCCATTTCATGCAACTTTGTTAGGCTTTAGAAGTGAAGCAGGAATATAGAGAAAATACAGCTTCTCCCACCCACAACGTGTATTTTAAACCATTTCTTCTGGCCCAGAAGACAAACTTTTCCAAATATCTTGGGAAAACCACAGTTTCTACTCTTTGGAGACAAGAGTCTCACTCTCACACCCAGGCTGGAGTGCAGTCTCAACTCACTGCAACCCCTGCTCTCAGGTTCAAGTGGTTCTCCTGCCTCAGCCTCGTGAGTAGCACTCGACACCACACCTGGCTAATTTTTTTGTGTTTTTTGTAGAGATGGGGTTTCGCGTGTTGGTCAGGCTGGTCTTGATCTCTGGCCACCTCAGCCTTCCAAAGTGCTGGTATTACAGGTGTGAGCCACTGTGTCTAGCCAAGTTTCTACTCTTGATGCCTGCCATGGACTATTACAAGCACCTGGCAGTGACATTGCACGAGTTCTAAAGAAAGACTTGGTCTTTCCCACAGGGACATTAATGTGAAAGAGGTCCAGTGACAAAGATTCAGTCACTTTTGCAGACCCTCACAAGCCACAATAATGAAGTTGCAGTGAATTTGGGACATAGCCTTCCCTCCCCAAAATTCTTGATCCAAGAATCCACCCGTCAAGTTCAATGACTCAGACTCCATTTCTAGTGTGGTCGTTGGTTAACAACTTTACTAGTTTCCATCCAGGCTTAACCTTTCTATGGACCATAATGTCTTGGTGTCTGCTGCATTTATTGTCCCTCCCTGTTTTAAGGATACTTAAGTTTTTAAAGAGGCATAAATACTTCAAAGTCCCCATTGGCCCTCCTGGGGGAAATTACCTCAAACCACAGGGTAGTCTGCTAAATAACCAGCTAGAGCTAGCTGCCAGCCCAACTTTGCCCAGATCTACAATATTATTCTCGTTACTTTAGTTTACTCATCCCCCCAAACTTAGCTTTCCCCCAGAACTTTATATCCACTCTCCATAAAAGCTTCTGTAGCACCAGCTTGGTCAGTCCCAAGGTCCCAGGTGCCACTGGGGTCTGGTTGACAAAATTGTTGGTATGGTTTGGCTGTTTCTCCACCCAAATCTCATCTGTAATTGTAATCCTCATAATCCCCGTCCCCAGGTTGAGGGAGGGACTCGGTGGGAGGTGACTGGATCATGGGGGCAGTTTCCCCCATGCTGTTCTTGTGAGAGTTCTCATGAGATCTGATGGCTTTATGAGGGGCTCTTCCCCCTTTGCGTCCTACACAAACCCTGTCTCGCCTGCTGCCACGTAAAACGTGCCTGCTTCACTTTCTGCCATGATTTTAAGTTTCCTGAGGCCTCCCCAGCCACGCAGAACTGTCAAACAAGATCCTTTATAAATTACCCAGTCTTGGGGGGGTTTTATACAGCAGTATGAAAGCAGCCTAAACAGTTGTTTTCATACGTGCTGGAAATGCTGTGATCTGCCCTGCCATTGTCCCCATCCTGGACTGACCCTCAGTATTTTTCCTTTGAGTGGTGACCCAGCTCTTTGCCTTGAGCAGCAGGAGTAGCCCTTGGTAGAATCTAGTTCCCCAGGGGAAATCAAAGCAGCTTTATCTTCTCACTGTTAGCCAAGCACCTCTGGAGACAGCCTTAGTGTTTGCTCTTTTATCCCCTCTCACCTGGGAATACAATTGCCCCTGCAACATAATGGCCCTACTGTTCCCTCACCAACTCCCCCAGCATGGGGATCAGAAATATGGCAGTACTCCTCAGTGAAGTATATGCTGCTTTGTTTTAAGCACTCACCTGAATGTGTAAGGACATCTTTCCTCAAGAGCTTCTCACTTCCTGAGGAGTCTGTAGTCTTCATTCAAATGTCTTGATGGCTCATTTTCCAGAAATCTCTGTAGGTCTTGAGAAGCATTGTCCTAGCTTTGGTTTATCTGAATAGTCCTATTTAAACTTGTCCCACACAGATAGCAGCCTCTTGCTTGCCCTTCTGTTTGTACACTTGTCTATTTTCTCTTTCTTTAAATGCCTTTTGGGTGTTAATACTTCATTGGTGGTTCCATAGCCTTGTCCCCCTCTCTTTTGCAACTTGAAGGCAATTCTCAGTTCTCTTCTTGAGCACATTCATACTTAGCAGCTTCTGAATATCCCACCCACAATTAAGGTACAATCTGGTCACATAACTTTTTCCCTAGGAAGAAATGTGCTACTCAAGACTAATAGCCAAGGTTAAGAACGTGCATACTCCTGAATCGGATGTAAATGCATTAGTCTATTTGTTCTGTTTAGAAATAAAGATGGAACATATTTTATAGCTACTGTTAGTGCCCATGTGCCTTCTAAATATCTTTTGAATAGTTTTACTTCTCTCCATCTTGACAGCTACCATGCCAATCCAAGCTTCCATCACCTTGCTCCTGGCTTACTGCAGTATCCTCCTGTCTACCCTTCATCCACTTTTATCTCTTTCCAATCACTTGTTCATACAACAGCCATATTGGGTTTTTTTCAAAACACACATATAATCAGGGCACTTCTCAACTTAAAACCATTTCTGGCATTACTTGCCCTTAGGATAATGACAAAACTTTTTAACACAGTCCACAAGGCCAGAGATAGCCTGACCCTTGCTGATCTGTCCAGCCTCTGCTATATGTCCCCTTATTTTCTCTGTTCCAACCACATTGGACTTTGTTCCTCTTACTAGTCATGCTCCCCACCTATTTGGTTCCCTAGTTAACTTCTCTTCATCCTTCGATTTCAACTTGTGTCACTTCCTCCAGAAAGCCTACCCTTTCTTTCTTAACCAGGCCGATAGGCTGTCAAAACCAGGAATCTCTTCTTCGTAGCACTACAGTCATACTCATTGATACGTGTGATTATTAATGTGGGTTTTTTAAAAAATTAGAATGAAACTCAAGAGCAGGGACCACATCTATTACTTGTGATTAATATATTCCTAGTGGTTAGCACAGTGTCTAGACAAATATATGTTGAATGAATAAATAGAAAAGGGAGAGGAAAAAGGGAAGGATTGACCCTCTGTGAGGCAGTCTTGCAAACAGCAGAAATGCAAAGCAAAGCTGAAGAACTAACTATTCAACACACACCTAGAGGAGCGTTGTAATGTCTTGTGCCTGTCTCAAATGGGTGCATTCTTATGGGTAAGTTTTACTAGTCCAGCTTTCACTGTAATAGTTCACATTCCTCTCCTAGTGTCAGTCTCCAACAAATCCCTCAGTAATTCGTAATCAGTAATCTCATGCCAAGGATGAGAGAGGGGCATTATCCAAAAAGTTGGGTGTGTCCATTTTTTTTTGAGTCTTGCTCTGTTGCCCAGGCTGGAGTCCAGTGGCATGGTCTTGGCTTACTGCAACCTCCGCCTCCCAGGTTCAAGTAATTCTGCCTCAGCCTCCTGAGTAGCTGGGATTACAGGCGCCTGCTACCTCGCCCGGCTTTTTTGTTGTTGTTATTTTTAGTAGAGACGGTGTTTCACCATGTTGGTCAGGCTGGTCATGAACTCGTGACCTTGTGATCCGCCCGCCTTGGCCTTCCAAAGTGCTGGGATTACAGGCGTGAGCCACTGTGCCCGGCTGTTCATCTGTTTTTCAATACCTTTAAGTTCAGTTTCCCTTACAAAGCCCACTTTTTTCTTAGTGGGAATCTCTTGTACCACTTAACACCTACATTCCTTAATTTTTAAAGTTAAAACACTTATATACTATAAAATGGACACATCTTAAGCATACAGCTTGATGAAGATTTACAAAGTAAACATGCCAGTTGAAACACCACTCTGATCAGGATGTGGAACATAACCAGCACTCCAGAAATCTCTCTGCCATCATTACCACCACTGGTTATCCTAGCCACTCTTCTGACTTGTATCACCATAGATAGGTTTTACTTGTTTTGAAGCCATCTATAAATGGAATCATGGAAGTTTGGGCTTCCCTGAGAGCAGATCTTCAGAGAAAAAAAACTTGAGTGCAGTAGTTTATTTGGCGTTTGGCTCCAGGATGCAGGAGTGGGAAAGATGGTAGAGAGACAGAAGAAAAATCAATAGAAAGGTATTACGGAGGTTGGATATATAATGCTTCCCAGAATTGTCTGACTGAACAGGAGGCTGAAATATTTATCCGCTGGCTCCTGTTTCCAATTGATTGAGGGATGCCCCCAAGGAAGTTAACTTCACTGCAATTCTGAGCTGTAATTGACTTTAATAAGCTCCAACAGCACTGAAAGACGTTTGGATTATTTTCAGTTTGGGATAATACTACTATGAACATTCCTGTACATGTCTTTTGAGAACACGCATGTGTACATTTGTGATGGGTATGTAATGGGGTGGAATTACTGGTTCATAGAATATGTGCATATTCACCTTTAGATATAGAGGCTGCCAACCATTTTTCTGAAGTGATTATACTAATTTATATTCTCACTATCTGTAAATGAACATTTCTGTTGCTCCACATCCTTGCTGGCACTTGGTATTGATTGATTTCTCTTTTAATTTTAGGCTTTTTAATACGTGTGTAGTGATATCTCACTTGCTGTTTGTTTGCTTTTTGGTAAATTTTTTATTGAAGTATAATTTACATACAGAAAATCACACAAATTGTGTACAGGTGTGATTTTTCACACCGTGAATACATGCAAAAACTAGTATGAAATTAAGAGTTGGAACATCACCAGTACTCCAGAAGCCCCATGCATGTTCTCTTCCAGTTACTATACCACTATCCCAAGGATGGTCTATTAATTCAACAGCATAGATTTATTTTGCCTGTTTTTCAACTTCAAATAAATGAAATAATATGCACTCTTGTGTCTGGCTTCTTTGACTCAACAGTATGTCTATACAACTCATCTGTATTGTTGCATGTTGTAGTTCGTTCATTCATACTGTTGTATACAGTATTGAATTGTATAAATTACTCATTCTGTTACTATGCATTTGGGCTGTTTCCAGTTTTGGCTATTATGAATAAAGCTGCTATGAACATTCTAGAATTGTCTTGTTGAACATATGTATTTCTGCTGGGTATAAAGCTTAAAAAGGAAATTACTGGAAAATAAGAGTATTGCCTCATGTTACCTACCTGCTATTTTCACTGTAATTTCATCTATTCTGGTTGATGTGTAATAGTGTCATATTAGCATTTTTTCTTTGCTTTTATAAAATAAATGTTTTTATGTTGGAA,False
272,-1016,-0.8889308,0.7306122,0.8347321,-2.4651136,2.4060814,0.9923941,2.3843203,-2.3224995,0.00895259,0.004738122,-0.21269879,0.44585398,0.6762215,-0.82178503,0.18272303,0.4929312,ENST00000506897.1,-1016,CACAGATCCTGAACGTTGAGCTGATTATACTAACTAGATGGGACTTAGTTTTGTCTACCGTGGGGTGAGCGTATACTACCTGAGGGAACAGGTTCTCTATGGTGAAGATGGCAACTTGCTGACTCAGTCTCAGAATGCGTTAAATCCACATATTCTGAAGTCCTCAGCAGAGTGAAACTTCATATATAATATTTTCTACAGACAAAGTTACCATCAATATCAACAGCAACAACACGGCAACAGCCAACATTTACAGAACTTTTATTAAGTTCCAGTCACCGTATGTGCCTGCTTCCCCTTTGCCTTCCACCATCATTATAAGTTTCCTGAGGCCACCACTGCCATGCTTCCTGTACAGACTGTGGGACTCCATGTAAGATGTTCCTGCTTCCCCTTTGCCTTCTACCATGATTGTAACTTTCCTGAGGCCTTCCCAGCCATGCTTCTTGTACAACCTGCAGAACTGTGAGTCAATTAAACCTGTTTTCTTTATAAATT,False
273,-1349,2.6246383,-2.6351585,0.005169497,-1.3505564,0.9630966,0.91000146,0.09181169,0.29239082,0.54997736,-2.4312208,2.202911,0.990379,5.1492853,-5.608566,2.1277256e-05,0.4911097,ENST00000454488.5,-1349,GATTTAACAGCTTTTGTTTTGGGCAGAAGAACCTATGGGCACAAAAAGCAGGAACGAGTAGCGGTGGCTGAAGAACGAGCAGGAGCTTGAATTTCAGTTTTCTTATGAGGAATTTTCCAGAAAAGATATCTTCACTGTGAAATAACTAAATAAATGCCCACTCAGTACAGTCACTGTCTCCCTTTTGGAACTTGATGGCACCTTAAGCCCAGGTTTGCCTCCACTCTAGAAACTCATCAGAGTGATGCCCTTCTCAAATGGGGGAGGTCCCAAAGCGGATATCCTGGCAGTGTGAAAGGCCGGCTAAAGCTTTCCCTGCACTCCAAACACAGAGCTGAGACTTCCACCTAATGTAGAAAGCTAGCACGAGCCGGCGCTGACAGATGGAAGACTTGAGATGTTACAAGATTATATATGGAAACACAAAAGGAGTGGAGTTGCTGGGTCATATGGCAATTCATTTGAGGAACTGAGAAGCTTATTCCATGGAGGCTGAACTGTTTTATATTCCCACCAGCAACGTGTAAGGTTCCAGTTTATCTACATCATCACCAACACTTGCT,False
274,-1022,-0.0052987933,-0.08270031,0.4806593,-0.72679245,0.7300805,0.811054,1.961969,-1.7070262,0.024867894,-0.49042204,0.39516112,0.70797783,0.1268611,-0.16480929,0.42759496,0.49043077,ENST00000511052.1,-1022,TGCTGTGACCAATCAGTGCCTTTACTACTCTCGCCGTGATTTAGGGGTCATCCGTGAATAACACTTCACGCTGATGAATGGCTCTTGCCGGCTTTCGGCTCTGATGAGGGGTCTGCCCGCCGCCGATTGAAAACACTAATGAACTTACTGCGCCATTTGAAATTCACACGCACCAACAAAATGGGGGGTGGGCATTTCAGGTCAGCTGAGTCACCCGAGGAGGTGGCAGTGCAAGACACTGCCGGGAAGACGGATTCCGAGGCAGAAGGGTGTAATTAAGGATTTCCACCCCCGGTAGGCGGCCCGTCCTTTGCAGAGCCTCTGAAAATGACCCGCGCCTTCCTTTCCACAGTGTTCTTTCGTCCGAGACCGAAAAGCGCAAATGACCTTTGGACAGGGAAGGGAGGCAGTAAACACTCAGACTTCCTTACCAGCCCCTGGTGGGCACTGCAGCAGAACAATTGTCTGCCCCCCAGGTTCAAGCACCTAGGCCTCCGCCCCGCATCACCTGGCCAGGGGCGGACCCGGGAGTCCTCCGAAGGCTCCACTCCCCA,False
275,-1402,-2.091749,1.8040304,0.9800774,-3.2687817,3.0399413,0.99818295,2.1801116,-1.6850172,0.020529907,0.06280717,-0.1635758,0.44364473,4.608545,-4.811096,8.110852e-05,0.48850316,ENST00000463143.5,-1402,ACCCACGCGGCGCAGCTCCCAAAGTTGCAGACAGCCCGGCGAACCGCGCAATGCGCTTCTTCTGCCTGCAGCAGAGAAAAGGAAAGAAAACTCCGCAGGGGCTCCGTTGGCTTCTCCACGAGTGACAACCATGTTTTCCCAGATAGAAGACCGGAGCCCTGCTCCTTTGCGATCCGCCGAGGGCTGCAGAGAGCATCCTCATCCATTTGGGCACCCCTGCCCAGGAAGAGCCCGGCCATCCCTTTCCGGACTGGATCCTTAAGAGGTGAATTTTCTTCCGTGGATTCCGATTTGCTCCGTCTGACCAGCCTAGGCAATCCAGCATCGCGTGGTACCAGTGCCGCTGGGCACACTGGCTTCACGCCGGCTCCGCCTCACCAGCAAGCGCATTCCCAGATAAAACACTAACTCAGAGAAGAAATTTAACTGCAAATTTGGTTAATGACCATGGATTCCTAATGAGAAGAAAAGCTAGACACTGAGAGTTTAGAATAAACTCAAGAATCTTAAAAATTTTCCCATGGAACTGCCTTTGCACCTCTATAAAAAATTAATTGACCATATGAACCGCCTGAAGTCTGCATCATGACTTGATGGTTACCCAGGGGTTTATGTGTGTCCAACTGAACACCGTGGTTCTGGGATTGAGGATCCGCACAAACACAGGCAGGAGTTTGGAGGGAAGAAGGGGGCACAGCAGGAGTGTATCTCAAGCCCACCTCAAAGGCAGCAGAGCATTCCAAGTTGCTGAAAACCTGTGCAAATGGGGCCTCTAAAACAAACATTGTACTGTGAGCTCTC,False
276,-423,-3.295537,3.4383934,0.9988116,0.7927822,-0.85900676,0.16086732,0.14360324,0.14282405,0.4998052,-0.6464261,0.60463023,0.7774827,4.3940797,-4.4698687,0.00014137563,0.48742166,ENST00000451355.2,-423,GTACCAGCCCCAAACCCTGCCAGCAGTATGGGGGAGGATGCATTTCTCCACACCTTGCTGAAGGATGGGGACTTGGCAGAGTTCAGTGATGTTTTAGGGTTGGAACATTGATTCCTTTCTCTCTCTCTTTTTTCCCTTTTCTCCTTGTGCCTCTCTTCCTGTGGGTGCCTGAGAAAATACTCAGCCTGTATGACTGTGGCCTGAGTCGAGAAGGAGTGCTAGCTCTGAGAAGAAAAGGTTTATTTCCACTCTCATGTGACTATCCATCTATCCATCTCTCCATCCATCAGCCCATTGGACAATATGTACCCAGTTCCTATATCCAGCTAGCTACTGTACCAGGTGCCAGGCATTTCGGGAAGAATAAGACAGACAAGGTTGTCGTCCTCATCCTTCTGCTCTACCAGGAACAAGTGAAGTGATAGGAAGAGCTTTTCCTCAAATAGCTCTGAGTTGTCCCAAGTCCAGCCTCCAGATCAGAGACCGTGGTTAGGGCCCTGGAGGATGCCCACAGCACCTCCCATGTTTGCATGCTAACTGGAGGCTGCCTCTTCAGGTGTGAGGAGGCAACTGTGCAGGTGGGGCAGGGCTGCCTTTCATCCCCCTCCTTTCTTCTCCAGGGATCTGGTATGCTGAGTTTGCTTTTGAAATGGAGGTCCTGGCCAGAGGTAGCCTGGTAAATACAGTTCTTAATCTAAAAAAACAAAACTCAGTGGGGAGAGAGTATGGGGAAGAAGGAAGCATTCTCCTTACCTGTGGACTAGACAGGGAGTGCTGAGAGACGGAGCCTGGGGAAAGTCCCATTGGTGTGAGCTTAGAGTTCCAGGAGAGATTAGCCACAGCCGGATGCTGACAAGGGTGCCAGATTGTTTCATTATGGAATGGTTAGTTATCACCTCAGCCTCCCAAAGTGCTGGGATTACAGGTATGAGCCACCATGCTTGACATGGTTCATTTTAAAAGATTACATCTGGGTCTGTAGACCTCCTCCCATATAACTTGGATTTTGTGGACCTGTATGATGGCCTGCAGCACAGCACTGCCAGCCTCAGAGAAGGCTGGGGTGTCAGTTCATGAGTCACCCCAGAGTCAACACAAGTCAGCCCCACCAGCCGCACAGTGTGCCTGCTGTCTATTGCAAGGTGAATGCAAGATGATTTTTTAAACAAATTTGTCTCCCTGTGGCTGGTCACTTGGAGGCCTTTTTTTTTTTTTAAAACATGTATTTACATCCTATTGATGTATCACCATCCTGTTGGTAACTTTAAAAATTTTGTGTATGTAAAATTGCCTATCTACTAATTTGACAACAATACCCCGGAGGTGGAACTCATCCCCAACTTTTGGCCTGGCTGTGAGACATCCCTCCTTGTTATGTCTTACTTTGTTGCTGTTGCTTTTGTTTCTCCCCACACCCATGCCCCCATGGGGGTCCTTGGCCAGCTCTACTCCGACTGCAGTTGTAGAACTGGGCAGAGAAGGTATGACACCCCCTCCCCCATTATACCTCAGAAAGAACTAGAAGTATGATAAATGAGTACGACTGGGAATTTGTTTTTTCCACTATCTCTAGGATGTTCATGTTTTGTAGAATCCATATCCTTAATTCTTTTTGTGTGAAAATGTAGAGCATACCTAGTTCTCAGACCCAATTCCATAGATTAGAAAAAAGTTTT,False
277,-877,2.4276636,-2.4262247,0.007737658,-1.0898649,0.6921787,0.85594904,0.053171724,0.32440102,0.5673947,-2.1228623,1.899137,0.9823982,5.167152,-5.6231837,2.0597181e-05,0.48270002,ENST00000420672.1,-877,CGCGGTGATTTAACAGCTTTTGTTTTGGGCAGAAGAACCTATGGGCACAAAAAGCAGGAACGAGTAGCGGTGGCTGAAGAACGAGCAGGAGCTTGAATTTCAGTTTTCTTATGAGGAATTTTCCAGAAAAGATATCTTCACTGTGAAATAACTAAATAAATGCCCACTCAGTACAACAGTGCCGATGTAATAGTAACAAAAAGTCTCAGCCTCATTTAAGATAAAAGGCCATCATCAGACAATGCAGGACAGATTGTAACAATAGGAAGTACTACAGAGATTCAGAGAATGCCATAAATAACCTTGGAATCCTGTGCTTGGTTTTGTTCTCAAAGAATTCCAGATATGATTTTTTTCCAGACAAAAATACCTGCTACATGCTTCCTTCTGTATGAATACATGAGACCTACCTTCATTCATGTTTCCTCTATGAAGCTTTCCCTGCACTCCAAACACAGAGCTGAGACTTCCACCTAATGTAGAAAGCTAG,False
278,-601,1.530874,-1.6529653,0.03977843,-1.0892214,0.6757382,0.85382974,0.55451775,-0.047243,0.353941,-0.12036982,0.07737991,0.54927695,-0.22379494,0.07394487,0.5738899,0.4741432,ENST00000433920.5,-601,TCTATGGTTTCCGCGGCTCGCTAGAAGGAGTGCGGTCCACTGGAGGTCTCCCTACATTCTTCCTCCATTATCTCACTGCCTCCGGTGGCTGCTGGGATACCGGAGGACTCGGGTCCCGGCTCGACTCAGTCCTCCAGCCGCCCGGGGAATACCTCTAGTTCTTCCCGGCCGCCGCCGCCTCCGCCCCGCCGCTTCCTCCTCCGCCTGCCGGCCTCCTTCGCCCCGCCCCGTCCGCGCAGCTCGTCCGGCCCGCCCGCAGGCCAGCTTCTCTCGGGAGCCTCCACCCAGGCGCATGGCTCCATGAAGCAAGAGGAGGAGGCAGAGCGCGAGAGATCCCGTCCGCCCCAGCCGCGTCTGGGCCAGGAGAAAAGCAAAACCATATTCCTGCTGCTGTCAGTTTTGATGCACTGAGAAAACTTCAGAGACCTAAGCTTTTTCCAGAGAAGAGAAGCTTTACTGGTGTTCCAGCCCTAAGGCTCATATGACATTAACAGACAAGACACTTTTCAGAAAGACAGGCAACGTGTTGGACCTTCCGGAGCTTCTCAGAAGACAGAGGGTTTTCTTTTGAGGCTGTTGTACAGTGGCCTGATTATAGCTCACTGTAGCCTCGAAATTCTGGGCCGAAATGATCCGCCTGCCTCAGCCTCCAAAGTAGCTGAGACTACAGGTATTGTTTGGGTTTTAATACAGACAAATCAACTCAATCAAAGAAACCAACTCAAAGAAAGATGGGTCTACATACAACAAAACTGAACAAAATCTGCAAGAAGAGTGATTCATACATGGGCTATTGAGGCAACATGAGATGGACATTAATCGACTAAGTAAAAAACAGATTTCTTGAAGAATTAATAAAGAACTTTTGTTTTGGAA,False
279,-244,0.2800048,-0.5136902,0.31137583,-0.5118638,0.5228578,0.7378303,0.45963946,-0.3160336,0.3152532,-0.8283739,0.74499637,0.8282635,0.70484364,-0.82780176,0.17760696,0.47406596,ENST00000585279.1,-244,GTGGATGCAGCGCCGGACGCCACAGCCGAAAAACAGAATCTTGGAACTGGTTTAGTACAATCCAGCCAACGAGTGGATAAAGAAAATGTGATATATATGCACTATGGAATACTAAGCCATAAGAAGGAATGAAATAATGGCATTTGCAGCAACCTAGATGGAGTTGGAGACCATTATTCTAAGTGAAGTAACTCAAGAATGGAAAACCAAATATTGTATGTTCTCACTCGTAAGTGGGAGCTAAGCTGCGAAGATGCAAAGGCATAAGAATGATATAGTGGACTTTGAGGACTCAAGGGTTGAAGGATGAGACTACACATTGGGTACAGTGTGCACTGCTTGGGTGATGAGTGCACCAAAATCTCAGAACTCACCACTGAAGAACTTCCCCATGTAACCAAAAACCACCTGTTCCACAGAAACTATCGAAATAACATTTTTAAAACTTTACTATTTCTGAATAAAATTTACATACATTTCTCAGAAAAAAAAATATTTGGAATTGAGGTATCTAATAGAGAACTGAGTTAAATTATTGCCACTTAAAAACACAAAGTGATATAGCCACTTTATGAATTAATCAGTCAGCAGTGGCTAGGTTATGCTTAGTGGTTTATAACCAAATCTTAGTTTATAACAACAAATGTGTATTGTTAATTCCCACTACAAGTTTATAACGACATTGCTGGATGCTACACTCCATGTCTCTTTGTGGGACCCAGGCTCATGGGACTTCTGTTACCTGCATTAGAGAGA,False
280,-1195,2.8038628,-3.0932274,0.0027399007,-1.3108416,0.97502327,0.9076995,3.06335,-2.4570348,0.003988336,-1.0252463,0.88644636,0.87120914,-0.29440653,0.042108,0.58334357,0.47379607,ENST00000414282.5,-1195,CTCTGCGTGCGCCGGAGGCTGCCGTGGCGGGTGGGCCGCCTGACTTCTCCTCCCGGCCAGTTCTCGAGCGCCTCACCGGGCCTCGCCCTGCAGCCTCGCTCTCGCTGGCGCTGCGCGGCCTAGGGGACTGGGCTGCTGGCCTCCGGGTGCGGGGTGGGGGCAGGCTCCGACCTGGGGCGTCCTGGCCGCGCGAGCCGCGGGATGGGGGCCCGGGCCGCGGAGGAGGCGCCGCTGGTGTGTCCCTTGGTGGAGAGGGCGCTGCCGGCCCTGCGCGGTTTCCAGCCAGGAAGCTTCGGGAAGCCTGGACGTCTGCTCACTGGAGATGACACGTGCGTGGGGTGTTGGCATTCTTGTTATTTAACACGGGAAGGAGGTGACTTCGCCTGTGATGGACTTCCAGTGTGAGCACTGGCCAGAGTGACCAGGCTGACCAGCACCAGCCCTGATCCAGATGCAGAGGCCAGGATGTGGGCCCAGCCCTGTGCCAGGAGGCTGGCTGGAATAAAGAGTAACAAACCCCCTTGGAGGACTCTCCTGCCGGGATGTCCATGTCCGCCTTTGCTCCGAGCTGGGGTCTCATGTCTGTGGTGCTGGAATCCAGAGCCCTGACGGGACAGCAGCAGCAGGAACTCGTTACGCTGCAGCAGGGCCCACACGGACTTGGCTTCCGCCAGGGACACCCGGTTGTCCTTGTTGAAGTCAGCCATGAGCAGGACCTGGCCAACCAGCGCCGGCAGGGAAGGCAGGTCTCCCAGGTTCGCCTGGCGTTTGGGACCAAAAGAAAGGAAAAGCCAGCTGATTTGATGTCTGGGAGCACGACCTGGCCTTTACCTGGTCCTCCTGGCGGGGTGGTCTGCCGGCCAGACCAGCACATCTGCCAGGTTAGGGGTCCCAGCCCACAGCTACACGGGTGGAGGACGCAGCCAGCAATGTGTCAGCTCACTCTGCTGGCCTGTGTGGCTGCTGCCAGACAGACCTCCCGCCTCCTGGCAGCCTTGGGTGCACCTGGGGAGCTCGGGGGTGGGCACCTGGGCAGAGAAGCCTCAGAGCTTCCCTGAGGATGAGAATCGGCACAGGGCAGAGGGCACGCACTGGCTGAAGCCCTGGGAAGCGGCCCCTTTCCACAAGCCCTGGTCTCCATTCGGGGCACCTGCCCTGCTGGACACACGGCCCTTGACTGCAGGAGCCTCCCCTCGACCTCAGCTGCCAGCCCACCGGCGCCCCCAACCCTTGCCCCCAGCCCTGGAGAGGCTCCTTCCCTGGCAGGGCTCATGCCCAGGGGCTGGGGGATGGGAGGTCTGCCCAGGGTCCACTTGGGCCCATCTGTGCCTTTGCGCTGGGCATGTTGGTGCCAGGGCCGCCTGCTGGGCATATGACCGTGGTGTGGACTCCTGCCCTGCCCCCTAGGAGAGCTGCCTGACCTTGAGGAAGCTGAGGGTCATCTCCCGGAATTCCTTGATGGAGGTGCCCCGGGTGGGCTTGTCAAACAGTACCAGCTCCCGCCGGGGGGCCGCATCCGACCGGGCCTTGGAGTCGAGGGTCTCCTCAATGCCACACTTGATGGTTACATCCTTGTCCCGCCAGAGCCCGCTGTACACCTGGACAGGGCCACAGAGGTCCTCCGTGCAGACATCCCCCTCCCACTGCACGGGCAGTATCAGCCCCAGGCCCACCCGCCCTGCCAGTGGCTATACCTGCTGGCCCGGGGCCACCGAGAGGCAGGTCCTCCACTCCACCATATGCAGCTCACACAGGTCCTGGCAGACGGAGCCCGAGATGATCCCCTTGCGGTACTGGTCACACTGAGGAGACAGGTGCAGGCGTGCCGGGCGGGGCAGCCACACCCCTGCCCCACTGAGCCCCTGCCCACAGGCCCGAAGCTGGCAGGGGCCTCCACTTGCTGCAGTTGGAAAGCTGCCAGCCCCTCACACAGGCAGTGCCGGGGCCCTGGGTCATGCCATTGGTGGCTGCAGGATGGGGCTGTCGGCTGCAGGGGCAGCCCCGCCAACCCTCCGGTCCGGTCCCGTCCCCACCATCCTGGCTCCTGTAACAGGACGGCACAGCAAAGGCCACTGCCTGGACATGAGACACACACCACACCCAGTGTCGACCCCACGCCAGGGCCAGAGGCAGGAACCTGGAGGCAGCTCTCCGCCCAGCCGACCCAGCTCTGGACCATCCAGGCATTGGCCGGTGAACTAGAATTCACACTAGTCCCTAATATCTACACCACCAGCTGCCACACGCGCGCTCTCTGCCTGACTCTTCATTCCTGCCTCGGGTGACGCCAGGAGGGAGGATGCACCCCCTGACTCATGGCGCCCTCCCTGCCCGGAATAGTAAGTGAGACATTTCTG,False
281,-1021,-0.041641235,-0.0502432,0.49784952,-0.69187367,0.69192946,0.7996011,2.0181348,-1.7636125,0.022275351,-0.6611043,0.5697614,0.77397007,0.48523813,-0.5287538,0.26619935,0.47197905,ENST00000505873.1,-1021,CTGCCCGCCGCCGATTGAAAACACTAATGAACTTACTGCGCCATTTGAAATTCACACGCACCAACAAAATGGGGGGTGGGCATTTCAGGTCAGCTGAGTCACCCGAGGAGGTGGCAGTGCAAGACACTGCCGGGAAGACGGATTCCGAGGCAGAAGGGTGTAATTAAGGATTTCCACCCCCGATTAGCGGCCGGACACTGTCCCTGCCTCGATTTTGTTTGCTGTGGGAGGGAAAAAAAAAGTTTGCTGCTCCTCCCAAGACACTGGCCACTTTCTACTCACTGAAGTTCCCACCGCAGCGCTGGCTCCCGGCTCCCTAGCTCCCGCCCCCTGTCTGCAGGAAAGCCCTCCCCCGGAGCTTCCGAAACTGCTGGAGGTTCCAGAGTTTTGTAGCTCCGAATGGGCGACCTGAGCCGAACCGCTCTCTGGCTGGGTGGTCGGCGGGATCCTTCAGGCTCCTTTCGGGTCCGGGACGGGGCGGCGGCAGAGGTGGGGCGTGCGTGCTTGGGGCTGCCGAGTGAGTGCGGCTCCCTGGTGCGCGCCCGAGCATCTCCCCGCCCTCTCCTGGGACCAGCAGTCTGCCCGTGGAGGGCTAGGAGCCCGCGACCAGGCCTGCCCCGGCCGTCGCCAACCTGTCCTTGGAAGCGTGGCGGAGACTGGTGCGCTCTCAGCCTCGTCGCGCCAGCCGCCTCGCGCCACCCTCCACTTTCAGCTTCAGAGCAGAGGATTCCGCCGACCTCCACCTGTACCTGTACTCGGCCGTTAGGAAATCCACTTGCATTTTTAACTACCGTGCAGAACCAGAAACAGATCGAGCACTGGGAGAACAAGGACGACGCCTCCTAGGAAAGCCTGAACCTTTATGTTAGTTTATCCAAAGTTTGGGCTAGAAGTGAGGAGAATCCCTAAACTCGAGGTGGTGTGCCCAGACCCACAGCC,False
282,-879,1.873574,-1.8457141,0.023677029,-0.20166612,-0.21633402,0.49633306,-0.68255174,0.9621116,0.8381685,-2.3309264,2.13481,0.98863447,4.7106757,-5.1083274,5.4404838e-05,0.46937352,ENST00000442036.1,-879,AAAAAGCAGGAACGAGTAGCGGTGGCTGAAGAACGAGCAGGAGCTTGAATTTCAGTTTTCTTATGAGGAATTTTCCAGAAAAGATATCTTCACTGTGAAATAACTAAATAAATGCCCACTCAGTACAAGATGCGGATCTCACTATTTGCCCAGACTGATCTCAAACTCCTGATTTCAAGCAATCCTCCTGCCCCAATCTCCTACAGTGCTGGGATTACAGGAGTGAGTCACTGTACCTTGCCTCATTGAGTAATTTTTTTCTTTATCATATACAATGTCTGAAAGGAGCTGCCTTCTGTCTTTTGTCCAGTTTTAAAGTTGTTTACAGTGAAAGGAGGGCTAGCCCACACATGTTATTATATCATGTTTGGAAGCAGAAGTCAGTTACCCTTAAATTAGAGATGAGGAAACTGAGGAACTGAAAGGTTAAGCAACTTGCCCCAAATCACACAGCCGTTTACCTGTGATGGAGCTTGAATTCAAACCCAGGCAGTCTGTCTTTAGAGATGCTCACTTAATTATTGTTCTGTACAGCTTCTTAGAAAAATGGCTTTATATATGTATGTAAAATGTTTTGTCCAGTGTAGGTAACATAGTCAATCCTTAATAAAGTCTAGCTAAATTATTCTTTAAAATCCTAAAGCTCAGTATGAATTTGTTCCTAGCCCAGTGTTTCAAAGCAAAAGTCCCATCATGTGAGTTGATCTTTATTAACACTAATTTTTATTACTGTCCTACTA,False
283,-227,-0.37498713,0.22236347,0.6450499,-4.4447503,4.458442,0.9998641,1.7140428,-1.3001586,0.04678841,0.37698385,-0.57690966,0.2781025,0.15539503,-0.39333397,0.36615935,0.4671929,ENST00000587743.1,-227,CTTTTCGAGGTCGGCCGCGTGGCTGGAAGACATGGCCACTCCAGTCGGTGTTGAGCACGGCGAGCAGTCTCAGGCCTTTAGTGATGATGGTAAGGCTGCCTGGGTGGGAAAACGGGGTCTTCCTTGACACGACACTAACATACTTGGCTTCCCTTCCTCAGAGACGAAGTGGTGACGATAATCTCGGTTTCTCCCTCATAGGGTGGTTAGGAGGGTTAAAAGTACTGGATGAGAAAATGCTTTCCAAACGTTGAGAAAATGTTACTATGTGAAGGGAGAGAGCTCAAGCCCGTCCTCGGCGTCATAGGGCCGGCTTCTGCGGGGGAGAGCGCCTAACAACCTGGGCAGCCCCGTGCGCCTCCGCCGCGCGTGTGCTGAGCGTCATGCCCAGGGGTCTTCGGTGCCCGCGCACGGGCAGACTCTGACGATGGTGGTTCTTAATTCAGCATCAGGAGTGTTAACGTGTGAAGACGTGATTCCGCTTGGAGTGTCTTGAGGACGGCCCCAATCGGTAGTTCATATTTAGCTTTACAGATAGGAGTCAATAGGATTGTAAACTTCTGGAAAGCCGTAGTTTTAACAACGAGCCTTTTTTCCTCCCCCAGAGGCCTTTCTTTGTTTGGCATCTGCAGAGACGGTGAAAAGCAGAGCTCCAGGTTGAAGGATCAGAGTAATAGATGGAGCCCTTAACATGAGTAAGAGTGGGTGCAGGCAGGGCCTGAGTGGTCACTAGAAATGAGAAAGCACAGTTGGTGCCATCACATACATTCACCTCCTGCTTTATTCTGAAGTTCAAGTATGAGAATACGTGTTGACATACAAGCCAGCTATGGTAAGAAATTACTCAAAATTCAGAATGCTAATTATTTTAATGATAAAAATGAGTAGCGTCTTTGCCCGTGTGATTTGGGGCCACTAGGTGTCATTGTAACCAGCGTGGATCCTCGTTAGGGCATGCAGGGATGAAAGAGACATGGCAAATGAATTTTGGATCGCTAGGATTTAGGAATCTTTGTTATTGGCTGAGCTGAGGATGATTTAAAGTTATCCCTGTCTGAAATGGTATCTTTTGTGAGGAGGTCTGACTTGCTGAGGCTCAGCTGTTTAATACAAATCTGGAGAATAAACCTTAAGGTGGTTTCTGTTAGAATGAAGCCTGTTATCCTTCTCTTTTAGATTAAAGGTGGTGGCTGTGGCCTTGAAAACAGTCATGTGAAAACTCATCACCTTAAGGTGTTAAGTGTAAGGATCTTCATGATGAAATTTCTGTAAATGGTGAGATTTTTAGTACTTTCATAGACTTGAATATGCTTATGGTCCTCTTTAAGTATTGGTTTGTTAGTTTTGGGGATGTGTTGGTCTTCCAGGGTTACGATTGCCCAGATAATGGAAGTAGTATGGAATTCCTTTTGATAGGGTCCTTGCCAAGCACTCTCATAAAGAGCATTTTTTGTTTGTTTGTTTTGAGACAGAGTTTTGCTCTTGTTGCCCAGGCTGGAGTGCGATGGTGCGATCTTGGCTCAGCGCAACCTCTGCCTCCTGGGTTCAAGCTAGTCTCCTGCCTCAGCCTCCCAAGTAGCTGGGATTACAGGCATGCACCACCACGCCTAGCTAATTTTGTGTTTTTAGTAGAGACGGGGTTTCTCCATGTTGGTCAGGCTGGTCTTGAACTCCCGACTTAAGGTGATCTGTGCTGGGATTACAGGCGTGAGCCACCTTGCCTGGCCATAAATAGTATTTCTAATATCAACCCCATATGAGGTAAATTTTTTTCCCCACTCTGCTGCTGAGTAAGTAAAAGTGAGGCGTAAAGAGTTCTTTTGCCCAAAGTTATACAAGCAGTTACTGAGTTAGACTGGCAGTTCTGAACTGGGGAGCGATGGTGTTCCTGGCATCTGGTGAATGCTACTATTAATAAATACCCTGGCTGGGCCTGGATATTTATCTCATGCCTGTAATCCCAGCACTTTGGGAGGCCGAAGCAGATGGATCACCTGAGGTCAGGAGTTCGAGTTCGAGACCAGCCTGGCCAACATGGTGAAACCTTGTCTCTACTAAAAATACAAAAATTAGCTGGGTGTGGTGGCGGGCACCTGTAATCCTAGCTACTTGGGAGACTAAGGCAGGAGAATCTCTTGAACCCAGGAGGCAGAGGTTTGCAGTGAGCTGAGATGGCACCATTGTACTCCAGTCTAGGCGACAAGAGCGAAACTCTGTAAATAAATAAATAAATAAATATCCTACAATGCATACAACAGCCTGCATGAGGAATAATTGATCCACCCAGTATGTCAGTAGAGCTGAGGTTGAGAAACTCCTGTATACCACACGTTAGGCTAACTAGAGATCTGAGCTCTAGTCTCAGCCTATTTTCTCACCAGAGTCTTGTTTCTTCATTTGTGAAACAGGGTTAGTGATTTCCAAACTTGATTATTACATCAGAGCCACCTACAAAGTGTTAAAATATACACATTCCTGGGCCTCACCTCCAGGCATGGGTGAGAATGGCTCTGGAGTGGAGTCCAGGAATCATGTGGCCAGTCCAAGAGCAAGTGGGTAGTAACTAGATCAGGGGTGTCAATCTTTTGGCTTCCCTGTGCCACATTGGAAGAATTGTCTTGGGTCACACATAAAATAAACTAACACTAATGATAGCTGATGAGCT,False
284,-1302,2.100163,-2.4343143,0.010618553,-1.0114927,0.8388703,0.8641697,3.0078957,-2.6200686,0.0035830047,-2.623831,2.6725595,0.9950153,0.055018842,-0.14239818,0.4508054,0.46483842,ENST00000456429.5,-1302,ACGGAATCCGGGGGAGGCCGAAACCCGGTAGTCGATGGAACCTCTCACTGCAAAATCTCCCTGCTTTTTGAGGCTAGAGCCGAGAAGAACGCCACAGGACAACGCGGGGGAAGAGGGGGCACCTCCCCCTTACCTTGATGGCTTTGTCCATGTCGCTCTCCTCCGACATACTCAGTGGGGCCCCCACAGCCGGGAGAGGCGGAGGCTGCTCAGCAGCCCTGTCCCCGCGCGGCCGAGGGAGCAAAGGGCTCGGCACTCGGGCCCCTGGGCCTCGTGGCGACGGGCAGCAGCCGCCCCTCGGGACCGGTGGGGATGAGGACCCCGGCGCCGGCTCTGCTTCGGCGGGCGGCTCTAGGCTGGCGGCAGCAGCAGCGGCGGAGGCGGCGGCCCCTGGGGACAGGTCTTTGTGCTGGGCCCCACGCGGCCGCCTCCTAGCCTCATCCCCAGCTGGGGAGGCAGGCTCCTGGGGTAGGGCGAGGCGGGGAGGGCCTCGACCCGGGGCGCCGTGCAAGGGCCTCGCGGGGCCGCCGCTTAGACCTGGGCTCGCCAGGTCCTAAAGAAGAGCCTGCGCCTCCGCCTCCGCCGCCTGCACCGCCGCGAAGCCGAAGCCGAAGCCGAAGCAGAGCTCGGCGCCGCTGCTCCCGCCGCCGCCTCAGCGCCACACATCGCCGGGACACCCGCGCCGGGCAGCCCCGCCGGCCGCCCTCACGCACGCGCTGTGCCCCGCGGGAGCTCCAGGCCGCCCCTCCTGCCGCCCAGCTTCGTGACTCCACGGCCCCACGCGCCCCTTGCTGCCTTCCGCTGGGGTTTCCGAGCCGCCCCCGAACCGCGCACCCGACTTGCAGGCGTCCGCCTGGGCCTCCCTAAGACACGCCGCATACAGGACAGGCCCCTGGGCCTTCCGCGGCGATGGCGCTGCGCTAATGACGTCATAGGCCCGGACTCGCGTGAGTGCGCGTGCGTTGGGGCCTCAGCCTTTATCTCCACTCTGCGGAGATTCACGCCTGGAAAACGCTCTTCTGAGAGGATCTGTGGAGGTCAACCCAGGAGAGAGAAGACAGGACTGAAGCACTGAAAGGGTCCTGCCGTTAAGGGCGCAGGATTGTATAGAATATATAATAGCAGTAGCAGCTCTGTTTACGGAGCATTAACCTTACGTGGAGTTATTTCCTGCATTTCCTCCTTTCGTCTTTACAAGGTAGCCGTTTGGCGTCGTGAGGTATGGATGTTCCCATCCCTAATTTGCAAAATAGGTAACTGAGGCTCAGGAGAGCTAGACTAGTTTGTGCACAGCCGAGAAGTGGTCAAGCTAGAATGGGACCCCAGGTTTGTGCTCCCTACTCTCCACCGATAACCTATCAAAGGGCTTTGCAAGAGCTTTTGACTAATCGTCTGTCAATGGTTCTTCATTCACGTATTAATTGCACATCAGTATGTGCCAAATCTACTAGACATTGGAGAAACAGTAGGAACAACACATGGTACCGGCACATGGATCTTTCAGGAAAACGAAGTAGGTAATAAACAGGAAAAAGCCCGAGTCTGATGCTAAGAAGAACATAAACAGGATGCTGAGAGATTGGGTCTCTCCACATTGCCCCGGCTGCTCTCCAACCCCTGAGTTCAAGTGATTCACCTCCCTTGGCCTCCCAAAGTACTGGGATTACAGGCGTGAGCCACCGTGCCTGGCTGAGAAGATGGATTTAAGACATATTTTGGAGCGGAAAGTGACCAGAAGAGGTGTGCAGTTTCCAGGCCTGGCCCATACAGACCTCCAACAGGTGCTCCCCTGTGCTGTTACTCCTTCTGCCAACTGGAAGCAGATGGTGACCAGGCTCTGGAGAAGGCAAGGCCTGAAGATGGGAGATTCCTAAGTGGAGGAGAACTGTGCCTTACTGACCTAAATATCCACTCAGTATTGTTATGTGAGAATAAATAAACTTGTGTTGACCGTTTA,False
285,-801,1.7480342,-1.8939202,0.025532115,-0.84667027,0.63299334,0.81452173,0.44103017,-0.10837889,0.36600155,0.562992,-0.57358074,0.24295017,-0.94677144,0.99833375,0.8749119,0.4647835,ENST00000589137.5,-801,AGGCAACGGGGGCGGGTCCCTGGGTCTGCAGAGCCTGGGGGCCAGAACACGTGGCTTCCCGGTGGCCCTCACCTTGCAGAGTTGGACAAAGAGGACTAAGTTGGTGGCCTAGGTGTGGAGGCTGGTGGGGCCACCACCACAGACCACAGGAGGGGATGTGTGCAGGCCAGGGTCCAGCCTTGCCTGAGGGTTGCACAGTGTTTTAAGTGACTTCTGCACTGGTGGGCCTCTCCTCCCGAAACCAGTCTCTCCCTCTTAACTCCATACAGTAAGCAAGGCCCGGGAAGAAGTTGGGTTTCCCTGCCATCCTTCCTGCCCCAGCCCCTCATCCTCAACTCACCATCAACCCTTCCACGATCCCAAATCGCTCGTGGATGACTTTGGCGAGGGGAGCCAAACAGTTGGTGGTGCAGGACGCGTTGCTGAAACAGCCAAGGTGTGCACGGACACTGTGAGGTGGTGACCTCCCCAACTCAGCCCTCAACCTCCTCAGAGGCGCCAATGCTGACTGCTGTCAGCCAGCCCAGACCCTTTCTCCATATGCTGCCCGGGACGTGGACTCTGTGACTGTGAGGCCTGCCCGGCTGCTTTCTGCTTCCCAGCTCTGACAACCTCGCCATGAACCCTCCTAGACCCTCAGCTCCTGCAATAGGAAGCTGGCTGCCAAAGGCCAGGAGGGTCCCTGAAAACAGACACTGCATTAAAGAAAAAGCTCCTGGAGGACTCCTGAAGCCTGAGGCAGCCTTGGGGCAGCAGTGGCTCATGGTTTACATTGGAAAGGTTTATCATGAGTAACCGGGTGCTTTGCTTCTGTGATTCTTGGCCAGTGTCGGTCTGTTTCCTTTGCCATTGAGCCTGCTCCCCTCAATGGGGGGTTCAATCAATGTTTGTGGGGTTTGTTTGTTTTGAGACAGGGTCTTCCTCTGTCGCCCAGGCTGGAGTGCAGTGGTGCAATCAGAGCTCACTGCAGCCTTGATCTTCCTGGCTCCGGCCATCCTCCTGCCTTGGCCTCCCGAGTAGCTGGGACTACAGGCGCACACCACCATGCCAAGCTAATTTTTAAATTTTTTTGTAGAGATGGGGTCTCACTTTTGTTGCCCAGGGTGCTTTAGAACCCCTGGGCTCAAGTGATCCTTGACCTCCCACAGTGCTGGGATTACAGGTGTGAGCCACCGTGCCTGGCCTCATGGGTTTTCTTTGTTTTGTTTTGTTTTGTTTTTGAGACAGAGTCTCACTCTGTCACTCAGGCTGGAGTGCAGTGGCACGATTTTGGCTCACTGCAACCTCCACCTTCCGGGTTCAAGCGATTCTCCTGCCTCCGCCTCCCGAGTAGTTGGGGTTACAGGCATGCGCTACCACACCTGGCTAGTTTTTTATTGTTGTTGTTTTTTGTATTTTTAGTGGTGACGGGGTTTGCTCTGTTGGCCAGGCTGGTCTCAAACTCCTGACCTCAGGTGATCCCCACTTCAGCCTCCCAAAGTGCTGGGATGACAGGCATGAGCCTCTGCACCTGGCCTCGTGTTTTTTTTTTAGTTAGCCATTTTATACGTGTTTACTGAACACCTGTCCTGTGCCCATATTCTAAGTGCCTTACCTGCATTAAACTCATGTAACCTTCACAACCCGA,False
286,-293,-4.695121,4.5744214,0.9999057,-1.1619362,0.828791,0.87982005,0.28307977,-0.2515679,0.36943352,5.908116,-6.173858,5.660606e-06,1.2003189,-1.6889102,0.052688573,0.46037072,ENST00000602458.1,-293,ATTTTTGTAACTTTTTATAATGAGACTTACACATTGATTTAAATTATATACAGGATGCTCAGCCAGCACAAAGCTGTGGTGAGATTTGGGCCCAAGTCTCCGACTCCAGATTCCAAACCACATTAAAAAAAAAAAAATCACCTGCAGACTGCCTATAGCTTTAACAGTCTCTGTCTCCCCTTCTTCACATCCTTCCGGTGGAGAAAAGTTTGTGAATATTAAGTAAATTTGATTCAATAGACATTTTATTTTTTTGTAAAGATGATGGGGTCTTGCTATGCTGCTCAGGATGGTCTTGAACTCGTGACCTCAGGTGATCCTCCCACCTCTGTCTCCCAAAGTGCTGGAATTACAGATGTGAGCCACTGCGCCCAGCCTGGTTTGGTAGTTTCTTAAAAGTGAAAATTAGACCTACCATGTGACCCAGCCATTCCACTACTAGGTGTCTACCCAAGAAAAATAAAAGCATGTTTCCACACAAAGACTTGTATACAAATATTCATAGCAACTTTATTTGGAATAGCAAAAAAAAGGGAAAACAACCCAAACAGCCATCAGCAGGTGAATGGATAAACACATGGTGGATATCCATACAATGAAACACTGCTCAGCTGTGAAAAAGGAACAAACTATTGAAACAATATCCCTGTTCAGGAGCAGGATTTGGAGAATATAAGAAGCATATCTTTTATAATTTAAAAACTTGCTTTCTAAGATTTGAACTGAAAGATCTTTTTTGAAGATGAGTGTCATGGAATTGACATGATTTGAAGTGTTATGGCACTTCCTTTGAATAAAAAAATCAAAGTTGCTAACAAGTTCCATGTACTTAAAAATATTGGGACAGAGCGCTCAAAGCTATGAAAAGTTTTGGGCCACCCATGAATATGAGATAAGATTAACAAGAGAGGAGAAGGAAGTGAAAAATATGGCTTTCCATGCATTTCCAATTGTATGAATTACCATTGAAGGCTAGTGATGAAATGTTACTCTCTAGGAGTCAGTGTTTTCACATCTAAAAATGGTATCAGTCATAGAAAAAGCTTATCTGTCTACTGCCAAAAAGGGAAGAGGGTAATAGCACGTATTGAGCACCTACTGTATATTCAGATGAGGTCCTGCCATACGAAATTCAGTCCCCACTGTTCTGGGGGCCATGCAATCGTCTTTAGATAATAGGTGTGGGGCTAGGGGTTCCGCTGTGAAGTTACCTTCCTTCCCAGGGTGCTCAGCCAGCACAAAGCTGTGGTGAGATTTGGGTCCAGGTCTCAGACTCCAGATTCCAAACCACATTTAAAAAAATAAAATCATCACCTGCAGACTGCCTATAGCTTTGACAGTCTCTGTGTCTCCCTTTCGTTTGCATCCTTCGGGTGGAGAAAGGTTTATGAATATTTTAGTAAATTTGATTCAAAAGACATTTCTTGATTATCACATTGGTTCTCAAAGTGTGGTCCCTGGACCAGTGACATCAGCATTACCTGGGCACTCATTAGAAATGCACATTCTCAGGCCTACTCCTGACTCCCAATCCAGAAACACAGTGTGGGTCCAACAATCTGTTTTAACAAGTCCTCTGGTTCGCTCCAGGCTCCAGGGTGGGACAGTCACTGGTGCTTCTGCTGGCTGGGACAACAGGGCCCCACTGTGGAACTTGCAGCCCGTGACCCCCTCCTAACGGCTCCTCTCAGTTCCCGTGGTCCCAAAAGCCCTCTGTCCCGTGCAGGGCTGCCCCACAGTGGCCTTCCACATCCTCCTGATAGCAGAGGCCCCCGCCACCCCCAGGGCCACCTCTGCAGCTGTGCCGCAGCTTCTCTGCCCAGGCACCTGCACTGACACGGAGCACCCTGTAGGTTGTCTGCTTGAGGCCTTTACCTAAATGCTTGCCGCAGCTGTTTCTAAACTACAAAAGCACACAATCATGAAATGAGGCAGAGGTGGGCTGAGTGCCACAATGGATGCCAAGAGGAAGAGAGATGGACATGGCGCTGGGAGGCTCTGGGCACCACTGGAGGGGGGCGCTGAGTTCCCGGGCTGCCCCGGCTGGGAGAGGAGTCGAGTCTTAATCTCCTTTAAGGAAACATAATAAATAAACTACTTTGCCACTAGAGTGATTTATGTGTTGATTTGGGTGGAATCTCTTTCATGAACACATTTTATGTCTTTTTAAAAAAATTAGATTATTTCTTGGCCAGGTGTGGGCACAGGGTGGCTCATGCCTGTTATCCCAGCACTTTGGGAGGCCAAGGTGGGTGCATCACTTGAGGTCAGGAGTTGAAGATCAGCCTGGCCAACATAGTGAAACCCTGTCTCTACTAAAAATACAAAAATTTGCTGAGAGTTTGTGGCAGGTGCCTGTAATCCCAGCTACTTGAGAGGCTGAGGCAGGAGAATCGCTTGAACCCAGGAGGCAGAGGTTGCAGTGAGCTGAGATCATGCCACTGCACTCTAGCCTGGGCAACAGAATGAGACTCCATCTTATAAATAAATAAATTAGATTTCCTACCACTACAGTGAAGCATAATTTTATGATTTAGGCAACTACCCTAAAGGGAAATAAAACTAAGTGAGATTCCACATGGTCTCAGTAATACCTGTAGTGCAAAATCAAATGCTTATAGGGAGTGAAACAGAATGCGGCCGATACCTGTGGAAAAGAGTGCTTCAATTGTCTTATGTCTACGACCAGCCTAAGCTCATAGCCATACAAATATATATACCATACATGTGCTGAAACTAAGTTAAATTTCTTGTTTTTAATTGTCTTAAGTATCAAACTTGGATCATCAGAACATGTTGGAAAAACACGGCTCTGAAGCCAACTTATTAAGCACCTGTGCTGTATCGAACATTTTACATTTGTTCATTTAACATATCTAGATAAATCTACTCATTTACAGCTATAGTGATCCAAGATTTCATCACAGCAGATTAAAACAAAACCTTTAAGTTAAAAATAATTTAAAATCAGTGAATATATTAATACTATGAGAGTCTTTGCCTATGAGAATACAGAACTTTGGCCCAAATGTTTCATTAATCTACAGGGTTATATACATTTGGAGCACAGTTTTGTTGTTTGTTTGTTTGTTTTTAATCCTCTTCCCAAAAATGGGTTTCTTTAGGCAGCTCGAGACTCCTGTGTTAGACAAGAGGAAAAGGAGTGGGTGCCTCTCGACTGGGACCAGTGGACATTATTATGGGAATATACCAGTGGTGGCAGGTTGATGA,False
287,-725,1.9693425,-2.0881314,0.016998691,-0.34245837,-0.26505032,0.51934236,3.844015,-3.4151027,0.0007032339,-0.5815588,0.57885146,0.76140726,-2.871539,2.7948112,0.9965514,0.4590006,ENST00000559853.5,-725,GGGTACACCAGCCAGCCCACGGCACAGAGCCTGCCTGTTGGTCTCTACCCACAGGGGATCCCCTGCTGCTCCACCATCAGATTTGGGACACCACCCCCCCCCCGGCCCCACCAGAGGGCATCAGCTATGCCTAGCAATTACGCCCCCGTGGCTAAATTAAACTCCCATTGGCTAAATTAGGCTCGAAGAGAGGGGCACCTGCTGCTAAGCTGTGTATGTTGTCCCCTAGGACTCCCACCGTTTGCTGAGCTCCACATGACAACAGCAGACGACAGGCCGCACTGATCCCACCTGGCTTACAGGTGCTGTCACACAGGACTGCTGACTAAACACTTTCAAGCACAGTGGACCCTTGAACAACGCAGGTTCAAACTGTGCAGGTCCACCCACAGGGATGTTTTTCAATCAGAGTTATACCAAGTGTCCCTGCCTCTCCTGCCTCCCTTCCCACTTCCTCCATGTCTTCCTCTCTGCCACCCTGAGGCAGCAAGACCAGCCCCTCCTCCTCAGCCACTCAACATGAAGACAACGAGGATGAAGACTTCTATGATAATCCACTTCCACTTAGTAAATGCTTTCTCTTATGATATTCTTAATGACATTTTATTTTCCCAAGCTTAGTTTATTGTAAGAATACAGTATAAATAC,False
288,-958,4.2455473,-4.140892,0.00022788551,1.257898,-1.3257908,0.070195585,0.27287284,0.11761165,0.4612625,-3.2655241,2.8307097,0.9977537,-0.7264273,0.29735988,0.73570967,0.45302987,ENST00000446336.1,-958,GGTAGCCCACCTGGGAGGAATTTTCCAGAGATCACTGTCTGATGACCCTGTCTTGGAATTGGAGCCATGCAAGTTACACTGACCACGTTTGGGTTGGGATATTGAGGAGGTTATGGTTAAAAGCATACGATGGGAGATCATATTGTACTTGCGAGTGAGACCCGGCTGGAGGAATGTTTTAATTCTTCGGAAATACCAAGTGGTCTCTACAGAACACTGAAGATTCTGCTCTCAGGGTGTTGATTGACGTCTGGAAGGCAGAGACTCGTGGATTAGCAAGCATGTGTAAGAAAGTGCTCTGGATGCCACAGGGTGGTAATTTGTGCATGGAAAATGGCTGGGGTGAAGAGGAGACTAGGCTACTCGGGAGGCTGAGGCATGAGAATCGCTTGAACCCGGGAGATGGAGGTTGCACTGAGCCGAGACTCCAGCCTGGGCGACAGAGTGAGACCTCGTCTC,False
289,-1219,0.31802475,-0.44241518,0.31855077,-1.2748581,1.0395557,0.91006374,1.3491107,-0.9921458,0.08776326,2.984671,-2.9687028,0.002590336,-1.3134922,1.337105,0.93404776,0.4506032,ENST00000478103.6,-1219,GGCCACATCTGCCAGAGCCTGGAGTCTGCGAAGGCCGGGACCCGGTTCCCCGGCCCACAGTGGGGGTGTGCAAACCCGAGAGAACTGGGAAGTGCCGTCAGAAGCGATAACTGACGACGTCTAATGTCTATCTGACCGCAGTCGCTGAAACCTCTACAACTTAGTTGACCGTAACTGCCAGAGCCCTGCCCTGAATTCCTGTCCTTACTCCCTCTTTAAGATTGCGTACCCACTGCAGAGTGCTGAAGACGGGGTAGCCACGAGGTTGCAAATTCGTGAAGAATCAGCATCATGTTTGGCAGCTGAGTATTGGAGCCAGGAGCCTGCCATGAGGTTTTGAGAACAGAGTGCTGTTTTAGAGCTGGCAGCAGCATCTCAGCCCAAGAGAAGCCGATGCAGCCTCAGTGTTCCTTTGCCTTGGGGGTTTCTGAGTGGTGGGGTTGTAAGCAGATCCTGCCAGGCACCCAGAAGGAAACCTCATCAGGACTCCCTCAGAAAGGCCCTGAAGAATCCTGTGACCTTCATCTAAAGTAGGTCATGAGACCCCTGAGCTTAAAACGGAGTGATCGGCTTTGGAGAAAAATCCCTGGAAGGCACGCAGGCTGGACATCATCATATATTCTCTACAGATGGAGACACCAAGGCCCACGCCTTCTGTGCTGTTGGAATTTCAGGAAGGATGGGGGTGGGGCACGGCCTCAGCCCTGGGCAT,False
290,-703,0.29039526,-0.39028043,0.33611053,-1.6657015,1.4227589,0.9564142,3.259798,-2.8076584,0.0023117035,-1.5680966,1.4649351,0.9540443,5.1787915,-5.459572,2.3977687e-05,0.449781,ENST00000551597.6,-703,CTTGTCGGCGCCATTTTGTCTCGGCAGCGGTGGCCGTAGCTCCATCGCATTTTATGTTTCTGGCGAGAAGGGAACGGAGTTTTCATCAGGTAGATTGGTTTTTGTGCGGCCGTCCTCCACCGTTTCCTCCAGGACAGCACCTAGTCGTGGCCGGAGGAGTCTCAGAGCTGTCAGAAAGAAATAATCGGCTGGGCGTGGTGGCTCATGCCTGTAATCTCAGCACCTTGGGAGGCCGAGGCGGGTGGATCACCTGAGGTCGAGAGTTCAAGACCAGCCTGACCAACATGGAGAAACCCCGTCTCTACTAAAAATACAGAATTAGCCGGGCGTGGTGGCGCATGCCTGTAATTCCAGCTAATTGGGAGGCTGAGGCAGGAGAATCGCTTAAACCTGGAAGATGGAGGTTGCGAATAAGACTGATTTTATGGGAAAATTAAGCAGATGCTCCAGTTTGAGAAACCTGGATCTGCGATCTGTTTGTGAGTGGTATTCAGTTAAGAGAACAAT,False
291,-480,0.22394711,-0.44616258,0.33847228,0.20418322,-0.23860589,0.39107662,2.3158686,-2.1037452,0.0118956715,-1.8067578,1.921943,0.9765396,-0.08605945,0.03612441,0.530508,0.44969845,ENST00000566293.1,-480,AGAGGGTGTTTTCTGGTACTTTGGCAAACACTTGACATGAATCTCTCAGTGATGCTCCCCTTTTCACCTTCAAAAGCCATTCCCAAAAGAGCCTTCTCATTTACATTCCAGCTGGGAAAGGACAGCTTTACAACATAGGTGTACAGGATAAAATGATAGCTGATTGCTGTGCTCTTTAGCTCAATTAACCTAATAAACACTGGGTCCAGGGGCCATATGTCTAGGCTTGCAAGGTTTAGCCAAGTAAACAAGGTTTTAAATCAACAATTAATGACAGGTTTTCGACTCTGAAGTTGGTTTGCCTGTTTGGAGAACAGTATGTGTAACTGCATGTCTTCTCAAAAAGGTAGGGACTAGAACTTCCTTATCTTATGTGAGATTTTTAACAAATGGTCTAGGATAAAATGTGTCCAACAACAACAAAATACATAATTAAGATGTTTGTAAAAGGTTTATTTTTCTAAAATAGGATTGGGGCTGATGTTACTCTTTCCAAATTTGGGAGTTTGATCAGGACAAGCTTGCATGTGCCCCAGACTGCCCTTTCTCAAGTTTACCAAGGTCTTTAATACCTCTTCTCCCTCCCTGATCCCCTTCTCCCTGGAGAACATCCTGAATAGGAAGGAGAAAAAGAGCAGGAACTAAAGTCCCCTGAGACAGCCCACAGAAGGAGAAAAGCTTTGGTATTCCCCCACATTCTTGCCTCCTTTCCTGATGCAGCAATTGAAATGATCCTTCACTCTCTGCCTACTTACCACTGTCACTTCTCAGCTGCTGCCATCCTCATCAATGAACGCTCTCTCCAGGGATAAGTCTTCTTTCATTGGTAACTGAGATTCTTGGGTAATTGTTAAACTGGAAATTGCTTTAAAAAAAAAAAACCCTCCAGCTATCTCACATAACACTTTAAAAGTTAAGACTTACCATTCACATAATCACAAGCTGACAGCAATCTGCAGGTTGAGTGATTCTGATTTTTTTTCCTCTCCCTTCCAGAAGCAGGTGGGTTGATATAATGCCAGCCTTAAATAGAAAGCTTTATTTATAGCCTTAGCAGAATGAGAAAAGAGCTGGCATAATCAAGAGAGTACTTCACATTTTAAAGAAGACTTTACCTTTAATATGCAAAATAGTCATTAGAAGACAACAAAAATGCAAATTTATGTTTTACTAAATTGCTTAACTATATTCCAATAAAGTTCAAAAGATAACTGTCCATACTGAAGATGGGTCAGCCAAAGACTTTATGCCTGTTCTAAAAGGACCAAAAAAAAGCAGAAATTTGGTTGCCATGTTAACTTTATGTTGTTGCACACCTCCTATTCTAAATTGCTTTAATATCTTTACACTGCAATATATTGAGTAAAATCAACAATATAAGATAAATAATAAACAGGAGATTAATTCAGACTTGCAAAAAAAATTTTTCATTCTTTACAATGTATGTCCAGCAGCAAAATGATGTATATACATATCTGTGTGATAACAAGAGATTGGAATTGGCATGAACAAACTTTGCATAGAGGCTGTTTGGAAGAAAACATGCTGTTTTTCTCCCCAGTTACAAAATCAGGTATATCATAAAAACCTGAGTTGCTTCATAACAAGACAGTTGTTTTCAGGTTTTTTCCATGTGGTATAGAATACCCCAAATCATAATTAATTTCTATTGTTTATATATACATATATAAATATGTGGGGAAGGGTGGTTAGATTTTTTTGTGTTTAAATTATAACCGTTTTAAAAGTTGATAAGCCTGAGCAGGAGAAAAAGAGACAGAATGTGTATCTGTGTTTTCCTTTAATGTCTTTTATCAAAATCCTATTTTGAGAATATCCCATGATTGAAAGTTAATAACCAAGAACCTAACAAAACTTTTCGTAAAAAATGCCTGAAAGTTTTTGTTTTCAAAAAATTAATGCTAATGACAAAAGTATCTTGATTTAGGTTTGCATCTCTTTAGCTATTGGTTAATTGTTGTGGGCATGTTTTTTTTAACATGTAAAAACAAATTAACTTATTAACATGTAAAATAAGTTAAGAAAACATGTTTTCTTTTCGGATGAAAGGGCTTAAGCATCTGACATCTCAGTTAAATTCACTGAAGTATTAATAAGAAATGCAATATGAGACAATCGGAGTCGTATAAAAATATTTTCTTATTGAGAGAAGTAGGTTATATGAGTCTCACAGGGAACGTGAGGTATCACTGTATTAATTAGTAATCCCCAATACTGTCAGAGATGAAGCAGGTCCAGTGGAATCTCATTCAAATGCTAAGGTGAGTGGAGATAACTCACAGAGGAATCAAAAGACAGGCTATCCAGTTACATAAAGTTACAAAGGGGTCATAGTTCAACCTGATGGGCATCCAAATTTATGTAATATCAACCACACTCTAAAGATATTCTACTTTTGTGGAGTTAAATCCTGTATCACTTGCAAAAGTATCCCAAATTCATGTGACTTAATAACATAAGCAAGTAATGGGCATAACTTAAGGCGTAAGATCTATTTGAGCAAGAACTGAAGGGTTCAGCAAGCCATACATACAACACCACCCTCTAGTTTTTCTTTCTGAGTTAGCCTTCACTCAGCCAAATGATTCAAAACATTGTGTCAAGTAGGAAGCCACAAAAAAAATAAAAAGAGAAACAACTTTAGTCTTCAAGCAAATTGAAAAAAGGGAAAGAGAAAATTGTCTAGTGTTAAAGAGGAAATGAATTGAAAATTTTTAAACTCCTCTTGGGCTGAGAGTGAAGGTGCCCTCTCTTTACCTTTCGTACTTGAGGGAATGGGCTTTAGAGAGATGTGTTCAGGCAGGTGTCATCATCTAGGGTATCATCTTTACTCCCTGTGGCTCATTAGATGGCTTCCAGTGAAGGAGGAGGAGGTAGAGAAGGAAGCAGAAAGCTGACAGTCATGGTACCTGAAAGTCACATTGTTAGAGAACAAGAAAGTCCGGGATTCATCTCCAGGAAGCAATAAACACACAAATACTGAGACTGTTAGCAAGAAACCAGAAAAGGTCCCTTTGCTATTCTTCTTTTCTTTTCTTTTCTTTTTTGAGTCTCACTCTGTCAACAGGCTGGAGTACAGTGGCACAATCTCGGCTCACTGCAACCTCCCCGTCCCGGGTTCAAGAGATTCTCCTGCCTCAGCCTCCCCAGTAGCTGGGATTACAGGCACCCACCACCACACCCGGCTAATTTTTGTATTTTTTTAGTAGAGACAGGGTTTCACCATGTTGGCCAGGATGGTCTCGATCTCCTGACCTCGTGATCCGCCCACCTCGGCTTCCCAAAGTGCAGGGATTACAGACATGAGTCACTGCACCCGGCCTGCTGCTATTTAATTGCAAAATGAAAAGCTTGCCCCTAGAGAGAGAATTTCTTGAAAATGTTCTGTTAATGCCAGAGCTGCTCTGGTCAGAGTCACATCTCTAACAGTGGGCTTTTATTTTATGCTAGTAAATCAGTAAGACTAAAACAAAGGGCCATTTCCCATAAGCATAGTTTTGAATGTGTTGGGTAGACATCTCGCCAATTAATATTAGGAGTTAGCTTGTCCAGTAAACTCACCAATCAGGGATAAGATGATCCCAATACTTCAGAACTTGTACTTAAACAATGGGAAGAAGATAATATAATGAACTCGAAGCTAAACATACTTTTAACTCAGTGGCCTGGCTTCTAGCTCTGCACCTTAAAGACTTTCTGGTCATGTATTACTTCATAAATTTAGAAGTTCTTCATAGTTCTGTGTTTCTGTTTCTGTTTGGTTTCTTCTTCCTTTCATTTTTCTCAGTCATGAGCATACTGCCCTTGCTAGATGGCTGTTAATGTTTTTGTGTTGTTTGATACAGTCGAAATAAAAATTAGGAGTTTCTACCGACTCCCTTCAAGGCAGATAAGCTTATTGTACAACCCTATATTCTTTTCTTAATTACTTCATTATCAGACCTAAAACACAGGACATGAAGATTAATGTGGAATAAAGCCAAGTTAAGGAGAAAAGTGAGAAACCTGAGGGGAAATTTACCTACTATTTCTGCCACTGACTGGTGGAAAATCTGAAAACACTGGCTTCTAGGGCTTGTCACACTGGTGCCTTTCATCAACTCTTATAAATAACTAAATGCAAAAATTATGACCCTCTATCAAAAAATAAAGGATTGGGAAGGAGATCGCTTATTACAGCTATGCAGGTATTGTTTTATTCTATAACGCTGTCATTGGCAAATCAGGACATGTCAATAAATCTCTCAAAGTAGTATATGTATATTAATGGCAGAATGACACGTATATACATATCTATTACTAAGAACCATCTGGGGAAAAAAATAAGAAAATTTAAAAAATAAAAAAAGATAAGGCAGGTGGAAAATATGTGGATTCTCCCTATTCTATTTGTCTGCTAAAAAAACTAAGACCTCACCTGAATCACCAGAGTCAGGGTCTCAGAAATGAAAACCCAAGGAGAGTCTCTACAAAAAGAACAGACTGCTAGAGAGGATACCTCTTTGATTAAAATACCTAAATCTTTTATGTGATTGTGAAAGTTATATCTATAGTGAATAATTTTGTATTGTCACATTGGGAGATAAATTTGTTTACCAGATCCCCATCTAAGGCAGAAATAACATTTATGTGAACCCTTTTCTAACTGCAGCATCACTATTCATATTATTTCCAAGCACAAGAGATCAAGTATGCTAGTACCATAGCACAGAGGCAATTCACCACATCTAGCCTATTCCTTTAGCCATGGGCTATTAGCTGGATGTACAAAAGACTAACAGGTTACATCCATTCTATACATGCAGGGATTTCATAAAAGTTAAACACTTCTTCAAACCTGCACACACAAATCCATACTGTGGCATCCAGAGTTTCTTTAAGCCTCACACTGTATCAGTACAAACATCCTACAGGGAATTAATTCACTGAGCACAGAACAAATGTGTAATGCAAAGAGATTACCAAGTCACCTCCACCACCTTGATTTATATAAGCTCTTCTGTTTTAGCAACACCTGGAGAATCCAGTGGTCTGTGCTTCAGTGGTCTCAAGAGCTCTTCATGGCAGTTCTGTAAGAAAGTTGCTGGCTTTAACGCAGGGCTGGTTTCAATATAGGGCAGCTGTTTTCTGCTGTGAGTCTTCTGGAGGAAAAAGAATGGGTTCACGGAAACTGAAAGTAACTGAAAAATGTATCCTGGCTGGTGAGTGTAGGAAGAGTAGTTCATTGTTCTAATGGTTGAATATATTTCAAAAGAACATTTAATAAGAATTGGAGAACACAAGCATTTCAAATAAATGGCAATGATCATATGAGCATGTGTAAGAGAATTTAATTGCAGAGGAAAATGGATGATTATGCATATCACACTGCCTCTAATATTGATCTTGAGTTGGTTTCCAAATTGATAAGTAAATACATTCTATATTGAAAATCATTTTAAATGTCTATTTATATCTTTTAAATATTGCCAATAATTAGCTTAAATACATGCCCTCAAAATATTCAGGAATCTACTCGGTCCTTTCCTTCTCATCCTTGATTAGAAGTTAAAAATCAGATTTCTCTAGCTTTGTTTTAAAAGATACAGAAAATTTAATTTTCCAATTATCCAAGCACAATCTCCTTTCATTCATTTACTCATTTAATTATGCAACATCTACTGAGTATCCATTATCATAGTAATCGAGCTGCCCGTCACTGAAGTCATTATCAAACTGTGGTTTAAACCTTAGCTCTGTGTTTCTCCACATTAACTCCTTTGGCTTCCATATTGATTGCAACTTGTGTCTCATTCTGTCATCTAAATCATGTGGTTTAGAGATAGGCCTTAGTGTCCACCTGGCCAGGCACAAGTCTGGCGTTAAGGACCTACCTGCTTTAATGATCCACTCTCAGGGAGTCAGAACAGTTAAGTACTAAAAAGACAAGGATCTGGAGTGAGAGTCCCTAGGGCTATGTCACTGGATTCATGTTTCTTTATGGGCAAGCTACTTAACATCTCTGCATCCCCATCTCTCAAAATAACCATAACACTACCTACCTCACAAGGGTGCTGTGAGGCTTACCATGAAAAGCATGAGGAAATGGTATATAGAATTGGGGACCTAGTAGAAAGGTGCTACAGGATTAGAGTAACTAGATATCATTGAGTATGAACCCTGCTTTCCCTGGGAGCCCCAGGTTTGCCAGAATATGTCTAATCTCTTTACGGCTAGAATCTAAAATGGTGTTGGCCATCGATTGGCTTAGGTTATCTTTAATGTCATTGACTTTTACAAAATTCGTAACGACACCTCTTTCTCAGAGAGATGCTGGATTGGAAAAATTATTAAATTAATTTTAACAAAGGAGAACAAAAATGATTCACTTCCAGGTGCTGGGTGTGGCGGAACAGTTATTTATTTCAATATGAAACAAGAGTTTGAATGGATATCTTCAAGGGGATGCATTTTATTGGAGACATTTATTGCCTGGGGCTTTCTGTTTTCAGTCTGACTCCCCAGCTTTCTGTATCATTGTTTTAACATACATCCCCTTTTCTCCTTTATTGGAAGAGAAGCTATAATTCTCCTCATTTCATGATAATCCTTTTCAGTCTGTTTTGCTCAAAGGACAAATTCTTTTCAACAACTATTGTAATTATTTTCTTAGAGGGCCATTTTTAATTGCCGTATTGTTTAGCTAAGCCCTATTGTCTTGGTGTCCTTCAAAACTGTCAGTTGCATTAAAATATAGGGGTGGGAGGGGAGCTGATAAGCACATTGTTGTAATTGATTTGTATGTTTGAATTGTCTTATCAGAAAACAAGGTTATGAATTTCATCTGTTGAGACACAAAAATAAAATACTTTCTTAAAAAA,False
292,-1136,-4.2260804,3.9861958,0.99972874,-0.23597443,0.119226545,0.5878782,3.1073349,-2.8073041,0.0026923658,0.8983489,-0.95141757,0.13590032,-0.09404957,-0.007201731,0.5216983,0.44957957,ENST00000424477.5,-1136,GGGGAGCCTAGGCCCGGCGTGGGGAGGCCGGCAGGAAGGGCCTCGAGCCCAGTGCGGACCTTTCTTCAGCCTCTGTGCGACCGAGCCGCGCGCCAGGCTCCTGTGCGAGGAGGACGCGCTGACTCCCTCCGACCTGGGCTCCGATGGAGCAGAAATAGCGGGACCTGGACTTGTGGCGCGCCTGGTGCCACATCTCGGGCTCTGCGAGCGTCCTGGCGCGGGATCCTGCCTAATGTCTTACAATAACAGAATGCAGGAGAGCACATATCAATGAAGAAAAGACAAAATGTACTTATCCATGAAGCTGAGGTTAAGAAACCAGTGTCTTCAAGAGCCAGGGACAGCACTGGGTCTGTGCAGAGTTGAGAGATGGTGATGACATGTGGTTTCCAGCATTCTTGGCCCAGTCTGGGATTCTACTCTTTTGTAGTGGTTTCCAGCATTCCTCACCCAGTCCAGGGACACTGTGGGTGTGCCCAGCTTAAGTCCAGTAACTGGAAATACAAGCCCAAGTTCTGGA,False
293,-1341,-3.4914415,3.2796378,0.9988549,0.4445001,-0.6714841,0.24675691,-4.617491,4.7489166,0.9999144,4.4710464,-4.470707,0.00013079436,3.4785938,-3.8146899,0.0006796291,0.4492674,ENST00000333145.9,-1341,ACCTCGGGGGTTTCCTGCTTTATGGCGAAGGGCCAGGGCCCCACACCTTCCGCCTGACAGCCAGCCAAGCTCTTCAGTCCCCCGCCCTCCACCTGCCAGGGAGGCTCCGGGCGTTGTACCTGCCACCACGGGACACATATACTCACAGAAATGAGTTATTTAAAGAAGACGGTCCAGATTCCACAGTCCAAAAAAAAAAGAGGTTTGCCCTGCTTCTGAAGGAGTCAGGGTATGAATGCAGAGGTCTTCCTGTTGGCTCACATATCAGATCTTCAACGTCAACATTAAATGCGAGTGATGCTTCCCCCTCTGTGAATGTGGCTTTGGGTATGGCTAATCCACACCCTGCACTCTGGCCTTCAGAAGCCCAGGGAGAGAAGCCTCCCAGAAGCAACCTTCCAGAACCTTCTCCATCCTCCCACCGACCTCCCCAGCCCCTGTCCTCTCTTTGAATCTCGTTGTCAAGTTCTTCCCGCAGACACCTGGCTCCTTGAGGGGAGGTGCAGCTTTCATCTGACCATGCAGGCGTGCTTTGCAGTGGGTAGAGCAGTGCTTTCCTCCTCCCAGCTGCACACTGGAATCACCTGGAGAGTCCAGAAACTTCCCGCCTCAGTGAAAGAACATCAGTGTATCAGCACAGCAAATATTCCAAATGCCAGGCTGGATTCCCTCCAATTACCAGGACCTCCAGGCTTCTCCTCCTTTCAAGAACTTTCTGACCCTGGATCCAGTCTAAATGTTGGTTATAAACTCACCTGACATCCACAGGGCCCTTCCAAAATACTGTCAAGGCTGACTGCTGGTGCCTGGAACCTGCACACCCTCCTGGGACTCTGCATCTCTGCTGGGGCTGGTTTCTCCTCTGAGCCACCTTAAGGAATCCCACCCTGACCCGGTCAGAGCTCACCATGCCTCCCTCTCCTACTTGCTCAGCATTTTGTGTCTATCTAGACTGAAGCCTTTGCTTTCTCTCTGTGATTATGGTGAAAGTTCAGTTTGCTTTCCTATCTCTAGAATGTCAGCACGAAGGCAGAGGCATGGTCTCCTGAGTTCCATAACCCCAAAGCCTAACTCCCTGCCTGCCACACTGAGGGGCTTAGTAGACATTGACTTACTAAATTGAATAGTTGAGTAATAATGCTCTTTGAAATAATTTGGAGTTAGATCTTGAGCCTTGTGTGGCCAGAGGATGGGTGAGGACACATCATAAAAACTAAAGGTAACTGAGCATGCCAGTGGTTGGGGTGAGAAATTTGCATGGAGCACTCCAGACACAGAGGCAGCAAAACCCAAGTGCTGGGAAGTCAGAGTGAGAGAGTGAAGGGGCAGTGAGTGCTTCTTTAGGAGCTGGATCAAAACCTAAGATGATCTGGCCACATGGTGCAGACTGAGCACACACTTGGGAGAGAAATGGGCCAGGAGGAGAGGAGAGAGGTTCACCACAGGACAGTGGATGACTGGGAATAGAAGCCCTCCCCATGGTGGACCAAGAAGTCTGTGAAGCTGAGAGAAAGACAAAAGAAATCACGACTTCTGTAGGTAGCTGGGATGGAAACCTCAGGGGTGACAGGGTCTTTAAAGGAAATCTCAAGGAAGGCATCATGTTCTGGGTGTGCTCCAGGGATGCTGAGTAAGAAAAGACCAGCCTTTCTGTGTGTGTCTTTACTCTGCCACAAGGCACCTGGGCTCCTAAATGACCAATACACATGTGCTATACTGGTGCCAAGAAAGAAGGGTGTTTTGTAGGAAAGTCAAGGTGAGAGGAGGTGCCCAGGACTTGGCTCCTTTCTTTGAAGGGTGACGGTGTAAATTCTCCATGCTGGGGATCCTACTGATGGATGGAGGCATGTCGATCTCATCATTTCACAGAGTGGGGAGCTATGGCCACAACGTGCCTATCACACAAGTCCAGCCTCACGTCAGCTGGACACCAGCTGTTCTGACACTTGTCAGCACATGGGGCACCCGGAAGTTCATGGTGTTCTGCAAAGAACGCCACAAAACAGTGAGCTCAACTTCTTGAAAGTCATAATGTGTTGCTAAGTCCGATCCCAGATCCTAAAAATAATATGAGGTAGTGGCCATTGAACAGAAAAAATTTACATCTTAAACTTGAAGATAAGTACAAGTGTACCTTTTTCTACCACTGTTGTTCAGTTTTATTATATTGACAAGCACCTCTGCCCACCCTGTGGGGTAAAACTGTTTGAAAGTGTTTATGAAAGTTTTATATAAATATTGGTTGATCAAATGTACAAAATATGCATGATGGCACCATATTGTGTATAATAGTGACAAATACAGTCTATGTGGGTGGAG,False
294,-290,-0.090753436,0.079595506,0.5424846,-0.73829544,0.51317793,0.7775548,2.6169465,-2.377449,0.006730214,-1.1322354,1.0097538,0.89491785,2.1582894,-2.2460327,0.012076759,0.44675285,ENST00000597980.1,-290,GGCTTTGGGGCGGTTTGCGGCAGTGGGATCATTGGGCGGTGGGCGGTGTGGAGGAGTCTCCGCTGGTCCGCAGAAACGAACGAAGGCGCGAGAATCGGGAAGTTCTGCCTCAGTGACCTGTACGCGTCCTAGCCGCAGTGAATGTTGCTGAACCCCGGTGACCTCACAGTGGAGGGGCGGCCCCATGGGGCCATCGGACCGCGCCGCGCGGGGGCGTTCGCCAGGGCCTCCGCAGAAGCCCGCCTGTGCCCGCAACCGCCCCGAAATTCTCTCCCTGGCACCGTGTCCGCTTTACGGAGCCCGGAGCAAGGCTCAGAAAAATGTCCCAGCCAAAAACATGGTACATGCCTGTCATCAGGATTGCCCTTTACAGTTCATGAGTTCCCCCAACTGGAGTGCAGACAAGAGCACTGATTGATGGACCAGGTAGACTTGAAACCAGGAATAGCACAAAAGTTATCAAAGAGGCTCAGCCATGGAGATTGCAAGCTGGGGATGGAAGTATCCCTGGAATTGAGCTGTTCTCACACCTGGTACCTGAGTTATACCCCTGGTGTCTGGGTACCAAGG,False
295,-880,1.9254394,-1.9011095,0.021320214,-0.24955523,-0.18934193,0.5150488,-0.2172943,0.51060975,0.6743452,-3.5638182,3.319808,0.9989767,4.8209157,-5.213454,4.3864144e-05,0.44194698,ENST00000415236.1,-880,GCAGGAGCTTGAATTTCAGTTTTCTTATGAGGAATTTTCCAGAAAAGATATCTTCACTGTGAAATAACTAAATAAATGCCCACTCAGTACAGTCACTGTCTCCCTTTTGGAACTTGATGGCACCTTAAGCCCAGGTTTGCCTCCACTCTAGAAACTCATCAGAGTGATGCCCTTCTCAAATGGGGGAGGTCCCAAAGCGGATATCCTGGCAGTGTGAAAGGCCGGCTAAAGGTTTGTGCCAAGAGGATCTGTGGAATGCATCTCCTACAGCTGGTGCTGCTGAGTAACCACTCTGATCTGGCATCTTCTTTGATCAAGTTACAGAGCAGAGTTTCCAGGGCTGGGGATTGAAGTCCTGCCTCCTCCCTTTGTCTCTGGTTGTCCTCGGTAATGTTTTTCCCTCAAGGTACTCATGATACTTCCCATGGGCTTTCCCTGCACTCCAAACACAGAGCTGAGACTTCCACCTAATGTAGAAAGCTAGCACGAGCCGGCGCTGACAGATGGAAGACTTGAGATGTTACAAGATTATATATGGAAACACAAAAGGAGATACCGGAGCCATGACAGACTGTGATGGGGCTGGTGGACAGTTCAGCAAGACATTGATATTGTCCATTGGCGCTCAGTTCATCTGTAATGACACATTCAAGGATGACGAT,False
296,-861,-2.0213227,1.9407732,0.98133194,-2.378368,2.0628355,0.9883554,0.939639,-0.43247795,0.20227805,1.8136781,-2.021795,0.021134801,2.2483802,-2.448807,0.009038455,0.44042772,ENST00000432818.5,-861,GTTCCAATGAGAATGAAGGCTGAGGTGTGCGCCTTTTTTTTTTTTCCTTCTTAGTCGTGTGTACATCATTGGGAATGGAGGGAAATAAATGACTGGATGGTCGCTGCTTTTTAAGTTTCAAATTGACATTCCAGACAAGCGGTGCCTGAGCCCGTGCCTGTCTTCAGATCTTCACAGCACAGTTCCTGGGAAGGTGGAGCCACCAGCCTCTCCCTGACAAGCAAAGTGGATCAGCAAAGGCTGCAGTCACCAGCATCTTTTCCAACCTTAATGAACTGTATCCTCAAAAGAACACTATCAGACTGGCTCTGCCGACTTCCAGTTCTGGAACAAGATGGTTAAACTCATTTTTCCCTGCTCTGCTCCTCTAAATACAACTAAGTACCTTGGAAACTATTCAGCAGACAATGATAAAGGGCTCTGAAAGCTAGAAGAAAAGGTGTACTTGCAAGAAACCTCAGGACTTGAGTAACAGCAACATGCCCCAGTTCCTCTGTTGAATATCTTCTGCCCCATCATTGCCCCTGTTTTCTAAGAACCAGCTCAAACATCACCACCTCGGTGGAGATTCC,False
297,-866,-5.1457405,4.923792,0.9999577,0.5873633,-0.7677084,0.20504244,-2.0481772,2.1550512,0.9852728,5.370842,-5.423021,2.0524654e-05,5.738331,-6.025596,7.780148e-06,0.43806028,ENST00000555766.1,-866,GAGTTGTTTTTGTTGGAAACACTCTTTGTCAAGTACCTGGGGGTCTTCATCAGTAAGACCTCATTTTAGATGCCTCCTGGCCTCCCCTTCCCAGGAGCACAGCTATGACCTTAGGTACTCCTTCCGAAAAGAACTTGTTTAACTAAAGGTAAGTGTACCTCATCCTCACCATGGCCTCCTTCCACTGGGGAAGCAGATAGCGCAGAAAAAAGAACACACCCATTCCCCACATACCTTCACACTCGTCACATACCTGCTACGTGAGATGTGCAAAGCTGAATTCAGGGAATGCTCAGTAGTTACATAACAGTGCCACTAAAGGCAATTGTTTTCAGTGATTTCCATCGAGCTGGGTTCTGCAAAGATCCACAGCACTTTCCGGTTGCATGCTGGGCACTTTTGGAAGCTGCAGTCAATTCTGGAGGCCACCAGGGCACCATTAGCACATAGCAGCAATTATTGACTAAATGGTGCTCTGGTTCCATGCCTTCCAAGGGGGCCCACTTAGAGGCAGGGTGGAGTTGCTTAGGGCCTTTTTTTTTTTTTTTTTTTGTAGACGGAGTTTTGCTCTTGTTGCCCAAGCTGGAGTGCAATGGTGCGATCTTCGCTTACTGCAACCTCTGCTTCCTGGGTTCAAGTGATTCCCCTGCCTCAGCCTCCCGAGTAGCAGGGATTACAGATGGAGCCTCGCTCTGTCACCCAGGCTGGAGTGCAGTGGCACAATCTCGGGTCACTGCAACCTCCGCCCCCCAGCTTCAAGCGATTCTCCTGTCTCAGCCTCCCGAGTAGCTAGGATTACAGGTGCACGCCACCAGGCCTGGCTAATTTTTATATTTTTAGTAGAGATGGGATTTTGCCTTGTTGGCCAGGCTGGTCTCAAACTCCTGACCTCAGGTGACCCATCCACCTTGGCCTCCCAAAGTGCTGGGACTACAGGTGTGAGCCACCATGCCTGGTCCCCCACTTGTTGATTTTGCAGAAAAGATAGCTGTGTTACAACCTGTCCTAAGGTCAGGTATGAATACTTGTGCTTCTTTCTTGGCTCCCCAAGCCAGAGGGCATTCCTATGCCCAGGTGAGAGAGCACGGAGTGTTACTTTGGCAGCACAGTCAGTTACCAGAGGTAGGAAAAGCAAAGGCCAGGCAGGACATGAGGGGCCCTTGCACTGGCTGGTTCTCCCTGCCTTCACCACCCTCCAGGTGAATGACTGGGTGAATAATGATTGACTGAGGAGGTAATGAATAATTTATGGACACTGCTGGACCTCAGTCTCCTCATCTGAAAGATGAGTGGTTGGAGAAGTTTAATGGTTTTCAAATGCTTTTTTTTTCAGTCTTCAAATAAGTGTTTACGTAGAAGCACCATATCTGAAACAGGTGACAGTGGACCAGTCTGAATGAAATGAGGGTTGGCAGGCCTGAGCTCCAAAACCTTCTGATTGCCCAAGCCCTCCTTGTCTTGCTTGGATTATCTCCACACAAATGGAGAAACTGGACAAG,False
298,-17,-4.391019,4.5232387,0.99986553,0.87260854,-0.9887496,0.13454483,0.9988351,-0.65081775,0.16115586,-0.94632673,0.94654226,0.8690823,2.6724052,-2.7426045,0.0044295876,0.43381563,ENST00000515055.1,-17,AGCCACGAGAACCAGGAGATCTACCAGAAGGCCTTCGACCTCATTGAGCACTACTTTGGTGTAGAAGACGATGATAGCAGCCTGGCTCCCCAAGTCGATGAAACGCAACAGCAGTTCATCTTCCAGCAGCCTGAGGCCCCCATGGAGGGCTTCCAGCTATAATATCTGCCTCCAGGGAGGGGAGGGGATGGGAAGCACCACCAGCCAGCGGAAGAGCAGCCCTCTGGTGGGCGGGAAACCAGTGTCCCCACCATCAGCCACCACACACCTCTGCTGCCCTGGAGACTGTGCTCTTGACCTGCTCCGCCCCCTTCCCTGGAGGGAGCACCCTCTGGACAGACAGAACCATCTGAGGCTCACCTTTGGGTTTTGTGACAAGAAGGGGACGTGTTGGGTTTTTCTTCCTTACACTATATTTTGGCTGCACACATGTCTTTAACCCAGGAGCCCAGGGGTAGACAAAGGAGGACTAAGGGCCCCTGGGTAGACAGACACAGCTTGATTTCAGAGCAGACATAGGCGAAGAAAACATGGCATTGAGTGTGCTGAGTCCAGACAAATGTTATTTATATACACATCCAAATTTGAAGAGAAAATGTATTTCTTTAGGTTTCAAACACTGTAATAGATATAAAGCAAAAATAAAAACCTGTTGCAAAGTTCTAAA,False
299,-1293,1.5477161,-1.643642,0.03949223,0.47354364,-0.56654644,0.2611326,-0.79416263,1.1045792,0.86974907,-3.4108984,3.101758,0.9985177,4.2023745,-4.6348505,0.0001452041,0.43380737,ENST00000527627.5,-1293,AGAGTGAAGGAGCAAAGGGGACTCGGCCGCCATGTTAGGAGTACTGGGACGATTCCGCGGAGCCGGGCAGAGGTTTTAGGGGAATGATTAACAAAGGCGTCCGAAGAAATCGTTGTTGGAAGGTGACCAAGGTGGAAAGAGACGTTGCTTTGGCCCTGCAAGTAAGAAGAGAGAGGGAATAGCCTGAAGGAGTAACACTAAATTTAAAATGACACTTTTTTACCAACCAGCGAAAGCAGATGTTCAAAGGGGATATTGGCCAGGTGGGTTGGGGGAGAAGGAGCCAATTCAATGTCTAGTCTTTACTGGAAAGAAGAAACTTTACAGCGCATTTTGAGCAATTTAGTGCAGAGTCTCAGTGGGTCAACTGGCGGGGCACCAGATAGTAATGGATTTCACAGTTAGGGCATTGCTGGGTCTCACCTTTGTGCAGCCAAAAACTAGAGGACAGCACTGTTGTACTCTTCACAGATGCAGCCCACTATTCACTTGTTGGTGATGGAG,False
300,-245,0.28179485,-0.493869,0.3152552,-0.3918947,0.37441263,0.68272156,0.47063008,-0.31292725,0.3135537,-0.3014121,0.21266027,0.6257606,0.5705184,-0.6498576,0.22787027,0.43303227,ENST00000577806.1,-245,CGCGTCGGGCTCCAAGGCAGGCGCTGTCAGCCCGGGAGGGCTGTCTGGGATTTCTAGAGGGTCCCAGAACGGGTTCTTCCCAGGCCGATCCCGCCTGCTTCCTGCCCCGTCTCTCCACCCGCCTCCCGCCCTCTGTAAGGGACCCCGAGGGCGGCGCCGGAAACACGGAGAAGGCCCAGAACGGCGCGGGACCCGAGAGGCCTACGTTGGCAAACGCAGCCCGCTGCCCCTTTGCTCGCTTCCCCCGGGCCTGGAGTGGCTCCTGTCGCTTCTGGCGCTCCGATTTCGAGAAATGACTTTCAGCTGTGCAAGCCAACGAGTGGATAAAGAAAATGTGATATATATGCACTATGGAATACTAAGCCATAAGAAGGAATGAAATAATGGCATTTGCAGCAACCTAGATGGAGTTGGAGACCATTATTCTAAGTGAAGTAACTCAAGAATGGAAAACCAAATATTGTATGTTCTCACTCGTAAGTGGGAGCTAAGCTGCGAAGATGCAAAGGCATAAGAATGATATAGTGGACTTTGAGGACTCAAGGGTTGAAGGATGAGACTACACATTGGGTACAGTGTGCACTGCTTGGGTGATGAGTGCACCAAAATCTCAGAACTCACCACTGAAGAACTTCCCCATGTAACCAAAAACCACCTGTTCCACAGAAACTATCGAAATAACATTTTTAAAACTTTACTATTTCTGAATAAAATTTACATACATTTCTCAGAAAAAAAAATATTTGGAATTGAGGTATCTAATAGAGAACTGAGTTAAATTATTGCCACTTAAAAACACAAAGTGATATAGCCACTTTATGAATTAATCAGTCAGCAGTGGCTAGGTTATGCTTAGTGGTTTATAACCAAATCTTAGTTTATAACAACAAATGTGTATTGTTAATTCCCACTACAAGTTTATAACGACATTGCTGGATGCTACACTCCATG,False
301,-510,3.2255347,-3.4925685,0.0012073693,-1.2172831,1.0982447,0.9101549,7.1438065,-6.735568,9.3813173e-07,0.44592807,-0.64764726,0.25094563,-2.9392452,2.6594257,0.9963109,0.43172392,ENST00000570210.1,-510,GGTCCCAAGAACATATCAATCCTGTGTTAATATAAGAATATTATCTTGTCCTCTAGATAAGCTACCTTACCTTCCAGGCTCACAAACCACAAGTATGTAGCCATACTGAGGCATGGAACAGAAAACTGTATTTGTTTTGAATGAGAACACATTTGCCTTTATCAGACCACAGCTGCCTTCCAGGGTAAAGTCAGGCACTGACTGTTAGCATGGCCCTGAAAGGCAAGGGAACCTTCACATACCTGACATTTGGTTTTAGCTGTGGCCCGAAGCAGTAGTTCTCAACTGGGGGTGGTTTTGTACCCTCTCTCCCCAGGGGACATTTGGCAATGTGTAGATATTTTTGGTTGTCACATCTAGGGGAAGTGGTCCTGCTGGCGTCTAGTTAGTAGAAGCAAGAGTGCTGCTGAATTTTCTACAATGCACAGGACAACTCCCACAGTAAATATTTGGCTCAATATGTCACTAGTGCCAAAGCTGAGAAAGCCTGGCCTAGAGTGATGGGTCTTCGTGGTTGAAACTAAAAGAAGAAATTTTCCTGTATAGTAAAAATGGATTTTTATTTTAGCTTTTAAAAATAAAAAAGGAATAATTAGAATATAATGAACACTCAAATATCCACAATTAGTCATTGTTAATATTTTATTATATTTAAGACTTGGGATTTAATTGGTTTCTTCAAATAAAACGTTTAGTTAA,False
302,-603,1.7091153,-1.8318601,0.028168578,-1.0016862,0.5840162,0.8300106,0.6681622,-0.15902126,0.30424094,-0.0053209364,-0.037691385,0.49190813,-0.074872494,-0.07317072,0.50042546,0.43095073,ENST00000413961.5,-603,ACCCAGGCGCATGGCTCCATGAAGCAAGAGGAGGAGGCAGAGCGCGAGAGATCCCGTCCGCCCCAGCCGCGTCTGGGCCAGGAGAAAAGCAAAACCATATTCCTGCTGCTGTCAGTTTTGATGCACTGAGAAAACTTCAGAGACCTAAGCTTTTTCCAGAGAAGAGAAGCTTTACTGGTGTTCCAGCCCTAAGGCTCATATGACATTAACAGACAAGACACTTTTCAGAAAGACAGACAGCTCTTCAATCTTCAAGGGAACTGTGGAAGTAAACCAGGGGTGACATGGATTATCAAATATTGTGGATCAGAGTGGCTGTATCATTTTACTTTCCTACCATCAGTATTTGAGAATTACAGTTGTTCTAAATCATCACCAACACAAAAGATGATGAGTATTTTTAATTGTATTTATTCTAGTAGGTGTGGAATGGCATCTCATTTAATTTGTATTTCTCTAATGGCTAAAGATATTGAACATCTTTCGATGTGATTATTTGCT,False
303,-312,-0.21161485,0.16657776,0.59343714,-1.1691848,0.7803253,0.8753932,2.4682498,-2.017357,0.011144444,0.48046783,-0.63831794,0.24623658,0.088029504,-0.24031955,0.41864234,0.42897072,ENST00000439494.1,-312,ACACTCAGGGAGTGCACCATGTGAAGACTGGACTTAAACAGCTACACCACCAGAAGCCGAGAGAGAGGCTGGAACATAGCCTTCCCTTTGGAGCCCTAGCAGATGCTAATCCAGCGTGCGTCCTGGCAGAGGTTGAAGGGGGCTCCTCAAGTCCCAGGTCCAGCTTGGTGTGGTTCAGCTACTCGAGAGACATCTGCTGCTAATGGATGAGCAGTCAACCTGGACGCAGGAAATCATTTTTTATTTGGTCCTGGAGGCTGGAAGTGCAAAAGGAAGGTGTCGGCAAGATCGTTTTTTTCTGAGAGCTCTCTCCTTGGCTTGCAGATGGCAGCTTGCTCCTGGCACAGTCTTTTCTCTACTCACGCCCAAAGTTACGGAGGACCCAGCAACCATCTCCTGCAGCCCCTGAAAACCTCTTGACTCTTCTGTGATGTCCCCAGTGATCCAGCAGCCCCGGCCTTCTTTTGATGGCTTGAACATTTGGTCTTCATTGAACAGTTTGTATATTGGAAACTTGCCAGCCTCCATCCACATTCCAACCTCCGTCTGCATCCCTCGGTACAAAATGGTTCAATCTGTCTACCTCCTTTCACATTCCACCAAGATATTCCAAGGTCCAGGGTTCCTTTGACCACCTCACACCTAACAAGTTCCCTCACTGTCTCTCACTCTCCCCTGAAGATTCTAAGCTGCCTCTGTCCTGCTAA,False
304,-1408,0.26337832,-0.3649221,0.347896,-0.8751333,0.83655393,0.847055,1.9244994,-1.6309848,0.0277741,-0.5242741,0.41851243,0.71966213,0.672317,-0.70356584,0.20167105,0.4288117,ENST00000509012.5,-1408,GTGCGAGGGAGAGGAGGAGAGGAGAGGAGCCTACCATGCGCTTCCCCCGGTGCAGATCGCGGGAGAGCCCAATCACGGGGCGAGCTGGACCTGGCTGTGATCATTTATAATCCTTGACTCCTCCGCTCCGCCACTTGTCAAGATGACAGGTTCAGTGCTAGAATTTCTGCGTTGGATGGATCAAGAATCTACGGGGAGCCAAGTCACTTAAAAGTATCAGTTATTCCCAATATTCCCTTCATCTAATGAAGTTCCTCCAAATTTCATGATCCTTGTGACAATCCACCCCAGACTATGGTGAGAGACCCAGAGCTGCAGCAGTTTTGGTTGTGGTTATTCTGACATTGACCCGAAGGGAGCAAGAATGTTTCTCAGGAGATCACAAACTCCTGGAAGGCAAGACATGTGTATGTTACACAGCTCACAGGCAAACGATTGATATACAATCGGTTTTAGGATGGAGAGAAGTTGAAGCCAACCCAGTCTGAGTGGTAAGGGTGAAAGAGAGACATTTTATCGTAATAAAAGTCTTCATTGATTAGGAACTTAGAACAGCTCCAACAA,False
305,-770,-0.20920199,0.057688713,0.5663294,-4.197688,4.2126074,0.9997775,1.7463287,-1.3452535,0.043455813,0.508631,-0.6936625,0.23106746,0.34427953,-0.57515055,0.28507403,0.42514086,ENST00000448136.5,-770,GTCGGCCGCGTGGCTGGAAGACATGGCCACTCCAGTCGGTGTTGAGCACGGCGAGCAGTCTCAGGCCTTTAGTGATGATGGTAAGGCTGCCTGGGTGGGAAAACGGGGTCTTCCTTGACACGACACTAACATACTTGGCTTCCCTTCCTCAGAGACGAAGTGGTGACGATAATCTCGGTTTCTCCCTCATAGGGTGGTTAGGAGGGTTAAAAGTACTGGATGAGAAAATGCTTTCCAAACGTTGAGAAAATGTTACTATGTGAAGGGAGAGAGCTCAAGCCCGTCCTCGGCGTCATAGGGCCGGCTTCTGCGGGGGAGAGCGCCTAACAACCTGGGCAGCCCCGTGCGCCTCCGCCGCGCGTGTGCTGAGCGTCATGCCCAGGGGTCTTCGGTGCCCGCGCACGGGCAGACTCTGACGATGGTGGTTCTTAATTCAGCATCAGGAGTGTTAACGTGTGAAGACGTGATTCCGCTTGGAGTGTCTTGAGGACGGCCCCAATCGGTAGTTCATATTTAGCTTTACAGATAGGAGTCAATAGGATTGTAAACTTCTGGAAAGCCGTAGTTTTAACAACGAGCCTTTTTTCCTCCCCCAGAGGCCTTTCTTTGTTTGGCATCTGCAGAGACGGTGAAAAGCAGAGCTCCAGGTTGAAGGATCAGAGTAATAGATGGAGCCCTTAACATGAGTAAGAGTGGGTGCAGGCAGGGCCTGAGTGGTCACTAGAAATGAGAAAGCACAGTTGGTGCCATCACATACATTCACCTCCTGCTTTATTCTGAAGTTCAAGTATGAGAATACGTGTTGACATACAAGCCAGCTATGGTAAGAAATTACTCAAAATTCAGAATGCTAATTATTTTAATGATAAAAATGAGTAGCGTCTTTGCCCGTGTGATTTGGGGCCACTAGGTGTCATTGTAACCAGCGTGGATCCTCGTTAGGGCATGCAGGGATGAAAGAGACATGGCAAATGAATTTTGGATCGCTAGGATTTAGGAATCTTTGTTATTGGCTGAGCTGAGGATGATTTAAAGTTATCCCTGTCTGAAATGGTATCTTTTGTGAGGAGGTCTGACTTGCTGAGGCTCAGCTGTTTAATACAAATCTGGAGAATAAACCTTAAGGTGGTTTCTGTTAGAATGAAGCCTGTTATCCTTCTCTTTTAGATTAAAGGTGGTGGCTGTGGCCTTGAAAACAGTCATGTGAAAACTCATCACCTTAAGGTGTTAAGTGTAAGGATCTTCATGATGAAATTTCTGTAAATGGTGCAGTCAGCCTCAGTTTCCAAAGCCGGAAAAGGATCCTCTAGTAGCCACGGTGTGGCAGCTGCTCTGAACCAGGACCTGGACCCGGACCCAAAGTGCCATGTCTTTAATGTTAGCTCCCAGCGATGCCAGATGGGATCAGCACAGCCCTGCCTCTGCTGCTAATTGTTCCTCTAAAGTAATCGCCATGCGTTCTTTGGGCTTCATCTTTAAAGGAATGAAGCAACTGAGATTATTCTGGAAAACCTTTTGGCAGTTAGTGAAATTAGAGTACAACTAAGAACATTTTCAGACCTCCACTGTGGATGACCTGGGTATAATCTCACAAATCGATGGGACTGCAAGGATTGTAAACTGAAATGAACATGATTATACTCTGTTGGAAGAGCCTAAGAGGAAACTGATGCCATGAGTTTCAGAGAGTAATGCTTAACCCCAGTTACACAGGATGCCGTCTTGTGTTTCCTCTTGTTTAGTTACCCACTACAGTGATTTTGTGATCTGCTAATGGGTTGCCACCCACAACCATTGCTTTAGCACTTTTACTTCAAATCAATGAAGGATTGATAAAAGTTCTCCTGGTGTCTCCGCAGAGTGCCTTCCAGGAACAGATCTTTGCATAGAATATCAGTGGTTTCCTTTTTTGTTTCAAATAGTGGTCAGAAAATACCCAGTGTTGACTCACCAAGGCAATCAGCTTCCTTTTTCCCTTTTTTTGTTTTTTTTTTAACATTTTATATTTTTGCTTTATTTTATTTTATTTTATTTTATTTTATTTTATTTTATTTTATTTTTTGAGACGGAGTTCCACTCTGTCGCCAGGCTGGAGTGAAGTGGTACAATCTTGGCTCACTGCAACCTCCACCTCCCGGGTTCAAGCAATTCTCCTGGCTCAGCCTCCTGAGTGCTGGGACTACAGGCGCGTACCTTCTTTAGTAGAGACTGGGTTTCACCATGTTGGCCAGGATGGTCTCTATCTCCTGACCTTGTGATCTGCCTGCCTCAGCTTCCCAAAGTGCTGAGATGACAGGTGTGAGCCATCAGACCCAGCATTTTTTTTTTTAATTTAAATTTAAATTTTTTTTCATTTTTTTGAGAGGTTTTTTTTGTTTTGTTTTGTTGTTGTTGTTGTTGTTGTTTTTGAGACAGTCTTGCTCTGTCACCCAGGCTGGGAGTGCAGTGGCATGATCTCTGCAACCTCTACCTCCCAGGTTCAAGCAATTCTTGTGCCTCAGCCTCCCAAGTAACTGGGACTACAGGTGCACGCTACCACACCTGGCTGATTTTTTTTGTTTTAGTAGAGACAGGGTTTCAACCATGTTGCCCAGGTTGGTCTCAAACTCCTGAGCTCAGGCAATCCACCCGCCTTGGCCTCCCAAAGTGCTAGGATTACAGGTGTGAGCCACCACACCCAGCTATTTTTTCTTTCGTTTTTTAATTTTAAAGTTGGGGGGGGGTCTCAATTTGTTACCCTGGCTGGTCTCGAACTCCCGGACTTAAGCGATCCTCTGGCTCCAAGCCCACTACCAGTCTCAGGTTTCTTTACTAAAAGATCACTACCTTTTTTTCTCTTATCTGCTGCCATGTGAGATGTGGCTTTCACCTTCCGCCATGATTGTGAGGCCTTCCCAGCCATGTAGAACTGTAAGTCCAATAAACCTCTTTTGTAAATTAAAAAAAAAAAATCACTATTTAAGATACTAGGATGGATTGTGACTGTTGAGGAGTACTTACATATCCTACATTTGACTACATTATTTCCAAACCAAGTATTCCATCCAAAGGAACATACTGCTATCATAGAGACCAAGGAGGGACTGTTTAAGGTTGCCAAGGTGAAGCGAGCTGAGAGGCTTTGTCCTCGTGCCAGTAACTCTGAAATCTCTCTTAATTCCTGCTGTCCAGGCAGCAGAATGCCATGGTTTCCCCAAGTAGGTAGCTGCTTTAGCAGTTAAAGCCCAAATGTCTGTTCTGTTGATCAGAGGTCTCTGAATTTCTGAAGTGGTGTTTCGTTTCTGGTGACTGAGTTAATCCTTTACAATCCCTCTTGTAAAGTGTGCTAATAGAAAGAATCCACCTTTCAAAGCTGCAGAACCAGACCGTGCCCTAAATTGACCAACGTAACTGATGTGCCTCAGGAAGTCTCTTGCCAGCTGTCCCTGTGAAGACCCCCCTCCTCCCCCCCAGCTGCTGCCTTGCACACTGAAGCATCTCAGACTGTGCAAAGCCGTGTAGTCATCAAGACAGTAAATCCCAGGGCTTGGTTAAGTGCTGTGTGATAACTTGTTTGGATGAGACTTAACTTAAAACCACTTACAATAAACTTGGGAAACTACCGTCA,False
306,-35,-1.3449636,1.1736937,0.9254395,0.7491392,-1.0567417,0.14113669,-1.355632,1.9230032,0.96368855,1.1178359,-1.2677405,0.084279224,2.5122924,-2.674371,0.005559546,0.42402068,ENST00000566942.1,-35,CTTAAGTACCCAGATTTTCTTATGCAGGAAAGAAACATGAAGTAAGATTTAAGCCTTGAAAGTATCATAAATATATCATTCTTCAAATTGATTGTGATGAAAGGAAATAGGATTCTTTCTCCTTAGAATTTTCACTGATCTATAATGGGATCAAAAAAGTAGAAAAATCAGTCTGCAGAATGAAAACAGATTAATGAAATAGCTAGAAAGGAGGGGAGAGCATTTGTTTAGTTAAATGTTAAGGTAACTTGAAAATTGTCTATGAAATGCTAAAACTGTACCAGAGCCTTATTGCACACTCAACATTTTAAGCCTGGGAGCAGGGGAAGGTGGGAAAAGGTTGGAGTGATAGAAGTGTTTGCCTTATGATCTCTTGACTCCTTTTACACAAGAAGCAGATTGGTAGAGCTTAAGCAGGTGTCTGTGCTGTGGTGCTGGCTCTGCCAAAAACTCTCATATGCCCTAGGAAAGTTCCTTTAACTTCTCTGAGCCCGAGTTTATCTGTAAAGTGAAGACTTTTTAAATTTAGTAATCTGTATGTCTCATCTCTGAGAATTCTATAATGTTTTCACATTGTTATATGTGTATATGTACATGTTGCTCCCCTCTAGTCACTAAGATGCCACATATTTCTACTTGAGTGAACAGATTGCAAGTCCAAATGTTCTTGTTTCTAATACTAATAATTGATCTCAGCAAGACATAAAAAAGTAAAAAAAAAAGTAATCTTACCTTTTATTTTGACCTTGGCTTTAAATTATTATGATTTATCATTTCATCTTTGAATGCTGAGTGAATTACCTAAACAGAATGTCTGTTCCAGTTAATCTTCTCTTTAAATTTTTGTAGTTTAATAAACATGTAACAAATCAGAAGCAAGTATATCATGCTTATCGATGAACTGTAGCAGATTGTAATGGTGCATTTTTGTCACATTAAAAAGTTAATGTCCTTTTGGTCCCAGAAGCAATTACTATAATTTAAAATAATATTCACAAAATTTTGTGAATGTTTTTGAATACAAAGGAGGCCTAATACAGCCATATTGTAGTTCATTTTGCTCAGGAGTGAGAAACAAAATTCAGGGATAACCCAAACATGTCTGTTTGGCAATAGTGGATAGTTAGGTAAAGAAGGGTTATAGCTTTTGCACATCACAGATAAGAGGCGACTATACCTATTGAAAAACAGCAGTATATTCTGGTTCTTGGTTTTATGATGGAAAGATATTAGAATGATACTAAAATTTGGATGCTTGGGAAATTGAATAATACAGAAATATTTTGTCATACTGAGATTATTTGTCCAGAAGTTTAGTCTTATATCCCTTCCATTCAGAAAAGGGGGCAGTTTTTAAAGGCCTCTGTCATAAAAGGAAATGTATATTTTGACTAGTGGAGCAATTAGTTAAAACATTTAATCTGATCATTTTGGTTTTATGAATCTGAATTTTCACTTTAGGTGTAATTGAGTCGCTTATGTATTACTGTGATCTTTGTGAGAAGTGATTTCGTCCATTTTTTTAAATCTGATGAAACTTGATAAATGGTGATTCTAGCATATTGTGTTAATACTGTATCTTACAACAATTTGTGAACTGACCATCATAAACGAATCATAGTAGTATCTCTTCTGGTAAGTTGTTTCTATATGTGATCTCTTAATGCTGGGTTTGGGGGTGGGGATGGGGTTAAGTATTTAGTTTACTTTAAACTGTCAAAGTGTTTTTCTTAAATGCCATAAAATTGTATGACTATAAGCCAAATAAGAATATTCTCTTTTTTCACTTTTAAGGGCACTGTATAGACCATTTTTGAAACTATCCCACAGAATGGTATAATTTCAGTTTAAAAGCTCTTACACACATACACACACACAAATATAAATATATATATATACACATTCAAGGGAAAGCAAACAGTGTATGTAGTATTTCTAAGTGACATGCTACACGTTATAAGAATCTATTTTTGAAATCTTATACAGATTATGCAGAAGTCAGAATAACAAATACAACACCTCAATTTTTTTATAGAGTCTAGCGTTAGTTTACTATAAGATTTGCTTACATCATACTTGCAAAGATCATTCACATAATTTATTTAGCATTGAAAATCTTTATATGAAGTACTAATGTCATCTGAAGTTTAGAGATTAAACAACCAAGGTTTAGAAAGATCAAATGACTAGTCCAAGATAATATGGCCAATAAATGGCTCTAAACCTCCTATGTTCTTTATACTATTCACTTTTTGTCATGTTATTTTTATCCTGTCACTGCCATTATCTTTAAAACTTTGACAAAAATTTAATTTTAAAAGTTACATTGGGAATTTTCAGATTTTAGTGCAAAGACATTGTTGCTGTTCTTGTCAGACCTTTTCAGATACCTCCAGACTATAGCCCTTCCACAGGGTGATATTCAAACATTTTCCACCTAAACATATAAGTTTGCACACCCTGACCACAGACACTGAATTCACTTGATGTCAGAATGCTAGACTAAAAGTTGATCTTCTTGACTGACATTTCTAATCTCCCTTTTTAAAAATCCATCATAAGGACTGACTTCTGAACAGTTGAATAAAGCAGTAATCAATCCAAGAAACTGCATCCATTCTGATTCAGAGGAAAAAAAAATCCAACCTAGTGACCATTTTTCAGCATACTGTATTTCATCACATTTATTCTGTGATTAGTGGAGGACAGAGAAGAGGGACTGGGGAGAAAAACTGCCTTTATTTTAAGAAAGCTCATTTTCCTGTAACTATTCAAAAAGAATTGATTATCAAGTGTTAGATAACAATATTACTAACATTTATCATCATTCAAATATTTAGTAAAATTTCTCCATATATTTAAAATTTTACTTAAGAATTTTCCCAGTTAAAATATGACTGCTTAGTTTGAATAAGGAAGACATTCCTTTCAATTCATGACACAATAGTACATTTTTATTCTTTTCTCAGACAGCAGAGAGACACTGTTACTGCTTTCCCTTGTAAGTCAACAGTCTGTGATACATGCTGTACTTTTACTGATTAGCAATGCAATGTTACTGTGAATATTTAACTAGAACTTATTATATTGGAATTTAAAATTTTCTAACATTGAATTTAGTTCTCTTCATCAAATAAGCAAGCATTATTTTTATGAAATGAAATAATCATTCTTAAGCAGTGATGATAATGGAATTCTGAATACGATGTAAAATCAAACATTCTATTTTTTCTGTTTATCCTTTGACATTGAGTTGTTTTAATTTATTACATATTATTAAGTTGAAATAAGCTTTATACCATGTTCTCTGATGTTCTTGTCATAATAATTTTGGGTCTTTTGTTAAGTAAATATCAGAAAATATCTGTGAGTTTTGATTATGTGATATTTTCATCTGATTGATTTTTTAAATTTCTCATTGGATTTAAAGTGTTTTCTTTGCTAATGTTATATACAGAATTCAATAAAAGACCAAAAAAAA,False
307,-1493,0.8335378,-0.9843413,0.13968855,-1.3945571,1.2281643,0.9323096,1.5175503,-1.1823952,0.06297658,3.649864,-3.7158043,0.00063220254,-2.0470424,2.006616,0.9829374,0.42370886,ENST00000460249.5,-1493,GGCCACATCTGCCAGAGCCTGGAGTCTGCGAAGGCCGGGACCCGGTTCCCCGGCCCACAGTGGGGGTGTGCAAACCCGAGAGAACTGGTCGCTGAAACCTCTACAACTTAGTTGACCGTAACTGCCAGAGCCCTGCCCTGAATTCCTGTCCTTACTCCCTCTTTAAGATTGCGTACCCACTGCAGAGTGCTGAAGACGGGGTAGCCACGAGGTTGCAAATTCGTGAAGAATCAGCATCATGTTTGGCAGCTGAGTATTGGAGCCAGGAGCCTGCCATGAGGTTTTGAGAACAGAGTGCTGTTTTAGAGCTGGCAGCAGCATCTCAGCCCAAGAGAAGGTAAGCCTTGAGCTGGCCAATGATCCCTTCAACCCCATAGTGGAATGAATAAACAGCTGATCTTGTTAAAACTCGCTTCAAAAAAAAAAGATATCAAATGATGAAATCACCCAAAATAGCTGGAATTACCGGCAGATTGTGTAGTGGTGAACCTATGGTTTTCTGAAGATATCTCTTACCCTGTGATTGACTGTCAGTTGGTGCAGAAAGTGAGATTGAAATGTAGTTTCTTTGCAGGTTATATTCCCAGAGGATGTCAGTCCCAAGGACCAGTAGCTGCCATCAGTTTGGATTCTGAAAACTAACTGGCATCAACACTGGGTGTAGAAACATGCTTGCCTTATGTATCAGAGGACATGCTCAGCAGATCCAAGAGATATATTTGGCAACTTTTTCTAGAAAAGGCACATTGGGTATCATTCATTACATTCTTGAG,False
308,-1353,-4.399225,4.312696,0.9998354,-0.8752538,0.42232928,0.785428,4.179398,-3.599036,0.00041849219,1.2637995,-1.1629996,0.08115181,0.4560231,-0.6915036,0.24094114,0.42155495,ENST00000414142.5,-1353,CTCGAAATCTGCAGACATCTTGATTTTTCCCACGCTGTCTGTCAGGTCTCCGCCGCCACTCGACGCCAGGGCGCCGGGCCTTGTGGGCTGTGCTGCACCTCGGACGGCTTCGCACCAGCCAGCGCCCTCTCTCTCCTGCAGCACTCTGATCTGCACCCCCTGAGGGGCTTCCACTGTCCGCGGGGTGAGAATGCCCCTGGGAGTGTCACATGACTGCCGCCCCATGTGTGTGAGAGGCGTCCTCTGGGAGAGCATGGATCCTGAGGTCCCAGGAACATCCCGAGAGCCAAGTTCCCAGATGCCAGCCAAGGGCCATCTGACCTGTTTTGAATCTCAATTTCCTGATACAGAAAACAAAGGATTGTCAGCTGACCTCTGTCCTGTGTGCCCAGTGGCCCCAGGTGACGTGTCTTCAAGAAGAGGCTGAGCTGCGGTGCTTGTAAGGGTCTCATTCTGTCACCCAGGCTGGAGTGCAGTGGTGCAATGATGGCTCACTGCAGCCTCGACCTGGGCTCAAGTGATCCTCCACCTCAGCTTCCTGAGTAGCTGGGACCACAGAGTCATGTGCTGTTCCTGGGGCTTGGATGATGTAGGGGAAGCAAGGTGAAAGTGGTATCCCGTGGTTCCACGTTCTGTCCTGCTGTGGGGCTGTCCCTCACATGCTTTCAGTGGCTGTTGCAGAGGAAGAGCCTCCGGAAATCTGCGTGGGTAAAGTGAGCTCCCCGGGGGAACCGTCCTCCTCCCTTGAGCGCTGGTGTGTCCATAGTGTGCTGTGATCTGGATTAGCAGTGAGTTTTTCTTTCAGGGTGTGTGTGTATGATGTTAGGACCATATGCTCCTGACCTTTTCCAACCCAAAAGCGTTTCCATTTTTTTAATGCTGGAAGTGTCTTAACTCCTTTTGGGGTCTTAGAAGGACACACGGTGGCCGTGGCTGGGCCTCTGCTCAGCTGGGCTGCTCTCCCTGCCTCAGGCCCTTGACACCAGCCTCCCTCCCTTGCTGGCTCTCTTTCTGTCCTTCCCTGCTCTTGTATCCAAAAGTGATCATGGGTTGCCTGTGTCCCGATCATTAACAGTGCAGGGGTAGGAGTGCTGAAAGACATCTTCCCTGCGTTGGTCCAGCCTTCCCTTTCAAACCCTGGAGCTTTCCCACGCTGCAGCCTTTTTCCAACTAGGCTTTCAGAGCTTGGGCCTTTGTGGGCCCATGTGATGTGGTGACTAGACCCACCCCCTGACTTCTGAGGGTTCATTTTGTCTTTTCATGTTAGGGATCCTCCTGCCAGAAACCAGTCTGCATTTCTCTCTGGGCCCCACGCTGGAATGAATTCAGATAGCAGTGAAGGGCACACGTGAGAACTGCGAATCACGGGCTTTGCTTCATGAAATGTGAAATCCACATTGTTTCCACAGGCACCATCAGTAATGTCGAACAAATGGAGAAAGTTGCAGGTGGGGCTAGGAAAGCTGTATTCCTGTGGATTACTCTAGCTGGTCATTTGCCCCGATTGTGAACTGCTTGAAAGAAAAACGAAACTTCTAAGATGTTTGTCCTTTCATGTCCTTTCTGTTGGGATTTTTTATTTGGTGTGCGTGAATGAGGAGCTTCGCCCTGCTTGAATGGGACCCCTCTCAGTGGTGTCAGCTTGGGGAGGAGGAGATGGCCCTGGAGACTAAATACTTGTATGCTTTCTTACCCTCTTAGGTCTCAGCCTTAGATCCAAGGACAGTCCAAGGAAGTCCTAAGACCATGGAGTTGGTGATCTGGGATCTGGGTTTGCTGATATTTCTCACCGTGAATCTCTTGGTGGTGTTTGTGGGCACGAGAGGGGCAGAGAATGGAGAGTGAGGCTACCACATGAAGCGTCACCAGAGCTGCTCCCTGCTGCCTGCTCAGAGCACCCCGGATCCACTGTTCAATCTGCACAAGATTCGGGGTCCAGACATGGGAGACTTCAGCTGCCTCAGAGGACCGTGGACAGGGAAGGCCAGCCTCGCATCCCTCTGTCCATGCCTGGAATGACTTTAATAACCAAGAGTTTTATTTTTGAATTTGTAGCTGTCGTTCACTTTTTACCCACCCATTCAATAAACCTTACAGAATTG,False
309,-739,-0.29809126,0.2551946,0.6348976,0.7670566,-1.0454587,0.14033441,-2.792698,3.1069574,0.9972671,0.29017124,-0.41579142,0.33049157,5.4757485,-5.491496,1.7257524e-05,0.42060155,ENST00000499217.6,-739,AGTTGCAAAGCTTCCGGTTCTGGGGGAAGGCGTGGCTTCCGCGCTCTTTGAAATGTCCGGCGCCGGAATGTCTGGGTGCTTTGGTTGGAGAGGGTCCCATTTCCAGTCATTCTTCAGCCTGGTGATTCCCGCGCTCCCCTGAGGAGCATATGAAGTACGTCGGTTCTGCCAGGTTGGAACGCGCTGCTGGACACTCGGCCGTAAGGCGGATCCCGGATCCCCTCCCACTCCGACCCTTCCCTCCAGAAGGGCCGGTTCCCAAACGGCCCCTTTAGACACATCCAAGCGGTTGCCGACGGCCCTCACGATGAAAACTGCTGTCCGTTGGTGAAGGCAGCCTCTTCTGTGCTCCTCGCCGCTGACTTCCTGAGGCGGACCTACCTGTGGAGGCATACCAGGAACCAGACGATGACCCCCTCCAAAAGTTGGGTCTTTGAGGAGAGCTACTAACTTGGGTTCCTGGTACACCCTCTACATGCAGTGGTGAAGCTTATCTAACAGTCATTCATAGAATCAGTTTGGGAAGGGGAATTTTCACTGAACTCTCATAGAGAAACTGTGTTTTAGATAACAGAAAGTTCTGCACGGTTAAAATGGAACAGAAATTTTTTTGCACAGAAATTAGGATTACCGAAAATACTGAAGAAAGACTACCTCTGATTGGACTCTTCTCAAGGAATTAATAATTCAAGAACTAAGGAAAGAAAAAAGTGATTATATGAAAATACTGAAGTTGATCGTAGCAGCTGAAGGCTGATCCTGTGTGGGCTGAAGTACATTGGTGCAATCTTGGCTCACTGCATCTCCACCCCAGGTTCAAGCGATTCTCCTGCCTCAGCCTCCCAAGCAGCTGGGATTACAGAATGTCACATAAATGGAATCATACTGTGTCCGGAATTGGTGGGTTCTTGGTCTCACTGACTTCAAGAATGACGCCATGGGCCCTCGCGGTGAGTGTTACAGCTCTTAAGGTGGCGCGTCTGGAGTTTGTTCCTTCTGATGTTCGGATGTGTTCGGAGTTTCTTCCTTCTGGTGGGTTCGTGGTCTCGCTGGCTCAGGAGTGAAGCTGCAGACTTTCGCGATTTCATCTCTCTCTCTGCTATGGACACAGATGGCTTCACTCCATCCTGTATTCTTCGGACCATGATAAAATTCCAGACTCTCGGTAGTTTTTGCGTTCCAAGAAGTAGAGCCTAGAGTGGTGGCCTATAATTACAGTTACTCAGGAGGCTGAGGCAGGAGGATCCTTTGAGTCCAGCAGTTTGAGGCCAGCCTGGACACCACAGCAAGACCACCAATAAATAAATAAATAAATGGAACATGTTTCCCTGTC,False
310,-1376,1.415358,-1.4450023,0.05414825,3.0301013,-3.246718,0.0018758435,-0.36686972,0.60077065,0.7246489,0.4694706,-0.28872845,0.3190374,-2.838046,2.8334367,0.99656904,0.41925588,ENST00000451543.5,-1376,CCCGTCGGGAGACACGTTTTGTCAGTTGCTTCCTCTGGAGTCCTTTTAAAAGACTACTTTTTAGAGCAGTTTTCATTTTACCGATACATCGATCAGAGAGTACGGAGCTTCCCACATTGCCTCCCGCACCCCATAGCAGGCAGAGGCACCAGCCAGGCGCCATCCTTTACAAGCTGTTTCAGCAAAATGTCCCTGGGTCTTAATGATTAAGTCCAGGCACTCCAAGGACGATTAAATATTTAAACAGCAGCTTCCCTTTGAAGGGAAGGAAATGACCGCAGAAGGGAGTGCACCGTGGGGGCAGGAGGTGCTGCGGCCAATGGGCAGTGCTGGGAGATGAAACCAACAGCGGCGATTGCCCCAGAAAGAACTTGGCGCTGCTAAGGCAATGGCGGCCCGAAAGAGGCCCCTGA,False
311,-1112,2.3701103,-2.729774,0.0060605,0.88453424,-1.0120748,0.13049275,5.347007,-5.1185017,2.8501981e-05,-2.021528,1.778688,0.97812337,-2.1240387,1.8235779,0.98106474,0.419154,ENST00000524304.1,-1112,ATTATATTTCTAGCTTCTATAGGCACTAAGATGGAAAAACATATATTACATTGGAATCTTTACATGTTAGCCAAGGCTAGTGCATATCATTTCTCCAACCAGATATTCTCTCTCTCTCTCTCTCTCTAGAGAGAGAGGGCTATTCCGGCAAGAATAGGCACCCCAGACCCTCCAAAGGGCCTCTCCTGCGATGGTGAGAATGGCCACCCCAGGGCTCTCTCTCCTCCCTGCCAAAGCCACGCAGAAAGCGACTTACCTTTCAGTTTCTCTCCAAGGGGGGCAGGACGGCGAGCTGGGCCCCACTGTCTGCCCTTGCCCTGGGCTGCCCATTGAACAGCTCCACCTCTGCCAGCCTGGAGGGTGGTCTGGGAGTATGTAGGTGTGGGACCTTGAAGGCCACCTCGGTCCAGCCAGCTCGCTAGCCCAGACCAGAGCCCAAAGCACACAGGTGCGGCCTCTGCCCTTCACAGCCCTCTCCTGGAGCCAAAGCCGTCCTTCTTTGCCATAGCCAATCCTCCTCAGAGCAGCCAGGCCTACAGGCCTCAGGACTACAGGTAGTCTCTCCGATTGCAGAATCCCAAAGCCAGAGTGTTCCCTGAACCAGCGTGCGCCCCCAGAACGCCTTGGGACGCGCAGTTTGGACAGAAGCAGCCATGACGTGCCAGGCGGCCTGTGCAACCAGTCTCCATGGTGCTGGAGTGGGGGTGGGGGAGGACCCGAGTCTATAACGGCGTCCAGCTCCGGTCAGGGGTAGCCGAGGCGGGGAGATTTCCCGGCCATATAGGCTCTGGGTGATCGCCCCCCAGGTCCCCTTGCGTCCCCCTCTACCCTGCTTGCTGGGAAATCTCTGAGGGGCCAGTACAGCAGTCGCGCCAGGCTGCAAGAGGCGGGCTGCAGCTGGCGCCGGTCCCGGCGACGGCCACGGCGTGGCAGCAGCGAGCGCCAGCACGGTCGCAATAAATAATCGGCCCGCGGCAGCCGCAGTCAGGAAGGCGGCGGACCTAGGATGCAAATGCGCCGCTTTATCCGCCCCGAGCGCACGCAGAGCACGGGCTAACGTCCTAAACATCCACAGCCCCTTCCTATTTATCGAATCCATACCAAGATATTGTCTCAAGTTGGGGAAACAACAACCCAAACAAAAAACAAACAAAAAGAACCTCGGACTCTTTTCTTGTCGCTGTCCGAGGAGTTCTCGGGGCAAATCTGGTCTGATGTGCACTTAGGCCGAGCTACAGTTCGAGCCACCGCGCTACGCAAAGCCACCGCCAGCAGCACGCTCTGCGCTTCCTCCCGGGCAGCTCCACCATCCTCTCCCCGCTCGCGGAAGGTGGGGAGTGCGGTCGCCAGTCCGTTGCGCCAAGGTGGATTGGGGGGTCCCCCTATCGCCCAGACTCGGTTTGCGTCCTTCCTTCAACCTTAGCTGCGGGACCCTGCCACGCGCGCTAACAGCATTATGTCCTCTGCACCGAAACTTCCCACCAAGTAACACCCAATTAATCCCATCCTCTCCTCCAACACAGAATTCCACCCACGCACCTATTCCCCCTCCCAGCGCTTCAGACACCTCTCTCATCGAAAAACCGGGCGAAGGGAAGCCGGCAACGAGCGGAGAACTCTGGCTGAATTAACGGTGGCTCCCAGAAGCTCCTGCCCCTCTGACAGCTGTCGCTTGGGCAGCCCGAGAGAAGAATTGTCCTCTTTCCTGGTGCCAGAGGACGCAGGAAATTAGCCAGGTTGCGAGTTGCAAAGCTGCTGCCGCGGCGCCGGGAACGGAGCGCGCCCAATCTCCAGCGGGAGCCGCCAGGCCTGGCCTGGCCGGGGCTTCCCTTCGCTCGCCATCTCCGGACAAAGCACAGCCGAGCCCGGCTGGAAGGCAGAGCTCCGAAGCAGGCAGGACGGAGCGGAGCAAAAGAATGCGGCTCTATTCTCGCAAGGGAAATTATAAAAAAGTTCATGTTCACGGTTCTCATCCACATGACCGACAGCGGCCAATGGAAGGGCCGAACAACTCATAAAGTTGTATTGCAAAGTTGTAAATTTTCATAAACAACAACGGATTT,False
312,-666,1.0083642,-1.0875876,0.10949091,1.6591219,-2.0019753,0.025060145,4.6397996,-4.579506,9.909772e-05,-1.5433899,1.6045725,0.95882833,-3.3929968,3.5042179,0.9989905,0.4184938,ENST00000535614.5,-666,AGCGGGCAGTGGGCGGGGGGTTGGGACACGAAGGGCTCTTCGGACCCCTGTGCCTCTTCTGCCCCAAGGGCGAGAAGACGGGCTTCGCAGCGACCCTCGGGGGTCCATGGAGCCGCCTGCCTTCGCCCCCTCGCTCTTCCCAGGTTCTGGGCCGGAGAAGGGGCGACGTTCGGGCACCCCCCGAATGGACAATCTTTCCTTCTGTCAACGGCAGGGGCAGGCCTAGTTTGACTCTGACAGTCCTCCCACTAAGCTTCTGTTGTCAGGCATTTGGGGCGTGTAAGTCTCTGCCGAATATAGCAGCATACGAGAGGATCCACTTGCAAGTATTTCCCAGTTGTGTGTTCTTCGGCGGGGGGAGGGCCCTGGGTGCCGCCTACTTCTGAAAGACACAGGTCACTGTCAGAAAGCCCAACTGTGCTGTGGCCTTCCCTCCAGCCGCCCCCGTGGGGCATGTGGGGTGACAGTGTGAGCCGTCCT,False
313,-1492,0.938499,-1.1128392,0.11391725,-1.4146062,1.2476727,0.9347637,1.7214658,-1.3931681,0.04250764,3.6841834,-3.7500374,0.00059034035,-2.3653398,2.325366,0.9909033,0.41653648,ENST00000481898.5,-1492,GGATTGGGATATTCCGACTCCTTAAGGGCCTGGCGCACATAAGGTGTGACCTTTTCATTCCCGTTGTTATGGAGGGCCACATCTGCCAGAGCCTGGAGTCTGCGAAGGCCGGGACCCGGTTCCCCGGCCCACAGTGGGGGTGTGCAAACCCGAGAGAACTGGATTGCGTACCCACTGCAGAGTGCTGAAGACGGGGTAGCCACGAGGTTGCAAATTCGTGAAGAATCAGCATCATGTTTGGCAGCTGAGTATTGGAGCCAGGAGCCTGCCATGAGGTTTTGAGAACAGAGTGCTGTTTTAGAGCTGGCAGCAGCATCTCAGCCCAAGAGAAGGTTATATTCCCAGAGGATGTCAGTCCCAAGGACCAGTAGCTGCCATCAGTTTGGATTCTGAAAACTAACTGGCATCAACACTGGGTGTAGAAACATGCTTGCCTTATGTATCAGAGGACATGCTCAGCAGATCCAAGAGATATATTTGGCAACTTTTTCTAGAAAAGGCACATTGGGTATCATTCATTACATTCTTGAGTTTTTTTGGGTTTTTTTTTTTTTTTTTGAGACAGTCTTGCTGTATTGCCCAGGCTGGAGTGTGGTGGCACAATCACAGCTCATTGCATCCTCAATCACCCAGGCCTAAGCAATCCTCCCACCTTGTAGCTGGGACTACAGCTCACAGCACACCTGGCTAAAATTTTTTTTTTGTTGAGACGGATTCTCTATGTTGCCCAGGCTGGTCTCAGGCTCCTGGGCTCAGATGGTCCTCCTGCCTCAGCTTCCAAAGGCACAGGCCAAGTTGTAGCTTTGTCCCTTGCCATCATGCCCAACAAGAGGTTCTATACCTTTTAATGAATTGACTTTCATAAATTGGTTATGTTGGTGGGCAAAGTTCTTTAAGCTGGAAATTGTAAATTCCTCCTGAAATGTTTTTTCATGCAGTTACCATGAACTAATACTACAATAAAGGATGGTCTTGGGTGTCAATTCTTGAAAA,False
314,-1447,3.1710556,-3.545854,0.0012088099,0.9548458,-1.1420931,0.10939471,5.586646,-5.351102,1.7774144e-05,-2.0282214,1.7804958,0.9783045,-2.4797268,2.1422677,0.9902625,0.41583768,ENST00000518848.5,-1447,CACATCTCACCGCAGCCCGGGTCAGATGGGGGCTCCCCTCCCGAGGCCCCCTTCCCCTGAGCCTCTCCCTCCTGACCCCGACCCTCGAACCCAGGCCCAGCCCCGGCCCACCTCCCGCGCCTCCCAAGCGGCGCCACGTACCGGCGCTGACATGGATCTTCTTCATCCAGGGAATTCCACCCACGCACCTATTCCCCCTCCCAGCGCTTCAGACACCTCTCTCATCGAAAAACCGGGCGAAGGGAAGCCGGCAACGAGCGGAGAACTCTGGCTGAATTAACGGTGGCTCCCAGAAGCTCCTGCCCCTCTGACAGCTGTCGCTTGGGCAGCCCGAGAGAAGAATTGTCCTCTTTCCTGGTGCCAGAGGACGCAGGAAATTAGCCAGGTTGCGAGTTGCAAAGCTGCTGCCGCGGCGCCGGGAACGGAGCGCGCCCAATCTCCAGCGGGAGCCGCCAGGCCTGGCCTGGCCGGGGCTTCCCTTCGCTCGCCATCTCCGGACAAAGCACAGCCGAGCCCGGCTGGAAGGCAGAGCTCCGAAGCAGGCAGGACGGAGCGGAGCAAA,False
315,-304,2.6145196,-2.4805608,0.0060895053,-4.1363616,3.6058717,0.999566,3.1639297,-3.0531614,0.0019910678,1.1925749,-1.0647848,0.094716534,-1.7731699,1.9369912,0.9761111,0.41569486,ENST00000447639.1,-304,CTCTGATAACCTGTGTTTCGATACGAAACGGGCCCTGCCTCATTATTTGTCATCTCCCTGGAGGTGACGGAGGGCTGTTTCAACCTCAGGGGAAAAGTTGCTGTACAGAACACAGGCCAGAGTGTGCCCCAAAGAAATCAGGCGGTGGAGTGATTTAAAAGTGATCATTTTCTGTAGTCCTAGCTACTCGGGAGGCTGAGGCAGGAAAATCGCTTGAACCCGGGAGAAGAAGGATGCAGTGAGCAGAGATCGTGCCATTGCACTTCAGCCTGGCGACAGAGCAAGACTCCGTCTCAAAAAGAAAAAAAAAAAGTGATCATTTTCATGACTTGGACTAGGAAGATCAACTGGGCACGGTGATTCTTGCACAGATTTTTATAAGGATCCTCCAAGTGTAACAACCATTTGGAAAACTCCGGGCCTTGAGGACAGCCAGAGAAGATAAGTTCAACTTGCACTTTGCCAGAGCAGGGGATCTCCCTCAGCTCCCTGCCTTCAAACCTACCTTACAGACCTGCCTGGCCTGCACCTGAGCCACCCTCTTCTTCCTTCCTATTCCCACTAAGGAGGTGTCCCTGCTTCCTTCATAGTGGGTCCTTCCCCTGCACCGGGAAACAGGCCCTAGAGATGACTCCATGGGGTGAAGGACCAGAGCCTCCTTGCCTCTCTCTCTGTCTCTCTCTCCCTCTCTTGTCTTCCCATGAAGCTCTGATGTTTCCAGTACAAAATAAACCTCGCTCAGTCCCAGTCCTTCTCCAGTTCCTCCCCTCACAAGCATGGCCCCCCACTGCTGGCTTTCCTTCCCCACCTTCCACCCTCTCCTTGGCCTTCTCCACTCTGGCTTCAGTGGCCTCCGATGGCTACACTCAGAGCCTGGGTGCACTGTCCTTTGGAAGCTTCCCTCTGGGGCCGCCTGTCAGCCTCCTCTGAAGACTCACACTCC,False
316,-23,-0.0005133152,-0.0009332299,0.499895,-0.8040434,0.013222903,0.6936557,7.6955943,-7.139616,3.607029e-07,3.867932,-3.8507016,0.00044427003,-1.1207546,0.906254,0.88360375,0.4155198,ENST00000414156.1,-23,TGAACAGCATGGTGCCAGAGCAGGTTGTGATGAAGAAACTGAGTCTCAGTGAAGTGAACTGCCTAAGGTCACATAGCCAGTTGGTTGAGGAGCCAGGATTCAAACCCAAGCCCATCTGAGTGCAGAGCCTGTGTTGTTATCACTGTGGAACTATGAAGCACCCTTTTGGTGTTGGGCTTTGCGCTACCAATAGAGACGATGTGGAAGAAAACAAGCTCGCTTCCCTCATTTCCCTCAGCGTCAAGTGAAACACGCAGGCCTGAACAGACCTTCGGTAGCAGCAGCTGAGGAAGAAAGCAAAGGCAGCATCACCACTCCCTCTCTGCTGCTACAGTCACCCTGAGCCAGGGACCTGCAATTGTTGGCATCTGACCTCCTTCTGGCCCTGACGGTTCTTTGTGATTTCAGTTCTCTACCTCATGGCCCAGGAAAGTTCTGCTAATCTTCCAGGGGCCACCTCCTCTGGGAGTCTCGCCTGGCCCTCCCAGTATGAGTGTTCAAAACACACACTTGGGCCCTATTATAATTTGTCAGAGGTAATGATCTGGCCCTACGCACTTGGGTTCTCTAAGGGCAGGGCCTGGACCTCCTTCCCTTCTTTTTTGGAAATCTGCACAGG,False
317,-907,-0.64997387,0.49774736,0.7590945,1.4945892,-1.68809,0.039822765,0.40365133,-0.06850338,0.38410643,1.6580944,-1.7473822,0.032124747,-0.96314514,0.85652083,0.860526,0.4151349,ENST00000439598.6,-907,AGCGATGCGCAGACATCTTTGTTGTGGGCGAAACGAGGTGACCGCAGAGTCTGTCACCCAGGTTGGAGTGCGGTGGTGTGATCTTGGCTCCCTGCAACCTCCACCTCCCAGGTTCAAGCGATTCTCCTGCCTCAGCCTCCCAAGTAGCTGCGATTACAGGCACCCACCACCATGAAGAATGGCATTTTTAAAAGATGGCTTTCTTAAAAAAGGATACTCAGTTGCTCTTCTACTCATACCAAGTCCTGCAGACACATTCTGGGACTGCACCTTATGAGTGCTGCTCACTCTGTTTCCTGCAGAAGACATACAGAGCCGTTCGCATAGAGGGCCATGATTTTGATTCAGCAATTCTTCAAACCACTGATGCTGGTTGACCATTTGACTTTGTTTTTGAAGTATTTTTTACATACAGTGTACAGAACATTTCCGCTGGATATTTGGATACTGAACAGGAGTAACAAGAGGAACAGCTCCTACCTCCCCCCTGCCCCTTCCCTCACAAGCCTGTGAGTCAGGGCAGGGGCAGCCACTGAAAGTAGCAGAGGCCTTCATAAAGGAGAAGTTGTCAGGTAGACCTTTGGATTAACTCCCCAAAAGCAGCCCCCTAGGAGACAGGCGACAGCACCGCAGTCAGGGGATGCAGGCGTGGAGGCACTTCTCCATGTTGCCATCATGTGAAGAAGGACATGTTTGCTTCTGCTTCTGCCACGAGTGTTGAAGGCAATGGTGATGAAAGTAAATATTTAAAAACACTACCATAGCTGTCCCAAATTTCAGAAAAACAAGGTACCACTGGAACCATTTAATTTTGTTGGAACACAGAATGACCATCTTGTGATCAGTTTTCTGCATCTTTAAAATACCTGGAAGGTCATCTTTAAATAGTACAATCTGATAAAAGTTTAATACTTAGTGTAGACTTATATGAATACTTCTACATTCATACATTTTTGTATACTTATACATTTTCATACTCAATTAATGCTTAATTCAAAAAATATCTGAGTACCTGCAGTGTTCCCCATGCTACATACTGGGCTTAAACAGCCAAAAAGACACAGTCTTTGACCTCAAAATACTTTGATTCTTGTAAGAAAAACTGACAAAGACAAAGAGAAGGCAATGTGAAAACTTCTACAGTTGGGATAACCTTGGAGGTTACAGGATGTGGACTCACTGAAAGCTTTCTGCTGGACTTGAACTTGAAGCTGAAGTCTGAAGGACAGATGGGTGTTGCTTAGCGAAGGGAAAGTAGGAAGCAAAGACCCCTGGACAGAGTGTAGCAGGCACAGAGGGAGCATGACACCTTCGGGAGAGAGCCGCAAGCACCTGGGCCCAGATCCCAGCTTTAGCTTCATTAGCCCTGTGAACTCTGTATGTCAGCCTTGACATAGAAAAAAAGAGGATACTAAACCTCCATCTTAAAAGAGACTTGGAAGAAGCTGGGATTATAGGCACACCACCACACCTGGCCCCAGAAAAGGGAATCCTTGACCTGCAAGAATCGAGGAATATTGTTTCTGACATGCTCAGTGGACCTACTGCTGGTGTTCTTAACCATTTCCTTCCTAAGTGGAACTTCTTTTGAGGTTAATGTTTATATACAATTACTTTAACATTGGATTTGGGAAATGGAACAACATACTGCGGATCTTTCTGCTACCGATGAAAGAAGAAGCCAGCATGCTCGTTCCTGTGCATGCTGGTGAAACAGACGTGGCCTGCCCTGCCTTTCTCCAATCTCTCTCCCGCAGCCCAGCCCAGCCCAGCCTGGTTTAATAGCAGGGGGAGTTGGCACCGTTCACAGCTGGTTAACACCCTACTGAGCAGGTTTTGAATGCAGAAAGACTGAGAAAACTTCACTATTCATGTAAGAAAAATAGGCTCCACGGGATCCCTTGATCAGGATGGTGGTAGAGGAAATGAACTTCCATCAGCACTGTAATGATCTCAGCCTTCTCCACCACCCCACGAAGTTTCTCATAGCAAGCCACATCTTACTCATCTCTACATTCCTAGGAGGGGGGACAAGTTCACAGTGTTGGGGAGAGGAAAGTGTCCTCTTAGCTGCCTCCCATGACTTCAGGGGCCCATTTGATGATAATAGGACACTCTCTGGACAAAGCCTGCAGATGGATTTGATCAAGCAAGAGAGCTGAGGATGAATGCGAAAAAAAAAAAAGTGGTCCTGATGGCTCCTTGACCATGAAATAAAGGTCATCAATGAGGGAAGACAGGAGACTCCAGGAGCACAGAGACAGTGACAAAGCAATGGATAAAGGAATTGTGGGTACCAGTGAGATGGAAGGATTATGGGATTTGGAGTCCTAGGGACAAAGATGGAAAGACTGGAGGGTGCTTGGAGAGGAACTGTGATTGGTGATGTCAAGATCAAGAGTACTGTCTTACAGGGGAACCAGTGACAGAGGTCAAGAAGAAGATGAGACCACTGCAATGGTAATTTCATGACATGTACAGGTGTTGATAATTCCTTTGTGCTGGACAAGGTAAAACAAAGAGGGGTGATGACTTTGAAATGTTCTTAATAAAAAATTCCAGCAATAA,False
318,-122,1.0494215,-1.132868,0.10135221,1.8807691,-2.226715,0.016182909,4.6973124,-4.6363125,8.839339e-05,-1.5161809,1.5752066,0.95653605,-3.3746037,3.4884202,0.99895537,0.41462296,ENST00000538335.1,-122,CCGGCGGCGGCAGCTGCGCCGCCAAAGCCCCGGGCCCCAGCGGCCCCCCACCCCTCACTCGCGCGCTCCCACACTGCCTCCCCCTCCCCGGGGGAAGGCCTTTTAATTTATTTATTTTTCTGGGACTGGGGTGGGGGTCTTGGCTGGCGGGGGAGGGGGTCTCCCCGGGCTCTACCTCCCGCGGCCGGGACTACCCTCAGAGCCGCGACCGCCGCGGCGTGCGTCCCGGGCCTGCAAAACTGTTTCCAAACTGCCCGGGCCGGAGGCGGGCGCGCGGGGCCCGGGGAGATGGCTGGGGTCTGGGGGGCCGAGGGTGTGTGTGGACGCTGGGAGCCGCGGGGGGAGGCCGGCGTCGACTCAGAGGAGTTGCAATCGAGGTCCGGGAGTGGCGGCGGCCAATCAGCGCGCGGCTTCCATTTTAGCAGTAAACAGTCCTCAGCGAAGCCGCCTTTTTGCCTACCCAACCCTGGAAAGTTTGCAGAAGTGGAAGGAGCAGAACGTGAGGGTGTAACTTACAAAAAGGTTCTGGGCCGGAGAAGGGGCGACGTTCGGGCACCCCCCGAATGGACAATCTTTCCTTCTGTCAACGGCAGGGGCAGGCCTAGTTTGACTCTGACAGTCCTCCCACTA,False
319,-1217,0.91054726,-1.0763879,0.12058149,-1.3082143,1.1345955,0.92003405,1.7404149,-1.4118408,0.041002493,3.7471135,-3.8108943,0.00052164175,-2.2788725,2.2457364,0.98927724,0.41428337,ENST00000580770.5,-1217,CTTTTCATTCCCGTTGTTATGGAGGGCCACATCTGCCAGAGCCTGGAGTCTGCGAAGGCCGGGACCCGGTTCCCCGGCCCACAGTGGGGGTGTGCAAACCCGAGAGAACTGGGTTGCAAATTCGTGAAGAATCAGCATCATGTTTGGCAGCTGAGTATTGGAGCCAGGAGCCTGCCATGAGGTTTTGAGAACAGAGTGCTGTTTTAGAGCTGGCAGCAGCATCTCAGCCCAAGAGAAGGCATGACTCCACAGTTTCTGCAACAACAGAGCCGGGGAAAGGAGGACGCAGCAAGCGCTGAATATTAACCAGCAAAGGTGATCTGCCTGCCTCAGCTTCCCAAAGTGCTGGGATTACAGGAGTGAGCCGCTGTGCCTGGCCTCCCATTTTCTAAAAGAGTCTAATTCCAGTCCAAAGTCCCTCCCTGCTCCGTGTGCCCATTACCTTCAGAGAGCCCTCTTCTGGTCCTGGCTCATGGACTGGCCTCTCCCTAAGACATGCGACACCAAAGCCATTTCTATTCGCCTCGCCCTGCTGGACCTTTTCTGGAGAGATGGGAATTCTTGGAACAGGT,False
320,-1020,0.3708123,-0.45793265,0.30391052,-0.5766908,0.5633923,0.75769484,2.0110667,-1.7352992,0.023059092,-0.65062904,0.5560155,0.7697047,0.64642644,-0.6704927,0.21133134,0.41314012,ENST00000505537.1,-1020,CTCTTTCTTTATGGATGGCAAACAGCGTTCAGATGACAGATTTTGGAAAATTGTCTTAGGAGACGCATTCTCAGGCAGTTCCAGTGTATTGGTATTTTGGATGTTTCTCTGCATTTTGTCATACGGTTCAGAAGGGTGATAGGCTTTCTGTGAACTGCTGGGCTTCAAGAAGGCTATTATCTTCCACTCAGGTTTAATGGAGGAATTTATGGGATTTTGCCACCTTGTGAGGTTCAGTGCTAGAATTTCTGCGTTGGATGGATCAAGAATCTACGGGGAGCCAAGTCACTTAAAAGTATCAGCCTGAGGGTAAAAGGTGAAGTGACATCTTTACTGAGACCTTCCCGGTCAGATGCAATCGGATTGACTGAAAGCTCTCAGAACGAAACGAAATTCTCCCACCTGGGCAGCACGTGCTGGCCAGAGAAATGACTGATGAGGAGTCAGCTCTGCACTACTGCTGGACAACAATTTCAACATCTCATTTAAAACTAAAGCAGTGAGTTAAGGTGGTTTCTGAATTATGTATTAAACTCAGCTTCCAGATATA,False
321,-665,1.1409713,-1.2280121,0.08556866,1.8687533,-2.2131057,0.016595988,4.7321033,-4.6718264,8.2392835e-05,-1.5863264,1.6517563,0.96224254,-3.2214046,3.3209774,0.9985611,0.41261014,ENST00000543334.5,-665,TTTGTTCTATGGGTGGGTGGGGGGAGCTTGGAGCTGTCTTAATCTGTATTCTCTTGACTGAACAATAAATTTTTAAATATATCTAGTTTCCTCTATTAAACACTTAAACCTGGCCATCTTATTAACTCCTTCTCTCTTTTTAACAAGGTAATGTTTTAAATGTATATAGCTTTAGGACTAGCGAAATGGCAGCAACAAAAAATTGTGAGCAGTTGTTACTCTTTTAGTTTTTAAAAAACCTTTTACATTGTAAGTACCCAATCCATTCTGTCCTGACGCAGTACAGTTTTGATGTTAATGTTGCTGAGATGTCCTTAATTTTCCGAACCTTCATCTGCATGTATGTCTTTGTCTCTCTTGTCTAATATAAGCCAGTTAAGATGCTTGAGACGATCTTGCTTTATAAAGCTAAGGTTCTAGCTTTATGCTTTTGAAAATGTTTACAGCACTAAATGCTAGTCAGCTTTCTTCCCCGTAGCTTGTACACTTTCTTTGAAAATCGATCTATTTGAAGAAAAACAGCCCTGTTTTTCTCGTCTTTGGTGTTGGGGGTTGGGGGGAGCTGGTGGGTGAGGGAAAGGAAGACCTTTTCTTTGTGTAGAGAGACTAAAGCCGTCACAGGAAACTAGATTAAAACTGGAAAACAAGTCCTAGCTGGTTCCAGCAAACACCAACGTTAAGTGGGGGGTATTTTCTATGGTGGTTGGGCGGCTGGTGCGTCTTGTGCCTTTTGTTTGATTTGACTGTATTTTCGCCTTTTGTCTCTTAATGACGATCACACCATTGCTATATCCAGAGCAGTAAACAGTCCTCAGCGAAGCCGCCTTTTTGCCTACCCAACCCTGGAAAGTTTGCAGAAGTGGAAGGAGCAGAACGTGAGGGTGTAACTTACAAAAAGGTTCTGGGCCGGAGAAGGGGCGACGTTCGGGCACCCCCCGAATGGACAATCTTTCCTTCTGTCAACGGCAGGGGCAGGCCTAGTTTGACTCTGACAGTCCTCCCACTAAGCTTCTGTTGTCAGGCATTTGGGGCGTGTAAGTCTCTGCCGAATATAGCAGCATACGAGAGGATCCACTTGCAAGTATTTCCCAGTTGTGTGTTCTTCGGCGGGGGGAGGGCCCTGGGTGCCGCCTACTTCTGAAAGACACAGGTCACTGTCAGAAAGCCCAACTGTGCTGTGGCCTTCCCTCCAGCCGCCCCCGTGGGGCATGTGGGGTGACAGTGTGAGCCGTCCTCTGATGTCTGGCTGCTAGAGAGGCAAAGAACAGAGACCCGAGGTTCC,False
322,-701,0.49723053,-0.621708,0.24620828,-1.3559536,1.1043638,0.9213127,3.3791444,-2.9232523,0.0018285591,-1.0952799,1.0171858,0.8921089,5.593713,-5.865773,1.054882e-05,0.41229382,ENST00000557660.5,-701,ATTTTGTCTCGGCAGCGGTGGCCGTAGCTCCATCGCATTTTATGTTTCTGGCGAGAAGGGAACGGAGTTTTCATCAGGTAGATTGGTTTTTGTGCGGCCGTCCTCCACCGTTTCCTCCAGGACAGCACCTAGTCGTGGCCGGAGGAGTCTCAGAGCTGTCAGAAAGTCACGCTCTGTCGCCAGGCTGAAGTCAGTGGCACCATCTCGGCTCACTACAACCTCTGCCTCCCAGGTTCAAGCAATTCTTCTGCCTCAGCCTCCCGAGTAGCTGGGACTACAGGCGCGTGCCACCACACCAGCTAATTTTTTGTATTTTTAATAGAGCCAAGGGGCTTCACCATGTTAGCCATGGTGGTCTCGATCTCCTGACCTCATGATCTGCCTGCCTCGGCCTCGTAAAGTGGTGGGATTACGGGCATGAGCCACGTGCCCAGCCTTCATGTGTATTTTAGACAATGAAAATGATGTTAGACAAAAAAGCAAATTCGAGCAGTTTTCGTTTTTGAGTTAAAAATGGGTTGTAAAACAACAGAGACACCATATCAGCAATGCATATGGTTCAGGAACTGTTAACTTACAGTGCAGTGGTGATTCAAGAAGTTTTTTTGTTGTTGTTGTTTGAGATGGAATCTTGCTCTTTCAGGCTAGAGTGCAGTGGCATGATCTTGGCTCACTGCAACCTCTGCCTCCTGGGTTCAAGCCATTCTGCCTCAGCCTCCCCAGTAGCTGGGATTACAGGCACGCACCACCATGCTCAGCTAATTTTTGTATTTTTAGTAGAGATGGAGTTTCACCATCTTGGCCCAGGCTGGTCTCGAACTCCTGACCTCGTGATCCGCCCGCCTTGGCCTCCCAAAGTGCTGGGATTACAGGCTTGAGCCGCTGTGCCTGGCAGTTTCAAGAAATTTTGCAAAGGGAAGGAAAGTCTTGAAAATCAGGAGCGTAGTGGCTGGTCGCCAGAAGTTGATAACTACCGGTTAAGAGCAATCAGCAAAGCTGATCCTCTTAAGGCTACTTGAGATGTTGCCGAAGAACTCAATGTGGACCATTCTACAGTCCTTCAGCATTTGAAGCAAATTAAAAAGTGAAAAAGCTCGATAAGTGGGTGCCTCATGAACTGACCGAAAAAAAAAGTCATTGTTTTGAAGTGTCCTTATCCCTTATTTTTTGCAACAACAAACCATTTCTTGGTCAGATTGTGATGTGCGAGAAAAAGTGGATTTTATACAACAACTGGTGATGGCCAGCTCAGTAGATGGACTGAGAAGATTCTCCAAAGCACTTACCAAAGCCAAACTTGCACCAAAAAAAGGTCATGGTCACTGTTTTGTGGTCTGCTGCTGGTCTGATCCACTATAGCATTCTGAATCCTGGCGAAACCATTACATCTGAGAAGTATGGTCAGCAAATCGATGAGATGCACCAAAAACTGCAACGCTTGCAGTCAGCATTGGTCAACAGAAAGAGGCCCAATTCTTCACAATGCCCTTCCACATGTTGCACAACCAATGCTTCAAAAGTTGAACAAATTGGGCTGTGACATTTTGCCTCATCCGCCATATTCACCTGACCTCTCTCCATTGACTACGACTTCTTCAAGCATTGCGACACCTTTTTGCAGGGAAAACACTTCCACAACTAGCAGGATGCAGAAAATGCTTTCCAAGAGTTCGTCGAATCCTAAAGCATGGATTTCTACACTACAGGAATAAACAACTTAAAAATGTGTTGATTGTAATGGTTTCTATTTTGATTAATAAAGATGTGTTTGAGCCTAGTTATAATGATATAAAATTCATGGTCTGAAACCGCAGTTATTTTTGCATGAACGTAAATGATGAATTTTAGATGCTGAAATTTCTGGGCATCTAAATCTTCTTTCACATCCCTGATTATTTTTGGAATAAACTCCCAGAAGTGGAAATATAAGGCTGAAGGCCTGGTGTGGTGGCTGAAGCCTGTAATCCCAGCACTTTGGGAGACCGAGGTGAGCAGATGGCTTGAGCCCAGGAGTTTGGGACAACATGGTGAAACCTCATCTCTACAAACAGTGCAAGAAATCAGCCAGCGTGGTGGCGTGCACCTGTGTTCCCCGCTAATCAAGAGGCTGAGGTGGGATGATCACCTGAGTCCAGGAGATCAAGGCTCCAGTGAACCATGATTGTGCCACTGAACTCCAGCCTGGGTGACAGACTTCATCTCAAATATATAGAATAAGACTGATTTTATGGGAAAATTAAGCAGATGCTCCAGTTTGAGAAACCTGGATCTGCGATCTGTTTGTGGTACCAGCATCAAGATGATTTATGGTAATAAGGTACTCAGTCTTTGCTTAAAATAAATTTTACGTTTATCAAAGT,False
323,-1352,-4.081683,4.0331416,0.999701,0.2197491,-0.7429563,0.27633685,4.1500587,-3.5847538,0.00043714306,2.7739158,-2.620738,0.0045202663,-0.71399486,0.52355975,0.7751381,0.4112267,ENST00000449469.5,-1352,TTGTTATGTCTGCCAGATGGTCAGTATTCTGACAGTGTGGGACAAAGGAAAAACGGCAGCCTGGGCAACCCCGCCTCTATAAGAACTAAAAAATTAGCCAGGCATGGCGGTGCATGCCCCTGTAGTCCTAGCTTCTCAGGAGGCTGAGGCAGGAGGCTCTCTTGAGCCCGGGAGGACAAGGCTGCAGTGAGCCATGACCATGCCACTGCACTCAGCCTGGGCAACAGAGTGAGACCCTGTCTCAAGAAAGAAAAACGAGAAAGGGAGAGTCCCTCCACTGTAAGGAGATCGGGTTCATTACATTTTGGGGTGTTGGAGAAAAATACTGAGTCAGCACCTGTGTGGGATTGGTGGGAGCAGATTTGGTGTTTTCCACCCCTTCACAGGATTCTGAGGTAACTCATTTCTGTTGGCCTTGGCCTTGTATGGGGAGGATTTCCCTCCAGCCTTGTATGGGGAGGATTTCCCTTGTATGGGGAGGATTTTCCCTCCAGCTTGTGGGAAAGGAATCAAGGACCAGAGACAGGCAGGGGAGAAGATCACTGAGGGATTTACGGCAGCAGCCTCTGCACGGCTTCCCCACGACCTCCCCAGCTGCTTGCTGGACGCTGCTGGAGAAACAGCACATCCCAAGATCATCATGGCCCCAGCATCCTCTTGAACTTAGTAACAGTTGGCCTGACAGATGAAGCGGATATCATCCCTGCCTTAGAAGTTCTCTAGCCCCTTTCTTAGAGATAAGCTGCTATTTCATTCCTAAAAGAAGTCATGGCTGTTCAGGTGAGAAGAACGGTTTAGTCAGCATCTATGCAACACTGTAGAGATGCTTAGTGAGAGGTGTTGCAGGAGAGTGGCAGACCGCAGGGCCCGAGGTAAGGTTTCTTGTCCATCTCTGGAATTTTGGCTTTTTGCACCCTGTAAAGTCACGTCCCCTTTTTTTCTGGTGCTTTGGTGGTGACGTAGGGAGAGGTGAGGATGAGAAGAGGAGCCATGTCCTATGGATTCCCAGATCCAGACTCCTCTTCCCTGGGAAAGCTGGATTGGAGCTGGCCCCTCCTTCTGTGCCTTCAGGGGCTGTGGAGGAGGAGGCCCCTGCAGGGAGCTGCCTGGGGCGAGCGCTGGGGGCTTTTCCTGCAGTGCATTAGCAGCATGTCATAATGGAAAGTGGCTGGATTTCTTTCCAGTTGTAATCAATGGTTAAGATTTAACCTAGCAACATTGTAGGGGTACACAGCCAAATGATTCAGGAAAAAAGATGCAGGTTGAGTCTGGAGGAATCCCTGTGCCAGCTTCCTCATGCTCCCTCCCTCTCTCAGAAATCACATGGAACCCATTCTCCCCTCAGCAGTGAAAATGCATTCAGCCTGTGTGCAGTGTTTCTGCCCAGGGAAGCCCAGTAGGGCCTCCATGCCCGGGGTGTTTACTGGGATCTGGTTATGTAGACACCACCTGCCTAGCACGCACCAAAATTCCAGACTTTCAGGAAAACAGGTGCCTGTGCCACATTATTTGCACGGAGAGACTGTGTCCAGTGAACGGTTCTGATCAGTAAACTGTTGACTAGGAACATCCCGAGAGCCAAGTTCCCAGATGCCAGCCAAGGGCCATCTGACCTGTTTTGAATCTCAATTTCCTGATACAGAAAACAAAGGATTGTCAGCTGACCTCTGTCCTGTGTGCCCAGTGGCCCCAGGTGACGTGTCTTCAAGAAGAGGCTGAGCTGCGGTGCTTGTAAGGTCTCAGCCTTAGATCCAAGGACAGTCCAAGGAAGTCCTAAGACCATGGAGTTGGTGATCTGGGATCTGGGTTTGCTGATATTTCTCACCGTGAATCTCTTGGTGGTGTTTGTGGGCACGAGAGGGGCAGAGAATGGAGAGTGAGGCTACCACATGAAGCGTCACCAGAGCTGCTCCCTGCTGCCTGCTCAGAGCACCCCGGATCCACTGTTCAATCTGCACAAGATTCGGGGTCCAGACATGGGAGACTTCAGCTGCCTCAGAGGACCGTGGACAGGGAAGGCCAGCCTCGCATCCCTCTGTCCATGCCTGGAATGACTTTAATAACCAAGAGTTTTATTTTTGAATTTGTAGCTGTCGTTCACTTTTTACCCACCCATTCAATAAACCTTACAGAATTGC,False
324,-308,-3.4543808,3.301712,0.99883765,-0.6227833,0.5958017,0.77181447,3.1170294,-2.9377592,0.0023411044,0.43772337,-0.5061879,0.28011096,2.8877573,-3.1143835,0.0024673478,0.4111143,ENST00000604219.1,-308,TGCTGGGATTACAGGCATGAGCCACTGTGCCTGGCCCATTTGTCTATATATGAGTACCACACATTTAATTATTTTGCTAAATAATAGATTTTAATAGCTAAATTTTTTAGAAATGATAAAATTAGAATCAGTCTTCCTTCACAACTTACCTGGTTGCACTTTTTAACCACATCTGGCCCAGGTGTGGCATTGAGAAGTGCTATAATAAGGTAACGATTTAGCAGCTTCCCTAGTCCTAGTTCTTGCAAGGTGTCATCTGTAAGGAGTCCATTCCAAAGAAGAATATTGCGGAAGAGCTAAAATAAAATATCAAGTAAATATGTACCTTTTCTCCAAAGAGAAACTGTAATAGTCTCTAACAAACATGAAGAGTTGGTCAAACTAAAATTCTCACTACAATTAGCCCTGTTGGAACTGTCAATTTTAGAATACAATATCTCTGAATAAATACTTGATTCTTTCCAAA,False
325,-199,2.6802323,-2.833941,0.004013086,-1.91709,1.4744486,0.96743906,2.1525726,-1.6094967,0.022707978,-1.4491837,1.4075031,0.9456633,0.8823142,-1.1700516,0.11381355,0.4107274,ENST00000583030.1,-199,CATTTTCTCTTTGTGGAGGCTGGGTTCGCGTGCTCTTCTGAGCTGTGGTCGTCATGGACCGGAAGCGTGTGCGGCGCGCCTGCCTTGAGGCCAGCATCAGGGAAGGGTGTCCCAGGTGCAGGCGAAGCTTCCTTCAGGTGCTCCTGGAGGACTTTTGGCTCGCAAGCGCTTCTCCATTCTCCCAACGTCTCGGGCCTGGTGAGTCTGGATGTGAGCGCATCCCACGGGGCCCAAGGCACAGAGAGAGGGAGGAACGGGGTGGAGGGAGGGAAGCGTGTGCAGGGGCCAGGAGCGCCAGGCTGCTCGGGCTTCCCGGCCCCCGCAGCCCGCCAGGAGCTGTGGCCCCGCTCGTGCCAAGGCAGAGGCCTGCCCTCCTGCTGCTGGCGCTGTCACCTCCCCGTGCTCCTGCCTCCTGAGTCCCTGAGGGCCTCCTGTCATCTGGAACTGGAAATGTTAGTGAAGTGACGTTTTGTGAATATTTATTGGCCTTTGCGTCTTTGTCTTCATTTTCAGTGCTGGCTTTTCTGTTGGGTCATTTGTATTCTTACGTTGATTTGAAGAATTTAAAAAGGTATTCTATAAATTAATCCTTTATGGGGTCATTTGTAGTGCAGATAGTTGTTTCTTAGTCTGGTCATTGTACCTTAATTATATTTCACATTTCTTTCTTGCTGGTAAATAAGAAGCTAATTGATTTTATAGATTGATTTTGTATCGTGTTACCTGGCTTAATTCACATATTCATAGCCATCATTTTTGGATTGTGGTGGGTTTTTCATGTACTTATGTACATGTAGTTATGTACTTACGTACTTACGTACTTAAATACTTACGTACTTAGTGTCAGCCACGCGTGTGTCTCCATCCTTGTGCCTGAAGCCTGTATCTTCTCTCCAGTATCACCATCCCGTAATGACTGAAGCCCACGTCTGCCCTTGTGTATTGTCACCTGGTCTGTCCTCTGCCTGCACTTTATGCCCCCTGTCAGAAGTCTCCATTTCTTGGTCCTGCAGCCCGTGCCAGCCGTGTGAGTCTCCATCCTGTGTGCTTGCAGCACATTGCTTGCCTTGAATGTTGCCATCTCCTTAGCCTTCAGGCAGTAGCAGTCCTCCAGTGCCTCAATCCCTGTGTTTGCAGCCCATTCTGATGTTTTTGTCCGTCTGTCCCCTGAGCTTCTGCCCATGCCAGCTTATGTTTGCTACATTCTCTGTCCCCCTAATCCGTGTCCACAGTCAGTGTTTTCATCCATGCTTTTTGGGCCATGTCTGCACTCGTGTGTCTCCTTCCCCTGTGCCTTCAGCCCATTTCTGTCCTTTTTCTGGATCATTTCTCCCGGGAGACTATGCCCAAAACTCCTATCCCCAGTGTTTGTACGTGCAGCCAGTCTATTTCGTTGAGTATCTCCGTCTGTTGTTACTGCAGCAGAGGCGTGTCATTGAGTGTGCCTGCTTCCCATGCCTGTCTTCCTGTGTCTCCAGCCCTTGTCCATGCAGCCCACATTAGGACTCTTGTGACTCCACCCTTCAGCCTACAGCCACATCTACCTTCGGGTATCTTTATCTCTGTGCCCCCTGCCCACGCCAACCTTCACCTACTCCTCTATCCTGCACCTTTACCCGTGTCTGTCCCTGGTGTGCCTCTCTGCCATGCAGCTGTAGCCAGCGAGCTCCCTTTTTGTCTGGATCCCCTGTGATTGTAGCCCAGGTCTTCTCTCCTGTGCCTGCAGCCCGTGTCTGCCCTTGAATGTCCCCATCCTCTGTGCTTGTCACCCACTGGCCAGGCCTAGCATGTTTCCACTCTGTGCCTACACCCATGTCTGCCTCCAGGGTCTCCACTCATGGTGCCACAGTTTGGTTCCCGGTCCCTATCCTCCTGGGGTGGATTCTGGCATTGTGTTGGGAGGGAGAAGGTGACCCATGAAAGCGAAGCCTGGAATGATGTAATGGGCAAGGAGGCTGCCATTCAGCAGGCTGCACAGTGGCAGAGAAGACATGGCCAGTCAGAATCCTCCCTGCATCGGGGCACTCACGTGGGGCTGTGCCTGGTGTGGGGAGTAAGGGGAAGCTGGAGTAGGAGGTCTGGAGCCACCTGGCCCTCTTGGGCCTGAGACCCTCCCCACTGCAGGGGCTCCATCACTTCCCTGGTGGTCCTGCCTCCTGGGATCCTGCCCTGCAGTGTTTCTGCAGGGATCCTCTCACCTGGAACTTGCAGTGGCGGGTTTCATGTGAGGTAGAGTTTAGCAAATGTTTATTGGCGTCTGGGCCTTACTTTTCTTCATATGCTTTGCTCATTTTGTGCGTGTTTTTGTAGGGTCCTTTTTTTATATTTATTTGAAGGATTTATCTTAAATCTGCAAATTGATCCTTTATTGGCTCATTTTTGTCATAGATACTTGTTCTCTAGTTTGATCATTATTTTCTATTGGTTTCATACTAGTATATAGTAATCTGGTTGATAACAATAATGTATCCAGTAAGTTATTAATTGAAACAGTTTTGGGGTTTCCAAGGATTGTCTAGGCATGTAATAGTGTCATATACACATAATGACAATTTTTTTTGTTTAAAAATTAATCCTAATGCCTTTTTATTTCCTACTGTATTGTTTCTCCACTACAATGCTGATTAAAGAGTGATAGCAGGCATCCTCGTCTGTTCTTGCACTGGGGGAAAAAGCTTCCCATAATTCTCTGTTAGTTATGTTATTTGTTATTGGCTAGTATTAGACTTTATCAGATTTCATCAAATTAAGGAAGTTGCTTTTTTTTTTTTGAGATGGAGTCTTGCTCTTGTTGCCCAGGCTGGAGTCCAATGGCTCGCTCTCAGCTCACTGCAACCTCCACCTCCTAGGTTCAAGCGATTCTCCTGCCTCAGCTTCCCGAGTAGCTGGCAGGGAAAACCCAGCTGCAGCCTAGACCTAGCCCAGATAGTAAATTAGCAGGGCTGGGAGTCTCTGTCATATCAGCAGTCATATGTCTTAAAACCAGAATCTACCCAGATTATATATATATATCTTGTATCTGCCGCTGCCATTACCTTCTTTTCACTTTATGTCAAAAAAAGGAAAAGAATCCCAGCACTGAGGCAGGAGGATTGCTTGAGCCCAGGAGTTTAAGTCTGCAGTGAGCTGTGATAGCACCACTCCACTCCAGCCTGGGTGACAGAGGGAGACCCTGTCTGAAAAAAAGAAAAGAAAAGAAAACCTGTCATGTTACTGACC,False
326,-591,-0.77393067,0.8470623,0.834932,1.6688977,-1.7039362,0.033155344,1.8483988,-1.6348989,0.029791214,0.45121893,-0.6354768,0.252241,-1.076584,1.1311154,0.9009388,0.41021165,ENST00000412162.1,-591,GGTCTGTATGCTCCCCTAGAGGTTTGAGCAGCTGGGCAATGAAGAGGTGAGCTACAACTCCCAGTGCACACCCTGCGAGGGGGACAAGGGAACTTTTCCTGTTTTAGAAATACCAAAGCACAATCAACCCATCAAACGAAAAAAACAACAACAGCCTAAAAGACAAGGTTGATGTGGAGGAGAAAAAAAAGGTCTCGCTCTGCCACCCAGGCTAGGAGTGCAGTAGAGTGACTACAGTTCACAGCAGACTCAACCTTCCAGGCTCAAGCAATCCTCTCACCTCGGCCTCCCAAGTACCTGGGACTACAGGCACACTCCACCATTCCCAGCTAATTTTTGTATTTTTTGTAGAGACATGGTTTTGACATATTGTCCAGGCTGGTCTTTTACTGTCAAATTGCTATATTTTATTGCTTTTGTTTTTGAATATTTTTGATCCATGATTGAGTCCATGAACATGGAACCTGTGGACATGGAGGCCCAACAATAGTACTTAATGTCTTTCTAACACAGCTACCTTATGAACTCTGGAAAAAATTGTATGCCAGCCAAAGCAGTGGAACAACCATATTCTACTCACTGGATTGTCCTCAACTGTTCAACAATACCTCCCAAACTTGTTCCTGACTTCCGCCCAACATGCAATGACTCCATTCTCATTGTGCTCTTACCTGTTTCACTTAGTTGGATTATTTCTGTTCAAAAATATGTTTGATTTTTAAAACTCAGGCTTTCACAGCTTTTAAAAGTTGTATAAACCACTGTATTTGTTTGATAGATGTGGGTGAATTTGGCTTCCTACAAAGCAATAACAAATCATCCACATAGGAAAGTTACCATTTCTGCAGATGGAAAAATGTGTACCTTGCTTCTCATATCATTGTTTTCATTTTGCAAGATATGAATTTCTTGAATAGTGGTATCACCTACAATTACTTAAAA,False
327,-1413,3.0419369,-3.2819254,0.0017897963,1.3805906,-1.5670167,0.04984972,-3.176813,3.3664925,0.9985624,-4.474735,4.318756,0.99984825,3.5084667,-3.7745845,0.00068661396,0.41014737,ENST00000512067.5,-1413,CTGGGAATCAATGTGTGAGGTGGTGCTATGTAGCAGGAACCCCTCTTGCTTTGCAAATAGTTTTTTGTTTGTTTTCCTTTTTGCCCAATAGAGCCCTGCTCTACTGACCCTTCAATGTGCCCGTGTGCCTAAATATTCCTGGTCGTGTGAAAAGAACCCAGGTATTAGCTGAACTAAGGAGCACAATTCTGCAACATTTTGGCACCCAAACACGGGGCTTGAGAAATGAATGCAATTGGAGAAACTGGTTGTTTTACCAGGCGTTGATTGGAAATGTGTGCTTCCCTTTAAGCAGTCAAGCTCAACTTGCAGAACTGATGGGAACCCCTTGGGAAAACTGGCCTCAAATGTTTGTCTACACAGTCCACATACAGGGTTCTTAACCTGCGGAAACACTTTCTGAAAATGTCAGAACTCTTGAAAACATGGATGAGGAAAAGCATAAGTACTGCTTTATGCTTTTCTTATGAATTTTAAAAGATGTAATTTAAAGGTACTTTAAAGTGATATTTGTGCCCTTGTAACTGATTCAAAGTAGACTGCTAAGGACAATAAGTAATAAGAGTCTACAAATATCAGTAAATTATGAGAAAAAACGGTCTAATGGTACTTAAAATTGCATTGTGATTTATTAAATAACATTGAACAGCTCCACCTGTAACATTAAGATTCCATTTGAGCATATAGAAAATATATTTATCGCAACCTGAAGTGATTTGGAAAGTATGCTGGGAAGAAAATATATTTACAAATTAGTCTCAGAGGGTAGGTATCCTGTAGCCAGATGGAATAAGAAGAGAGGGAAGGGAGATTTTGTTCAAAGGGGGAGCATAAGCTAAGGAATAAAGCCACAAACAATGATTAAATTAGGTAAAGTGCAATTAGCTGAATATTGCATAAGCATACATATGGGAAGAAGTGGAAAAAGGAGTGACAATATGAAGCTAAAGGGTTTGAAGTGTTCAAGATAATACTAGGCTTCCTAGCCTATTCCGAGACATCTTGTTTTAGAGTGCAATAGATAAGAACTCTAAGGATGAAAGTAGGAGACATGCATTCTAGTCTACGTTTTGGTTAATGGACTGAAAGTGAAAGATGGACTGAAATTGGGGGATGGAATAAAAATGTGATAGAATAGAAAATAGAAAAAGCAATTAGCCTAATGTCATTGATACTTAGAGAAAATATGGAAAATAGTAAATTAGTGATATATATCTTTTCTAATTCACCAGGGTGAGTGAACAAAGGAAATCGGATTTAAAAGTATTCATGACATAGATGCAATAAGGTTTCTCAGTCAGACATAGCAAATTGAGGGAAGGGAAGATTTAGAGGATTGGAAAATGTCTTGCTTGTAGACTAATAGGATATCAATAAGCCATATGAGCAATAATTTGAAATAGTTTTTGTAAAGTATCATGAAGGTAAACCCTGTTTAGAACAAATTAGATTTGAAGTACTTGTGACAAATGCAATTGACAATGCCTTTATGCAGCTGGAAAATTGTTGCTTAGCAGAAAAGCTTGTGCTGGACAAATAGATGTCCAAATTGAATAGATGTTTTCTTAAGCTGAACTAATTGAGACAAATATCCTTATTAAATCAAAAAA,False
328,-58,1.2443752,-1.4463701,0.06352167,0.7162148,-0.9701947,0.1562486,-0.6658634,1.117027,0.8560534,-1.8532447,1.6702604,0.97134924,3.26935,-3.516823,0.0011280086,0.4096602,ENST00000417765.1,-58,CTTTTAATGATTGCCAGTAATGCAAGAAACACTCCTTGAGAGGGAGGGGAAAAGACTTTCTTAAATATTTCATTTATGACCTGCAAATTCAAGAATAAAGACACTGAATGGATTGGTTTTCAACATCGTGCCTGCCGATATGCCTACAGAATCATCTATGAGATGAGCTGCTGTTGATGTGAAAAATATTAAGTGTTGGCTGAGATTTAGGAACATCTAAATCTAAACGACTTTCGTGACATTCTTGGACATTGGGATTGAGGAGGTGTCTCACCTGGGAGCTCTCTTTGCACTATGATCAAAATGGAGTCTTGCCAGCTGCCCAGGGTAATAGCCTTGAACGTCTCTTCCTTGGTGAGCGATGAATATACTAGAGCAGAAAGTGAGGAGGTGAGAAGAAAGCCATTCTTACAATTAGTTCATTCCAGAAGAATGCCAGCTGCGGCATAATACAAAACGTATTTGGTCTTTGTCCCCAGTTTCTGGCACTGAGCCCCTAAAACCCATGGAATTTCCTGATAAGGGTCTTTTTCATGCATAACCAGCCCTTTTCTACCATAGCTGAGTGTATGGGCCTCGCAGGCCTCCCTCCTCCCACCACAACCTCCCGCATCTGTAATAAAATGTTATTTATGTTCAGGA,False
329,-92,1.0261085,-1.236609,0.09425811,-1.8593053,1.6018453,0.96956193,1.7881685,-1.2654225,0.04506269,-1.3712965,1.2030997,0.9291955,3.5549107,-3.7390983,0.0006791364,0.4077515,ENST00000530422.1,-92,GCTTTCTGAGATCTGCTTTTAGTGAAGTGGATCAATGATGAAACTAGCCAAATCTGAGCATCAGAAGTCTTTCCAGTCTACCTGATGCATGATCTCTACAGTTCTGAGAAGCAAAACTATAAAACAATGTAAAACAATAAGGGCATATGTCTGGTGTGTGTGTGTGTGTGTGTGTGTGTGTGTGTGTGTACGCACATGTGTTTATAAAGATAACAGCTGTAGGAATGAATGAGATTGAGGGTGGGGGGGTGCGTATGTATGTCTATGAAAGCCTAATCATTTCTGGGCAATGATGAAAAGGTTTTACTACTGATCTTTGTAACTATGATGGTTTCTACACTTGACCTGAGCTC,False
330,-1354,1.034444,-0.9856275,0.1171116,-0.8442956,0.81663525,0.84036297,1.6587305,-1.4708955,0.041901615,-1.223665,1.2986293,0.92569005,0.97919023,-1.0839834,0.11272799,0.40755883,ENST00000400436.6,-1354,GCAGCCGCGCCCCCAGCCGTATTTCCGCGGGCGCTGAGCACTAGAGAGAGCGTCTTGTGGCTGCGGCCTGCCCCTCAGCCTCCTCCGCGCGGTTACCCCTGTACCCGCCGCCATCCGTCCTGGCGCTCCGGATGAGTCAATGAGGGGCAGGGCCCGAGGAGTGGTCTTCCCAAGAACCCCTGGTGGCCTCCCAAGGCCGGTGCTGTGTACCTCCTCCCCGACAAAAGGGGAAACTGAGGCCCCGAGGGGAGTGGGAAGAGCCGGCTGGACGTCAGGCCCAGCCGCTGGTGCAGTGGTCCGTCCCCTCTGCCGGGGTGGGCCCCTCGGGTTTCGCGTGTCCTCGGGAAAGAGACTGGCGGGTGAGCCGCGCCCTCGGCCTTCGCTGGGCTAAGCCGACCCCATGCAGACGTCAAACCCCCCTAGGTCGGCACAGCCTCTCTGCGGGGAGGCTTAGTGCCCCCTTGAGAAACGGCTTGGCAACGCTGTGCCCGGGGCCTTGCACGCGGGCTGAGGGGGCTAGAGACCTCGCGACTTTTACTCCCCCGACCCCGATCTCCGACTCCTGACTTTGGAAGCCCCCAAAGCTGCTTTTCGGTTGCCTACAAAGTGTCGGTCATTGTGCCACGTCCTTGGAACCGTGAACTCATTTTCTCCTCAATAACCTTTAAAAAGTAGCTGTAAAACCTCCATTTTACAGACCAGTTGGCTGAGGTTTAAATGGAGGACGCTCCCAGGGCCCCAGAGGGGCGAATTCCAGACTCCTTTGCCAGGACCTTGTACTAAGCCCCTTCCCTACGCTTTTCCCTGCCTAGGCCTCGTGGGCTGTGCGGCTATCCTGGAGACAGATGACAGCTCTCCCTTGGATGGCTTTGCTGGTTCCGCACCAGCCAGCGCCCCCATTTTTCCTGCAGCACCCTGATCTGCACTCCCTGAGGGGCTCCCACTGTCCGCGGTGTGAGGATGTCCCTGGGTAAGTGGTGCTGGTCATGAGCACTTTGGGGGACCCTTCAAATTCCCTTCTGGGGGACCCCAGCGGAGGGCATGGTCATGAATTCCGAGAACTGTATGGCAAAGCCGGGTGCAGAGGAGAGCCTGGCTAAGTTCTTTCATTCTCCTGAGCTTGACTTTCTGTAATGTAGGGAAACTGCGAAAGCTCTGTAAGTGGGGAGATCTTGCACGTTTTTCTTGCTTTTGAACCCATGATGTCTGGCTACTTGTAGATACTCAATATTTGTGGGATGAATGAACAATTTAAGCCTTTTTTTTTTTTAACCAGAAATTGGTCTTCTGTGACTTTCTTGATGGGGGCAGATGAGATCTTTGTACTGCATTAAGTGGATAGCGCTCAGGTCCTTTGGGCTTGGCGCTTTGGCAATCTCCAGGCAGCTCACTTTGGCCTCTGTTCCTGGATCCCCTTTGCTCTTTTCTGCGCCTGCATTCGTAAGTGATCACGGGCTGCCCGTGTCCTGGTCATTGGTAGTGCAGGCAGAGGAAATGCGGGAAAGGTTGCTGTGTTTGGAGGGTCCACATCTTCACCCTCCTGTCCCAGGAGCTTTCCTACACTCCTCCTTCTCAAAGCTGCACACACCTGGGGCCTCCAGGGGATTGGGGGCTGCCGTGTGTGTTATATCATGATTAGAGCTTTCACTTCCTGCTCCCTGCTGTTGGGAACCAGGCTGTGTGTGTTGCTTAAATTCCCCTTGATGACCAGCAGAGTCACTGCCACTCAGCCATGGCACACTGCTGTAAACCTGGTTTTGATCTCCTTTCAATCTTTTGCTGATTAACTACACATTGATCAGTGTTGGCCACCCTCACCCTGCCATAGACCATCCGCTGTCTTCCTCTGTAGAGTTAACTATTTTCTCTTTTATGAGGAAATAGTGTGTTTGCTTAGGAGTGTTTACTGTCTGGTAACTACTGTGCTAAGCCCTTTCCTGTTGCCTGCCATCCCTGCTGCGAGCAGGGACAAGCTGGGTGCTCACTCATGGCATCTTATCTGTTGCAGATAGTCCACTGTGTGCAGAGGCATGGGAGTTGTCATGTTGGGAACATGCTAGACCTCAGTATCCTTGAGCTTGAAGAAAGACGACAGAACACTGGAGACCAAGTACTTACAGCCTTCTGCTCTGTGGCCCCTCCTCACTCCAGGGATGCTGCCTTGGGTCTGGAAACTGTTAGAGGAAACCCCAAGAGGTGCAGGCACTGAGCCTCTCAGGACAATGACCTGGGGTCCCAGCTCCCCTGGAGGGGCCTCCTCATGATTGTTTGGGGGTTGATCACAGACCAAGAGTGACGAGTGATGTCACCCTGTGACTCATGGCTGGACCTTCTTGCCCCTATTGTCTCAGCACAACATTATTCGACTTTTCCCTCAGCGTGGGTGGGCAGAGGAAAAGCCCTGTGGCTCTGGGGACTTGGGATCCAGAGTTGAAGACCCTTCAGCTGGCTCTGCCCTGCCAGTGCCACAGAGTGCCATGGCCCAGGAAGACAGGTTTTCTTCCATCTAGGCCAGGCCATCCAGTGGCCATCCTCCGTGTCCTCCCGCCTCCTCCTGGTGTGACTTCTGAAAACCAAGAATTTGTTCCTGTTGACTTTTTCTGTGCTATGGACCATTGTCCTCTCACCCACTCAATAAATCTTGAAACATGC,False
331,-700,0.4874308,-0.56116635,0.25949457,-0.95338094,0.7083646,0.84047216,3.7140203,-3.2344685,0.0009591641,-1.3365688,1.2565238,0.93041575,4.0554523,-4.331513,0.0002277658,0.40631384,ENST00000555707.5,-700,GTCGGCGCCATTTTGTCTCGGCAGCGGTGGCCGTAGCTCCATCGCATTTTATGTTTCTGGCGAGAAGGGAACGGAGTTTTCATCAGGTAGATTGGTTTTTGTGCGGCCGTCCTCCACCGTTTCCTCCAGGACAGCACCTAGTCGTGGCCGGAGGAGTCTCAGAGCTGTCAGAAAGAATAAGACTGATTTTATGGGAAAATTAAGCAGATGCTCCAGTTTGAGAAACCTGGATCTGCGATCTGTTTGTGGTCTCTATGAATAAAGAAAAGCAAATAGAATCTTATCAGATAAGTGCTTTTATAAGTCTAAATATATTCTTTGGAATCTCTAAAGCAAAACTTTTAAACTTTTTTTTTTTTTTTTTTTTTTTTAGGTACCAGCATCAAGATGATTTATGGTAATAAGGTACTCAGTCTTTGCTTAAAATAAATTTTACGTTTATCAAAGTAAAATTTACCAGCTTTTTTTCCTAAAGAGGCTAGTCATATCTCATCAGTGGTTACAAAGTATCCTTACAATTGAACCTACATTTGTTAATCCTGTTCAGTGTGTATGAAAATCACTTGGTGGCCGGGCATGGTGGCTCACGCCTGTAATCCCAGCACTTTGGGAGGCCAAGGCGGGCAGATCACAAGGTCAGGAGTTCGAGACCAGCCTGGCTAATATAGTGAAACCCCATTTCTACTAAAAATGCAAACATTAGTCAGGCATGGTGGCAGGTGCCTGTAGTCCCAGCTACTTGGGAGGCTGAGGCAGGAGACTCTCTTCAACCCGTGAGGCAGAGGTTGCAGTGAGTCGAGATCATGTCACTGCACTTCAGCTTAAGCAACAGAGCGAGACTCCATCTCAAAAAAAGAAAAGCACGTCACTCGATGTTCTTTCTTTCATAAGAGTTGAAGAACTAGGTATATCTGCTTATATTATGGCATCTATAGTAGCTTAGCTGCTCATATTTGGGTCTCTTTAGAACCAGTGTCTTTCAAAGAGGGTTTTAACTATGCTGGTGTAAATTTTAAGAATAGATACATTCAAAGAAGAATTCAACATTCATGTGACATTCATACTTTGGAACTTTGGGAAAGTATAGGAATGACCATAGATTGGCTTAGGGATAGTCAATTTACCTGTCTGTAAATGGATCCAATTTAGTATTGTTCCTGTATTTTTCTAAGACCAACACTTGTGTCATTCACAGTTAAATATATGAGTTGTGGCCAGGCCCGGTGGCTCATGCCTGTAATTTCAGCATTTTAGGAGGCTGAGGTGAACAGATTGCTCAAGTCCAGGAGTTCAAGACCAGCCTGGGCAACATAGTGAGATGCGGTCTCTACAAAAAATTTTTAAAAGTTAGCCAAGCATGGTGGTGCTTGCCTGTGGTCCCAGCTACTTGGGAGGCTGAGGTGGGAGGATTGCTTGAGCCATATGCTCTAATATATTTTAAAATACATATTTTAAATATATTTTGAGTGGTAAAATGTAGCAGATAATGTTACATAAAAGAAGCCATGGTAATGACATGACATTACTGGTTTTGAGTTGTTTGTGTAGTAGTTAGCTATTAATACTCAGGTATAATGATTTGCTATTTAAACTACACAAATGCTCAAAGTCCAGCGATACCCTGCACCCAAATTCAGTGGCTAGATTACCTTCTTAGGAAAGCACAACACTTCAATGGAGTGACACTGGCATGAGTCCACTAGAGGGTGTGTATACATGGCCTGAGTTCAAATTGTTCCTGCTGTGAGTACTGCTTTTCAGCTTCAAGTTATTCTTATCGGCCACAGTACTGTTTATTCCACTTAGTAACAGTTCTGTTTACAGAGCACTTTAACATAAATTCTGATTTTTAACATGAAAGCTGTCTGATGTTGGTATTTTTATTTTAATCTTTAGAGATCAAGAAATTTTTTTAGTGACAGAATAGGGACTTTATTGATCCTTAAATCCGCCCCTCACCACAATAAAGGAAAAAAGCAAAAA,False
332,-1027,3.587385,-3.8234334,0.0006043104,1.5398611,-1.7123889,0.03724612,-2.3981137,2.5531497,0.99297523,-3.8843203,3.7307894,0.9995073,3.3826542,-3.6290252,0.0009004818,0.40624672,ENST00000514255.1,-1027,CACAGTCCACATACAGGGTTCTTAACCTGCGTTTTTACCTACATTTTAGACTGACCCTGCTTGTGCCTGTGAACCAACCAACAATCTCTGGCTGCAGCTCAGAAAGGACAAAAGAGAATGGATGAGGGAAACTTCCCAGGGCTTGTCTGGGTATGCCCACAGTGGACTGGAGCCCAAAATGCACACTGGAGGAAGTGGATGGAGCCACGTGGATGTCATGCCTTATGCAGGGGAGGAGCCTGCTCTCTTCAGCTCCTGTGGTAATGTGGGAATCGATCTGTGAGGAAACACTTTCTGAAAATGTCAGAACTCTTGAAAACATGGATGAGGAAAAGCATAAGTACTGCTTTATGCTTTTCTTATGAATTTTAAAAGATGTAATTTAAAGGTACTTTAAAGTGATATTTGTGCCCTTGTAACTGATTCAAAGTAGACTGCTAAGGACAATAAGTAATAAGAGTCTACAAATATCAGTAAATTATGAGAAAAAACGGTCTAATGGTACTTAAAATTGCATTGTGATTTATTAAATAACATTGAACAGC,False
333,-224,0.079699814,-0.18390846,0.4344769,-1.9608225,2.0343602,0.98192847,2.368901,-2.040661,0.0120144,1.6034704,-1.7678392,0.033204235,-0.24615848,0.013192117,0.56447667,0.40522012,ENST00000579125.1,-224,GGAGGGGGTGGCATCTTTCCTCTTCAGGCGCGGGCCTGGCCCAGAGGCGACAGGAAGCCAGGACGCCGGGGATTGTCTCTCGCAACCGCAGCCCAGCCCCAGTCCGGGAGGAAGTTCTGCCGGGCGCTCTCCGCCGGTGCCTCACTGGTTATAGTGCTATACAGGAAACCTGGCAGCGCCGGAGCCGCGCGGTCGAGGAGGGAGCGCGGGACGCCGAGCCCACGCGCGCCTGCCGGGACAAGTGGAGACGAGGCCGGCGAGCGGACGCCCCGAGGTTGGCGAAGGAGCTGTGGCCGGGTCCCCTTCTTATCCAGCCCGAGACACTGCGCTCCGGTGGGCGTCCCTGCGCTGGGAATCCCTCTCGGAGTTTTTCCAGGCCCGGCCGGGTTGCTCCGGGAAAGGCCCTGTTGGGGGAGGTGGGCCCGGAGCTGGCAGGTCTACAATCCGGTTGGAAGGGCTCGCAGTGGGTGATTCAGGGTGCCAATGACCTCCCCGCGAACGGGAACGCCCGCACTAGACAACCAGCCCCAGACCGGCATTCCCAGAGCCGCAGGCGGGAGGGACGCAGGGACTCCGGGACAGCAAATCCCCGGGGGAGAAGGGAAGGGGGAAGGCGGGACAGGGGAGGCCCACCCTCCTTGGGCTCCGCTAGCGACCAGCCAGCGCCCCTTCAGACGCAGCCTTCCTGGCTCCGGACCCCGGCTTTCTGCTCCGGTCCTCGTCCCAATGCCCCCCAAGGTCCCCAGCAGAGGCATTCAGGTTCCTCCTCGCCCCGCCCAGACGCAGCTTCTTTGGGTATGGGTGACAGCACTCCTGAGCGTCGCTGTCCCTATTCGCTGCCGTTGCCAGCTCCGATTCCGCGAAACCTCTCCGGCACCACCTCGGAAGCCCCGCCCAGGGCGATGGTCCGGGCCTAACCTGCCGGCCCCGCCCACCCGGCCCTTGGGCTCCCTGAGGCCCGCCCAGCAGACTCGAGGAACGCTTGACAAAGTGGCGAAGGAGCCCTACGGGAGTCCCGGATTGGACCCTGCTCCTTCGGTCCCTCAGCCTCGGCAAGCCGCGGTCTCCTGGCCCTTGGCCTGGGTCACCTTAGGAGGCAGGAGGAGATGTGGTCAGTGTGGGAGCTTGGAGGGGCCATGCACTTCCGGAGAAGACCACCGACTCATGGCTTTGGTGGAGGGGCGCCGGCAGATTTAACCGGAGAGCAATGGTGTGATCTCCGCACACTGCAACCTCTGCCTCCAGGGTTCAAGTGGTTCTCCTGCCTCAGCCTCCCAAGCAGATGGGACTACAGGTACTGGTAGTTAACTCTCAAGGA,False
334,-448,2.7872648,-3.147522,0.0026388052,1.5756353,-1.7777413,0.033784766,6.069149,-5.845456,6.691906e-06,-3.6748586,3.3289158,0.99909234,-2.337481,1.9962046,0.9870508,0.4045147,ENST00000518947.6,-448,TTCTCTTTTAAGAAGCCAAAGAAACTTTGCTGGTTCTTTCATCCTTTCTTTCTCTCTATTCCTCTTTCTACTCTGTTTCCTCCTTCTTTCTTTCTTTTCCTGCCTCCTTTCCCCTCTCCCTCCACTGTCTTGGGATATGTCTTACCCGCGCAGGAGTTCATCCGCTGCATCCAAGGGTAAACCGGGCTCGTGTACTTCCGGTCGGCGCCTTCGTCATGGAGTGCTTTGCCCTGCCCGCTGCTGCTGTCGGAATTCCACCCACGCACCTATTCCCCCTCCCAGCGCTTCAGACACCTCTCTCATCGAAAAACCGGGCGAAGGGAAGCCGGCAACGAGCGGAGAACTCTGGCTGAATTAACGGTGGCTCCCAGAAGCTCCTGCCCCTCTGACAGCTGTCGCTTGGGCAGCCCGAGAGAAGAATTGTCCTCTTTCCTGGTGCCAGAGGACGCAGGAAATTAGCCAGGTTGCGAGTTGCAAAGCTGCTGCCGCGGCGCCGGGAACGGAGCGCGCCCAATCTCCAGCGGGAGCCGCCAGGCCTGGCCTGGCCGGGGCTTCCCTTCGCTCGCCATCTCCGGACAAAGCACAGCCGAGCCCGGCTGGAAGGCAGAGCTCCGAAGCAGGCAGGACGGAGCGGAGCAAAAGAATGCGGCTCTATTCTCGCAAGGGAAATTATAAAAAAGTTCATGTTCACGGTTCTCATCCACATGACCGACAGCGGCCAATGGAAGGGCCGAACAACTCATAAAGTTGTATTGCAAAGTTGTAAATTTTCATAAACAACAACGGATTTATGACCCTTTCCCCATCACTGAGAGGAGGCAGCTCTTACACCGGCGCCATCTTACCACCGAGGCCGCCCCGACTTGGGGCCTCAGGTTTTACAGACCCTTTTGGGCCAGGTTTTACTAAAAGAGCCATAAGAAGCGGGCCCAGCCCAGGCAGGAGACTGGAGACGAGGTCTTGCAGGCGGAACTCAGGATGCTCTGAGCTGCCCGCACAACCCCTGGACCTTCACCCCTCGCCCCTTCCCCGCATCCAGCTGCCCCAGCCCCTGCCCAGGCTGCGTAGCCTAGCGGGGGTCTGCGGTCCTAGCCCCTCCCCGCGCCACCTACTGCAGTGCCGGACCCTGGGGCCCCCTCGCCTGGTCTGCAGGCGGGGTGGGGACCTTAAATCCCATTTCCTAGCCTGGGGCTGGGTTCAGGGCGCATGCGAATCCGGAATCAGCTCTGGGTAATGCCCCTTTCCAAGCCCACTGCTCAGCCTTAGAGGAAAGTGTGGATTTGAAATTTCCTCATGGAATTGATGGAGGTTTTTAGGTAGATTCATAGAATATAACGTATCTACCAAAGATTCCGTTTTCAAGGGATCTAGAAGATGTTAGTGCACACGCAAAAACCAGACAAACGTCTCTACACGGATAAAGGCACATATACAATTATGCACACAGGGAAGGGCATACACTCTATTGTGGGCACAGAATGACATGCAATTATGGACACACAAAAACACATGCACCCAATTATGGACACCAAAATATATACAATTGTGGAATTAGGTAAAAACACACACACAGAAATACATACACAGAAAAATAAGCACATACTCATACAAATACACACATAAAAATACATTAAAAAGATACATGACACCAATACATGGGTACCCAACACTTGGACCATCACAAGGACAGCCACCCCACTTTTGCTTCCCCACTGCCCCCTGCCCTCCAGCCATACTCACCTCCCCTTTCCCAGTCCCCTCTGGATAAGGCAGTCCACATTTTTCTTTGTCACCACGCATCTTTATTTTCGGTTACATAAAACACAGCTGGGCTGGGAAGTGTGCCTTCCCTGAACCCCAGGATGGAGCTGAGCAGGGTACAGGACAACACAGGAGATGAAGGGCATTGCGGAGGGCATTGGACCTCCCCACCCACTACAGTTAACTCAAGACAACATACCATGCTACAAAGTCACCCCATTAACACATCCTTTCCAAGTCAAGACACTGCCTTACAAATGAACTCCAAGACTATAGAAATGATAAAAAAAAATCTTGTTCAAATATACAGTATCTGCTATTATAGGAAACATCAGGGCGTACATATTTAACACAGCTGAACAGTAAGATACAGGAGCCAGAGGAAAGGACAGCGAAGCTGGAAGCATCTCCACAGTCCTGCTAAGCAGAAGCTAACCCACAGATCTGCAGCCAGCTCAGGAACATTCCCCTCCAGAAGTGGGGGTTGATGGGCCTGAGCTGTGGGTGCCAAGCCAGAGAAGGAGGGATTGATTCTAGGGTGCAAGCACTTAGGATGCTTTTTGGAATAAATATATTATTTTTCGATTTAAATAGATGCCAATACCCTGATCCTGGACCTCAGCACATTCTCAGGGCAGCCTCAGGGACCCCAAAAGCTGCGGGCTGTAAGCAGCAGGGGACTTGCCTGGGAGCAGTCGGCACTAGGTAGCAGGCAAGCCAGCCAGCACAAAATAGGTAGTTTTAGGGGAGTAGGTAGTAGTGAGATTCACTTTCTTGCGGGTCTGGGAGGGTGGTGCTGGGTGTCTGCCAGTGTTGGGATACATAGGGACTTCCTGGGAATGGAGGCCCTCTGGGGCTGGATACATAGGTAGTTTGGGGGTGCCTCGAGCAGAGGCCTGTGCTAGGTAGTATTTTGGACGCGCCAGAGCAGGGCCGGCTGGCCTGGGGTTGGGGGTGTCTTTTGGGGTCCTCGGAGGCAGAGGGAATCCAAGGCGACCCAGTCTCTGCGGCCGCTCAGTCCACAAAAGTTGGGAGCTGGAGTAGGTGATGGGGGTGGGTAGAGTGCAGGTTGGGGACTGGGTTGCTTTTTTGTTTTTGTTTTTGTTTTTTACATTTTCTTTTATTTTTCCCATTTTTGTAAGTAAAACCAGTGAGTCTCTTAAAGACGCTTTTCCGACTGTCCGGTGCAGAGAGGGCCCCGGATCGGCCCCTCATTCCTCCTCGTCTTCCTCTTCTTCATCATCGTCCTCCTCGTCGGCCTTGTCCGCGGCAGCAGTGGCGGCGGCAGAGGGCACGGCGCCCTCGGGAGCTGCGGCGGCAGTCGGACCTTCGTCCTTATGCTCTTTCTTCCACTTCATGCGGCGGTTCTGGAACCAGATCTTAATCTGGCGCTCGGTGAGGCAGAGCGCGTGGGCGATTTCAATGCGGCGGCGCCGCGTCAGGTAGCGGTTGAAGTGGAACTCCTTCTCCAGCTCCAGCGTCTGGTAGCGCGTGTAGGTCTGGCGGCCCCGCTTCCTGTCAGGTCCTGAGAACAGACATGCAGACACATGAACACAAGGACAGACAAGTAGACAGGGCACTCGTTAGGCTGCTGTCCCAGAGCCCGCACCTTCCTCCTGGCCTAGTCCCCAGCGAGCATCCCCCTCTGCCCCAGGCCCCGAACTGAGCTAGGGGAGGAGGGGGAGTGTTAGGGAAAGACCCCAACTGCAGTGCCAGACGCGCAGGCAGCTCTGTAATGAGCAAAGGCACAGAATCTCAACTTTACAACCGACCTTTCCAGCCGGCTAAGCTTCCACAATGTCCTGCTTCCTCTGACAAAGGAAAACTGTAAATATAGAGTGTGAGCAAGTGGGAAACGCTGCACTTTTGCCATTCAAAGATGAGCCCGGCCATTCCCCTGCCTTGCTAGGCAAGTGGGCGACTCTTCCCAGCAGCCTGAGCCCTCATCCCCAGGACCTTCCTAGGGCACCCCGACCCTCTGTCCTCATTCCCTCGCCCCCATCTTGAAATGGACCCTGGCACAGGGTCGGGTGAGAGGCCCTGGAGGGCTTGGCTCTCCTAGCTTTTGAGAAAGAAATGTCAGGCAGCAAGGAAAATGAGGAGAGAGAGAAGAAGAAAGGGAGGGAGGGTGACAGAGGAGGGAGAAAGAGAGACAGAATAGCGAACAAACTTAATGTTAAAATTCCAAGACAAATGGAGTTAAATAAATTTACGAGGATCGAACCCATTAA,False
335,-661,1.455096,-1.5234318,0.048405394,2.07967,-2.441111,0.010763411,4.9934306,-4.952366,4.792636e-05,-1.476786,1.5609055,0.9542481,-3.2169518,3.3566363,0.9986052,0.402414,ENST00000542933.5,-661,GCCATTTTTCTGCAATGGAATTAAATGGCCAAAGCAGTAAACAGTCCTCAGCGAAGCCGCCTTTTTGCCTACCCAACCCTGGAAAGTTTGCAGAAGTGGAAGGAGCAGAACGTGAGGGTGTAACTTACAAAAAGGTTCTGGGCCGGAGAAGGGGCGACGTTCGGGCACCCCCCGAATGGACAATCTTTCCTTCTGTCAACGGCAGGGGCAGGCCTAGTTTGACTCTGACAGTCCTCCCACTAAGGAATTCCTGGTGACTGGAAGGGGGAGTGACTCAGGCCCTCAACCTCTAGCAGGTAAGGGAGCTACCTCCTGGGTGGGCATGCCCAGTTCCTCAGTGGGCCCAGCGCGGCCCAGCCTCCGAGGAAGCTCTGAGCAGCTGGCTTGGCTCCGAGGTATTTTTAGCTACAGATCCAGCCCCCCTCCATCACCACAACAGTCGAGTCCAAATCAAACGCGCTCCAGGCAGGTGGGGCTGGGGTTCTGCCAGCCTCCTGGCCAGCAGGGGTGGGTGGGCAGACTGGGGCCAGTATCAGCTGTTCTGCCTGGACCCAGGCCGGGCTGGGAAGGCACACTTGTGCTTATTTCCCGCCTCCACTTCTGTGCAAGCTTGTGCTGTCATAAGCAGAGATCACAGCCCCATTTCTTGGATGGAGAAAGTGGACACTGAGGTCTGAGGCTTTTGAGGACAGTCAGGAGCCCTCCTATGGGCTCCAGTGATGCACTCACCAGCTTCTGGTCCTCTTCTTCCACCTCTTAGAGTGCCTTGGCTCCCTCCTGTCGTCCTGGGGAACCTCGGCCCCAGCCCTGCCTCCCCAGCCAGTCACAGCTCCTCCCTGGTCACCCTGAGGGAGCTCAGGGCCCGGCTGGTAGCTGGGTTGCTCTGCTTCTGTCCCCCACTCCTGTGGAGCCTGGCAGGCAACTCCATGATCTGACCCCGGTTACCTTGACAGCCCTGCCTGGCCTCCCCTCTCATGGCCCAGCCACCCCAGAACCTGAAGAGGTTTTCTAGCTGCCGTGCATTTGCCAGGCTGGGTTACCCACCCTACTTTCCCTGCCTGCCCTCCAGTGCTGCCAGGCCTAGTGTGCCAGCCAGCGCTCAGCCTTCAGTAAAGGGTTCCCCTGCTTCCAACCTCCATTGCACTGCTTCCCCTAAGACTGTGACCTCCTGGAAGGCTGGAGCACAACTGCCTCTCAATAAACGTGTTGCAAAAAAGGAA,False
336,-662,1.6746447,-1.7403915,0.03182884,2.5334048,-2.906619,0.0043206313,4.9131856,-4.8806276,5.579259e-05,-1.6621364,1.7553022,0.9682451,-3.4712505,3.6249192,0.99917245,0.40072456,ENST00000537157.5,-662,GGCTTCGAGCCCGTCGCGGCTGGGCCGGGCTGGTCTGGCAGGCGGGCCCAGCCGGGCAGGGCTGCTTTGCTAATGGCGGCGGCTCTCTTTCCTTCCTTCCTCCTTTCCTCCGTCCCCCCGGTCGTGGGGAGCCCGGAGCAGGAGGCGGGCCCGCGGCCAGGTTCTGGGCCGGAGAAGGGGCGACGTTCGGGCACCCCCCGAATGGACAATCTTTCCTTCTGTCAACGGCAGGGGCAGGCCTAGTTTGACTCTGACAGTCCTCCCACTAAGGAATTCCTGGTGACTGGAAGGGGGAGTGACTCAGGCCCTCAACCTCTAGCAGAGTGCCTTGGCTCCCTCCTGTCGTCCTGGGGAACCTCGGCCCCAGCCCTGCCTCCCCAGCCAGTCACAGCTCCTCCCTGGTCACCCTGAGGGAGCTCAGGGCCCGGCTGGTAGCTGGGTTGCTCTGCTTCTGTCCCCCACTCCTGTGGAGCCTGGCA,False
337,-172,5.2482367,-5.4033275,2.366325e-05,-3.3602839,3.1108809,0.9984549,2.8098934,-2.8699977,0.0034023148,-3.8959868,3.873444,0.9995777,8.975675,-9.158371,1.33193945e-08,0.40029174,ENST00000568314.1,-172,ACGTGGAACCTGGTTCTAGGGTGTCCACAATCTCCACAGAGGCGGCATTGGGTCACCGCTGGAGGATGCAGCAGGAGGGAGGACCCGTGAGGAGCGCCCCCTGTAGGACCGGAACCCTGGAGGGTTCGCGGCAAGGGTCTCCGGGGCATAGGAAACGGGCATCCCCCAAGGGTAGTCTGAGTTCCGCCCAGCCCCATTCCTGGATGCTCACGCCGTCTCCCCTAAACTCCCACTGCGCTCACCGGGAGCCCATCTCATCATCACCACAGCCCGTGGCTAATGGGCCAAAACAGAAGAAGAAAAGCAACTGGCGGAGTACAACGCGCCTGCGCATTATCAGACTCAGGGACAGGCTGGAACCTCGCCCCGTAAGTAGGCCATTTAATGACGCGCAAACTGGGAAGGCCTATGACTGTTGAAGAGGATAATCAGAAGCCAACCCCTACGGGTCCCCGGTAGCTCGCCGTGATCGTATAGTGGTTAGTACTCTGCGTTGTGGCCGCAGCAACCTCGGTTCGAATCCGAGTCACGGCATTGTGGGAACAATGGCACGGCAAGGGGCTCGGTATTTTTTTCCCCTTTTTTGTAACATTTTATATAAATCGTAATTCACTTTCTTGAAA,False
338,-975,2.7072642,-2.7949164,0.0040613078,4.0672917,-4.322269,0.00022717546,5.509358,-5.2299547,2.167535e-05,-3.584938,3.5623019,0.9992136,-3.016346,2.9753408,0.9975068,0.4002061,ENST00000427644.1,-975,AAATATCTGAAATTTTGATGCCGCTTTGCTCACAATGTCATCCTTTATCCTTTAAACCTGGAGTTGTCTGAGGTGGTTTGCAAACTGCAAAGCGCCCTGTTCCCAATGATGCACCTGAGAAGTCTGTAAATGGGGTAAATTTAGGCAAACACACCTGGAAAAGTGGCATTTTGGAGTGGGGAATGCTGTGGCCGGAGGTTAGCAACCGGATGATGCAAAAGCGTATTTAAGGCAGCAGTTCTGGCCTTTCCCCGCCACGGAGCAGAAGCCCCCATAGTGATGTGAGAAGCGGCGCTGTCCCAGTTTACTAGGATGGGATGGGCTTTGGATCTAACCAGCAGCGAAGAAAACCTGCGGTGCGGCTGCGCTCGGTAGTAGGGGTCCACAAAGCGTCAGAATCTGCAGCAGCCCCGGCCTTTGCGAGCTCCAGCTCCGAAGTCAACCCGGCCCCCAAATTCCACTGGGAAACCTTAAGACACCGGTGTTTTTACCGTAAGAAGACCTCAGAAGCCCATGGAAACAAGGCGATGACGGCGCTTGAGGGTGACCAGACCTCCTCAATCATTCCATCAGCCACCCAGGACTCAACAGCAGAACCTCAGAGGACTCAGCTGAAAGAGGTTTTCACTCGAGCACTAACCACAGAGAAATGGGAAGTGCCATCCTGCTGTCATACGCAGCCGATGGCTGGGTAGGACTAAATGCCCTTCTGTGGTGAGATGAACCAAGACGGCAGATGGGGGAATAACATCAGTGAGAGAGAGATTACGAATGGATCCTTGTATTGCAGATCAAACTGGGTTGTCTCTTCTCAAACCACCCAGGCAGTTTCTGAATGTCCCAAGATAGGGGTAGGAGAAAAGAAAAAAAAGACAAAACAGGAGACGGTGGGTAAGAAAACCTAAAAGGCACAATGAGGCAAAGGCCTAAGATGGAGGCTGGCTTTGGGATCTGAAATCCGGCCACAATCCTCCTTGTTTTACCTCAAGTCCAAGAATTGTCAAAAAGAAAACCCAGAAGGGCTATTCATTCTAAATTTTAAAATCTTTTCTTCCTGGCCTACCAAGTCCTTGTGTTTTCTTTCTAGGCGCCCATAAATACAACCCCATTACAGTTCTATTTGGCTAATAATTTACAGAACATTTAAAATACCGGGTAGGTGAACATCTCTTCATGGCTTTTGTGTAAGGGCCTGAAGCGAAGAGAAAAACAACTGATTGGAGATTCCTATCTGGCGCCTTCTCCAGGGAAACTGACAACCAGAGAAATCTGTTGCTAGGATTTCTAGGACATCTGGAAATTCCCTTTTTGTTCTTTCTCAACAATATAAAATGGTATATTCGCAAACCTATCTGAATCACCTCAATCTAGGCCACTTTGAAAATTTCATTTAAAAATGTAATCACAGATTTTTAAACTAATTACCCAATTTGCAAACAAATCCCAGCTACTTCTGGTCTTGAACATGGAGCAAAGGTGTGTCAGTAAGGCCAACATTCTTAGGTTGACAGAGACAGGTTAACACATTGGCTGGCT,False
339,-663,1.6167703,-1.6874213,0.035427675,2.3409538,-2.7077074,0.0063769934,5.023643,-4.981638,4.5158744e-05,-1.5568668,1.6289828,0.9602983,-3.0446668,3.193207,0.99804986,0.40003958,ENST00000428029.6,-663,GGAGAGGCCAACAGATGAGGGAAGCCATTTTTCTGCAATGGAATTAAATGGCCAAGCCCAAGGACTCACAGTTGGAAGACTGGAGAAGACTTTTTAAAAAGATCTGGATTTTTCCTTATGACTTGGAATCCATCTTTGTCTTGTATAACTAGGTCATAGCACACCATTCATGTCAGCAGTTAACAGTTTTGAATTCCAAAAAAACCTAAAGCAGTAAACAGTCCTCAGCGAAGCCGCCTTTTTGCCTACCCAACCCTGGAAAGTTTGCAGAAGTGGAAGGAGCAGAACGTGAGGGTGTAACTTACAAAAAGGTTCTGGGCCGGAGAAGGGGCGACGTTCGGGCACCCCCCGAATGGACAATCTTTCCTTCTGTCAACGGCAGGGGCAGGCCTAGTTTGACTCTGACAGTCCTCCCACTAAGGAATTCCTGGTGACTGGAAGGGGGAGTGACTCAGGCCCTCAACCTCTAGCAGGTAAGGGAGCTACCTCCTGGGTGGGCATGCCCAGTTCCTCAGTGGGCCCAGCGCGGCCCAGCCTCCGAGGAAGCTCTGAGCAGCTGGCTTGGCTCCGAGGTATTTTTAGCTACAGATCCAGCCCCCCTCCATCACCACAACAGTCGAGTCCAAATCAAACGCGCTCCAGGCAGGTGGGGCTGGGGTTCTGCCAGCCTCCTGGCCAGCAGGGGTGGGTGGGCAGACTGGGGCCAGTATCAGCTGTTCTGCCTGGACCCAGGCCGGGCTGGGAAGGCACACTTGTGCTTATTTCCCGCCTCCACTTCTGTGCAAGCTTGTGCTGTCATAAGCAGAGATCACAGCCCCATTTCTTGGATGGAGAAAGTGGACACTGAGGTCTGAGGCTTTTGAGGACAGTCAGGAGCCCTCCTATGGGCTCCAGTGATGCACTCACCAGCTTCTGGTCCTCTTCTTCCACCTCTTAGAGTGCCTTGGCTCCCTCCTGTCGTCCTGGGGAACCTCGGCCCCAGCCCTGCCTCCCCAGCCAGTCACAGCTCCTCCCTGGTCACCCT,False
340,-577,-3.4442196,3.398245,0.9989336,2.7619839,-2.9421065,0.003321241,3.340097,-3.3439796,0.0012491073,-2.6958733,2.7581537,0.9957392,4.0359015,-4.02716,0.00031486186,0.39991158,ENST00000382265.3,-577,GAAAATCATGTACCTTGGAGTTGTGGAGGCATGTTTATAAGCAGATCTGAGTTTTGCCACACTGGAATTTATTTATTCATTGAACAAATATTTAATACCTACTACAATTCTTAGCCGTCTGTTAGAGATTGCTGGAGGTCCACTACAGACACTGTTTTCCTGGATATCCCCAGCAGAGGCTACAGAACAGCAAAGATTCCTGCCTGCCCCTTCCTCTTGAAGGTTTGTTCCAGAGGGACACCTGCCAGATGCCAGCCAGAGCTCTCCTGTATGAGATATGTGTTGATCCCTGCTGGGAGGTGTCTCCAGTCAGGAGGCATGAGGGTCAGGGAACTACTTGAGGAGGCAGTCTGTCCCTTAGCAGAGCTCAAGTCCTATGCTGGGAGATCTGCTGCTCTCTTCAGAGCCAGCAGGCAGCAATGTTTAAGTCTGCTGAAGCTGCGCCCACAGCCGCCCCTTCACCCAGGTGCTCTGTCTCAGGGAGAAGGGAGTTTTATCTATAAGCCCCTGACTGGGTCTGCTGCCTTTCTTTCAGATATGCCCTGCCCAGTGAGGAGGAATGTAGAGAGGCAGTCTGGCCACAGCGGCTTTGCCATGCTGCAGTTAGTCTTGCCCAGTCCGAAATTCCTGGCAGCTTTGTTTATACTGTGAGGGGAAAACCACCTATTCAAGCCTCAGTAATGGCAGGTGCCCTTCCCCCAATGAAGTCGTATCATCCAAGGTCGACTTCAGACTGCTGTGCTGACAGCGAGAATTTCAAGCGAGTGGATCTTAGCTTGCTGGGCTCCATAGGGGTGCCACCAGTTGAACAAGACCACTTGGCTCCCTGGCTTCAGTCCCCTTTCCAGGGGAGTGAACAGTTCTGTCTTGCTGGGGTTCCAGGTACCACTGGGGTATGGAAAAAAAATCTCCTGCAGCTAGCTCAGTGTCTGCCCAAACAGCCACCCAGTTTTGTGCTTGAAACCCAGGGCCCTAGCTGTACAGGCACCCGAGGGAATCTCCTGGTCTGTGGGATGTAGAAACTATGGGAAAAGTGTAGTATCTGGGCCACAGAGCACAGTCCCTCATGACTTCCCTTGGTTGGGGAGGAAGTTCTCCAGCCCCTTGTGCTTCCTGGGTGAGGCAATGCCTCCTGCTCCCCCTCCATGGGCTGTACCCACTGTCTAACCAATCCCAATGAGAGGAACCAGGTACCTCTGTTGGAAATGCAGAAATCACCTGCCTTCTGCATTGGTCTCACTGGGAGCTGCAGACCGGAGCTGTTCTTCAGCCATCTTGCCCGCTCATCTCTAAAATTACTTTCTTGATTACTTTTTTTTCCGTAAATATTAGCTGCTTTTCCATTTATTTAGATCTTTTATTTCTTTCAAAAAAAATTTTAACTTTACAGTGGATAAATCTTAAAATTCTTTTGTTTTGCTGTTGTTGTTTACTTTTATTTTAGATACAGGGGTACATTTGCATGTTTGTTATATAGGCAAATTTGAGAATATGTAGTATTTGGTATTCCTGGTCCTGTGTTAGTTTGCTTACAATAATGGCCTCCAACTCCCTCCATGTTGCTACAAAGGACATAATATTGTTCTTTTACATGGCTGTGTAGCATACCATGCTGTACATGCATCACATTTTCTTTATCTAGTCTACCATTGGTGGACATCTAGGTTGATTCCATATATCTGCAATTGTGAATAGTGCTGCAACAAACATATGCATGCATGTGTCTTTATGGCAGAATGATTTCTATTCCTTTGGATATGTATGAATCCATTATTACATTGCTATAAAGAAATA,False
341,-664,1.5457261,-1.6299005,0.040093314,2.3224797,-2.6771996,0.0066949814,4.8927426,-4.830349,5.988102e-05,-1.4653934,1.540208,0.95282656,-2.94865,3.0827076,0.9976036,0.39945567,ENST00000535643.5,-664,CATCAGACACGAAGGAGAGGCCAACAGATGAGGGAAGCCATTTTTCTGCAATGGAATTAAATGGCCAAGTGGGTTTTTCCTTTGTTGCAAATGGGGAATGTTTTTCCTTTGACTCTACCATCCAGTTCAGGACGTCTCAGTGTGTTTAACATTTGTCAACAGGCCCAAGGACTCACAGTTGGAAGACTGGAGAAGACTTTTTAAAAAGATCTGGATTTTTCCTTATGACTTGGAATCCATCTTTGTCTTGTATAACTAGGTCATAGCACACCATTCATGTCAGCAGTTAACAGTTTTGAATTCCAAAAAAACCTAAAGCAGTAAACAGTCCTCAGCGAAGCCGCCTTTTTGCCTACCCAACCCTGGAAAGTTTGCAGAAGTGGAAGGAGCAGAACGTGAGGGTGTAACTTACAAAAAGGTTCTGGGCCGGAGAAGGGGCGACGTTCGGGCACCCCCCGAATGGACAATCTTTCCTTCTGTCAACGGCAGGGGCAGGCCTAGTTTGACTCTGACAGTCCTCCCACTAAGCTTCTGTTGTCAGGCATTTGGGGCGTGTAAGTCTCTGCCGAATATAGCAGCATACGAGAGGATCCACTTGCAAGTATTTCCCAGTTGTGTGTTCTTCGGCGGGGGGAGGGCCCTGGGTGCCGCCTACTTCTGAAAGACACAGGTCACTGTCAGAAAGCCCAACTGTGCTGTGGCCTTCCCTCCAGCCGCCCCCGTGGGGCATGTGGGGTGACAGTGTGAGCCGTCCTCTGATGTCTGGCTGCTAGAGAGGCAAAGAACAGAGACCCGAGGTTCCGGCCACCTTTCTCTATGAAAGGGCCTTCCTTGACGCTTCTCCACCTTCCTGGGATTGTTTTCTTCTCCAGTCCCCGAATGGGCAGGCCTGTATATAAGCCTTGTTTCTAGAACCAGACAAAGCTGGATTTGAAACCTGGCGAGCCATTGAACAGCTATGGCCTTGCGTAAGCGGTATAGCCTCCAAGCCTATTTCTCCATCTCCGAAAACAG,False
342,-1191,4.052803,-4.240916,0.0002500203,-3.0494828,2.8459005,0.9972555,3.602502,-3.3093739,0.0009948972,3.6387951,-3.8247511,0.0005732895,-2.8350396,2.5273361,0.9953322,0.3988812,ENST00000429781.1,-1191,CTTTCTGTGGGCGGAGCAATCTTCCCGATGTCTCTTCCCTCTGAGGCCAGTAGCAGGAAGGGCCTCGGGAGTTGCGAGTGTCGCGAGGTTTGAGGTCGCTCGGTGGGCCGGGCGCTGTGCGAAGCTAGAAATAACTGGGGGCATGGAGAATGCGGTGGCTGTAAAGGGCCGCTGAGGCGGTGGAGGCCTGGCAGAGAGCGTCCCCGCGGTCGCGGCTTCTGGCTTCTCTGTGGAGCTTGGTTCTTCCGTGGTGGTGCAGCACCCCAGGAACTTCAGGAACCAGTCCTTCCTTGGAGAGCTCCCCGGGACAGCCACGGGGGCCAAGTGAAACTAGCGCGTTTTCTTGGATCCTACACTTTATAGTGAGTCATAAATACTTTAAATACAAAGCCAACAACATTTGCTGCAAATAAACGTAAAAATACTGTTAAAGTGTAAAGTGTTTTCCTCCGTACCATCTGACGTTTCTGGCGGTTCGTTGAACGCGAGAGAACGCTGAGCCGTCTGCACTGAGCCCGGGAGCATCTTCAGGGCAGCGCCGCCCACGCGCGAGGTGAATGAAGGACACGGCCTCTTGACACTCCCAGGCAGCACAGATAGACGGATCCATCCCAGTTTCTGACCTGTAGCATAGTCCCTCTCTCTGAAGAACTTCCTGTAATATTTTTTGCTAGATGGAGTCTTGCTCTGTCACCAGGCTGGAGGGCAGTGGCGCCATCTCGGCTCACTGCAAACTCTGCCTCCCGGGTTCAAGCGATTCTCCTCCCTCAGCCTCCTGAGTAGCTGGGACTACAGGCGTGTGCCACCAAGCCCAGCTAATTTTTGTATTTTAGTAGAGACAGGGTTTCACCATGTTGGCCAGGATGGTCTCGATCTCTTGACCTCGTGATCCACCCACCTCGGCCTCCCAAAGTGCTGGGATTACAGGCATGAGCCACCATGCCCAACCCAAGAATTTACATTTCTAACAAGTTCCCAGGTAATGCTTATGCTGCTGGCCTAGAAACCACACTTGAAGAAACCACTCCTTCAGAAAATAGTTCTTGTCTCCCAAGAGGAGAAGGAATGCGAAAGAGGATTTTAAAGAAAGCTTCCAAATTGTGGCCAACTCTGATAGAAGATCATAGACACTTGAAACTCAGTGCTGAAGAGGATGCTGTAGTCATGCCCAGGCTCAATGGGAAAGAGCTCCAGGATGAGGGGGGCTTGCATACCATGGGACGGGGGAGGAATTGACAACAAAGATCCACATATTTATCATCCACAAGGTTGGTTGGTCTTAATCTTGTGCTTGTCGTATCCATTTTATAATACAATCACATTCGTACACTTGACTTTAATTTACATCACAGAGTTATATGTCTTTGATGCAAGACTTCAGCAAAATGGCCCAGCCAGGGTGTTAGGGTTTTCTGGCACTCTACCCATGGAAGAGGAGAGGATTGGAATGAAGAGAGGAAGGCACAAGGGAGAAAGCTGACATATGGAATCAAGTTGGAGAAAATAGTGGGAAATAGAAAAGTGTGTGCAAAGATTTATTGTGAATTCCTAAGTACTCAATTAAAAGCAGACCAAAACTTGAGAATTGGGTTGAAGGCTAAGGACTGTGAGTGGGGAAAGGGTGGACAATGCATTTTCAGGGACCAGCCCCATCACTGGCTCAGGGTTTCCTAGGCACGGCTCTTCTCAGGCAAGCTGTGCTGGAAGCCTGGATTACATCTGGAATTCAAGAACTCTCCCTGTTTCAAATACAGCCTAGAGAACACAGGTGGTCCACAGGCTGCATTTTTGCCACCCACAACTTTGGGCCACATTTAGAGGAGCCAGTGAAAGAATCAATCTGCTGAGTCAGAAGAAAATTCAACAAGCTCTTATCCAAATAGGCACTCGTACGTGTTGCCATATTAAAGATGCAAGTGGTCCCATTAGTAATAAACTCTTCAGACACAAAAGGCATTTGTGTCACAAATTCTGTACAAGTTATAAATAGAGGGAAAAGCATCTGGGAATGTGAAGTCAAGAGTCCTGTGTTTTGACTCTAGCTCAAGTGCAGACCAAAAACATAGGCGTTCACCTCTCAGTTCAGTTTAACAATATTTCTCAAGGATCTATCTGTGAGGCACTTGGATGCATGGTCTATAAATAAGACCAAGTCCCTTTCTTGAAAGTGCTTAAAATCTAATGAAGGGGAGGGAGATAAATACACAAATCAATGGATTCAAGACAGGGTATTGAAGATGTTATGAGAGTAATACAAGTAAAACATTGACCAAGTTAAAAAGGACAAAACAAAACAGCAAGTAAGGTGTTAACTCCTCCATATTCCATTAGAATACTCTTAGCATGCCCAGTTCCTGACACAAAAGTAGGCATTTGATAAATGGCTCTTTGAGTAAATTAAATGAGCATTATCTCTTCCCAGACCTAAACAGCCCACCAATGACCTAGTTTACAATTTATGCACTGTTAATTTGCCTAATTAGACCCAGTATCTACTTCTGTGCCACAAAATCATATGATTAGAGCATTAACAGTCATGAAACGCTTTATAGACCTGGACTTCTCCAATCGAGGACATTACAATCTACTAAATAAAGAATAACTTGAAGAGGGATTTAAATAGAGGAGGGTATTGAGAAAGCCATAAATTTAGTAAAAGAGAAGTTAAAATCGGCACGTGGGGTTCATAGCATTAAAGGACATGATTTACCTCTGAAACTCATGTTTGTTTCTACCAGATGAGCAGGAAGAGATTCCAAAGAGGAAAAGATGATTAGAAGTAGGAATAACTAGCTTGGGCAAAGTGGCAAGACCTCCATCTCTTT,False
343,-1494,0.9394486,-1.1051078,0.11460359,-0.8495599,0.67966855,0.8218934,1.3952421,-1.0746887,0.07799323,3.6868098,-3.7362192,0.00059698045,-1.8521742,1.8128934,0.9750367,0.3980248,ENST00000472367.5,-1494,GGCCACATCTGCCAGAGCCTGGAGTCTGCGAAGGCCGGGACCCGGTTCCCCGGCCCACAGTGGGGGTGTGCAAACCCGAGAGAACTGGGAAGTGCCGTCAGAAGCGATAACTGACGACGTCTAATGTCTATCTGACCGCAGTCGCTGAAACCTCTACAACTTAGTTGACCGTAACTGCCAGAGCCCTGCCCTGAATTCCTGTCCTTACTCCCTCTTTAAGATTGCGTACCCACTGCAGAGTGCTGAAGACGGGGTAGCCACGAGGTTGCAAATTCGTGAAGAATCAGCATCATGTTTGGCAGCTGAGTATTGGAGCCAGGAGCCTGCCATGAGCCGATGCAGCCTCAGTGTTCCTTTGCCTTGGGGGTTTCTGAGTGGTGGGGTTGTAAGCAGATCCTGCCAGGCACCCAGAAGGAAACCTCATCAGGACTCCCTCAGAAAGCAGGCCCTGAAGAATCCTGTGACCTTCATCTAAAGTAGGTCATGAGACCCCTGAGCTTAAAACGGAGTGATCGGCTTTGGAGAAAAATCCCTGGAAGGCACGCAGGCTGGACATCATCATATATTCTCTACAGATGGAGACACCAAGGCCCACGCCTTCTGTGCTGTTGGAATTTCAGGAAGGATGGGGGTGGGGCACGGCCTCAGCCCTGGGCATGTTCTGCAGATTGCACTGCTCTTATCTGCCAGGGGGTGGTGAGAGGGTGGCTGAGCTGGACAGATGGCGGGCAGGGACGGGCTCTGCGGTCTGGCAGCTGACATTGATACAAGCAAAAAAAGAGTCTTTGCTGGGG,False
344,-1139,6.2783375,-6.689847,2.3333937e-06,4.448337,-4.6939898,0.00010702657,-1.774011,2.1477098,0.9805777,-5.0452514,4.874754,0.99995077,2.6452103,-2.756872,0.0044869613,0.39702493,ENST00000417026.1,-1139,CGAACCCACCAGGAGGAACGAACAATTCCAGATGCGCCGCCTTAGGAGCTGTAACACTCACCGCGAAGATCTGCAGCTTCACTCCTGAGCCGGCGAGACCACGAACCCCACCAGAAGGAAGAAACTCCGGACACGCCGCCTTTAAGAACTATAACACTCACGGCGAGGGTCCACGGCTTCATTCTTGAAGTCAGTGAAACCAAGAACCCACCAATTCCGGACACAGCAGGATCCCACCCACAGAACCGCCAGGTGCACAGCTGCATATCCTCAGGGGAAAACTCCCCTCCCCTGCCACCTTACTGATAGGCTTCACTTCCCAGAGAACTTTCCCAATCCTGTGCAATGCCTGAGTGGTACATTGTATTCTATGAGAATGGCGCCCCCGCCTCCAGAGTTGTGCAACAAGACTTCCATGAATCAAAGCCCATCGCTGGCTGCCTCCTCTAGCCCTGCATAGCCCAGGTACATCTGAAAGGAGTGAGAAGTGTTTTGAGGGCTCTCCCTGTCTCTTCCTGCACCTCTCTCTTGTGATCCCAGAAGCTACAACCTCAGCCCAGATTAGCAGGCTGAGGGGTCAGGAGGCTGTCACTGGAGCTGTTGAGCTCATGAACACGCCGAAGTTGCTGCGCTCCAGAAATGTGGAAGTTGGAATGAAGAGCCACCACTGCTGCCACCAACATGAAGCTTGACCAAGCAAGCCAAGAAAAGATGGCCAAGAGCCTCTGCCTTCCTTCTGCCTTCTGCAACGCAATGGTGAGCTGCACATCCACAACTTGAAGGGAGTCTGGGAAATGCAGAGTTAAACTTTCTAGCCTCTCTAAGCTTTCAACTGTTACAGAAAGGCAACCCAGGAGGAGACTGGAATAAATGCTGAGTGCCAATTTCCAA,False
345,-752,1.1641462,-1.0996118,0.09416932,-1.0730389,0.15147552,0.772857,6.056051,-5.6432447,8.299599e-06,0.9405552,-0.9827299,0.12749568,-2.3925123,2.1154292,0.989099,0.39672586,ENST00000578280.5,-752,CATTCCTCAGCTTTCTCTTTCCAGAACAGGATTATGAACCGACACCATACAGAGGTATTTGTAAGAAAGAAGGTGGATGCCGGAATCCTTTCTTCAAACAGAAGCTTACCAGTAAGTGCAGACTAATACAACAGGTAGGTCAAGGCTAATCCAGTTGGAGGGGGTGCTGCTATAGGACTGGGTGCAGGGGAAATATGAGGATTCCCTTTAAGGAATCCCTCTCCACCAGAGGGACAGGTGTGTGCAAAGCTCTCTTTGTTGCAGAGAGATTGGAACTACAGCAAAGGTATGAACAGGTGTCACGGGGACACAGAAGAAAGAGCAGTTACTCTTCCGGAAGGTTGGAGAAGATTTTGTGAAGGTGGGGATGTTTGATTTGAACCTTGAAGAACAAGCAGAGACCCAAGAAGTACAGAAGAGGGGAGGTGGAAATAGCATGAACGAGGTGGGGCATGCAAATTCACTTTCAATTGATACAATCTTTCACGTCAGAGCTGCTTCTTGTAACACAGAAGTTTTCAGATTCTATGAAAAGGTATTGAATGAATTGAAGGCTCTGTTAAGGGGGCAACTATCTCCCCTCCCCATTCTCCTATCAGCCCATAAAACAGGAACTGACAACCTCTTGGAAGAATTGGGAAGGAACTTTTCGATTTTCTCTGTACAATCTTCACTGGTTCCTCTCTGTGAGAGGAGGAGGGACCTCTTGGATTGGTGTCGTTGGGAAAAGGGTATCAAGTGTGCATGGCTCAGCCTGTTCCTGGCTCTCTCTCTGGGACTGACCTGACTGCAAGCAGCATGTTCTCTGTCTGCTCCTGCCTCCTCCAGGCAATGAGCACCAGGGCGGGTCCAGCCCTTGCTTGGGAGGACTTCAATAGTCCAGCTGCTCTGCCGCGAGTGGGTGAGTGAGTTCAAGTCAGAGGAGAAGACACAGAAAGCTCATTTGGGCCTTGGGTCTTAGCCACATCCTCCAGTCCATCTGGACTAGCAATAAAGCTGACATTTTAATCCCTA,False
346,-660,1.6594045,-1.7413111,0.03227311,2.1106615,-2.4606867,0.010238101,4.818109,-4.7665462,6.877127e-05,-1.314041,1.3774967,0.9365254,-3.238625,3.3631728,0.99864393,0.39554986,ENST00000429892.5,-660,GGAGCTGAGCTGGGGAAGGGAGACCAGGGTTCACCACGTTAGCATTCGCATTCCTGGGAGGATGCAGCCCTCGCCTGGACCTGGGCGATAGACGCCTTCTTCTGTTTTTATTTTTGGAGGGGAGCGCCCTGTAATTGTCCTGAACACATGCTTCCCCCCCTTCCTCCAGCCACCCGCGGAGGAGAGAGTCCCCCTTTTTTGCATTTATCTTTTCCTTCCCCTTTCTTTATTAAAGGTCCGGGAGTGGCGGCGGCCAATCAGCGCGCGGCTTCCATTTTGTGAGTTCAACTCCGAGGCTCCCGGGCTTCGCGAGGACGCGTTTGCAGCCCCCTCTGCCGCTCCTCTCTGGCGGCCGAGGCGCAGGAGCCGCCTCGCCGGGGCTCGGAGCTGGTGTAGCTCATATTGGGGCTCTTTTCGGGGTTTGTAATTTGGCCGTGGGTAGGTAATTGGCTGGAGCAGGGCGGCAGGGCGCGGCAGCCAATCAGCGCGCGGCTTCTATAGGGCTTGAGTTATTAGACGCTGATCTCAAAACATCCTTCATCAGACACGAAGGAGAGGCCAACAGATGAGGGAAGCCATTTTTCTGCAATGGAATTAAATGGCCAAGCCCAAGGACTCACAGTTGGAAGACTGGAGAAGACTTTTTAAAAAGATCTGGATTTTTCCTTATGACTTGGAATCCATCTTTGTCTTGTATAACTAGGTCATAGCACACCATTCATGTCAGCAGTTAACAGTTTTGAATTCCAAAAAAACCTAAAGCAGTAAACAGTCCTCAGCGAAGCCGCCTTTTTGCCTACCCAACCCTGGAAAGTTTGCAGAAGTGGAAGGAGCAGAACGTGAGGGTGTAACTTACAAAAAGCTTGATCTTCTAGACTCCATGGCACCGGGCTGAGCGGGTTCTGGGCCGGAGAAGGGGCGACGTTCGGGCACCCCCCGAATGGACAATCTTTCCTTCTGTCAACGGCAGGGGCAGGCCTAGTTTGACTCTGACAGTCCTCCCACTAAGGAATTCCTGGTGACTGGAAGGGGGAGTGACTCAGGCCCTCAACCTCTAGCAGAGTGCCTTGGCTCCCTCCTGTCGTCCTGGGGAACCTCGGCCCCAGCCCTGCCTCCCCAGCCAGTCACAGCTCCTCCCTGGTCACCCTGAGGGAGCTCAGGGCCCGGCTGGTAGCTGGGTTGCTCTGCTTCTGTCCCCCACTCCTGTGGAGCCTGGCAGGCAACTCCATGATCTGACCCCGGTTACCTTGACAGCCCTGCCTGGCCTCCCCTCTCATGGCCCAGCCACCCCAGAACCTGAAGAGGTTTTCTAGCTGCCGTGCATTTGCCAGGCTGGGTTACCCACCCTACTTTCCCTGCCTGCCCTCCAGTGCTGCCAGGCCTAGTGTGCCAGCCAGCGCTCAGCCTTCAGTAAAGGGTTCCCCTGCTTCCAACCTCCATTGCACTGCTTCCCCTAAGACTGTGACCTCCTGGAAGGCTGGAGCACAACTGCCTCTCAATAAACGTGTTGCAAAAAAGGAA,False
347,-522,1.7172537,-1.8325791,0.027927112,-1.3114343,1.0888983,0.9168527,2.5471637,-2.354236,0.0073812795,-2.9916952,3.0304759,0.9975815,1.863774,-1.7023423,0.027488444,0.3954462,ENST00000562866.1,-522,AAAGCCTGGGCCCGTGGGGGACGCACATGGTCCTGTTCGTACTCCAGGATGGCGGCGTAAAGGGCCCGCTGCTCCCGTTCCTCCGGGGTCAGGGCGACTTGGCTGCAAAACCTCCTGGGGAGAAAGGCACGCGGTGGGTGCCGGGGCCAGGCCCTCCCCGCAGCGGCCCCAGGGGCGGGCAGGAGTCCCACCTGTTGGCGGCCTCCTGGAGCCGCAGCCGGCGCTCCTCCATCTTTCTCTGGAGCTGGGTGCAGAGTCAAGGGGCCGAGCGTGGGATCTGAGCGGGCCCTCGGTTCCCAACCCCGTCCCACACCCGGAGAGGCCGGGACGTCCCAGGGACCTCCTCTCGGTGAGGGGCTGTCCCCAGGGAGGCCTCCTCCAGTGGCGTCAGCTCTCTGGAAATGTGACAAGCTGCTGTCTAGACCCCAGGAAGCCCAGTGGTGTCTGGACACCAGAGGAGTCTCTCTCATCCTCCCGGATTGCTCTGAGGCCAGGAGCTTTGTGACTCTGCCCCCTGAAGCTTCTGGAAGATCTCGGGTGGCAGAAAAGGAGAGAGCTTTCCTCCTTCATCGGAGTATACACGGCGGTGTCGGCCGGCAGGCTGGGGAATGGGAGCAGCTGCAGGCATGGTTGGCTTCAGGCGTGTTTTCCCTGCAAGCCATGGGTAACCAGGGGTCAAGCGGTGGGCCACATCCCACAGAGGAGATGCGGGCTTGGGGGATGCCCCAGGAGAGCCGCCTACTGCAGGAGACCCACCAAGCTTGGCGGCCGTCGACTGGGCCCTCTCCAGACACTGCTGTGCTAGCTTCAGCATCTTGGAGGTGTCGGGGGGCACAGTTTCCCCAGCTTCTGGGGGAGGGACAAGAAGGCTGGTCACAGTCGGCTCTACCACTGTTACTTACTGCTGAGATAAAATGAGGCAACGGAAAAGGCCTCTGGGAAGTGGCCGTTTTACAGAGACAAGGACGTGCTGAGGGGATCGCCTCACCCATCTCCCACCGGCTGTGTCCCCAAAGTCCTGCCTTCCCGTAGCTTGGCATGGAGCACCTCTGCGCGACCATGGACCTGCTCACACAGCCCTTCTGCGCGCCGTGGGAGCTGCCTCTCTGTGACTCGCCCCTGGACCCACCGCCCCAGCGCCTGACCCACCTCCCTGCTGCCCTTCACAGAAAACTTCTCATAGACTCCCATTTTCTCATCCCGCCCCGATTTAGCCCCCGACTCCCCCCGGAAACTGCCCTTACCCGTCCCCACCTTGCCAGACACGGTGGGCCACTGGAGTTCCTCTGTCTTCTGGGACTTTGCTCTCCCCAGGGGATCCTCTGCCACTCCTCCACCCAACTCCTCAATCTTGGAGCGCCAGAGCTCAGCCGAGCTCACCGGCTCCCTAGGGAGCTGGGGCAACTGTTAGCTCCCCCTGACCTGTGTGATCCTACGTCCAGTGGCTGCCCCGACCTCTGTGATCCCACGTCCAGGGGCTCCCCCGACCTCTGTGATCCCACGTCCAGTGGCTCCCCCGACCTCTGTGCTCCCACGTCCAGTGGCTCCCCCGACCTCTGTGCTCCCACGTCCAGTGGCTCCCCCGACCTCTGTGCTCCCACGTCCAGTGGGTCCCCCTGACCTCTGTGATCCCACGTCCAGTGGCTCCCCCTGACCTCTGTGCTCTATGTCCAGTGGCTCCCCCTGACCTCTGTGATCCTTTGTGCAGCGGCTGCTGGCCTCTCAAACTTAATGTGTTCATTGCGGAACTTGC,False
348,-1096,-1.4346936,1.4296296,0.94605434,1.8851064,-2.0864773,0.018495053,-4.24356,4.610836,0.9998573,2.0807219,-2.3321085,0.011975668,8.129951,-8.5453205,5.7282534e-08,0.3952765,ENST00000419695.1,-1096,CCCTGAGACACTTTACAGCCCTAGACCCTAAAAGGTCAAAAGGCCGTCTTATTCTCAAAATACATTTTATTACCCGACATTAATAAAACATTAAATAAAACTCCAAAAATTAAATTCCGGCCCTCAAACCTCACAACAGGATTTAATTAACCTCGCCTTCAAGGTGTACGATAATAGAAAAAAGTTGCAATTCCTTGCCTCCACGGTGAGACAAACCCCAGCCACATCTCCAGCACACAAGAACTTCCAAATGCCTGAACCGCAGAGGCCAGGCATTCCTCCAGAACCTCCTCCCACAGGAGCTTACTACACGTGCCGGCAATCTGGCCACTGGGCCAAGGAATGCCCGCAGCCCGGGATTCCTCCTAAGCCGCGTCCCATCTGTGTGGGACCCCACTGGAAATCGGACTGTTCAACTCACCTGGCAGCCACTCCCAGAGCCCCTGGAACTCTGGCCCAAGGCTCTCTGACTGACTCCTTCCCAGATCTTCTTGGCTTAGCGGCTGAAGACTGACACTGCCCGATTGCCTTGGAAGCCCCCTAAACCATCACGGATGCCGAGCTTCGGGTAACTCTCACAGTGGAAGGGACGTGCATGAAAGTTAGGGGTAGAAGAAAAGATGGATTGAGGTTGTCCTCAGACTTTCCATGGTATCTGAGCTGTTTTCCTCTTCCGGAATTGTGTCTCATATGAAGTTCCTCTTCATTTGAG,False
349,-1229,1.4408545,-1.6084719,0.045246564,1.8350991,-1.8016566,0.025661783,-0.668123,0.96628124,0.836772,-4.582125,4.5085173,0.9998872,1.2514292,-1.3663342,0.06800391,0.3951143,ENST00000577055.5,-1229,AATGACTGATGATGCTGAGAATCTTTTGATGTGCTTGTTGGCCGTTTGTACATCTTTGGAGAAATTTCTCTTCGTGTCTTTTGTCTATTTTATTTTTTTGGGACAGAGTCTCACTCCTAACCCCGGGCTGGAGTGCAGTGGCACGATCTCCACGCACTACAATTCTTGTACCTCAGCCTCCCAAGTAGCTGGGATTACAGGCGCACGCCACCACCCAGCTCATTTTTTTATTTTTAGTAGAGGTGGAGTTTTTTGTAGAGATTGTGTCTCCCTGTGTTGCCCAGGCTGGTCTTGAACTCCTGGGCTCAAACTGTCCTCCCCCCTTAACCTCCCAAAGTGCTGGGATTACAGGTGTGAGCCATGGCACCCAGCCCTAGAATGATTTTTTAGTTTCCCTTTAAACTTTATTTTTTTATTCACTGTAGTGTGGTGGACGGTGGTGCCCCAAAACTTCACAACCACCTAGACATTCGGAAGGTGACCTTATTTGGAATAAGAGATTTTGCAGATGTAATTGAGTTAAAGATCTGAAGATGAAATCATCATGAATTTAGGGTAGGCCGTAAATCCAATGACTGACATCCTTACAAGAAGACAAGAGGACACAGGCACCCGGGGGAAGAGGCCGTAGGAGACCCAGGCAGAGATTCGGAGCGGTGCCCATGCCAGGGATCTCCAGGAGGAGCCAGAAGCTGGGAGAGGCCCTGCAGATCCTCTCCCAGAGCCTTTGGAGGAGGCACAACCCTGTCCACACCTTGGTCTCCACTTTCTGGCCTCCAGAGCTGTAGGGGAACCCACTTCTGTGGTTTGAAGCCACCAAGTTCGTGGTGACTTATGGCAGCCCTAGGAAAGTGACATGCACAGGTAAACCACATTCACTGCAGGAAATATACAAATCAGCAAAAAGAAAAAAAGCACACAGGGGCACCACCCCCAGAGACAGCCATGGCTGACATCCTAGCGGCTGTCACCTCGGAGTGATGTTCCTAAAATGCAAACTTCTGAACTGCTTAAAACTCTTCCAGACACCCTCAGGTTGACATCACAACTCCTTTGTTGGGCCTTCCAAGGCTGGTCCTTCCCGTGGCCTCTTTTCCCTCCGCTCTGTGACAGTCCATGACGGGCACACTTGCCTATGCTTGTTCTCCCAGGCAGTGGCCTTGTGTGGGCCTTCAGCTTCCAGTTCCATGGCCTGGTGGAGGACCCTGTGGTGCAAGCCTTCCTCCAGACCCCCCTGGCCTGGGGCCCAAGACTGGGAAGCCTTTGAAGATTTCAGTTTGTAAGTAGTGAGAGCAATGATCTTGGCTTTGCATGGTGCTCAGGAAGCCTTCCCCGCTCCCAAACCAGAAAGGAATCCATCCAGATTTTCCTCCACTGTCTGGATGGCCGCTCTGTGGATGCTTCCATCTGTATCCATTGCCGGCACCTGGTGAGATTCCGTCTCTAGAGCCTTTGAGGTCACTCCTGACGCTGACATGGCTGTGAAGAGCTGGGTGCCAGGCATTACTGCCTCCAAGGTTGCTTTGCGAGGAATAGGTGGGGCATCAGGAAGAAGCCAGTTGCAGGCAAGGCCTCTGCTGATGCTGCTTTTTTCTCCTGTACCCATCCATGGGAGGGAGCTGTGAGATGGCCTGGCAGAACCCGCTCTTGGACCCCACAGAATGAGAGGCTCACCCTGCACAGGAACATCCTGGGGCAGCAGGCTCAGCACATTTTAAATTTTGAGTATGAACAAAGTAAACTTCAGGGTTAAAAAAAAACACAAAAATTTGTCGAGC,False
350,-42,-2.6223257,2.5323315,0.99426067,3.8995452,-4.090133,0.00033882822,4.1253467,-4.032938,0.00028627104,-1.8978542,1.9716825,0.9795585,5.5216117,-5.4690456,1.685818e-05,0.39489225,ENST00000445097.2,-42,GTTCTTTCCTGTGCTGAGATTACTAAGAGACTGGGTCTCACTCTGTTGCCCAAGCTGGAGAACAGTGGCACCATCATAGCTCACTGCAGCCTTCAACTTCTGGGCTCAAGTGCTTCTCCCACCTCAGCCTCCCAAGTAGCTGGGACAACAGGTGAAATTGAAGGCCAGCTTTTGGAACTCAACCTTCAAAGGAACTTAAAATTTCCATTATGTAGAGTCCCTGAGGAAACTGGATCCACTAGCTACACTGGCTGAGAATGCTCTCACCCCAGGATTTCATTTTTATTTTACCACATCATTGTTGGTATCTTAAGATCAATGTACTGGAGCAGCGGGGTCTCACAAAGAGGATACCTGGTGACACGCCCAGGCTTTCAGAATGCACTATAGGGCTTTAGTGACTTGTCCAGGTTCAGCTGAAATGTGCCATCTGGGACCTACTAATGCTTGTTGAACTTTACTGGATCTCAGAAGCTGGGTCTCAGAAGCTCAGATGTTCCTCAGAGCTACGATATCAACAACCTGTGATGACAGAGAGAAGGTTGCTCCATGATGGATTTGGAAACTTACTGGCTAGCTAAACCTGACTGAATGGGAAGGAATGTGGATAGCTTTGGAACTCTAGTTTCACTAGATGAGCTGGAATTTGTATTTTGACAAATTGCACGTTATGATTATTAAGTAATGCAACTGATTTTTTTTTCCCTTAAAACAAACAATCTAGAATCTGTGTAATCAAAATAATTTCTCTAAAAGGCTGCAAGTATATGCTTAAAGTGTTGGGGCATTCAGAGCATTTGGAACATTACATTCTTTTGAATGTCAATTGGTAGATGAAAATACCAGCTTTTAAGTCATACATTTGATTTTTTGAAACAATATGCATTTAGAGTTTGTAAGTCAAGTGAATAACTGATAAGGTAAAAAAAAGGGGGAGTTCATTGTTGAGTATGAATTTAAAGTAACCAGACTGCCTTTTGTCCAGTGGCTGTCAGTAATTTACTTCAGCAGGCATTTTTTTTTTTTTGAGGCTGTTCTATGATATCATGACCCTTCTTGTAGGAATGTGCTTCCAGTGGTGAGGCAGTCTGAGAATGTGTGAAGCAGTATAATGAAGCCAGACCAAGATGGAAGCTTGGCCTGGGATTTGAGCATCAGGAAAACTGTTGAAGGGTTATGTATACATCACACACACACACACACACACACACACACACACACACACACACACACTCTCTTCCATACTCCTATAACAACGTATAGTATTTACTATACCTGGTGACAGGTATTTACTATACATTGTTGAAGATCTATAACATGGAATGCCTAGTGCTAAGTGCAGTGTCCTTAGTGAAATTGTATTGGTTTGGAATTATTTATGAGTTTGGGATTATTTGTCACTACCCTTAAATGATCTTGACACTCACCTATTTGAAAAGATATTGAGGATTTGCCATTTGATATTGACCAGGGTGTATTGTGCACAAATATTGTGAATATACATCTGTCTGTCCTTAAATCACTGTAAGTTTTAACTGGAATAGATTTGCTCCACATTACTCGGTAGGGCTGATATTTCATGCCTCATGGATGAGAAAAGAATAGGCAAAAATTATATCTCGGGCTGCCTCACACATCTTTTAACAGGATAAGGGAAAAATAAATATAAGACCTATGAGTTATGGCATCAGGCTTGAACTTTAATTTATGAATTAAACCAACAATATTATTGATTATTGCAATTATCTATCTTAATTTCATTTGTTCTCCTTTTAAAAATTAATTATGTTTATTTTACCTATTGTGAATAAAGTCACTCCTCCCATGTGCTTATTTCTTGACTCTGGCACTAATTATTCTTCAGTGCCTAGATTTCCTGGGACTGCTCAGTTTAAGTAACTTCTGAACATTGGTCTCTGAGAGAAAAGACAGTGAAGTGGGATCTGTGGAAAAACACATCTGCAAATGTCTCATTTTTTTCTTCAGGGGTAAGTTTTCTTCCTTGGAGACTCTTGTCTTGAAAAAGTGATACTAGATCACCATTTGGCAAGATAATTACAAAAGGCAGATAGAGTAATTATTTTACATAGCTGTTATAGGGTGACTAAGATCTCAGGGAATGACTGTGTTCTGTAATCCACTTGCCCCACTCAATACCCCAAGTTTTATACAAGCCAAAGATGCTTGGAGCAGAATCTGCTACCTGAGGCTCCAGGGCCTTGGCCTAGGGAAACTAATACTTAACTTTTTAAGTGGTCATTGATGACATCCCACTCCTTTCTGAGATGGGTATGATTTGAAAGGCAGGTGTATTCATGGAGAGCAGGGCTTGGGACCTTTGCTGCAAGAGGAGGAACTATTAGCCTAGACTTTTCTAATAAGGACTTTCTCATACCTGTTTCCTAGATCTGGTCCACATAGAAGAAATCAGGGAACACACAGGGTAGGACTCTTAAAGGAGTATGTTTCTTGGCTTTTTCCTAAAAACTAAAACAAAAACATTCATAGCAAAGCAGTTTAGCCCAGTGACTAAGAGTATAGACATTGGAATCTGAAAGATCTGGGTTGGAATTCTGCTTCAGCCATTTACTAATTATGTAACTTCACATCTCTGAGAATGGGGGAAATTTTCTTTGCAGGGTTGTTACAAAGCTTAAAAGAGTTAAGTCAAGTGCCTGGAACAGAACAGCCATTCAATAAATCATAGAAATTTTTGTTTTTACACAAATTTTTAAAAAGTAATATTTTTTGCATTTGTTAGAAAGACTATATTTTCTGTTTAGTGGATGACATCATCATCATAAAAATCACTGTTACAAGTTTTGTTTTGAGAATTAAAATCATATATTAATCCCAA,False
351,-592,-0.9127866,0.9857905,0.8697304,1.8930534,-1.9388746,0.021208264,1.8657888,-1.6610535,0.028558057,0.75876987,-0.9368644,0.15503632,-1.0417501,1.0981371,0.89471996,0.39385062,ENST00000432296.1,-592,CTTCCACAGGAGCAAGGGATGTCTGAGCACAAGTGGCTGAGTTCCGAGTGACTTTATGAAGCACTTTCTACCTTCCTCTCCGGCATGAAAACAGGGATTCTGCACCTGCATCATGGACAGTCTGGCAAAAGCCTCTGCTCTGCCTCCGGGGACAAGAAACTAGAGCAAATAACCGTTTTGAAATTAGATCCTGGCAAAATTACCAACAATCAATGATGGAAACTGAAGGGAGATTGATTTAAATCTTCAATGACAGTTGTACAGAAGTTGAAGAAACACGTCATCTTTCCAAAGAAGAGTGAGTAGCTTGGTTGGTGGTACCCTAAAATTAGGGCATGATTAAGGTCTCGCTCTGCCACCCAGGCTAGGAGTGCAGTAGAGTGACTACAGTTCACAGCAGACTCAACCTTCCAGGCTCAAGCAATCCTCTCACCTCGGCCTCCCAAGTACCTGGGACTACAGGCACACTCCACCATTCCCAGCTAATTTTTGTATTTTTTGTAGAGACATGGTTTTGACATATTGTCCAGGCTGGTCTTTTACTGTCAAATTGCTATATTTTATTGCTTTTGTTTTTGAATATTTTTGATCCATGATTGAGTCCATGAACATGGAACCTGTGGACATGGAGGCCCAACAATAGTACTTAATGTCTTTCTAACACAGCTACCTTATGAACTCTGGAAAAAATTGTATGCCAGCCAAAGCAGTGGAACAACCATATTCTACTCACTGGATTGTCCTCAACTGTTCAACAATACCTCCCAAACTTGTTCCTGACTTCCGCCCAACATGCAATGACTCCATTCTCATTGTGCTCTTACCTGTTTCACTTAGTTGGATTATTTCTGTTCAAAAATATGTTTGATTTTTAAAACTCAGGCTTTCACAGCTTTTAAAAGTTGTATAAACCACTGTATTTGTTTGATA,False
352,-305,3.4995215,-3.3545008,0.0010540908,-3.350142,2.8144512,0.9979018,3.4864388,-3.366257,0.0010554887,1.4113631,-1.3031623,0.06212166,-1.0175246,1.2494762,0.9061069,0.393648,ENST00000422761.1,-305,GACAGCGAGGGCCTGGGAAACGCGTGGAACACACGTCCCGGCTCGTTTTCCTCTCCCACTCTGATAACCTGTGTTTCGATACGAAACGGGCCCTGCCTCATTATTTGTCATCTCCCTGGAGGTGACGGAGGGCTGTTTCAACCTCAGGGGAAAAGTTGCTGTACAGAACACAGGCCAGAGTGTGCCCCAAAGAAATCAGGCGGTGGAGTGATTTAAAAGTGATCATTTTCTGTAGTCCTAGCTACTCGGGAGGCTGAGGCAGGAAAATCGCTTGAACCCGGGAGAAGAAGGATGCAGTGAGCAGAGATCGTGCCATTGCACTTCAGCCTGGCGACAGAGCAAGACTCCGTCTCAAAAAGAAAAAAAAAAAGTGATCATTTTCATGAATGCTGCCTCTAAGGTCCCTCCTGCTGACAATGGCCAGGGCAGTGCGGAGGCTCCTCTTTGGAAATTGTCTTCAGAGCTGATGCAGACTCTTTTGAAAGCAGCCACAGACATTGGGGATGGAGTCTGGTGGTTAAGGACTTGGACTAGGAAGATCAACTGGGCACGGTGATTCTTGCACAGATTTTTATAAGGATCCTCCAAGTGTAACAACCATTTGGAAAACTCCGGGCCTTGAGGACAGCCAGAGAAGATAAGTTCAACTTGCACTTTGCCAGAGCAGGGGATCTCCCTCAGCTCCCTGCCTTCAAACCTACCTTACAGACCTGCCTGGCCTGCACCTGAGCCACCCTCTTCTTCCTTCCTATTCCCACTAAGGAGGTGTCCCTGCTTCCTTCATAGTGGGTCCTTCCCCTGCACCGGGAAACAGGCCCTAGAGATGACTCCATGGGGTGAAGGACCAGAGCCTCCTTGCCTCTCTCTCTGTCTCTCTCTCCCTCTCTTGTCTTCCCATGAAGCTCTGATGTTTCCAGTACAAAATAAACCTCGCTCAGTCCCAGTCCTTCTCCAGTTCCTCCCCTCACAAGCATGGCCCCCCACTGCTGGCTTTCCTTCCCCACCTTCCACCCTCTCCTTGGCCTTCTCCACTCTGGCTTCAGTGGCCTCCGATGGCTACACTCAGAGCCTGGGTGCACTGTCCTTTGGAAGCTTCCCTCTGGGGCCGCCTGTCAGCCTCCTCTGAAGA,False
353,-479,1.9655118,-1.8157496,0.022285936,-1.8984181,1.4753481,0.9668745,4.1675916,-4.0497637,0.00026985505,1.7376693,-1.6038607,0.03417362,-1.334713,1.4384539,0.9412085,0.3929625,ENST00000563205.1,-479,TTTTTTTTTAATGTGAGAAGCAGAATGTGCTTCTAGAAACTGGTTTTAAAGAGATGAGCTGAGAAAGAAATGTGGAATGGAGTATATTTGAGGAGGACAAAACATAACTTCACTTTTGAACAGAAATCACTCTAGCTTGCCAGCATGGGATGTAAACCAAGAGAGTAGAAATATACCCATCTTATTTTAAGTTGGGTTTATGGCATCGCTCATATATGTAAAAGCACTACAAACTCTTTAAAGAAAATTGGGAAACTACAGAGAAGTCAAAGAAAAAAAAAAGTAACCCATATTTCTATTGCCCAGGTATAATCCTTGTTAATATTTTGGTTTGGTCTCCTCTTTTTTCCCCCAATATAGTTGTAAATAAATGATGTCTTTCAGAGTTGACATTTATCCTGTAGCTTGAATGGCATGTAAATGCCAGTTGTATATTTTTTCATGAAGTGTAGGTTTGGAATACACTAGAGTTAGCTATATGCTTGAATGCTGATCACTGGATTCTGAGACTGACTACTGAGTCTACCTTTTTAATCAAGCCTAACATGAATGGGCTCCAAAAAGTAATGAATGTAATTGTACTTTTTGATGTGCCTCTGCACTTGGCTTGGTGAGTCATCATAAATAGCTGTTAAATATGTGACTTTACAGATTTTGATATGTTCAGATTGTAAAAAATGAATAGTTTATTTCATTAATTGATGGGCAGTCAAGAATCTCCCTCCCTTCAGTAGGGCTGACACTTAGGAGTTAGGTCATGGTTGTGGTTACTTGGCATGGCTAATCAGATTTTGTTCTGGTCAGAATTTGCCCAAGATCAATACCCAGCAGAAACTGGAGTTAGGCTATAAAAAACCATTCATGTTTCCGAGTGATCATTTCAGTCAGCGATTCATGTTTTACAGTGTTTAGTTGTTGATTATTAGAAAAAGTAATATTTTCTTCCCTTTATGATTACATCATTATAAATCAAGTCCTTCCATGAACACATTTAAGGTGTGTGGAGATGAGATCTCTGAATCCATTTGGGGATGGGCTGCATTTTTGGGGAACTCTATGCCTGTCCAGTGAAGAGTGCCTAAAACATTAATTATAGATCAAAGATGTTCTGTTGAGGGACAAAGCTTGATGGTCATCAAACACAAGGCTTTGTAAAAATACGACCACCTATTCCACTTACTGGATCTGTCAGGTGTGTAAAACTTCTCTCGCCAGTTCATCATGCTTCCATGAGCCCTCAGGACTGGGATTTGAGCCTTCCTGGCTCTTTATCCCTTGGGGCAGACATGGAACCATCTCTGAGGGACCAGGTGGATGCTGAAGCTCACCCAGTCAGGGCCCCTCTCCTAGCTCCTTTTACACTGAAATTAATCTGAAAGCTTTCATAGCCAAGGCTTTGCCTAGGTGCTATTATTCCAGCTGGCCAAAGAGAAGTCTTGGGCCAGATTGGGATTCTCAATGGATTTTATAGACATAATTCCCCTGCAAACTTAAAAAAATAAATAACCCCTACTTTATAGGACTAATTGTTTGAATTGTATCTTTCTCTGTATGTTAAACCAGATTTAAAACTATTTTATAACCACAATATGTAATCAGAGCAATATAGTGTTTTCAGATATATACCTTGTTTTATACCTTATGTAGGTGTCCTACATAAGGGTGGCATGCCCACTGGCTGTGGTAAAATTTAATCCTCATTGCTTTGGGAGTGACTTAAGGCCTTTTGAAGTGGAGCTTTTGCACTTTATACTTTTTCTGTGAACTATGATAACTATATTTGATATTAAAGCTGTAAGTGGCATTTTCAGCAAATGAATATGTACATGTTTGTGTCTATTTCCAAAATGATTTCTGAACTATCTGCAGTGAAAATGTATCTGATGGATTGTAGAGCAAAGCACATTGCCTAAATTCATTTGTTAATGAATTGGGTACCATTGTTATTAAAAATGCGTAAAGTAA,False
354,-233,3.117904,-2.9873736,0.0022260954,-2.5452404,2.0304508,0.98980576,3.0700283,-2.9320772,0.0024674349,1.4223324,-1.3078995,0.06121284,-1.0402988,1.237684,0.9070371,0.39254984,ENST00000570869.1,-233,CCACCGCACCCGTCACTTGATCTCTTTTAAAGGGAGGACTGTACTCTGGACTCACCCTCACCCTTGCACTTTTGGAAGCGTTCCTGGACATTAGACCCATCCTCTGAAAGGAACTTGTCCTGTTCCTTCTCCTCAGTTTCTGTACACGTCCTTACTGTGCAGAGTGCACACGGGAGCGCACTCAGGGCTGGGTGAGGAAACAGACAAACCGTCCTTGAGAAACGTGAGGTCTGCTTAGGAAGGCTGCAGGAAGGCACAGAGGAGAGCCCCGGAAGGGAGGGAGCTGGTGCTCAGGGAGGGCTGATTTTCAGCAGACGCTCAATTTGGAAAGCCTTTGGGGGAAAGGTAATTGCTCAGAATTGCAAATCCTTTTCTTCATGTTTAGCGTTAAAGAATAACAGCCCACGTTTTCTCTGAAAGCTTTAAAATTTCTGAATCATTAGAGTCCAGTCAATGTGGTTTTAATACATGTAGCAACAGAATGAAGGAACATCCATCCTGGGTTTGATCAAATTACAACAGCCTTAAATTACCTTAGAAACATAGTTACTTTATTCTATTTGTGTCTACATTAAATGTCTCATTAATTCCTCA,False
355,-21,2.6372395,-2.5834665,0.005374472,1.0847532,-1.5794066,0.06512162,4.288701,-4.2466707,0.00019635858,-1.0247777,1.1886946,0.90145284,-2.1469333,2.2104836,0.98735064,0.3918992,ENST00000450713.1,-21,GCAGAAATCCGTCTCTGTGAGCGGAGGAGGGTGTGCTTATGCGAGAGCAGGTTTTGGGAGCTCACTAAAGCAGGTCCCTGATTCTGGTCTTGAATAGCGGAGGAGGAAAAGAAGATGATGGGGGAAAAGAAAAGAAGCCATTTATGCATCCCTCCCTAATTCAGTATCCGAGCATGAGGGAGTGTCAAGCTAGTGGGGAAGAAGAGAGGGTTTAGTTTTGAATGAAGTTGGGAGTTTTTATTATTGCACTGAACTAAATAGGCATTTTACTAAAGTCAAGACTGTTCTTGTTATTTAAAGGAACGGGATCATCAATGGAACTCTTTGAGATTTCATCCAGAGGCTGGGAAAGAACATTCATGGTAGCTTTTATTATTATTTTCATTATTGTAAGTTGAGGAAGAGAAAACCCAGGAAAATATACAAAGAGTGATTGGAATTAATAAGAGTAAAACAAGGTGGCTGTATAAAAGGTCAATATTCAAAATCAATTTTGTTATTACTTACTAGCAACATAATTTTTTTTTTTTTTTTTTGAGACAGAGTTTCACTCTTGTTGCCCAGGCTGGAGTGCAACGGCGTGATCTTGGCTCACTGCAACCTCC,False
356,-69,4.329319,-4.604192,0.00013187678,-1.188392,1.0146755,0.9005247,1.7247089,-1.7756379,0.02930237,0.09276536,-0.039757997,0.46691757,-0.16826892,0.07223207,0.5598371,0.39134273,ENST00000439559.2,-69,GTTTCAGGCAGCTGGAATAAAGAGAGACATCGGGGGAAAGCCGCGAGAAGGCCAGCGTCCCTGGCTGGGAGCAGAGCTAGCCGAGTAGGGCGCCCGGCTGTCAAACTGGCCGGCGCAGTGCACGCTGGGCCGCCCCGGAGCGGTCGCAGAGCCCGTCGGGAGTCGTAGTCCGGGACGGGCCCGCGGCATTGTCCGCGACGCAGCTCGGGATCCGGGTCGGGGTGTCGGCCGGGTTGCTGCCGGGCACCGTCGAGCGTTAGCCACCCAGCATTGAGCTGCCAGCGGCTGTTCTCCCTAAGCACCCTCGCTCACGTCGCCTCGCCTCGCCTCGCCTGACCGGCCGCAGCCTTGGATACCAGCCTTAAATCGAGCCGACTACGGCCCAGCCCCGCCCGCGGCGAGGTGCGCGGGGTTCGGTGCCAGCCGCTCGCCCCTGGCGGGGCCAGCCTCTTGATGCACCGGGGACGGGCGCCCCCATCCGACTCTTCGAGGGGCGGCAGGGCCCCATCTGTGTCTTTCGCTCTCGAGCCCCCAGCTAGAGTTGGCTTCAGCGGAATACCTACTGTGCGGGATTATTCAACAAGCCGATTGATCACATTCTTCAGCTCTAGCAGTGCAAAGGCTTCACTGAAAAAGAACATTACAAATTTTTTTTGAAAGAAATTTGGGGGAATCCACTGAAGACCTACATTTCCCGGAAGGTTAACAGCCCCCTTCTCAGTTTTCCTGCTGCTCCTATCAGTGACAAATCAGCGTATTAGAACATGCATGCTGGCTGATCATTCTGATCAAGTCAACAAGCTTCACAACTTACTCAATGAGGTCGTCCGTGAGAACTTCACTGTTTTACGGGGACAGGAGCTACTTCTTTGCTGAACTGCATCACGGTTTCAACTGCTGAGGTTTTCTTCAAGCTTTTGCATTGTTTGGAATGTGAAGGGCATGGCCGAGACACACTTTGAGGTTCCCACTGCATTGTTACACCTCCCCCCTCACTTCAGGGCCAGGTAACACCAAGAAGGACGCCATGAGAGCGAAGGCCGTTGGGTCACCGCCCTTTGCTCTCGCGCTGCGCGTCTCCCTGCCATCAACCGCCGCAACTGGCGCTGGGAGCGGTTGAGGGCGGCCGGCCTCGCGCTGGAACCTCGCCCGCCTCAAGGCTCCTGCGGCGGCACACGGGGCAGGCCAGGACCCGCCCTAGGAGGGCCCCGCTGGAGATGTGGAAATGGAGGGACGCGGCACCTGGGCGCTTCCTGGGGCCAGACAACGCCCCCTCATTGGAACCTCCATGACCCTGCCTCTGAGAAACCAGCGCGTCCGCAACGATCACTCCTAATTTTCGGATTCCTATCATCTGTCTCCACGTGATAACACTGAAGAGCCTTCACATTGATGCAGGCCCAGGGCCTCAAGTGCAGAGACTGAGAGCTCTGCAGGACACAGCATGGAGCCGCCATTCCTCTACTGGGTGGAGGAGCATGTGTCCTCTGAACAGGGGATCCAAGCCCTGAGATGTTCTTTCTCAGCTGTCAGTGCGGCCCAGGACTTTCTGTGGGGATGCTCAGACAGCGGGCCGGAGGACTTTTAGCCACCACCTCCCATGGCCAGTCTTCACAAATTACCCTTGGCTAATTTGACTGTCTCTCCTCCTGGGGTCTAGGACTTCAAACATGTACAGAAGCGATTGCAGAATTAAGACAAGACACTTCCACAATATATTTTTTGTATCACTGGCTCAGAAAAAGACTCATTCAAATCCTGTATCAAAGCCACGTGTGAGAATCTTGAGAAAGCATCAGCTGACTGACTTGACAAGGGAGGAAGCAACCAAAAATTCTGCGCTTCTTCAGTATCTGAGTATGATATTTTGCTTCAACATCCCTCTTAGATGAAGTTATTGATTGAAAATCATTTAAGTTTGCCCCATGGTAAAAGATCAAGTCCTCAGAAAGATCTCCAAAGTGTTTACGGTTTGTTTTGTTTTGGTAAGTTTACCATGATTTTGCTTGAATTGCTCTCCGTTGATCTTCTCAGCTAAGATGGAGGTAGAGAGTTGCACAGTGGAAGAGGGCTGCATGTAAGAAGGCAGTTCTGTCTCAGAGGACAAAAGGCCTGGGAGCACCCAGACAGACAGTCACTGCATGGAGGTCACTCCCCTCCCAGTGGCCACTGTGGAGACATTTCACAGAAATGCTTGCTGGACCATTCAGGTTCAGAGTTGGGACAAAACCGAGAACTCATGGGGATATTGGACAGGAGTTAGGAAATGACCTTCTCACACAACTGGGGCAGTGGGGGAGAACCCTGGGCTTGAGACTTGCAATCCACCACTTGCCCCTGCCCCTGCCCCTGCAGTGTGGCCGCTGTTACCTTTTCCTGCAACTCTGCCTTCTTGAGTCCAAATGTCTTCGAAAGGGGCAAATGCTCGTAAGTGCCGACAGGGTGTGTTTCAGTGAATGTTTGCAGTGTGCACCGGTCTGGCTGAAGGCCTCTTCCCTTCCCCAACACCCTCCCATCGTGCAAAATTACCCTGCCCAGCAGGGAGTGACTTGTGTGTCTCAGAAGATTTTGTTGCTGTGCTCTGAGTTCTCACTCCTCATCTCCTTTGACCAGTTTCTTCTAATACTCCCCTTGTTCACAACACAGAACATGAGTGCTCTTTCCTATCATTTTGACACTAATAAACGGACAGTGATTCTCAGTGTGGAAATGAGAATGAAGTTTTTTTTAAAGACAGGCTACAATAATTCCCATGCAGAGAACCACATGCGATGACACTGGATTCCAGACAGCAAGAACGTATGGTGAAGATGAGGCCAACAGTGAGCTGAGAGAGGCCAGCCAGGGTGTGTTTCAGTGAAGATGAGAAACAATCAGATAACACCTGTTTCCTCCAGGAAAGAAAATGTGGCCAGGGAAAAGAGATGGGAGGAAGGCCGGTCATTGCCTATTCCACTGTGCACAGTTTGAATTTGGAGCCATGAAAAGTATTGCTTGGTTAAATTAAAATCATTCAAAAGATAAAACATAAATATTTAACACCAGCACAATATGCTGGGAAACAAAATGAAAGGATTTCTGGTCTCGGTGCTGTAGGTCACATAGCCACTCTTTCCTGGATTGAGGCTTTCCAGCAAAGGGGCTGGGACGTAAGGCTGGCCTGCTGGTGTGGACAGAGATTCCAGCAACATGCATGACCTGGGGGTACAAGGATTGCTTCCTAAACAATGATAAGCACACAGCCACCTAATAGTCTGGATCGGCTGAGACCATCCTGATTTCAAACA,False
357,-1254,-1.7161822,1.6124275,0.96539736,3.9113612,-4.219737,0.00029415844,5.733753,-5.9132967,8.744736e-06,-2.3258262,2.3339174,0.9906199,5.259581,-5.3086777,2.571891e-05,0.39126918,ENST00000420707.5,-1254,TGGGAGCTTAAGGGCGCCGGCACGCGTTCCCCTGGCGCAGAGCTCGCTAGCCGGGGCGCGGGCTGCCTCCTTGTTCTGGTGTGATCCGAATGTAACGGAGCGGACTTTGGGATCCAGAACCCCGGACTGAGGTTGTGCTTGGCTTGAGGGGCGGGCTGGATTTTTCCTCTTAGGATTTATTTCCCTGGAGACCTCATGAAGAATGATGTGGGTTCTATAGGGTACAGTGTGATCTGGGTCCTGCCTAATCTCCTTTCTAAACTTCAGAAAATCATGTACCTTGGAGTTGTGGAGGCATGTTTATAAGCAGATCTGAGTTTTGCCACACTGGAATTTATTTATTCATTGAACAAATATTTAATACCTACTACAATTCTTAGCCGATATATCAGCACAACTTCTCTGCTCCAACTAGTCTACATTGCAAAGCATCTCCTAGTGTCTTTGGAAGAAGGATCTATGGTGTTATATGTGAACAAAGATGTAGACTAGTAAGGTATCAAGATTTGATGGGGATATCCAGACAACTTGGAGCCAAGTCCCCACAGCTGGATCAGACAACTTTTGGTGACATCTCACAGTGTGGATTATCAAGCCAGTGTATCAGTCTGGAGCCTAGGTTTTTTGCCTTTAGCTTTGCTCAGGATGACTTCTGCTCTTCTATGGCAATACTTGAGAAGCTACAGCTTTGATTAGACGAGAGGCTATTTCAATAACTTTCTCCTGATAAGAAGACCACCGACCGTGGACGGATTCTGGCCAGTTTACAAAGGCTGCATACCATAGGGCAGGGCACCCCACTATGGCAAACACTAATAATGATATTGCTCCTGATTTTGTTTCTGAAGGGAATGCCTCTAAGATTTCTTCATTAATTATAAGAGACTGGGTCTCACTCTGTTGCCC,False
358,-211,0.0072669983,-0.06291133,0.48246258,-0.99201095,0.74660695,0.85051143,2.2206528,-1.7401547,0.01869169,2.074688,-2.0322435,0.016191712,-0.21592462,0.13548297,0.5869589,0.39096326,ENST00000590522.1,-211,ACCAGCACCCCAGATGGGTGAGAGATGTGATCACTGGTTTCGTGGCCTGACCAAGGACCTCCAAGATGGAGTCTCTCGCTGTTGCCCAGGCTGGAGTGCAGTGGCTCGGTCTCAGCTCACTGCAACCTCCACCTCCCAGGTCCAAGCAATTATCCAGTCTCAGCCTCCTCAGTAGCTGGGACCACAGGTGCGTGCCACCACACCCAGCTCATTTTTGTATTTTTAGTAGAGACGGGGTTTTGCTATGTTGACCAAGCTGGTCTCGAACTCCTGACCTCAAGTGATCCGCCTGCCTCGGCCTCCCAAAGTGCTGGGATTACAGGCATGAGGCACCCCGTCCAGCCTGGAAGACTTTTTTTTTTAATGAATAAAAACACATTTTTTTA,False
359,-1456,-1.3360728,1.1264207,0.9214702,-2.8328753,2.5875962,0.99559444,4.5103297,-4.1429596,0.0001745212,1.6613778,-1.7304966,0.03255038,6.5897646,-6.6733646,1.7373823e-06,0.38995826,ENST00000447307.5,-1456,AACGAAACCTTCTCTTTAAAAAGGAAAGAAAGTACTATCGATACAGAAAGCAAAAGTATTTCCAGTCTCCTACTGAACTGTCACGGCAGACCTCTCTGTATCTATATTTAGAGCTGTATGTCCATATATTTGCCTGAATGTGTGAGTTCTTGGAAGTATGGATTCATTGCCAGGAGCTGGTGATTTCCTAAGCAGAGGTCGCTAACTACAAGAAATGTTACACTCGGACAAGTCCTGCGCTTGGGGATCCTCTGTACGCCCGTTCACTGGTGCAGGTCTTCTGAACAAATGCCTCCTGAGGATTTCTGTGCCTGGAAAATATCTGTTAACAGACTGCTTTTACACCTACATCAGGATACCGAAGCTCAGAAAAATTAAATGATTTGCCCAGGATCACATAGTTAGTAAGCAGCCCAGCCAGATCCTGTGTTAACTTGTTCATCCGCTTCCTATAAGAAAACATCCATTCAAGGCACATGGGGCAACAAAGAAGGACTTAGAGCTGTGTGGCCCCTCGTCAGGGCAGTACCAGTTGCACCCATAGTCCGGCCTGAATACTCAGCTTAGGACTATTGTGTCCAATGTCCCAAACATTTTGAAGCTACATCTTAAAGAAGTGTCCTGCTCAGATGCAGTTCTCCTTGTGAAATCCGCAGGCCCCAAGGAAAGTGACTTTAATCCAGTTTGCTCATGCAAGAACAGACTGGCATTTCACATCCAGGAAAA,False
360,-1375,2.0243657,-2.1032836,0.015864976,2.2089462,-2.4911833,0.009012142,-0.6093998,0.88810915,0.8172026,1.1467065,-0.9629867,0.10815827,-2.5703683,2.5441096,0.9940268,0.38885298,ENST00000413721.5,-1375,TGACACGCGCCACCAGGCTCCGCGCTCATGGCCTGGCCTGGCATCTCACCAGGCTTTTCAATGGACTAGAGTGCGGGGCTGCTCTGCCTGTGGCAAGGGTTGTCCTGCTGCTGGGCACAGGCCCAGAGAGGAAGTGGCAGAAGCTGGGCATGGGATGCTGGTCCTTGAAGGAGTGTGTGGGGGCCACTGGGTTGAACGCAGCCCGCTGCAGCCCTGTGACCTTGATTAAAAGACTACTTTTTAGAGCAGTTTTCATTTTACCGATACATCGATCAGAGAGTACGGAGCTTCCCACATTGCCTCCCGCACCCCATAGCAGGCAGAGGCACCAGCCAGGCGCCATCCTTTACAAGCTGTTTCAGCAAAATGTCCCTGGGAAGGAAATGACCGCAGAAGGGAGTGCACCGTGGGGGCAGGAGGTGCTGCGGCCAATGGGCAGTGCTGGGAGATGAAACCAACAGCGGCGATTGCCCCAGAAAGAACTTGGCGCTGCTAAGGCAATGGCGGCCCGAAAGAGGCCCCTGA,False
361,-1157,-1.4780209,1.4168077,0.94759023,7.0679746,-7.3449244,5.502464e-07,7.528425,-7.6150665,2.6501166e-07,-2.5508163,2.5552413,0.9939766,3.6202803,-3.7783468,0.000611718,0.38843587,ENST00000500118.2,-1157,GTTTCCGGGATTTCTCTGTAGGTGAGGCGGGAGGCTGGAGGGAGCTGAGCCCCCGGGGAGGGGGCCCGATTCCGCCTCGCCGCGCCTCTGGCTGCTGGGCCGTGGGTTTTTCTCTTCTCCTGGGAGTAAGGAGGACGACGGCCCCTAACCCCTGAATTAGCCTTCTATTTCCATTAGTGACTTAGAAGCTACCCGGCGCCTCATCTGGGCTCACCTGAGCTGAGGATCAGGAAGGGGAGGGGGCACAGTCATTCCCTCGCGGACGCGGCGGGACCCCAGCGGACGGCTTTGTGCGGACTTTCGGCACCGTTATGCCCCCCTAGCCCGACACCACCTGGGGCTGGCGCGCCACGTTACTGTTCAGGGCCAGACGCACCGCCCTGCCTGCTCCGGGGAGCCGGACCTCCGATCCCGGGGATGGGGGACCCCGAGACCTCAGACCCAACGGAGGGGACTCTGATACCTCAGACCCCACGCGGGGACCCCGAGGCTTCAGACCCCCACAGGGTGACCCCGAGATCTCAGACCCCCGCAGGAGTACCTCCAGACCTCAAATCCCCAGTAAGGGAATGAAAGAGACTTCGGATCCCTGAGGCAGCAAATCCCTGTAGGGGCATCCCAGGACTCAGGTCACCGCGGGGTGAACCCAGACCTCACATTCAGGCAATCCCCAGGACGCCGATCGGCTGGCACTACCCACTGTCCCGGCCACCCCCCCTGGAGCTCAAAGGCTTGGCCCTCCAGCTGCTCCACCCTGCCGGCAACCAGGCTCAAACCTGCAGCCCGCGGATCCCCTGCCCCGGAAGCAACCAGATTCGCGGGAGGTTACCTGACTGATCCAAGGCAGTTTCTCACTCCGTTGCCCAGGCTGGAATGCAGTGGTGTAATCACAGCTCACTGCAGCCTCAACCTACTGGACTCAAAGGATAAGATCTGCTTTTAATTAATTTTTGTATACGGTATGGGATAGGGACCAAAGTTCATTTTTTTGCATGTATACATATCCAAATGTTCCAGCATCATTTATTAAAAAGTTATTTTTGTCTCTACTGCATTTCCTTTGTGCTTACATCAAAATCTGTGTTGCATATGTATGTGTTTCATTTTAGGCTTCCTATTGTGTTCCATTGAGCTATTTGTCTTTTTGCTGCCAGCACCATGCTGTTTTGATTATTGTAGCTATATAAATAAGTGATGAAATCAGATAGTTTATGTCCTACAACTTTATTTTTCAAGGTTATTTTGTATCTTCTAGATTCTTCAGATTTCCTTTTAAATCTTAGAGTCGACTTCTCATTTTGCACAAAAAAATACTGCTGGGATTTTGATTGAGATTGTGTTGACTCTACAGATGAATTTGGGGAGAATTGACATTTTAACCATATTGAATCTTCTGACCCATTAACATTTAGGTCTTTTAAAATTTCTCTGGCCAGACGCAGTGGCTCACGCCTGCCACTTTGGGAGGCCAAGGCGGGCCGATCACAAGGTCAGGAGATTGAGACCATCCTGGCTAACACAGTGAAACCCCATCTCTACTAAAAATACAAAAAATTAGCCGGGCGTGGTGGCATGCGCCTGTAGCCCCAGCTACTTGGAAGGCTGAGGCAGGAGAATGGCATGAACCCGGGAGACAGAGCTTGCAGTGAGCAGAGATCTTGCCACTGCACTCCACCTGGGGCAACAGAGCGAGACTCCATCTCAAAAAAAAAAAATATAACTGTTGTTAGATTTTAACCTAAGTATTTGTTTTTTTATTTTGTTTTTCTTTTTTTCTTCTTTTTTTTTTTTTTTTTTTTTTGAGACAGGATCTCACTCTGTCTCCCAGGCTGAAGTGCAATGGTGTGATCATGGCTCATCTTGAAGCCTCGACCCTCCTGGGATCAAGCTATCCTCCCACCTCAACCTCCTGAGTAGCTGGGACTACAAGTACACATGACCATGCCCAATTCATTTTTTAAATTCTTTGTAGAGGCGGAGTCCCACTATGTTGCCCAGGCTGGTCTTGAACTCCTGGGCTCAAGCAATCCTCCCACCTCAGCTTCCCAAAGTGTAGGGATTACAGGCATGAGCCACTGTGCAAGGTCTTGTGTTTTTTGATAATATCGTAAATGGTGATTTTTTCATTTGTTTCTGATTGTTGCTAATATATGGAAATATAGTTGATATCTGCAATTGATCTCATGTCCTGAAAACTTGCTAAATCTGCTTAATAATTTTTTGTACATTCAAAATGATGTTCTACAGGTAGTCGTATTGTCTATGTTGGAAGGAAAGCTTTTCCTCATTCAATGTCGGTCCTGTGTTTGAAGACCTGCAAATTAACTGATAACAACAGGTTAACAGGAGAAAAGACAAGGTTTAGAGTAACTCACTAAATAGAAATAAAGGTTTATAGATCCACTTAACAAAA,False
362,-702,0.7601477,-0.8329862,0.16894343,-0.95955634,0.7225598,0.8431846,3.5904286,-3.1149545,0.0012228063,-1.3076526,1.2246873,0.92637813,4.041538,-4.329709,0.0002313734,0.38799208,ENST00000553657.5,-702,ATTTTATGTTTCTGGCGAGAAGGGAACGGAGTTTTCATCAGGTAGATTGGTTTTTGTGCGGCCGTCCTCCACCGTTTCCTCCAGGACAGCACCTAGTCGTGGCCGGAGGAGTCTCAGAGCTGTCAGAAAGGTGAGCATTTGTACAGTGAAACATTTTGCTACACAAAAGTGATGTTTAGGAATACTAACAAATTATTTTCAAGAATAAGACTGATTTTATGGGAAAATTAAGCAGATGCTCCAGTTTGAGAAACCTGGATCTGCGATCTGTTTGTGGTCTCTATGAATAAAGAAAAGCAAATAGAATCTTATCAGATAAGTGCTTTTATAAGTCTAAATATATTCTTTGGAATCTCTAAAGCAAAACTTTTAAACTTTTTTTTTTTTTTTTTTTTTTT,False
363,-203,1.2585204,-1.1991792,0.078877315,-1.0051349,0.088216156,0.74901223,6.112719,-5.7010164,7.402126e-06,0.993461,-1.0435412,0.115372345,-2.437129,2.1563566,0.9899838,0.38665062,ENST00000577557.1,-203,GTTAAGAGGGCAAATCAAAGACACTTTAAGATACATGAGGACTGAGGAAGTTTACTTCCTATAGACTCCTTGTGGTAATGCTCCTAGAAAAAAAGACAGCAATAGAGGATGTGCAGCAGTAAAACAAAGGAGAAACCAAGAATGAGAAAAGCATGGAATTTTTGTCAGCTTATAAGTTAGCTTGCAAATTCACTTTCAATTGATACAATCTTTCACGTCAGAGCTGCTTCTTGTAACACAGAAGTTTTCAGATTCTATGAAAAGGTATTGAATGAATTGAAGGCTCTGTTAAGGGGGCAACTATCTCCCCTCCCCATTCTCCTATCAGCCCATAAAACAGGAACTGACAACCTCTTGGAAGAATTGGGAAGGAACTTTTCGATTTTCTCTGTACAATCTTCACTGGTTCCTCTCTGTGAGAGGAGGAGGGACCTCTTGGATTGGTGTCGTTGGGAAAAGGGTATCAAGTGTGCATGGCTCAGCCTGTTCCTGGCTCTCTCTCTGGGACTGACCTGACTGCAAGCAGCATGTTCTCTGTCTGCTCCTGCCTCCTCCAGGCAATGAGCACCAGGGCGGGTCCAGCCCTTGCTTGGGAGGACTTCAATAGTCCAGCTGCTCTGCCGCGAGTGGGTGAGTGAGTTCAAGTCAGAGGAGAAGACACAGAAAGCTCATTTGGGCCTTGGGTCTTAGCCACATCCTCCAGTCCATCTGGACTAGCAATAAAGCTGACATTTTAATCCCTA,False
364,-749,2.5071163,-2.6623592,0.005655385,-1.9753672,1.5635612,0.97177535,2.192125,-1.6703998,0.020582335,-0.93862176,0.8670083,0.8588329,1.1720842,-1.4484849,0.06782629,0.38493446,ENST00000578265.5,-749,TCTGCAAGAGTCCTGCTCGTTCAAGGCCTGCATACAGGAAAGAAGCAGGGGAAAAGCGTTAGAAACAGCTTTTGTTCTACAGCATTTTAAAATATAATAGGTATATTGAAAAGTCTGATTCAGTTACAATCAGTGTATGGAATCACAAGAAGATCCATAAGAAACAAGGTGCTGGATTTCTCCGTTGTGTTCGTCTTTTTCCAGTGCCATCAACCACCTCAAAGACACTGGTTATCAGAGGTTGGATTTATGCAAACTTGGGCCAAAGGACAGTTAGAAGACAGTAGGTGCCGTGCTGGGCAGTGAATGAATGAACCTTGCCCTGGGGTTAACACTCCAGTGGGATGAACAGACAAACCCCACAAGCACTGCATACGGATGTTTAGCAGCATCTCTGGCCTCTGCCCACCAGATGCCAGGAGCACAACCACAGTTTTGTCAAGCAAAAGTGTCTCTGGACATTACCAAATGTCACCTGAGTACAAAAATCACACCAGTTGAGAACCACTGCTCTCTGATGATTCACTATGATCTGTGTAATAATTCTCACACTAATCTTTGCTAGAGACAAAAAGGACTTGCTATATAATTTTAGTACCTTTCTACTGGTCAAATTTTAATCATATTTCAAAATGAATAGCAAAGAGGTTTATAATCAAGTTTTATAAAAATTCCAAATGTAATAAAGTTATATTTGTAACTTA,False
365,-1106,-0.54655623,0.38548034,0.7174883,0.31295192,-0.6876149,0.26882997,2.73232,-2.2096503,0.0070898896,-1.1377425,1.1666095,0.90923685,1.8708462,-2.2333555,0.016235253,0.38377604,ENST00000415499.5,-1106,GAAGAAATGACTGTGGTGGCTTTCTCAGACTCTGTGGGAAAGGCCTCTACCTATCCAGTGAAAGTGTCTACCCAGACCAAGAGATCGCTTCTTGACCTGCACAACTTTCTGATTTGATGAGTTCAACAGAAACCAACTCAAGGGAGAAGAATAAAGACATTGTTGAACTTAGACTTTGACAAGATGCATATTGGATATCTAAATAGAGATATCAAGAAATGAAGATATGCATTTCCAGTTCCAGAGAGAAATTCACACTGGAAATATAAATTTAGGAATTTTAAAGTTAGTGGTCACATTTAAAGCTGCAGAATACAAAGAGATCACCTGTGTGAGAGAACTGAGTCCTGAAACATACCCGTGTTTAAAGATCTGGGAGGTGCAGAGGAATTATCAAAGGAGGCTGAGAAGGAGCAGCCAGTGAGGTGTGTAGAAAAACAAGATAAGCAAAAAGAAAAGCAAGAGATATGGAACTGAACTTCCCTTTGGCAAAAAATTTAGAAAATGATAATGAGGAACATCGATTTCAGCATACCTTAAACCTTTTGAACAGACTTGTCGATACTCTCTTGGAAAAGTATTTTTAAAAATAGAATTGAATATTTTTAAACTTTCATCCCAATAGAAAGCTAAAGTTAATGAGGAAACTTGGATTCATTTCACAAAACGTTGCTTGTAAGCTATTTTGCTTGGCTACATGTTCCCTGGACAAACCCAAAAGACTGGTATAAATTCCAATACTG,False
366,-1434,0.40153164,-0.42637956,0.30408692,-0.79242563,0.603359,0.8015141,2.462455,-2.3106558,0.008383168,-0.7335013,0.6532036,0.8000657,4.4782634,-4.5147653,0.0001242577,0.38283482,ENST00000523452.5,-1434,AACTCTCCTTCCTCTCCCTCCTTCCAGGGTTGCCGTGCAGGGAGTGTCAGCCACGTCTAGCGCACAGTCCCAGGCCCCAGGGCGAAGGCGGCCAGGGGAAATGGGGCTCAGGGATTGCTAAGCAAACGCATCACTGGTGGTCTCCAGCGCCTGCGGAGCATCAAGCTTATGAAGATTTCCAAGACTTTATTGTTGACCCTTGTTGAAGAGAACTCTACTTGGCTTCTTTCCTGGCTTTCCTAAATTGTTCACATACAAGATAAACTACCGTCATTCAGACTTACAGAAGTGAGAAGACAAGCTGAACCAAATGTAAAATGGTAGCAATTTACAGACAGTGTCTCCTTCTGTCGTCCAGGCTGAAGTGCAGCGGCGCGATCTTGGCTCACTGCAACCTCCACTTCCCCAGCTCGAGTGATTCTCCTGCCTCAGCCGCTGGAGTAGCTGGGACTACTAGGCGCGGGCAACCACACTCAGAGAATTTTTGTATGTTTTGTAGAGATGAAATTTCGTCATGTTGTCCAAGCTAGTGGGAGCTAAAATGGTACAATCTTT,False
367,-25,3.6352236,-3.5738401,0.00073930266,0.90783584,-1.0839916,0.12006366,-1.0090024,1.0753069,0.8893688,0.23953804,-0.015265554,0.43664154,0.03920126,-0.10847312,0.46314833,0.38199234,ENST00000445551.1,-25,CCTGTTCGGCGTCTTGCAGCAGTGCCTGCGATCCCGCGTGAGTCCGTCGCTCCCTCCGCGAAAACCTGGACTCTTTCCCAGAAGCCTTGGGCTCCAGCACCATGCCTGCTGCAGCCGCCAAAGAGCGGGAAGCCACAGGCTCTGCGGGTCTTGGTTACAGCGTCTCTGGTCGTGCCGGGCCTCCTTCTGCATCTGTTCCACGGCCCGGCCATCTCCCTCGTGCAGCCCAGAACAATTGGGAGGAAGCGTTGGCGGGCGGAGGGGGATGCCTGTTGGGCTTTTCCACTAGTTACTGAGTGTTTTTTGCGAAGAGTACGTTGCTATCAGTGGCGTCCGGGTCGTCTCTCCCTCTCTTCCTTTTGGTCCCCATAAATGAGCTGTTCTCGGCTCTGGGAAAGAAAAGCCCTCCAGCGATTATGCGGATCTAATTAAGTCAATCAGGAAACTGCCGGAGAGCGGCACTGGCTTGAAGCGGAGTTTGTCCTGAGGCACAGCGGAACGATTGCACGCGGCCCTTTTCAGCGGTTCGAGCTCGGCCAGCGCCGGGCTGCAAACGGAAGCCTGAGCTGGGCTTGGGGAACTACGCCCGCAGATTTCTCTAATTTTATTCACAAAACTGGACACCCTCAGGGAAAGCGGCAAAGCCGGCGCGAGCCTCCTTCCCACTCTGGACCTAGCTGCAGCTCCAAAGCGAGATAGCTGTCTAGCCTCAGCCGGTACAGCTCCCGGCCCCTTTCTCCACCCGGATCTTCGGCTGCTCAGAAGCGATCAGCTCCCTTAGCCCAGGTGGGAGGCGGGAGACTCCAGATCCTGTGACCCGCGGAGGCAGACCTCAGACATGTTCCCCATGCACAGAAATGACTGGGGCTCCAGTGTGTGCACCTTCAACTCTGAAGCCCACCTGCCCACTTCAGGCGCTGGCGCGGAGATAACCACCACGCGTCTGCCGGGCAAAGTTCGAGAGTGAATTTACATCTTCTCTTTCCGCTACTCCTGGCCACTGTCCCCTCCCAGCCCCATCTCCCCCGCCCCCAACCCTGGACTATGTGGTAGGGGACTCGCTTAAGCACCCAAGTACTGCGCGGTTGTTGAGACCAAGGCGAGCTGCGGAGCCTGTGGGCTGTTGTTCGTGGGAAGAGGGTTGCGACCTCAGGAGAGACCGAAAACAGCGCCACTTGAAACCCGCCGGTCCTGAAGATCACAGAGTTCCCGGAGTGGTAGGGAAGGCTCCACGCTCTTGAGAGCAGAGGCGGCCAGGGGCAGTGGGGGACGCTTCCAGGTATGTGGGAAGGAGAACTTCATGTCTAAGTGCGCTCTTGTGGGTTTCTCGGCCAGCTGGGCCGAGCCTCTCTTTCTCTGTCCTCATGTGTCTGTCCTCTGGACAACAGTGGCTCTGTATGGCGGATTGCGACCCTGAGTGACGGGCGCCTGTCTTGCATCCTGTGTCCTGTGTCCTCCCCTCCAGACCTCATGCTTGGTGTCCACAGAGTGGACCCAGGACTGCCTGGAAGGCTTATCATCCAGGCCCGCGACTTCCCCCCAGAGTCTGAAGCCTTGCGACCTGGTCGGGGACGACAAACCTGCTCGGGGTCAACAGCGAGACCCTAGTGGGGAATGAGGATGGGTGAGGGTGCGCCTGGGTTGAGGGTCTGTGACTGTAGCATGGAAAAGGAGTTCATGCAGGGATCGCACTGAGGGACAGCCAAGAATACTCCAGCGGCAGCCTCCCTCCTACCAATTACACGCCGCCTGCTGGCACAGTGGCACCTCGGGAACAGGACGCCCTTCCGGGCCCTGAATTGGGGCAGCGCAGGAGGGAGGGTGCAGAGCCATAGCGACCTGTGTGTACCATAGACATGCACATGCGCTCACCTTCACGTGTAACCCTTCTGAGTCCCAGACAGGGTAACTGGCGAGGCCGTAAGTACCCTCGTGGGGGCGGAAATATTGCCGCGTCCCTGAGTCCTCTGGGCAGATGCAGAGCCGCGTAAGCCTCATAGAAGCAAAGCCAGGGGAACAGTGGGAGCTCTGGCCTCGCGGTGCGGACGCTAGTAATGGATTCCTGGGGAACAGCGACCTCTGGAGGAGCCTCTCATCCACACAGAGTCAGGAACTAAAGGACTGGTTCTGAGACAAAGCACCCTTTCCTCACCCTACTCCCATTCCACCCGCTTGGAAAAGTTATCCAGAGACTTTTAACCTCCGGACTCCACTCTTCGCTTATGTTTGCTTTTTTTTCCAACCTGTACCCACGCTTCAAAATCCCTGCTCCAGTCCTGCCTCTTCCAGAAAGAAGCCTTCTGGCCAGCCCAGTTCCTCTTCCCCTCTTCCTGTTCTGAGCTCATTCTCAGGCCACACTGCACAGCCAACCTGCTTCCTGCCTGCTCTTCTCCAAAAAGACTGTGAATCCACTCCACCCACGCCTTGTGTTGCATGCTGGGCATGCCGTTCCCTGCCCCAACCCACCCCACCCCCCAGTGAATAAAGACTGAAGTTATTCATTCCAAAA,False
368,-377,-1.5209906,1.3880181,0.94828993,4.703975,-4.9947596,6.135734e-05,4.6760926,-4.6847363,8.602139e-05,-1.5840439,1.5644865,0.9588508,3.6610503,-3.774535,0.00058953604,0.38157552,ENST00000420226.1,-377,GGAACTGGTCGCGTCCGGACGCGCGACAGCTTCCACCCGCCTCAGGCAGTATCAGCCGCGCCGCAGTCGGAGGAAATAGACGCGGGGCCTGAGGCTCCTGGACTTGAGCAAGCCTGTTACCCTCTGTGAGCCTCAACTTCTCTATGTGTAACAAATGGCCAACTTTATGGGATTGTCAAGAAGCTGAAATGAGACCCTGGCTGGAGGATATTTTATGGACTATAAATTCCTAAACAATTATAATAACTTAGTTATTTATCCTATCCATGGATCACCTGGAAGTTTACAATGTGATTTAAAATGCATTCTATCATTCCACCGA,False
369,-634,-0.25722194,0.109796464,0.5907383,2.412798,-2.598445,0.0066185207,0.7687875,-0.3316152,0.24966443,-3.458513,3.1590369,0.9986651,1.2496755,-1.5496261,0.057361927,0.38060966,ENST00000533708.1,-634,TTCCGCGGAGCCGGGCAGAGGTTTTAGGGGTGCGCAGGAGTCAAGTGGTGGTTCAGTGGGGACGGAATGATTAACAAAGGCGTCCGAAGAAATCGTTGTTGGAAGGTGACCAAGGTGGAAAGAGACGTTGCTTTGGCCCTGCAAGTAAGAAGAGAGAGGGAATAGCCTGAAGGAGTAACACTAAATTTAAAATGACACTTTTTTACCAACCAGCGAAAGCAGATGTTCAAAGGGGATATTGGCCAGGTGCGGTCGCTCACGCCTTTAATCCCAGCACTTTGGGGGCAGACGCGGGGAGATAGCGTGATTCTAGGAGTTCAACCCCAGCCTGGGCAACATGCGGAGACCCCGTACCGTCTCTACAAAAACATTAAACAAAAAAATTAGCTGGGCATGGTGGTGTACCCCTGTAGTTGCAGCTACACTAGAGGCTGAGGTGGGAGGATCGCTTGAGCCCGGGATGTTGAGGCTGCAGTGAGCCTCGATCCTACCACTGTGCTCCAGCCTGGGCGACAGCAAGCCCGTGTCTCAGAAAAGGCGGGAGGGGTGGGATATTATTGATGATAGGCCTTCTGACGTCTGGCAATAGATTCCAGAGTAACATCGGTCATGGATAAATTTTTTTTTTAACTAAGTGACTGAAACCAAAGTTAATTGTCTTTTGAGTGATTTTGCACAGTATCTCAAAATGAACTGTACTTTTTTTCTTGTGTCACTGAAACAGTGCTGTGTGTTCTTTTTCAGAGTCTGTCACACTAAGATGAGAAATGTCCTTTCTTCCTGAAGGTGTCTGATGTGTAAAAATATGATATACTTTGTGCTGTT,False
370,-146,0.3372941,-0.3939355,0.32492498,-0.38116348,0.10370764,0.61889744,3.0244224,-2.538261,0.0038237863,-1.4498976,1.3676424,0.9436164,6.261523,-6.534902,2.7706528e-06,0.37825304,ENST00000555162.1,-146,TACTTTTTGGAGGGTCTTCTAAAACCTTGCTATAATATGAGAGGATCTTGATTTTCTACAACTAAGTAAAAGATAACATGCTGCTCCATTTTCTTAAATGATGAAGGGATGGCTTTCCTAACATGGAACACTTAACAGATGACTACCATTATACCTAAATATAAAAGATGATATAAAACCAAGGAAAATAACCTAAAGTCTGAAAAAGACCAGAATCGAAGTTTCCTGATTCATATTTTAATGTTTTGAAATTTATACTCCAGGCTGGGTGCAGTGGCTTGTGCCTGTAATCCCAGCACTTTGGGAGGCCGAGGCGGCCGGATTGCCTGAAGTCAGAAGTTCGAGACCAGCCTGACCAACATGGTGAAACCCTGTCTCTACTTAAAAATACAAAAGAGCTGGGCATGGAGGTGGTGCGCGCCTGTAACCCTAGCTACTCGGGAGGCTGAGGCCTAAGAATCTCTTGAACCCAGGAGGCAGAGGTTGTAGTGAGCCGGGATCACGCCACTGCACTCTAGCCTGGGCGACAGAGAGAGAGACTGTCTAAAAAAGGAAAAGAAAAAAATTTATACGCCAAAA,False
371,-133,1.2097452,-1.2308908,0.08012603,-4.829882,4.644531,0.9999232,1.2971796,-1.1169156,0.08210417,-0.2511382,0.35610098,0.6473108,1.1054877,-1.3240614,0.080947,0.37808225,ENST00000554988.1,-133,CTCGCCCTGCCGCCGCCGGTGCTCCGTCGCCGCCGCGCCGCCATGGAATTCGAACGCTGACGTCATCAACCCGCTCCAAGGAATCGCGGGCCCAGTGTCACTAGGCGGGAACACCCAGCGCGCGTGCGCCCTGGCAGGAAGATGGCTGTGAGGGACAGGGGAGTGGCGCCCTGCAATATTTGCATGTCGCTATGTGTTCTGGGAAATCACCATAAACGTGAAATGTCTTTGGATTTGGGAATCTTATAAGTTCTGTATGAGACCACTTTTTCCCATAGGGCGGAGGGAAGCTCATCAGTGGGGCCACGAGCTGAGTGCGTCCTGTCACTCCACTCCCATGTCCCTTGGGAAGGTCTGAGACTAGGGCCAGAGGCGGCCCTAACAGGGCTCTCCCTGAGCTTCGGGGAGGTGAGTTCCCAGAGAACGGGGCTCCGCGCGAGGTCAGACTGGGCAGGAGATGCCGTGGACCCCGCCCTTCGGGGAGGGGCCCGGCGGATGCCTCCTTTGCCGGAGCTTGGAACAGACTCACGGCCAGCGAAGTGAGTTCAATGGCTGAGGTGAGGTACCCCGCAGGGGACCTCATAACCCAATTCAGACTACTCTCCTCCGCCCATTTTTGGAAAAAAAAAAAAAAAAAA,False
372,-498,2.5334132,-2.6422977,0.0056204307,-1.2118894,1.1132585,0.91093844,2.912692,-2.7851753,0.0033419027,-1.0073195,1.106513,0.89224035,1.1928996,-1.3115981,0.075543486,0.37753695,ENST00000340301.5,-498,AGATGTCCCATATATCCAGCATTCTAGGACATTCTGTCAGATGGCACCGGGCTCTGTCCTGTCTGCTGAGGAGGTGGCTTCTCATCCAGGTCCTGAGCAGGTCTGAGCTGCCGCCCGCTGACCACTGCTGTCGTCCTGCAGGTGGCTGGGAGCCCGAGCCCCACACCTGCCGGGCAGCAGGTGCTGGACATCGACAGCTGCCTGGACTCGTCCGTGCTGGACAGCTCCTTCCTCACGTTCTCAGGCCTCCACGCTGAGGTTATCAATACTCTGGCTGACCATCGTCATCGTGGGACTGACTTTGGTGGAAGTCCTTGGTTACTTATCATTACTGTGTTTCTGAGAAGTTATAAATTTGCCATCTCCCTCTGCACAACTTACCTTTGGGTTATCAATACTCTGGCTGACCATCGTCATCGTGGGACTGACTTTGGTGGAAGTCCTTGGTTACTTATCATTACTGTGTTTCTGAGAAGTTATAAATTTGCCATCTCCCTCTGCACAACTTACCTTTGTGTGTCTTTCCTGAAGACTATCTTCCCGTCTC,False
373,-1380,6.1079807,-6.487203,3.3882816e-06,3.226101,-3.5406134,0.0011501478,2.4451764,-2.3391178,0.008290712,-1.244866,0.7207248,0.87713677,-3.2240343,2.946231,0.99791366,0.37689894,ENST00000440347.5,-1380,AGCTTCAAGATTTAGTCATTCTTCTGGCAAACATATGTGGAAGGCCTCCGGGGTAGCACACCCTTCACCGTGCCCTGGAGATGCTGGGATGCGACAAAAAAGTAGGCTTCTCCCATGATGAACCTCACGGATGGAGTTTCGCTCTTGTTGCCCAGGCTGGAGTGCAATGGTATGATCTCGACTCACCGCAACCTCTGCCTACCCGGTTCAAGCGATTCTCCTGCATCACCCTCCAGAGTAGCTGGTATTACAGTTGGAGGCATCTGTCCACCCATGTGGTTCCAGACACGTTCATGTGGCCACCATGACCCCGTCGGCATCACAGGGGTAACCAAGAGAGCAGCAAGTTCCTGGGACAGAGGAGACAGAAGGGAATTTCCAGGTTCTTCAGGACGTTCACAACCACACTGAGAAGCATCTTTGCAGATAAGTATTTAAACTTACCAGCCCATAGCCTACCAGCCTGCCCTCTTCTGGTCTGTGCAGGAAAGTGTAGTATCCTAGAATGCCAAAGTGGGAGGGGAAATGGGTGATGTAGCTCAT,False
374,-1183,1.4001435,-1.425266,0.055966448,0.7311357,-1.0444516,0.14484885,2.432832,-1.9710195,0.012082376,-0.6214956,0.459074,0.74660176,-1.1797446,1.3143699,0.9237281,0.3766455,ENST00000521951.1,-1183,CCGAGCACATGGGCCCGCGGGCCGGGCGGGCTCGGGGCGGCCGGGACGAGGAGGGGCGACGACGAGCTGCGAGCAAAGATGTGCCCCGGGACCCCCGGCACCTTCCAGTGGATTTCCTTGCGGAAAGGATGTTGGCGGTCCCTGTGACCTGTGGAGACACGGCCAGATCTGCCCTCCAGCCTGATCTTTTGGCCAGAAGGAGATTAAAAAGATGCCCCTCAAGATGGCTGTGCCTGTCAGCTGCATGGAGCTTCGTTCAAGTATTTTCTGAGCCTGATGGATTTACAGTGATCTTCAGTGGTCTGGGGAATAACGCTGGTGGAACCATGCACTGGAATGACACACGCCCGGCACATTTCAGGATACTAAAAGTGGTTTTAAGGGAGGCTGTGGCTGAATGCCTCATGGATTCTTACAGCTTGGATGTCCATGGGGGACGAAGGACTGCAGCTGGCTGAGAGGGTTGAGATCTCTGTTTACTTAGATCTCTGCCAACTTCCTTTGGGTCTCCCTATGGAATGTAAGACCCCGACTCTTCCTGGTGAAGCATCTGATGCACGTTCCATCCGGCGCTCAGCTGGGCTTGAGCTGACCATACTCCCTGGAGCCTTCTCCCGAGGTGCGCGGGTGACCTTGGCACATACAGCCATCATGATGGTACTTTAAGTGGAGGCTGAATCATCTCCCCTTTGAGCTGCTTGGCACGTGGCTCCCTTGGTGTTCCCCTTTTACTGCCAGGACACTGAGATTTGGAGAGGTAAGTGGCTTACCTGAGGCCATGTGCTAACAGAGAAGATGAAGAGATGATTGAAACAGGCCTAAGACCAGACCTAAGGGTCTGTACATTTTCCACATACTTTCCATATCTTTAGAGGCCTGACCAAAGCAGATCTTTTCCTTTCTTCTAGGTAAGTCCAAAGGCACCTGCCTGCTGGGCCCACTGTTTTCTAACTTTCCTAACTTTCTGATCCCTTGGAGGTGATAATCAAATATTCTAGTCTGAGGCATTGGGATACATGGTGCTAGGTTCTGAGACTCTGCGTCAGGCCTGAACCCTGCATTTTGTGGAGGTGGGTGGGAGAATGTTCCCCTGGGGAACATGCCTAGACACGGGGGACAACAGTTGCCCTCATGGGGAGGTACCTGTTTACTCGCTGTTATGGGACCGCTTTCACAAAACCACTGCAGGTGAGTGAGTTCCTGCTGAATATCAGGCCTGGTGTCTCTAGACTCATTATTTCCCCCACCCAACCCCTATGTTAGTTCATCTCGAGCCACATTTTTATTGCCATAATCCAGGCCTGGACAGGCCAAGATCTTTTAACAATTTTAATTACTGAAAATAATAACTGCATTTTTTTTAAAGCCCAACTTTTGGTAGAGTCAGCCCAAAATACAGTCTTTGTGTTGCCATCTGGGAACTGGATTTGGAATTGTTCTTCCATGAGACTGCAGAGCAGAACGGCAGGGCCAGAGGTCCCACGAGCTGGTCAGACCCGGTTCTGCTCCTTGCTGGCTGAGTGACCTTGGGCATT,False
375,-12,2.049885,-2.2069535,0.013969115,-1.5617591,1.2310165,0.9422842,1.4792165,-1.214781,0.06332849,4.7211943,-4.6549997,8.470984e-05,-0.98130465,0.83613616,0.8602587,0.37598506,ENST00000451424.1,-12,ACTTTGAATTGCTAAAAGTGGCATTTTTCCTATGTGCAGTCACTCCTCTCATTTCTAAAATAGGGACGTGGCCAGGCACGGTGGCTCATGCCTGTAATCCCAGCACTTTGGGAGGCCGAGGCAGGCGGCTCACGAGGTCAGGAGATCGAGACTATCCTGGCTAACACGGTAAAACCCTGTCTCTACTAAAAGTACAAAAAATTAGCTGGGCGTGGTGGTGGGCACCTGTAGTCCCAGCTACTCGGGAGGCTGAGGCAGGAGAAAGGCATGAATCCAAGAGGCAGAGCTTGCAGTGAGCTGAGATCACGCCATTGCACTCCAGCCTGGGCAACAGTGTTAAGACTCTGTCTCAAATATAAATAAATAAATAAATAAATAAATAAATAAATAAAAATAAAGCGAGATGTTGCCCTCAAACTTCACCTGGCCCCGGTCCTGGTTTGCTAATGGCTGTGGGTGGGGGTTGCTGTGGGTGATGACTGACTGGATACAAAATCCTAAGTGGCTTCATGAAATTTTGCCTAGGACTGGACTGTCTTTCTTTTAACTGTGAAATGATGGTTCTCCCTAACGTCTCCTCAAAGGATACAAGAAAGTTGTTGTTGCTAGTAGACCGAGGGGTGGGAATCACTGAAATGGAAAATCTAGATGACAGTGCTGGGGAAGAGAAAACTAGAACAGCTCAGTTGAAGACAACCTTTACTGCATGTTGACGCTGATTTAGGCAATAGCTTCCTAAAAATCATGTATAAAGTTAGTTAGTTAGACATGAAATCTCTTCCCCAATGTTGATACCTGCCCACAAAATATTCTCACCTTCAGAGTATAAGAATCATTCTTAAAGCCAAATATTCAGTTCAAGGCACATACGTCATCTGCAGTTGTAAATTTGCATTTAATATTTCACAATTCCTGTAAGAGAGGCTAGTCAGGAGGGAAACCCTCAAGTTTAAATCCCCACACTTACTTACTTACTGCTCATCCGTCACTTTCGCTAAGTGAGATTAATAATTCAGTAGCTGGTCCAGAACGCACAGCTTGGGAACGCAGAGGCCCAGGCCTCATGTAATTTCCCACTCCCGTAACTGAACGTGCTGACCCATGTTGATGTCTGCCTTCATCCAGGTGGCAAATCAGACATGCTACGCTGCCCCCTTCAAACGAGTTCCTCGTGTTAGGGGCAAAGGTCACAGCCAAACTCTGCCACTGACAGCCAGTGCCTTGGCCTGGATCCTCTCTGTGGATGCAGGCCTACCCCTCCTCAGTCCAGCCTCATCTACTAGACCAGCTTGGCCATTCACTTTTCAGATGTCTGTGAGCAGAGGACTGCAGACTGAACTCTCACTCAAGTTCTTCCATTTGCCAAGCCCGAGGCCTTTTCCGGCTAACCAGCCCTCTCTGCGCTGTCTTGTCTCCTGACTCCCACCCTCACCATTCACAGACCATCACGACACAGAGGATGCCATGTTCTTTTAGTAATTCACCAGCTCCATGCAGGGACATCACAGGGCTGCCCTCCATGAGCAGAGGAGGAGGGCTGCCTGGCAGAGCGTTTCACACTCCAGGTTAGCCAGAAAGAGCATCTTCATTTTTGTTTCCACACAACACTTCTCTGTGAGCCTGTTGGCCAACAAAGTGGCGGCCGATTGTTGGAGGAGCCAGCCAACCATCTTGTCTAACTTCAGATTCTTCAGGGCTAGAATATGTTCACCCCAGAGGCTTAGATGAAGCACATTTGCGGCTACTCGGGCAGATGGTCTCTGCAACAGGAAGGGAAGCTGTAGCTAGAACATCTGTTAACACAGTCTCAACCCAAAGCCTGCTTTGTTAGTGAGGGTCTTCCCTTCTCTGGTCCCAACCCAATTCTTCCTCTACCCTATCTCCTACTGATGCCCTTCACTCAGGTGACAAATACTGCCTGTCCCCTGCCCGTGCTCCAAGCTTTTCCATGTGTACACCTCTGCATGGGGCAGCATGCATTGTTGAAATAGCCTTTCCCCCTGGGTGGAAAGCCTAGTGCCTCTTGTGCACAGCTATCTGGTCCCTTGAACCAGGTAAGTAGTCTCCTCTATCATTTCATAACTGGTTGCAGCTGTTGTTCTAACCTTCACTGCGCACCAAGATAGCAGGCCACGTACAGAGAGCAGTTAACGGAGTGGCAGAACAGTGCTGGGGTGCAGGTATGGCTCAGCTCTTTGCACTAAGCCTGCCCCTGAGCCAGCTGCCACTCCAATTATGGCTTCGGATAGGTCTGCCTTTGCATTCCTTTATATTAATTTCACAATGTCCAGATCTGCTCTCAGGAGATGTTTTCCATCTCTCTCTGATCAGTTCTCAGCTGCTTCCATGAGCTACATCTCCATTAAACATTTCTCAAAAATGCCTCCTTTTCTCTCTCTGAATAGCCTTTTTTTTTTTTTTTTTTTTTTGAGACAAAGACTTGCACTGTCACCTAGGCCAGAGTGCAGTGGCGCGATCTTGGCTCACTGCAACCTCTGCCTCCAGGGTTCAAACGATTCTCCTGCTTCAGCCTCCCGAGTACCTGGAATTACAGGCGTGTGCCACGACACTCAGCTAATTTTTGTATTTTTAGTACAGACGGGGTTTTACCATGTTGGCCAGGCTGGACTGGAACTCCTGGTCCCAAGTGATCCACCCGCCTCAGCCTCCCAAAGTGCTGTGATTATAGGTGTAAGCCACCGTGTCTGGCCTCTGAACAACTTTTTCAGCAACTAAAAAAGCCACAGGAGTTGAACTGCTAGGATTCTGACTATGCTGTGGTGGCTAGTGCTCCTACTCCTACCTACATTAAAATCTGTTTTTTGTTCTCTTGTAACTAGCCTTTACCTTCCTAACACAGAGGATCTGTCACTGTGGCTCTGGCCCAAACCTGACCTTCACTCTGGAACGAGAACAGAGGTTTCTACCCACACCGTCCCCTCGAAGCCGGGGACAGCCTCACCTTGCTGGCCTCTCGCTGGAGCAGTGCCCTCACCAACTGTCTCACGTCTGGAGGCACTGACTCGGGCAGTGCAGGTAGCTGAGCCTCTTGGTAGCTGCGGCTTTCAAGGTGGGCCTTGCCCTGGCCGTAGAAGGGATTGACAAGCCCGAAGATTTCATAGGCGATGGCTCCCACTGCCCAGGCATCAGCCTTGCTGTAGTCAATCACTGCCCTGGGGCCAGGACGGGCCGTGGACACCTGCTCAGAAGCAGTGGGTGAGACATCACGCTGCCCGCCCATCTAACCTTTTCATGTCCTGCACATCACCTGATCCATGGGCTAATCTGAACTCTGTCCCAAGGAACCCAGAGCTTGAGTGAGCTGTGGCTCAGACCCAGAAGGGGTCTGCTTAGACCACCTGGTTTATGTGACAGGACTTGCATTCTCCTGGAACATGAGGGAACGCCGGAGGAAAGCAAAGTGGCAGGGAAGGAACTTGTGCCAAATTATGGGTCAGAAAAGATGGAGGTGTTGGGTTATCACAAGGCATCGAGTCTCCTGCATTCAGTGGACATGTGGGGGAAGGGCTGCCGATGGCGCATGACACACTCGGGACTCACCTCTGGGGCCATCAGACAGCCGTTTCCGCCCCGATCCACGTACCAGCTGCTGAAGGGCAACTGCAGGCCGATGCTCTCATCAGCCAGGCAGCAGCCAAAATCTGCGATCACCAGCCAGGGGCAGCCGTCTGGGAAGGAGCAAGCAAAGTGACCATTTCTCCTCCCCTCCTTCCCTCTGAGAGGCCCTCCTATGTCCCTACTAAAGCCACCAGCAAGACATAGCTGACAGGGGCTAATGGCTCAGTGTTGGCCCAGGAGGTCAGCAAGGCCTGAGAGCTGATCAGAAGGGCCTGCTGTGCGAACACGGAAATGCCTCCAGTCTCTGTGCGCGATGCCCTGTTGAACCAGATGGTCCACGCCTTCCAGCAGCTGCAGCAGCATCATGGCGGCGAGGCGGGGGCTGGGTGTGTTCACACAAAGTCTGCAGTGGAGAGGAAGCCACGATACTTCACTGGGGCCATGAGGAGCCAGAGGTGAGCAGGCCAAAGGGAAGCAGGAACAGGAGATGCGAGGAAAGAACAGCATGTGGACAGTGGAACCACGTTCCTACAAGTTCAAGAATCAGTAACTGATGGAAATTCCCGTGGCTCACTCCTGTAATCCCAGCAATTTGGGAGGCTGAGGCAGGCAATTGCTTGAGCCCAGGAGTTCGAGGCCAGCCCGGGCAACATGGAGAAACTCTGTCTCTACAAAAACTACAAAAATTAGCTGGGCATGGTGGCATGTGCCTGCAGACCCAGCTACTTGGGAGGCTGAGGTGGGAGGATCACTTGAGCCCAGGGAGGTTGAGGCTGCAGTGAGCCAAGATCACGCCACTGCTCTCCAGCCTGGGCAACAGAGTAAGACCCTGTCTCAGAAAAATAAAAGAAAATTTGAGTTTGC,False
376,-1068,1.5567377,-1.5217583,0.044003047,4.009504,-4.149192,0.00028615372,7.5965605,-7.814481,2.0280083e-07,-3.0890543,3.0596387,0.9978683,-0.8112098,0.82885975,0.8375443,0.37594038,ENST00000448559.5,-1068,CTGCCAGCAAAGCCCTCTTCAACCCACTGGAGTCAGCAGGCCCAGTGCTTCATAAACCAAGTTATGAGAGCAGAGCTGAGAATTTCTAAGGAGCCTCCTTTTTAAAGCCTTTCACTTCACCTGCTCTCCAACAGCTGGAACGGTCACTGCGCAGGATCAAGCTACAATGAAGAGGAGGGAGGCAGTCTGCGCGCACCGCCATTTTCTAGGAACTGGGAAGCCCCCCCACCCCTTAGGAAGATCCATCCCTGTGGAACCTTGCCCAGGCTTACCAGCCTTTGCTGAGGTTGATCTATTGTCCCTCCTTGTCCCCATCAAAATATCCAGCACTCCACCTTCAGGGAGTAGACTTGACCCTCAAATAGCAAGTTCAGCCTTCCCAGGTCTAGGTTCCCTGGGAGGTCAAGATTCGTCTGGTTCCTTAGTACAGAGGGCTAGCTGTGAGTTGGAATCCCCCTATGAGCTTTAGAATCAGTCAAGAGGAATTGGGCCCCTTCCCTTCATCCCTCTTCTTTTCCCTTTTTGTCCCAGAGCTCAGCTCTGACTCAAAAGTTTTTCCATTTACCATCAACATGGAAACTTGGCTCCTCACGTAGGTATATTATCCCCCTTTTGTACATGGTCTTGTTGATCCAAACTCCCTTTCTGTGAAAGAGGCCTGTGGGGCTCAAGAAGCCTGGTCAGCCAGCCAGGCTAGTCCCACATACCTCAGAACCAGTTTAATAAAGGCTCTATGTCATT,False
377,-1145,-1.1040714,0.8719129,0.87825245,-2.3589382,2.0977712,0.98853254,3.8733103,-3.5438035,0.00060052006,2.393353,-2.442776,0.00787521,7.866695,-7.904214,1.4150815e-07,0.37505218,ENST00000418546.1,-1145,ATCAGAATTTCTCAAGATCAAAACGAAACCTTCTCTTTAAAAAGGAAAGAAAGTACTATCGATACAGAAAGCAAAAGTATTTCCAGTCTCCTACTGAACTGTCACGGCAGACCTCTCTGTATCTATATTTAGAGCTGTATGTCCATATATTTGCCTGAATGTGTGAGTTCTTGGAAGTATGGATTCATTGCCAGGAGCTGGTGATTTCCTAAGCAGAGGTCGCTAACTACAAGAAATGTTACACTCGGACAAGTCCTGCGCTTGGGGATCCTCTGTACGCCCGTTCACTGGTGCAGGTCTTCTGAACAAATGCCTCCTGAGGATTTCTGTGCCTGGAAAATATCTGTTAACAGACTGCTTTTACACCTACGTAAGTAGAGGCTTCTGCTTATAAGTCAACCTCAAGGGAGTTTTATTTTGTCCCTGGATGATTCCTCAGTACATTTTTCTTTTTCTTTTTTGAGGTAGGGTTTTGCTCTGTTGCCCAGGCTGGAGTACAGTGGTGTGATCACAACTCACTGCGGCCTCAACCTCCCAGGCTCAAGCGATCCTCCCACCTCAGCCTCCCAAGTAGCTGG,False
378,-1418,-0.7348135,0.6599569,0.8013527,2.816702,-3.0450208,0.0028382568,0.6781416,-0.4828105,0.23849434,2.088508,-2.0172293,0.016210748,-0.76415145,0.6519887,0.80473256,0.37272573,ENST00000501715.6,-1418,ACAGGTACGTGGGCGGGCGGATCGTGGTGGCTGCGCTTGCGAGGACCCTGAGGTAGATTGGGTGGTTTCAACAGGAACGCATCCACTGTCTGAGAGTTTAAACTTGATTTTGTGAGGGGACGAACAGCGTGACAATTAAAAGAAGATCTGGGAATCAAAAGCTTCCTGAGGCCTTCACCAGAAGCAGATGCTGGTGCCGTGCTTCTACAGCCTGCAGAACTAAGAGAAGACATGGAGAAGAGGAGGGAGTAGTTGTGACCGTGGAGGCAGAGAATGGAGTAATGTGATCATAAATCAAGGAATGCTGACAGCCACTAAAGCTGGAGAAGGCCAAGGACAGATATTCAATCCTCCCGTAGAAGTACAGCCCTGCTAATGCATTGATTTTGGACTTCTGGCCTCAGAACTATTTATATATCAGCTTTTTATCAGTTGAAATAAACCACCCTGGGCCGGGTGCAGTGGCTCACACCTGTAATCCCAGCACTTTGGGAGGCCGAGGTCTGGAAAGCATGGAAATTTGTATCTTCATTCACTTTTGTTTTCATGGACTCTTTTCATGTTTGAACTTTTCATGATCCAATGTGATAATTTATGTGAAATCTTTCTGCAAACTATACAGTATGATAAAAATATAAGGTAGTTTCACTGGAAACAACAGAAGACTAGAAGCTGATGTGACGTGGCAATATCAACCAGGAATACCCATCTCGAGTTCTGGATATGTGCTCTGAGAAGGTGCCCATGTCACCGACCACACTGGAGGCCAATGCAGATACTGGGGGAAGGTTCCATGGTAGCTAAGTGTGGACAAGCTAATCACTGAAGTTCCCTGATGCAGAGTTGATAATCTCTCTAGAGTTGGATGAAAGACTGTGCTGCCTTGAAGCTCTGAGAGATGCCATGCCAATTCAAGGCAGGGTCTTTATTGTTGAAACTCTTGCGTAATGACATCTTTATTCAGGTGAAAATACAGGATGAATTTCAACTATATGATATTGTTTATGTTCCTCAGACATGTTATTTGTCTTTACAAAGATTGGTTTCAATAAACTGTGTGACTGATATTAAATAAACATGGAATTTTACACATTCATAATA,False
379,-226,0.013559878,-0.15907848,0.4569473,-3.8498054,3.8605826,0.9995521,1.7947409,-1.4008151,0.0393333,0.59734213,-0.76688313,0.20355445,0.70847523,-0.9338631,0.16214715,0.37230685,ENST00000591956.1,-226,GTTCTTTTCGAGGTCGGCCGCGTGGCTGGAAGACATGGCCACTCCAGTCGGTGTTGAGCACGGCGAGCAGTCTCAGGCCTTTAGTGATGATGGTGCAGTCAGCCTCAGTTTCCAAAGCCGGAAAAGGATCCTCTAGTAGCCACGGTGTGGCAGCTGCTCTGAACCAGGACCTGGACCCGGACCCAAAGTGCCATGTCTTTAATGTGAGTAAGTAGACGAACTGGTAAACAGGCTTGGTTTGGTTTGGGGGAGTGGTAATCTTTTTTGCTTCCCCTGCTCTGGACTTAAAGCAATGGGGGCAGGGAGACTTTAGTAGCATTTTGTTGCTAGGTGTCTGCAATAAGAGACGAAACTGAACTGCTTTGCCGGAAACAAGTGAAATGATTGCTTTCCTGTTTGTAAGATTTGTTTACATCTTTCGTATCCGTAAGAAGTCCCACAAGCCTATGATGGTTAGTTATCCCTGTCTGAAAATCTGGACTGAGGGAAATAATCTATTCTGAGGCTTAAGGGTTTGGCTCCATGGTTTTTTTTTTGTTTTTGTTTTTTTTCCCCT,True
380,-451,4.5179024,-4.85715,8.48066e-05,2.8040514,-3.0271168,0.0029260598,2.9086423,-2.7905264,0.0033375716,-1.3251266,0.82678795,0.89584756,-1.7037512,1.4518211,0.9591277,0.37226474,ENST00000511893.1,-451,GGGGTCAGCCAGCAGTAAATCTGGGGGCTCCCCTGAGAAGGAGAGTGAGCCCCACAGTAACCTAGGCATGTCGGTGTAAACCTGATTGTCTCGACATTTTCTGTTTAATTGATTGGTGCTGTGAGGAGTTCGGCTGCTCGTGGTAAAACAGCGTACTCCAGTTTTAAGTCATCGGGTAAAATAATAGGACAGTGATTTCCATCTGTGCTTCAGTACCCACTTTGTGTTCTTTTCTTGAAAAGTCATACTAAAGGTTAATTTCAAGTAAAATGAATTTCCTTCCAAGTAGCCTATTAGTAAAACACAACTTAGTGTTTCATCCATTGGGGTGAGCATATACTGCCCTTTGCAGCCCTGCCTGTGTTCTGATTGGCTCCATTCATGAGCAAAGGTGATTGTGAGCTGTATATTACACAGGTGTCGCCCAGGTTTCGTAACCTCCACTTTAATGCAGTAAGCCGCAAGAATGACTTCTGCAAGTGAAATGAGGAAGCTTCACTAGCTTGCTCCATTGGAAGGTAAACTGAAATTTTATACGTTGAAGCTTAAAATCTAAATTTATGTATGTTTGGAAATGGAATGGACATTAACATAAAATGTATTTTATCAAAAAA,False
381,-968,3.9803855,-3.9762206,0.00035021748,-0.44801474,0.22903547,0.66308004,0.713537,-0.6331971,0.20640483,-2.3601356,2.2117093,0.9897669,7.704049,-7.848813,1.7598585e-07,0.3719204,ENST00000414603.1,-968,TCTGGCACTCCCTAGTGAGATGAACCCGGTACCTCAGATGGAAATGCAGAAATCACCCGTCTTCTGCGTCGCTCACGCTGGGAGCTGTAGAGCGGAGCTGTTCCTATTCGGCCATCTTGGCTCCTCCGGCTTACATTCTTGTATAGGGATTACTTTCCTCACTTTGTTATATATCCTGGAAGCTATGAACAATGATGCTTCTTCATACTCTTCAACCTCATCATGATACCTTGCACGAAGCAGGAGCTCAACTAATTTGGGTTGAGGCCAGAATGCCAATAGTGAGCAAAAAAGGATGATATTTGACACTTGGCATTGAATATCTGAATCATGATGTCCACATAACTACAGCTATGCACCACATAATGATGTTTTACTCAACAACAGACCACATATACAATGGTGGTTTCATAAGGCTATAAAGGAGCTGAAAATTTCTTACCACCTCATGTCCTCATGTCATAGTGCAACATATTGCTCTTGTGTTTGCAGTGATGCTGGCATAAACAAACCCACT,False
382,-1478,1.931032,-1.9647741,0.01992203,1.5842398,-1.9283754,0.028955415,2.8209064,-2.365955,0.005558453,-1.4349817,1.248058,0.9360184,-0.8712877,1.0061929,0.86732143,0.37155515,ENST00000513868.6,-1478,CTCAAGATGGCTGTGCCTGTCAGCTGCATGGAGCTTCGTTCAAGTATTTTCTGAGCCTGATGGATTTACAGTGATCTTCAGTGGTCTGGGGAATAACGCTGGTGGAACCATGCACTGGAATGACACACGCCCGGCACATTTCAGGATACTAAAAGTGGTTTTAAGGGAGGCTGTGGCTGAATGCCTCATGGATTCTTACAGCTTGGATGTCCATGGGGGACGAAGGACTGCAGCTGGCTGAGAGGGTTGAGATCTCTGTTTACTTAGATCTCTGCCAACTTCCTTTGGGTCTCCCTATGGAATGTAAGACCCCGACTCTTCCTGGTGAAGCATCTGATGCACGTTCCATCCGGCGCTCAGCTGGGCTTGAGCTGACCATACTCCCTGGAGCCTTCTCCCGAGGTGCGCGGGTGACCTTGGCACATACAGCCATCATGATGGTACTTTAAGTGGAGGCTGAATCATCTCCCCTTTGAGCTGCTTGGCACGTGGCTCCCTTGGTGTTCCCCTTTTACTGCCAGGACACTGAGATTTGGAGAGAGTCTCACTCTGTGGTCCAGGCTGAAGTACAGTGGCATGATCCCAGGTCACTGCAACCCCCACCTCCCGGGTTCAAGTGATCCTCCTGCCTCAGCCTCCCGAGTAGCTGGTATTACAGGCGTGTGCCACAAAGCCTGGCTAAGTTTTGTATTTTTAGTAGAGACGGGGTTTCACCATGTTGGCCAGGTTGGTCTCGAACTCCTGACCTCAAGTGATCCACTCACTTTGGCCTTTCAACGTGCTGGGATTACAGGCGAGAGTCACCGCACCCGGACGACTCTGACATTTTTGAAGAGTCCAGAATCCTGTTACACCTGGGATTTAGGCACTTTCAATCTGAAAAAATACATATCCTTTCAGCACTCTGGACGGACTTGAGAACTGTCCTTACGTGACCTAAAGCTGGAGTATTTTGAGATTGGAGAATTAAGAGCCAGTCTTGGTGCTCTGTGTTCACCTGGTTCATCTGAGGAGCTGCATCTACCCTGCCCATGCCATAGATCCTGCCCTGTTTGCTTCTCCTGTTGCTGCTAGTGGACATGAGAAGGACAGAATAACGGGCTCCCAGATTCACAAGCCCCACCAAGAGGATCACCCCAGGAACGCTTGGAGGCTGAGGAGTTCACTGAGGCTACTGCATCTTGAGACTCAGGATGAAGACCCAGCTTGGGGCTGTCAAAGAGGCCTGAAGAGGCAGAACACCCCAGAGGAGCCTGGGGCCACCACCCAGCATCACTGTGGGAAAACGGCAGCAGGAAATGTCCTCTCGCCTGCGTGCTCCACCTCGGTCCACGCCTTCCCTCCTTCTGGAAGCCTTGCCTGACCACTGGCCTGCCCCTTCTATGGGAATCACTACTGACCTTGCAGCTTATTATAGACTTATATGTTTTTTGCATGTCTGACACCCATGACTCCACCTGGACCTTATGGCTCCACCCAGAAGCAATTCAGCCCAACAGGAGGACAGCTTCAACCCATTACGATTTCATCTCTGCCCCAACCACTCAGCAGCAAGCACCTGTTACCTGTCCACCCCCACCCCTTCCCCCAAACTGCCTTTGAAAAATCCCTAACCTATGAGCTTTGAATAAGATGAGTACGAACTTCATCGCCCACGTGGCGTGGCCGGCCTCGTGTCTATTAAATTCTTTTTCTACTA,False
383,-1480,1.1046187,-1.1397073,0.09584001,1.1922641,-1.5022138,0.063299984,2.1060584,-1.6366658,0.023141274,-0.8262228,0.6556946,0.81486195,-0.80575883,0.9133629,0.84801567,0.36903176,ENST00000522875.5,-1480,AGCTGGAGTATTTTGAGATTGGAGAATTAAGAGTGTGGGCACCCTGGCTTCAAGCTCACGAGAAACCAGAAGGAAGTCACTGTGCATAGCCATCCCCTAAGAAGAGGGCATTCCTGCTCTTCCTTCTCCATGGCTAGAGGATCTACATGAACTATTTAGATTTTTTCTACCTGGGAGATTTAACTCCTCTCTCCTATTTATTTATTTATATATCAGCATGGACTTGCAGGCCAACAGAGATTTTGAGAAACACATTGAAGGATCTGTTAACACTTGATATACCCAATAAAAGCAGTGGTTGTGCCAGTGCTGATCTGTCTTGATGTGAATGTGAACAATGGGAACCTGAGCTGAGCAGTTAATGCTAGGGTGACAGAAACTGGACCTCTCCCAAGACATGTGACAGAGTAATACAGCAGCCAACTTCTTCGCCAAATTAAAGTTTTACAAGATTTAACCTGTCATCAAGACCTGGGATTTTGGTGAGCCAGTCTTGGTGCTCTGTGTTCACCTGGTTCATCTGAGGAGCTGCATCTACCCTGCCCATGCCATAGATCCTGCCCTGTTTGCTTCTCCTGTTGCTGCTAGTGGACATGAGGTAACCACAGCCTAGTTCTGTGATAAGCTCTTCACACCTGTACCCATATGGACTGTGGGAGAGTTTCTCTGATATGGACTGTGATGCGGATCTTGGACATGATACCTGGATGTGCAGCAGCCATCTGGTAATTATGAGGTGACAAGTCAATAGACTGAGATGGTGGAGCAGCAAAGATAGAAAAGAAGGACAGAATAACGGGCTCCCAGATTCACAAGCCCCACCAAGAGGATCACCCCAGGAACGCTTGGAGGCTGAGGAGTTCACTGAGGCTACTGCATCTTGAGACTCAGGATGAAGACCCAGCTTGGGGCTGTCAAAGGT,False
384,-1444,5.0977383,-5.0018353,4.10954e-05,-1.0229815,0.6554457,0.8426962,5.2640615,-5.3608227,2.4303068e-05,-5.039548,4.742504,0.9999435,5.240114,-5.5244246,2.1135429e-05,0.36854523,ENST00000532358.5,-1444,GGCTCGGGTTCCGCGCTGCCGGCAGGGCTTGGGGGCGCCTTAGAGCCGAACCCCGTTTTTTCAGGAAAGGGCGCTGCGACCACCCCCGTCCCGGGCCTCAGCCCCTCTGCTGCAGACCCTCGGGATCGTCGCTGGAAAGATTCTGAAGCTTGGCGGAGAGGGGTGTGTGAGTGGACACCAGTGAAGTAACGGTTTTTGTGTTACGATGATTTCTGTTTTCCTCTGCTGCCCTGTAATGGCAGGAACTCGGATAGTCTGGTCTTCAGACCAGGAGGACTCCCAGGAGAGAACGGAGAGCCAGTGTGCTGTGTGTCACGGTCCCTGGATGAACGTTTGTGGAACTGGATTGAATTAAACAAGACGTGCAAAGCAAGTGGTTCACGAGGGTCTTGCTCCGTCGCCCAGTCTGGAGTGCAGTGGCAAGATCTCTGCTCAGTGCAGCCTTGAACTCTCAGGCTCAAGAAATCTTCCCGCCTCAGCCTCCCAAAGTGCTGGGATTACAGATTCGATTGCTGTAGGGACCCCGTGGGTGTGGAATCAGACAGTATTGGTCCTTTCATGACTGGCTTATTT,False
385,-1206,3.0500367,-3.2633505,0.0018086091,-2.7065973,2.3592424,0.993731,0.7841668,-0.3047377,0.25182462,0.71354854,-0.8191016,0.17760627,0.12229067,-0.23741525,0.41103077,0.36720026,ENST00000455777.1,-1206,TTCCTTCCCAATGGCAACTATGTTTGGATGTTGGATCTACACTTTCTCAAGCACTGTGATCTTCAAATCAAAGGAGATTTCTCCCATTATATACTTCTTATGATCAACAAATTCCATCATCTCCCCACTAAGAGAAAGTACTCCAAGATGATAGAATGATTTTAAAGTTATGGGACTACAACAGCAGCCACAGGAACCTTGAGTAAGTACCATGAACCCTGACCCTCAGCGTTAATTTGTAAGCCTTTGGCAGTGAGATGGAATGTCTTCCTTCAGTTTGAAAC,False
386,-1214,-1.919243,2.1082554,0.98249316,2.359857,-2.1135983,0.011279158,3.0693986,-2.7375991,0.0029974307,0.4789656,-1.1562033,0.1631235,-0.4127162,0.23739214,0.6570349,0.36338562,ENST00000537498.1,-1214,ACGTAAGAGGGAGAGCAATGGGGACGGGCAGGGACAGAGCTGCGGGCTGAGGTTCCTCCGTTCGGCGAAGCCCCTTCTCTCTGCCCCCGCCTGCTCTGGGCTTTCTTGGCTATGTCTGCTCCTGACAGGAGGGATGTGTGTTGCCAGGGGTGGGGGCTTGGCGTGTGTGCGTGTGAGAATATGTGTGTGTGTTTAAAATACAAAAAAAAAAAAAAAAGAAGCGTGCCTATACTCAGCCGCGAGACGCTGGCCAGCCTCCATCCGTGCCAACTCCCCTCCGAGCTGGCACTGGGGACTCCGGAGGCACGGGGAGGAGGAAGGTGCGGGCAGCTTGCGGTGAGGATGGACGCGTGCCACCGACGTATGCCAGCGGCTGCAGGGGGCCAAACGCCTATCCACAAAACCCACCGCGATCGCTGGCAGCCGTGGCGGGAGGCGGCAGCAGTTGGCAGAGGTGCCAGGGAGGGCCGGCTGGGGCAGGTGGATCCTGGCAGCAGCAGCGCAGGGGTCACGCTCCAGGCCTTTCTCCAAGCCCTCCCCGCGCTGGGACGCATTTACCCGCCTGCCTGTTGACTTCGGCTGGCACCCACTCCTGGGCTGCTCAGAGCTGCTGCTCCCTGTTGATGAGCACTGTAGGTGGCTTCGAGATGCACGCCTCGGGACGATCTGCCTTCCTCCCCCGCCTGCCATTCCCGCACTGACAAACGTCTGCCCTGGGTGTTAGGAGCGAGGTGCACATTGCACCTTACATCCTCATGGGCGGCTCCAGGAGCCTCACTGCAGCTGATGAGTACTTAACACCATCATCCATCTGTGTGGCCGTTGGGGCTGGCACAGAAGCTCTGGATGCCTCTACCTGGAAACCAGGGCTGTTCTCCCTGGATGGCAGGAAGGAAGCAGGTGGGAGGCGGGCGGAGGTGCTTGTTCCACCGGCACTCCTGGGTTCTGAGGACATGGCACTTCCCCGCCTGTGTCTTGCTTTGGCCATAGGTTCTGAGCTTCTGCTTCTCCTCTGTGGGTACGAGGGCCGCTCTGGCATTATGTCTTCTAGACCTGCGCCTCCTTCAGACGTCAGGGCCGTGCACTCAGACACCTCCAGTGAAAGCTTTTGGGGTTTGGATGGATGGACAGATGGACAAATTAACAGCATTCTGCACTTGGAATGACAAAACTTTAGGCAAGAAAAGGGTCATTGGAGAATATCTAGTCCAACACTCTAATGGGATAGAGAGGGAAACTGAGGCCAGCAGAAAGCATGTCACCTGACCCAGTCACAGCCCTTGGATACAGAGGGAAACTGAGGCCAGCAGAAAGGATGTCACTGGACCCAGTCAGCCCTTGGATAGAGAGGGAAACTGAGGCCAGCAGAAAGTGTGTCACCAGACCCAGTCAGCCCTTGGATAGAGAGGGAAACTAACGCCAGCACAAAGGATGTCACCGGACCCAGTCAGCCCTTGGCCTAGGACCTGCAGACAGGCCACCTGCTGCTTCTGTGACCCCCACAGCCCAGACTCACACATCTTCCTCCAGGTCAGGGAGTGAAGGGGTCTGCAGTCCTCTCCAACTGAGGGCAGGGACAGTCTCTACGTCCTGAGACCCCAGGCCCCTGACCTACCTGCCGGCCTGCCTGGCAAGGGCACACCTATCAGGTTGCACCATAAGGCCACCGGGCTGGGTCTGACTCACCCACAATCCATCAGCCTGCTGGTCTTTACACATTCTGGGAGAGGCAAGAATCTCTGTAGTTGCTAAAACACTTCCTCTTGGTTATTCTGAGAACTAAAAACACACATTATTTGAAAGTCTTGGGTTTAGTCTAATCTAAACCCCTCAGGTCGTGACTTAAGCTCTGGCCTCAGAGGTCTCCATTTATGCTTGGATGAGCCACTCCTTTGGTCTTTGTCCCCTCACTGGAAGGCATGTCCATGAGGAAATGGGGAGAAGAATATAGAGCTATGAACTTGGAATTTTGGTGTCAGAAGGACCTAGGTTCAAGTTCAGGCTCTATCACTAGCTAGGGACCTCACTTTCTTCATCTGTAGACTGACGATAATAATAGTACATACCTCAAAAGAGCTGTGCAGATTCAAAGTGATCCTGTGTCTAAACCTTTCTGTATGATGTCTGGTACCAAGTGAATGCCCAGAAAACGGG,False
387,-944,2.0850966,-2.1491237,0.01428411,1.9884645,-2.2888572,0.013689774,-0.52256453,0.88378024,0.8031888,1.988707,-1.8084688,0.021941796,-1.645775,1.5925975,0.96225303,0.3630715,ENST00000441283.1,-944,TCTCGGGCTTCTCATCAGCTTATTGGCCCATTTAGCCAGGGCAAAGGTGCATGACAACTCTGAGCAAGTCAAAACAACCGTCAGCAGCGGGAAACCTCGATGAACAAACACCGGGAGAGTGCATTCCCAGGGGAGTTCCAGGAGGCCCATGGCCCCTCCTGTACAGCCCTCCACCGCCCAGAGCCTTCCAGCGCCGTGTCTTCCCCTTGGAGCATCTGGAGGCCCCAGACAGCACCCGCCTGACGTTCAGCAGAGGGGGAGACCGAGGCCTGCAGCAGAGTGTTTTGTCAGATGCTGCTCCCTGACCGGGAGTGAGAGGGAACCCACCTAGAGTTTCTGCAGATCCTGCTTTGTGACTTCGAGTGAAGTGTGGAAGCGCTGGAAGCACTTAGACCCTGCCTGTGAGTTGTCATGTATCATGTCTGCAAACATTAAAAATCTCACCAGA,False
388,-1218,0.6963346,-0.86035484,0.1741222,-0.20734131,0.04889545,0.563711,1.060712,-0.72939634,0.14305943,2.8732414,-2.9343657,0.0029956102,-1.3332657,1.2436764,0.9293628,0.36265022,ENST00000578757.5,-1218,TTTTCATTCCCGTTGTTATGGAGGGCCACATCTGCCAGAGCCTGGAGTCTGCGAAGGCCGGGACCCGGTTCCCCGGCCCACAGTGGGGGTGTGCAAACCCGAGAGAACTGGTCGCTGAAACCTCTACAACTTAGTTGACCGTAACTGCCAGAGCCCTGCCCTGAATTCCTGTCCTTACTCCCTCTTTAAGATTGCGTACCCACTGCAGAGTGCTGAAGACGGGGTAGCCACGAGGTGAGAGGCTCTCTGGTGTAGGGTTTAACATGGAACGTAGTTTTGTCACTTGAATGCACGGAAATTGGCGTTTTGACAGTTTTCTACGTTTAGGTGTTTTATACACTTTAGGGTAACGTTATCATGTCATTGCATAGGGTGGAACTTAAATAGAAACTGGAGATGGCTGCTTCAGCCACAGTCCTAACCTAGAACTGCATTTAAAGCAAACTGATAATGCAGAAACAAACTCCTTCGTTAAGAAATGTCTCCAGTAGCAGGGTTAGCTTAAGTTTCAGGTAGGGTCTAGATCTGCGGTTGGAACAGTACTGGAGGGTTGTGAGGTGCTTGACTGCTCTGATGAAATCACTAATAGGAAGTGCCGTCAGAAGCGATAACTGACGAAGACTACTCCTGTCTGATTGCAGTCAAGTCTTCACCACTTGCTGGTTCCCAGGAGTAAACTTGTTTGAACGGTGACCTAATTGCTATATTCACCTAGGTTGCAAATTCGTGAAGAATCAGCATCATGTTTGGCAGCTGAGTATTGGAGCCAGGAGCCTGCCATGAGGTTTTGAGAACAGAGTGCTGTTTTAGAGCTGGCAGCAGCATCTCAGCCCAAGAGAAGGTAAGCCTTGAGCTGGCCAATGATCCCTTCAACCCCATAGTGGAATGAATAAACAGCTGATCTTGTTAAAACTCGCTTC,False
389,-1409,0.69185686,-0.7925436,0.18476367,-0.16474497,0.13829479,0.5751854,2.6815083,-2.4199903,0.006050782,-1.7203244,1.5942159,0.9649243,1.2764575,-1.3125408,0.069849834,0.3601548,ENST00000513752.5,-1409,GAGTTCACTTTCTTTCTCTCCCCCGCGCTCCCCCTCTCCCCGCCCGCCGGCCCCTCCAGCCTCCTCCAAGGCGGCGGACCAGGCCGGGCCGGAGTTTTCGGGGTTCAGCCCGCGAGCGGGAGGACCGGGGAGGCGAGGGAGGAGGAAGGCGAGAAGGGCCAGATCGCGGGAGAGCCCAATCACGGGGCGAGCTGGACCTGGCTGTGATCATTTATAATCCTTGACTCCTCCGCTCCGCCACTTGTCAAGATGACAGGGGTCATCCGTGAATAACACTTCACGCTGATGAATGGCTCTTGCCGGCTTTCGGCTCTGATGAGGGGTCTGCCCGCCGCCGATTGAAAACACTAATGAACTTACTGCGCCATTTGAAATTCACACGCACCAACAAAATGGGGGGTGGGCATTTCAGGTCAGCTGAGTCACCCGAGGAGGTGGCAGTGCAAGACACTGCCGGGAAGACGGATTCCGAGGCAGAAGGGTGTAATTAAGGATTTCCACCCCCGAAGTTCCATCATTTGAGGCCGTTAGGAAAAGCTGATGTTGTGCAGTGCCAAACTACCACACGCTTCCTCCTTCGGATGAATCCCTGGAAAGCAGAGAGGCAGCTCGCTACGTGACCATCATGCTTTTTACCTCACTGAGCTGTTGTCAAGAGAGGGCGGGGATGGCGGGCAGCTCACGTCGTGCCCTCCGCAGCAATAAAAACTGGAGCGGGAGAAGAAATGCAAGACATCGCTGTCTGTTTTGCAAGCCTCTGGCCGCTCTCAGCAAACTCTGCCCGGCGCGGCTGGTGACTTTGCGG,False
390,-1095,-2.7588995,2.5932012,0.99528414,1.9474734,-2.2054942,0.015474482,-0.38238582,0.8941438,0.78185844,2.4394937,-2.6436584,0.006162129,4.788146,-5.213435,4.532615e-05,0.3597649,ENST00000454596.1,-1095,ACAAAGCCTGTTTGGTGGTCTCTTCACACGGACGCGCATGAAATTTGGTGCCATGACTCGGATCGGGGGACCTCCCTTGGGAGATCAATCCCCTGTCTTCCTGTTCTTTGCTCCGTGAGAAAGATCCACCTACAACCTCAGGTCCTCAGACCGACCAGCCCAAGGAACATCTCACCAATTTTAAATCAGCTCCAGGAGAATGGGTGACTTGAACTGGCAAGGAGCAACCTGCTCTCTCCACGGGCCTCTGGAACCCCGGCAAGAGAAGATCCCTTGATCACCATGGACACTCAAGTTGGCAAGAAGAGCTCCTTAGAGAAGTCGTGGGAGGGCAAGCAAGCTGATGTGGAGCCAGGACGATTTGATGTGGGAGCACCTGCAGTGGAGCACAGCCAGGGAGAGCCATCTCCCCAGGCCTGACTTGCTCCCATAGGAGACTTTAGCCCTAGGGGAACTGTCCATCCTGATCTCTGCAGGGTGGTCTTGTCCATCAGACAGGGCTGATTCGACCTGAGCACCCCTTGGTCTGCTGGCCTTTCTGGGGTCCCAGCCTGGCCAGACCTGCTTGCAGGGCAGTCTTGGGTGCCCTGGAGGCCACGCCATAGCTTCTGTGCTGGCAGATAGTATCTGACTGGTGGAGAGCTCCAGCAAGGCTGCCCCTAGGCCACACACCAGCCCATCCACCCCCTCCCCACACTGCAGCTTCCCTAGGCCCAGGAAACTCCTCACGTGTCTTTGCTGGCACAAGTCTGCACAGGTAGGTTTTGCCTTCCTTGCCCTGCCAGTGCATGGGAGTGTAGTCTGCCCCCCTGCCCCGTCTGGCTGTCATTGAAGACAGAGCCTTGGTGGGCACAGAGCAAGCCAGCTCCCCCGCAACGCCCACCTCAACACCTGGCCCTTGTGCTAACACTGTGCAGAGAACAGTGGACCCTGCTCGCACCCTGAGTGATCACTCCTGCTTGTGGGGCACAGAGAAGGTGTCCAGACCTGCTCACGCCAGTGCCCTGCCCCCAAGCCAACACCACATCCAACAGGAGCCTGCACCCAGTCTTCAGCATAGAGGTGAAAGATCTCTACGAGGAGAACTATGAAACACTGCTCAAAATAATCAAATATGATACAAGCAAATGGAAGAGCATGCAATGCTCATGGATAGGAAGAATCAATATCATAAAAATGGCCATACTGCCCAAAGCAATTTATAGATTCAATGCTATTCCTATTAAACTACCATTGATATTCTTCACAAAACTAGAGAAAACTATTTTAAAGTTCATATGGAACCAAAAAAGAGCCTGAATAGCCAAGGAAATCCTAAGCAAAAAGAACAAAGCTGGAAGCATCATGCTACCCAACTTCAAACTATACTACAGGACTACAGTAACCAAAACAGCGTGGTACTGGTACAAAAACAGACACATAGACCAATGAAACAGAATAGAGAACCCAGAAATGGTTCTCTATTTCACACACCTACAACTATCTGATCTTCGACAAACCTGATAAAAACAAGCAATAGGGAAATGATTCTGTATTCATTAAATGATGCTGGAATAACTGGCTAGCCATATGCTGAAGATTAAAACTGGACCCCTTCCTTATACTGTACACAAAAATCAACTCAAAATGGATGAAAGACTTAAATGTAAAACCCAAAACTATAACAACAATAGAAGACAACCTAGGCAATACCATCTTGGATATAGGAACAGGCAAAAATTTCATGACAAAGACACCAAAAGCAATTGAAACAAAAGCAAAAATTGAAAAGTGGGTTCTAAATAAAACTAAAGAGCTCCTGCACAGCAAAGAAAATACAAACAGAGTGAACAGACAACCTACAGAATGACAGTATCTGCAAACTATACATCCAACAAAGATCTAATATTCAGCATCTATAAGAAACTTAAACAAATTTCCAAAAACAACCCCATTAAAAAGTGGGCAAAGCATATGAACAGACACTTTTCAAAAGAAGACATACATGCAGCCAACAAACATGAAAAAGGCTCAACACCACCAATCATTAGAGAAATGCAAATCAAAACCACAATGAGATACCATCTCACACTAGTCAGAATGGCTGATGGCTGTTATTAAAAAGTCAAAAAATAACAGATGCTGGCAAGGTTGTGGAGAAAAGGCAATGCTTATGCACTGTTGGTGGGAGTATAAATTAGTTCAATCATTGTGGTTGACAGTGTGGTGATTCCTCAAAGATCTGAAAACAGAAATATAATTCTACCTAGCAATGCTACTACTGGGTATATACCCAAAGAAAAATAAATTGTTCAATTATAAAGAC,False
391,-379,-2.1103828,1.9950399,0.9837842,4.226217,-4.5126495,0.00016020969,5.833738,-5.8447275,8.474292e-06,-0.74497676,0.72315514,0.8127733,3.6227312,-3.741533,0.00063309015,0.35947186,ENST00000444939.1,-379,TAGACGCGGGGCCTGAGGCTCCTGGACTTGAGAAAGGATTCAAGACAGCCGATGATGAAAACACCCATGCTTGCAAGTGAAGGTTCTGCCTGTCACTTCTCGCAGAGGCTGCAGAAAAGGCCCAGGAGGCTGTTGATGACATGAACGACCACCAGGAGAAGCTGGAGCAGGCTGATGCACAGAAGGGCGGAGAAGAGGGACACGTGCCAGACAACAGCTGCAGAGGGCTCCAGGCAGACGGAGTTCCAGAGCGAACGGTCATACAGATAATTCCTATCCCAAAAAATAAGGAGACCAGGGGTCAGGCGATAAGTAAGGAAAGCCAAACAGGCAACCCCAGTAGAAAACTGGGGTCTCCCCTGACCGGGTCATGGGACTGGGCTCATGAGGGTGACCGTTACTGCTCCATTTGCAATTTTCTGAGTATCAGAGGAGCAAGATGCTAGGATGTGTGACCCAAAGGA,False
392,-941,2.6283486,-2.5129058,0.005816319,0.50886595,-0.92875946,0.19191335,-0.3059068,0.52099675,0.6956998,-1.0586815,1.1471103,0.90076846,3.112393,-3.3493364,0.0015596561,0.35915154,ENST00000432988.1,-941,AAAACCTATAGCTGGAGCAGTCAACAGAGGCAAGGTCACCTTGTGGCAGCTGCAGCTGCAAACATGGGAAGGAAGCAGGGGGCAGGGGAGGGCAGGAGATCATATTTTGGAAGAGGGTGCTGGGCAGACCATCCAATAAGGGCTAATGGCAGCCCTTCTCTAAGAATGAGAAATGTCATTCTGACCAGCAGTTGACAGTTAAGGGTCATCCAAATGAGCTACATGCTTATCCTAAAAGGATTGGCTAGAGACAAAAGAGGAAGTGGGTTACACACTTATCCAAAAAGGATTGGTTAGAGACAAAAGAGGAAGAAGAAATAAAAGGGACTGGCTCATTTCTTCTGAACTTCCTGTCTGTAACTTTGTCAGGCAGAGCCTGAAGTGCTCTGTGGTTCCTGGGCTATTGCCCGGCATTAGCAGGACTGGAGTTTGGCTGCAGAGGGAGGCGAGAGTACAAAAGATACTCGGGAAGCTGATTGAAAGCCATTAAATTGTTTTTAGAGCCAGGAAAGGAGACATTAAAATGTCTTAGGAGCTGTAGCCTGAGATGAATACCATAAGAGCATGTTGGATTTAATCAGTGACATACAAATAGGCTAAAGGAAGTTTTTGTTGTTGTTTTAGGCTTTTTTTTGAGACAGGGTCTTGTCCTGTCACTCAGGCTGAAGTGCAGTGGCGCAATCATGGCTCACTGCAGCCTTGACCTCCCAGGTTGAAGTGATCCTCCCAACCTCAGCCTCTGAGTAGCTGGGACTACAGGTGTGCACCTCGTCTGCCTGATCTTTTTGAATTTTTGTAGAGAGGGGTCTCGCTATGTTGTCCAGGCTGGTCTCAAACTTCTGGGCTCAAGCAACCCGCCTGCCTTGGCCTCCCAAAATGCTGGGATTATAGGCATGAGCCACTCCATCTGGCCTCAAGATGTTAAATGCAGTCTAGGTGGGATTCAGACTTCCCCCTACCCCAAGTGGATGAAAAAGTGGGTGCAGGCTGTGAGAGTTAAACTGACACTTTGAGGTGCTGCCATTGTAAATCAGAGAGTTAAGAAAAACAAATAGCTACATACTGTGATGAACCAGAAATAACCAGGTCATCCTGTGCAGTTCAGTTCCCCCAAATAAAAGAAACTTGAGCATTCCCATACTTTACTGATTCCCTAAGGAAAAACGGCATTATCTCTTATGACTGCAGTGCTTACCTATGTCAGGGGATATGATGTGACATTTGTGGGTTTGATAATCAAGTGACAACATTTCTAATTTCACACAGTGAGCAGCCTATCATAAACTTGGTAACCTTGGCAAATTTGTAGTTATTTCCCTTTGGTTTTTTTCCATCTTTCAATGGATTCGTTTTCTTTTTAAGTAGAGACAGGGTCTGGCTGTGTCACCCAGAATGCTGCAGTGCAGTGGCACGACCATAGCTCACTGCAGCCTTGAACTCCTGGGTTCAACTGATCCTTCCACCTTAGCCTACCAAGTAGCTAGGACTACAGGTGTGTGCCACCATGTCTGGCTAAGTTTTGTTTGATTTGTTTGCAGACATGGAGGCCTGCTGTGTTGCCCAGGCTGGTTTCAAACACCTGACCTCAGGTGATCCTCCTGCCTCAGCCTCCCAAAGTGCTGGGATCAGAGACTTGAGCCACTGTGGCCAGCCGGAATGTAAATTCCACTGAATTTTTTTGTGTGATTAGCCTTCTTGCCGAAGCCTTGACACTCTTGCAAGCCTTTGCGAGTACATTTCTTCTATTTCAGAAGACTCCTTGCTCTCCAAGACTTTTTTCTACAAGGTGTAACCAGAAGCCAGGAGGCCTGTTGCAAAACCAATCCCATTTGAAAGCAGAGAATGTGAACTCACCTATTGTCATAATGATTATAAAAGAGGCTTTGGCTCACTCCTGTAATCCCAGCACTTTGCAAGGCCAAGGCAGGCAGATCACCTGAGGTCAGGAGTTCAAGACCAGCCTGGCCTACATGGCGAAACCCCATCTCCACTAAAAATACAAAAATTAGCCAGGCATGGTGGTGCACGCCTGTAATCCCAGCCACTCTACTCAGGAGGCTGAGGCAGGAGAATTGCTTGAACCTGGGAGGTGGAGGCTGCAGTGAGCCAAGACGGCACCACTGCACTCCAGCCAGGCGACCGAGCAAGACTCTGTCTGAAAAAAAAAAAAAAATTATGAAAGAGGGTGGGTGCGGTGGCTCATGTCTGGAATCCCAGCGTTTTGAGAGGCAAAGGAGCGAGGATCACTTTAGTTCAGGAGTGCTAGACCAACCTGGGAAACATAGTGAGACCCTGTCTCTACCAAAAATTAAATTATTTGGGCATGATGGCACATGCCTGTAGTCCCAGCTACTTAGGAGGCTGAGGTGGGAGGATCACTTGAGGTTTTAGTCATGGAAGTCTCTTGCCCTGGAGGTCGAGGCTGCAGTAACCCATGATCGTGCCACTGCACTCTAGCCTGGGCAACAAAGCAAGACACTGTCTCAAATTAAAAAAAAAAAAAAAGGCTTAGGGAGTTACTGAAGAATCACCCTGGGCTGTAGTTCACAGGGAGTGTGCATAGGTTAAGGAGAAGACATCTGCATGAGTTTCAGTAAAGAGATACAGTTGCGGTGGCTGGGCAACCTCGTAAACATTCTGGGAAGGAATGCAGAATGCAAAACCCAGCTGAAAAATCTAGAAGAAATCATGTCCCAGTTAAAGAAGATATTCCTCCTGAGTCCTTCAAGCTCTGCTACTTTAATGAGATGCAAAGAAAGCTTGCAGAGCTAAGGAAATAGAGGATAAAGCATCACCCTTACAGAATCAAAAAACTGGAAACAGCAAGGAACAGCTAGAAAATGGCTCCATAGTTCTGAAACCACTTGCTACACCAGTGGTTCTAAGTGCAGTCCCAGCACCAGCAGTGTCAGCACCACCTGAGAACTTGTTAGAAATGAAGTGAATTGGTGTGGGGAGTGGAACCGGCAATCTGGCTTAATCAGCCCTCCAGGTGGTCCCGATGCCCACTAAAATTTGAGACTATGTTCTTCTCCCTCTCAGGCTGAAGAGTTGGGCATAGCAATGTTGTTCAGCTCCAGATTCCAGAACTAGACACGTTTCTCCCAGGGAGATTCTTATGAACATTCCTTTTCAAGAACAGAAAGAGGCCAGGCGTGGTGGCTCATGCCTGTAATCCCAGCACTTTGGGAGGCTGAGGCGGGTGGATCACCTGAGGTCAGGAGTTCGAGACCAGCCTGACCAACATAGAGAAACCCCATCTCTACTAAAAATACAAAATTAGCCAGGTGTGGTGGCACATGCCTGTAATCCCAGCTGCTCAGGAGGCTGAGGCAGGAGAATCATTCAAACCTGGGAGGCGGAGGTTGCGGTGAGCCAAGATCATGCCATTGCACTCCAGCCTGGGCAACAAGAGCGAAACTCCATCTCAAAAAAAAAAAAAAGAGAGAGAGAGAGAGAAAAGAAAGAGAAAAAAAGGCCGGGTGCAGTGGCTCATGCCTGAAATCCCAGAACTTTGGGAGGCCAAGTTGGGCAGATCACCTGAGGTCAGGAGTTCGAGACCAGCCTGGCCAACATGGTGAAATACCGTCTCTACTAAAATTACAAAAATTAGCCAGGCATGATGGCAGATGCCTGGTAATCCCAGCTACTCAGGAGGCTGAGGCAGGAGAACAGCTTGAACCCAGGTGGCAGAGGTTGCAGTGAGCTGAGATCATGCCACTGCACTCCAGCCTGGGCAACAAGAGCGAGACTCCGTCTCAAAAAAAAAAAGAACAGAAATAATCAAACCACAGCATCAATTCATTCATTCATTCCACCAACATTTATTAAGCAGCAAGCTCCGAAGCAGACGTTTACCAGTTTTGCACAACTTTGTCATGGACCAACTGGCCTTGTGGCTCAGTGGCATCTGGAGGCAAGAGGGCCAAGTAGACAGGGGTCTCAGCCCCCTCCTCCACAGTCCTGATGCTGTCTTTCCCATCCATGTCTGTCTTCACTGGTCCTGGGCAGCACGCATTCACCAGAATCCTGTCAGCTTTCCTCTTCTCATCCAGACGCCTGGCCAGGATCCTCGATAAGACCGTGACCCCCAACTTGGACACCCCATAAGCTTTGTTCTCAGAAACTTGGCGGCTACAAGGAATTAAATGTGAATGGGAAAGGAAGAAAGAAAAACACAGATCATAGAAGCTGTGCCTTCGAGGAAATAAATCCTCTTAAGGGGAGGAGGTGTCCTCTTTGATCTGAGGGCACACCTCTGGGAGAGAGGCCAGAGGCTGACAGTCAGCCTCGTCAGCCAGATGCGTCATCAGCCCTGGGAAGGGCTGCACCCACACCACCCTCCACTGAGGTCCAGGTGGCCCCACCGGTCCCGAAACACCTGCTGCCTTACTCTAGAAAGAGTAGGCAAGTTGCGCCCTCTAGTGGCTTAGTAGTTGCTTGTCCTATTGACTCAGAACCTTGAACAAATAAGCAAGTCAAATACAGATAGATGGTCCCTGCCCTCTGATGGTTCCACTTAGGACTTACTGACTTCACTGATGGATGAGGAAGCGATATGCATTCTGCAGAATCTGTACTTGGAGGCCCCATACAACCATTCTGCATTTCACTTTCAGTACAGATTCAATAAATTACATAAGATACTCAA,False
393,-594,-1.379281,1.1997299,0.92949855,-1.0416156,0.79507816,0.86255723,4.202744,-3.7868817,0.000338846,3.0602894,-2.9018946,0.0025676736,6.395064,-6.603429,2.2637325e-06,0.3589929,ENST00000457649.6,-594,GAGAAGGGAGGAGTTATTCAGGCCTCCGCCAGCTTCTAGGCCCTGGGGATGGTCTTTCACCTCCCTCTTTCTGATCTCTTTTTCATGCTCCTCCTTGCTCCAAAGAAAAGCCGGATGGCAAAAGAGCCCAGAACCTATTGGAACTGACAAAATCAAGTCACGGCGCCTACAAAGATGAGGGGCAGATTCTGGCTGCCTTTTAATTTCGTCCTTCACCTGATATCTGTGCCAGAGAATGATAAAAATCATAATAAAGGAAATAATGGAAGAGGAGACTTATGTTACTGGGGACATCTAACATAATTATTTTCCTGATTCAGTGGCATGGTTCAGTCTTCCAGGAGTTCTGCTACAGAGAAGAGAGTAACCCCCATCCATCATGGCCAAAGCACCCAGTCAGGCTCCGCTCTGGATCCAGCCCGACAAATGCAACCCTTGAATAGGGTTTGTGCAAGCAAACTGGATGACGACCGAAGAAACCCTGTCGCTTCTGAGAAGACACCCAATCCAAGAATGTGAGTTCTGGAAATGTCATTAAATGTCAGTTATATACATGC,False
394,-1023,0.46931016,-0.55781776,0.2636413,-0.64987934,0.61895144,0.78054255,1.9723548,-1.6957765,0.024888854,-0.19833282,0.08467707,0.57028395,0.8839563,-0.8628878,0.1484457,0.35756046,ENST00000508968.1,-1023,CGCTGCAGAAGCCTTCTGTCCCCTGCCTGCCCCGGAAAGCGGTGACATCCCGGGGCTTTCCGCTCGCTGGAAGCCCCCCAGGATCCTGTTAAGACGCCCCCGCAGAAGACGCGGGGCCTCGCCACACATCGGGGGCCGAAGAGGACCTGGCGGGCTCCCCTCCCCGCCCCCACTGGGCGCCCAGCCTCCGGACTGCCTTCCTCAGGGACCCCGGGGCTCCCCAGTACGGGGGCGCGGCGCCTGGCTCCCCGGGCGAGAGGCGCCGGCGAAGTTCCCACCTGAGCCGGCGGCCGGAGATCGCGGGAGAGCCCAATCACGGGGCGAGCTGGACCTGGCTGTGATCATTTATAATCCTTGACTCCTCCGCTCCGCCACTTGTCAAGATGACAGGGGTCATCCGTGAATAACACTTCACGCTGATGAATGGCTCTTGCCGGCTTTCGGCTCTGATGAGGGGTCTGCCCGCCGCCGATTGAAAACACTAATGAACTTACTGCGCCATTTGAAATTCACACGCACCAACAAAATGGGGGGTGGGCATTTCAGGTCAGCTGAGTCACCCGAGGAGGTGGCAGTGCAAGACACTG,False
395,-538,0.3634566,-0.63072366,0.27008718,-0.5306413,0.35210118,0.7073902,4.6244936,-4.2228975,0.00014373563,-0.6734923,0.74303675,0.8047937,3.8906322,-3.965708,0.00038713866,0.3565604,ENST00000577841.1,-538,GCTTCAGAAAGAAAAGAGCAAAAACAACAGACCTTCATTCAGCTTAGGAACATAATAAATAGGACGAAGTTGAATAAACGAAATGGAGGGGAGTGAAGTATTCCAGATGGAAGAGGCAGTACGTGGCCAAGAGGAAACAGACCATGTGCGCTGGAGAAAAAGGATGGCCAGACTTGCAGAAACCTGGAATTGGTGATTGGCTTTAGAAGTGGAGAGACAAAAAAGGAGGCATAGAAAGTGCCAACATTTGGCTACACAGGGAAGAAAGACGTAAAATAATAAAAACATTGGCATCACCTGTAGACTCAAATCCTGTGAGTGAAGGACCTGAGCAATGAAGGATGGATTGAACTCGTGATTAGCCTTCTTCAGCATATGTAAAATGATGTCTGCTTTTCTTCTCTATTTGTCATTTTACCGACTTTTTATATATAGTAGTTTCCCCATATCCATGGAGGATGTATCCCAAGACCCCCAGAGGATGCTTGAAACCACAGATAATAACAAACTCTATGTATCCTATGATTTTTCCTGTACATCCTTACCTATCATAAAGTGAGTGTATAAACTAGGCACAGGAGATTAAAAACAATAACTCATAATAAAATAGAACAATTAGTACAACCTAATGAAA,False
396,-1443,5.609091,-5.5730896,1.3919855e-05,-0.7936381,0.44833025,0.77590644,6.9065533,-6.987831,9.241556e-07,-3.6328003,3.3887901,0.9991084,6.036917,-6.328141,4.265022e-06,0.35500678,ENST00000437621.6,-1443,TCCGTCCACCTTCCGGAAGTCAGGGCCGCGGCGCTTCTGGTCCCGGAGACTTGGGGCTCCCGGGCTTCTGAGCGGCTCGGGTTCCGCGCTGCCGGCAGGGCTTGGGGGCGCCTTAGAGCCGAACCCCGTTTTTTCAGGAAAGGGCGCTGCGACCACCCCCGTCCCGGGCCTCAGCCCCTCTGCTGCAGACCCTCGGGATCGTCGCTGGAAAGATTCTGAAGCTTGGCGGAGAGGGGTGTGTGAGTGGACACCAGTGAAGTAACGGTTTTTGTGTTACGATGATTTCTGTTTTCCTCTGCTGCCCTGTAATGGCAGGAACTCGGATAGTCTGGTCTTCAGACCAGGAGGACTCCCAGGAGAGAACGGAGAGCCAGTGTGCTGTGTGTCACGGTCCCTGGATGAACGTTTGTGGAACTGGATTGAATTAAACAAGACGTGCAAAGCAAGTGGTTCACGAGATATTTACGGAGCATCCCCAGCTGCTGGATGCTGGGACCCACCAGTGGGCAAGAGGGCCGTGCCCACCCCTTCCTGGAAGAGACACTCACTCAGTAAATGCAGAGATTCAGTGTTGGGGTAACCCCAGCACACAGCCCTGAGGGAGGAAGCCCAGTGATTTGATCGGATTTGCTTTTCTCTTCTGCCTCGGATTCTGTCCAACCCCTGGAAGGACCTCTGAGGTGTCCCGTGGCTGGTTCTAGGCCCCATTCAAGCCTCCTCCTCCAGGAAGCCTTCCCAGTCCTGGGCATCTGTAGCCAGCTCGGTGTTTCTCACCTGGGGCCTGGGACGTCTCCCATTCTGAACTGCCGTGTTTTGGGTTTACTGTTCTCTGGCTTTTGGTCCCAGCCGGACGGTGGCCTCTTGTGTTCAGGGACAAGGCAAGGAGCATCCATGCACCCCCACAGTACCCAGGCTGGGTCTGTGCCCGCCAGGCCCCCGGCAAAGCTTGGATGATCCGGGCTGGGCTGTTCTCCTGCTGCTCTCCTGCTGCTGGCCTCGCTGTATCAGCTGATGGCCATCGCGCCTCCTGCACCCGTCATCCCGCCCTGCACGCCCCCGCCACGTGGATGAGCTCCCTGGGGAGTTAATGGCTAATGGAGTCTCCGCTCTCTCTTGTCAAATGCAGCCATCATCCGCTGGTGCTTTAAGGGACTCTCTCCCGTCCCCACCCTATTCTCAGGTGGCTCCTACCGACACCACCTAATGGTGAACCCCAACACGAGGACACAGGCAGTGCCCTCTCAGGACCACTGTGGGTGCCACCAGGCACGACTTCCTAAACACCCACAGAGCAAAAACCTGGAAATTCAGCCGAGGCACTGGGACCCCAACCTCTCCCAGAGTGGCCCCAGCTCCACGGCGTCTGCATGGCTCTGGCCGTGAGCAGAGCAGCCCCGACCTCCGTCCTGACCCAGGGCGCCGGAGCGCCACTGCGGATCTCACCACCACACAAGCCAGACCTGCTAGGAAGCCCTTCCCGGCCACCAGCTCTCGGGCGATGCACACAACAGGGCCTTTTGAATTCCCTGAGGTTAAGGTTCCCCTTGAGTCTCCTGGGCTACAAGCAAATCCCCCGAGGGGAGAAGTCCAGGCTGACACAGCCTCCTGCACCCCTGCCTTGGGAGGCCACACCTCGTTTGCCTCTAGAACCGACGACTGGGGAGCACTGTTTGCAGAGTTCTCTCTCTCTGGGTAAGTTCCGGAGCCACATCTCACTGGATCCACCACGGCCTGGGTGGACGGCTCTCGTGTGTTTATAGCTGGGTCCCTCGCTTGGGAGCTGCCTCCGGGTGGGCGGCCTCTCCAGCCTGTTTGAGTGCTCCACCCGGAGCAGGAAGAGGGCCGTGTGCTCTGGGCAGTGGTTCCTTGGGCACTGCATGGTCCTTGCTTCCCTCCAGGGCCCACCTTCCCTGGCCGCTGCATCCCAGCCGAGGGCAGGCCCCTTTTGCCAGCTGAAGGCAGAAAGGCCGGCAGCCCTGGGGTGGCGGCGGGCAGAGAAACCCCCCGGAGTGGTCTCCGTTCTTCTAAAAGTGATGTTGACCCCCGTGTCGCAGGCAGCTGGCAGGGTGGCAGTTCGATCTGTCGTTACGGGCTTGCACCACTGCGGTCTCCCACCCAGGGAGCAGCTCTGTCCAACCACAGCGAGCCTCCAGCTCCTACCCTCTGCCTGGGCTGGGGCAGAGCCTGGGGTCTGGGTGGGAGAAGCGTGACTCTGGGATGAGACCTTACAAAGCAGGTTCCTCCTGGGAGTCAGCCCGGGTCTAAACGCAGCTGGGCATGAAGGGGTGCCATCGGATGTCGAGTTAGGAGGACGAGAGACCTCCAGCCCCGGCACCCGCATGTCTCTTTGGAAACCAGCTTTGGCTGCGCCCCTGGGGACACTGTCTGCCGTGGCCTCCCGCTCTCCTCCCCGGCACAGGCAGGGGGTCTCCCTCCTCCACCGCCACTCCCTTGGCCTCGCCCTCCCCGCCAGGCACCTGGCTTTTCCCCACCGACCCCCCCGGGGGACTGCGGCCCCCAGAAAGGCTGCACTCTGGGAGCAAAGTGGCCTGAAACCAGAGAAAAGAACGCCGGGGGATTTGGCTTAAACTCGTTAAACCCAATGAACCCTCTTGCCGAACGATCGCAGTCTGCGCCCGGTCTTTTAATCTCGTTCGGGCCTCGGGGTAATTTGTTTAGCTGTGCTGATCAGCTGAAGGTTAATTCAATTGGACTTGGGTTATTTATTTGTGCCCGGATTTGCTAAGTGTCATTGGAGGTACATGAGGTCTTTATTATGGCGGCAAGATGGCTTCATTAGGGTGAGGGCCACTCCCTCCGGATCCGCCCCCTCCCGCCAGCTCCAGGCTGAGGCAGTCTTGGGAGGCTGGAGCCCTGGGAGGCTGGAGCCCCAGGTGCAGTGGCTCTTGTTCCTGGATGCAGGGGATATCTGAGCACTGTGCTGGGAGTCCAGCCTCGCCCAGCTCTGGTGTTGATACTGGACGGTTCTGTCACATGACCTATCCTAACCGAGGCTGAAGGACCTGCTTCCCAGGACCCGTCCCCTCCCTCAGGGGGACCTAAAGGCGTTTTCCCCACCCTGCCTCAGTGTTCCCATTCACACATTGGGAACAGCACCCTGTTCTCCTGCGGCCTCCCAGGCTGGGCTTTGTAGCTGCAGCCCCCACCCCGCCTGGCGACCGGGGCAGAAGGACGCTGAGGTCGCAGAGCGGGCAGACGGGTTGGCCGGGCGGGCAGACCTCCTGCACGGAGCCGGGATCCTTCTCAGGCAGCGGCAGATGATGGATTGCACGTGGACACTGCCTGGGATGCGTGCGACTTGGCAGCCTGCCCCTTTCCTGCCCTGGGATCAGACGCCCTGGCGGGTGTCCTTTTCCTGGTCCCCTGTCCTCCTAGCCTGGGGCGGCGTCTGGAGCGGGGAGGCTCACCCCTGTGCCCACGTCCTCAGGCCACCTGCCAGTCCCTGCCCACCCCGGCCGCGGAGGGGCTGTGGAGACTCAGGGAGTTCTGGGATGGCACAGAGGGCCCAGGCTGGTAGCAACCAAAGCCGTGGGAAATGTGGGAGGGATGGCAGGTGTCCCCCGAGGAGTAGCCCAGGTGCCCCGGAGGCTGCTGAGAGGGTTGAGAGTGCAGAGACGAGGGGCCCAGGGAAGTCTTGGATTCTCTCGCCATCTTCAATGTCGGAGCCCAGACGGGGCAAGGCGAGGAGGAGCCCGGGGCGAAGACGCCACCCACATTCCTCCTTCCCGCAGGCTTCTTCTCCTTCTAGCCCTTCCAGGAGAGAAACCATCCCACAAGTCCAGAGTAGTGGCGTCCCCGGGGCCATGTCTCCTGAGCAAACACTGTTTTCTAGGAGTCCGAGGGGCCTCAGCCATCTAGGTCAATCCCTTTGCAGAACGGTGAAGGAATCTGAAGCCCAGAGAGGGAAAACAATGCCTCCTGGGTCACACAGCCCATCAGGGGCAGGGCAGGGACGAACGGCGAGAAAAGGACCAGCGCGAGAGGAGATCCCCAGCAGTGATTCCTCAGCCAAGCCCAGCGTCTACCCACATCCACACCTCACAGCCACCTGATGGGGAAGGCACCATTGCCCCTTTTCAAAGGTGAGAAAACAGAGGCTCAGAGAGGTTCAGCAACTTCTCCCACAGCTACTTCGTTGTAGAACTGCAGTTCCAGGTGTCCCCGAGCTCTCCCTTCCCGAGCCATCTGCTCCTGCCCTCCTATCCGAGCCCTGGCCCTCCCAGTCAAAGCCGGGTAGTGGCTGTTCAGAAGCCTTGGGGCTAGTCAATCCCAGCTGTCTCGGACCAGGGCCCCCCCCAGGAGGAGACCCTGAAGGATGCAGTTGAGAATATGTGCTTTCTTTGGTAGGTGATCTCAGGAATTGCAGGGGAAAGAGGGGGAGCGTGTTAGTGTAGGCTCTCCGGAGAAGCAGAACCAACGCACAGAGGAGATTTAGGATGAGGAATCTGGTTTATGTGACTCTGGGGGCTGAGAAGGCCCACCATCTGTGTTGCAAGCTGGAAACCCAGGGAAGCCTGAGGTGTGATTCAAACTCAGCTCAGGTCTGGAGGCCTGAGAACCAGGGCAGCCGATGGTGGACATCCAGTCCAGGGGCAAGAGATGACGAGATGTCCCGGCTCCAGTGGCGAGGCAGGAAATGAGGGGTGAACTCCTCCTCCCTCTGCTGTCTGTTCTATTCAAGTTCTTGAGGGATTGGATTATGCCCAGCCACTTGGGGAGGGCAGTCCACCTTCCTGAGTCCACAATTCAAATGCTGATCTAATCCAGAAACACTCTCACAGACACAGTGTGTAGTCTGGGCACCCCACAGTGCACTTAAGTGGACACATAAAATTAACCATCCCAGGGAGTGAGATGGGTAAGGGAAGATGGGCCACAGTGGGTGTGTCTCCATGCCTACCCCCACTGTGGGCAGCTGCTGGAGCACACGCCTCAAAGTCTTCCCTGAGGGAGAGGGAGCTGAGGTGTTTATATCCCAGCTCTGTCAGGCATTGGCTGAATGTCCACACTCCTGGATCACCGCCTCTCATCCTCATGATGTCCCATGGTCCTCATTTCACAAGTGAGCTCTGGGTACATGGGGAGCATCAGTCACACCCTGGGTCAGTACCTCAGCTGTCTCTCACATGACATCCTCATTATCCACACTGCAAAGCCAACCATCCCTATGATGGGTTCATTGTGGATCATGACTTAGTGGGTCAAGAGTTTGGAAGTGGCTCAGCTGGGCGGTTCTTCTGCTCCATGTGGCTGCCAGATGGTACCCTGCTGGTGGGCAGTCTGGTCTAGAGGGTCCATGATGGCTTTACTCACATGCCTGGCATCTTGACAGGGACAGCTGGAAGGCAAGGTTCAGCTGGGACTGTCCACAGAGCTCCTCCCTGTGGCCTTTCCAGCATGGTGGTCTCAGGGTAGCTGGACTTCCTGCATGACAGCTCAGGGCTCCCAGAGCTACTGTCCCAAGAGATAGAAGGTGGAAACTGCCAGTCTCTTAGGCTAGGACCAGAAACCAGCACCCCTGCACCCACAGCCTTTTGGTAGTGATGAAATAAACATAAGATTTATCATTTTAATCATTCGTAAGTGGGATTAAATACATTTACAATATTGTGTAACCATCGGCACTGTCTATATCTAAAACTTTTTCATCATCTGCAATAAAAACTCTGTATGCATTAAA,False
397,-1479,1.423765,-1.4359841,0.054179557,0.84103286,-1.1745809,0.1175733,2.560829,-2.1187522,0.009197521,-0.45580688,0.26146695,0.6720064,-1.151791,1.2791293,0.91915494,0.35442233,ENST00000521600.5,-1479,TCAGCACTCTGGACGGACTTGAGAACTGTCCTTACGTGACCTAAAGCTGGAGTATTTTGAGATTGGAGAATTAAGGCTACAGAGAAACAAGGAGACGGGAGAGCCTTGAAATGGACCTTCAAGATTACAATGTGTAGCTGACATTGTCAGTTAAGTTGGGCAGATCTGACTTCGCTGATTAAGTGGATGTATGAGCCGATCCTCCCCAGAAGCTGGGATCAGCTTCCCCATCTGATGAGCCAGTCTTGGTGCTCTGTGTTCACCTGGTTCATCTGAGGAGCTGCATCTACCCTGCCCATGCCATAGATCCTGCCCTGTTTGCTTCTCCTGTTGCTGCTAGTGGACATGAGGACAGAATAACGGGCTCCCAGATTCACAAGCCCCACCAAGAGGATCACCCCAGGAACG,False
398,-699,0.76554155,-0.83646137,0.16770187,-0.5358201,0.28051564,0.69345796,3.6964207,-3.2168949,0.000993467,-1.1682583,1.0898345,0.90534633,4.304275,-4.602684,0.00013542468,0.353527,ENST00000556002.5,-699,TGGCCGTAGCTCCATCGCATTTTATGTTTCTGGCGAGAAGGGAACGGAGTTTTCATCAGGTAGATTGGTTTTTGTGCGGCCGTCCTCCACCGTTTCCTCCAGGACAGCACCTAGTCGTGGCCGGAGGAGTCTCAGAGCTGTCAGAAAGAATAAGACTGATTTTATGGGAAAATTAAGCAGATGCTCCAGTTTGAGAAACCTGGATCTGCGATCTGTTTGTGGTACCAGCATCAAGATGATTTATGGTAATAAGATATAAAACCAAGGAAAATAACCTAAAGTCTGAAAAAGACCAGAATCGAAGTTTCCTGATTCATATTTTAATGTTTTGAAATTTATACTCCAGGCTGGGTGCAGTGGCTTGTGCCTGTAATCCCAGCACTTTGGGAGGCCGAGGCGGCCGGATTGCCTGAAGTCAGAAGTTCGAGACCAGCCTGACCAACATGGTGAAACCCTGTCTCTACTTAAAAATACAAAAGAGCTGGGCATGGAGGTGGTGCGCGCCTGTAACCCTAGCTACTCGGGAGGCTGAGGCCTAAGAATCTCTTGAACCCAGGAGGCAGAGGTTGTAGTGAGCCGGGATCACGCCACTGCACTCTAGCCTGGGCGACAGAGAGAGAGACTGTCTAAAAAAGGAAAAGAAAAAAATTTATACGCCAAAAAAGATATTCTGAGATAACCTGTAGTTACCACTAACTTTGTGACAAAATTATAAAAATCCACAGCCATCTATGAATCTGTAGGCAGACCTGAAGTTTGAACGACTGGTGAAGACATCTGATTTTCTTTATAGCCAAGTTAGGATAACAAAATGCAAACAAGTCATTAATATTTACTATATGCAAGATACAGAAAGATGAAGGAAGGAGTAAGAAGTTATCCTTCGTGGAACTATTCAAAGCAAAAATGCAAAATACCAGGGAAAGCTTTGAAGAACCAAGATTTGAGCAGGTTCTTAGAATATAGATTGGATTGGATTTGATTTCAAGAAAGATGAACGTGTAAAGCAGAAGTGGGAAGCCAAAAACTTTTTTCCAAA,False
399,-1132,3.7367637,-3.7004538,0.00058857485,4.773928,-4.932955,6.0859453e-05,4.40414,-4.304785,0.00016507835,-1.9259037,1.8889887,0.97843516,-0.68368405,0.58974576,0.78132933,0.3521158,ENST00000421500.1,-1132,CATCCTTGGAGTGAGGCTTTCCACCCTGTCCTTGAACGGAAGGGGACCAGGGGACTCCCCTTATAGGCTAGACTTTCTATGTGTATCCCATTGTCCTCAAGGGCAGTAGGGAGTGACTAAAGGTGTCTTGGAAGCAGGGGCTGCATCCCTGTTCTTCAAGACCCTCTGTGCCCTCCACTTGTTCTGCAGGGTACACATGGGGAGTGTGGGGGGAAAGGAGAGTCAGGGCAGCCAAGTTTCTGGGAATATGGGTATCTGTGAGTAAGGATCTTGGACTGTGGGGAGCCTGGGAATGGGGGGATGCCTGGGAGGGAGGCTCTGGGAATGGGGTATCCTGGGAGGATGCATGGGATCTGGAGTCCAGAGAGAAAGTGAGAGATACCCTGTGGCTAATACCATAAGGCATTAGACAGCATGAAGTGCTCGAGGTGGGGATAGGGGTGCAGAGACCTTCTTCCTAGGGAGGTGCCAACAGATGAGCCTGTAGGGAGGAAGAGGGTCTCATATGCCTGTGGGAGTCTGTGTTGGGTGGGCTTATGGGGCTGTGACCCTGACTCTTGTTCTCCCTCTGGATTAGGGTCTTGGTTTTCCTGGAGACCCTGGCCCCCCAGGAGAAGGTGGCTCATGACCAGGACAGTGTTAACGGTGACTATGGCAAGGATGGTGAGCCAGTACAGCCCGTGAGTGACCAATGTCCCTGCCACCCCCACTGAGCTCCAGCCTTCAGCCCCTTACCCCTCTTTTCTGTGCCCTACTCCTGAGGGGTCCCTTAGCTGGAGGCCAACACTCACCCACCCCAATTCCTCTCATTCTGTGGATCCTCTGGTCCCACTGGGGAGAATGGACTACCTGGACCACATGGAAAGCAGGTAAGTGAGGTAGAAGACCCTGGGACCTTGGGAGGTAGTCGCTGGGAAATGTGGGTAGAGGCTGGGTGGT,False
400,-878,2.277188,-2.339566,0.009788076,-1.2298114,0.85021687,0.88894683,1.0793308,-0.65968007,0.14943862,-0.53449774,0.36400744,0.71064216,5.569013,-6.022939,9.240066e-06,0.351765,ENST00000450044.1,-878,CAGAAGAACCTATGGGCACAAAAAGCAGGAACGAGTAGCGGTGGCTGAAGAACGAGCAGGAGCTTGAATTTCAGTTTTCTTATGAGGAATTTTCCAGAAAAGATATCTTCACTGTGAAATAACTAAATAAATGCCCACTCAGTACAGTCACTGTCTCCCTTTTGGAACTTGATGGCACCTTAAGCCCAGGTTTGCCTCCACTCTAGAAACTCATCAGAGTGATGCCCTTCTCAAATGGGGGAGGTCCCAAAGCGGATATCCTGGCAGTGTGAAAGGCCGGCTAAAGATATGATTTTTTTCCAGACAAAAATACCTGCTACATGCTTCCTTCTGTATGAATACATGAGACCTACCTTCATTCATGTTTCCTCTATGAAGCTTTCCCTGCACTCCAAACACAGAGCTGAGACTTCCACCTAATGTAGAAAGCTAGCACGAGCCGGCGCTGACAGATGGAAGACTTGAGATGTTACAAGATTATATATGGAAACACAAAAGGGTCTCACTCTGTCACCCAGGCTGGAGTGCAGTGCTGTGATCCTAGCTCACTGCAGCTTTGATCTTCTGGGCCCAAGCAATCCTCCCACCTCAGCCTCCTGAGTAGCTGGGACTCAAAGTGTGCCACCACACCTGATTTTCTTTTTGGTAGAGATGGGGACTCACTATGTTGCCCAGGCTGGTCTCAAACTTTTGGCCTCAAGGGATCCTCCCACCTTGGCCTCCGAAAGAGTTGGGATTATAGGCATGAGCCAACATGCATGGTCAAATGCTTTTTAAACTAGTAATTCACCTG,False
401,-541,1.0462043,-1.1752672,0.097838834,0.8204366,-0.79588485,0.1657128,0.27200606,0.12587148,0.46353126,-3.058824,3.0608695,0.99780566,1.7509564,-1.8003488,0.027887167,0.35055515,ENST00000382313.2,-541,ATCCAGCCCCTCCAGGTTGACTCAAGTCAGAGTGTGTGGGGGCCAGTCATGGAACAGAGGGAGCCTCCTGCCCAGGGCAAGCGTGGGGAGACCACCAGGGGCCCCAGACAGGTGAGCCGCTCCAGCAGGGACAGCACAGGTGGTGCATGGTCGGGGCTGGACATCGGGGTTAGTCGGCAAGGATGAGGAGTCTCTGGGGATGGAGGCTGAGGCTTGGGGTTCTCAGGCAAGGGCAGGCCTAGGTGCAGCAGAGAATTGTTTGGAGGGAGGAAATCAAGCTTTCCTTCTAGAAAGGGTGACAGGGACCAAAGGGAGAGGGCAGGGACAGCCCCTGGAAAGGGCAGGTGAGGAAGGTGAGGCTGGAGGGGACCCAAGAAGGGATCCTGGGGAGGTAGTGGCCAAGAGCAGGGTGAGGGCCAGGCCGCACCTTTCGCTGTACCCAGCTCTCCCTGGGGTGGCCCTGGCCCTGCTCTGCTGTCCCCTGCAGGACAGGTGCCTCAGGCTTGTCCCAGCTTGTCCTACAGCAGGTCCTCAGCACCCACAGGTCCTGCCTTGGGCTCTGCAGAAGCAGGGAGTGGTGAGGTCAGGACCCTGGGCCACAGAAGAAATGGTCTGGGGGACAAGGACGGGGGTTGGGGGACTGACAGCTGTTTTCTGAAGGCCCGGGGAGTGGAGGAGAGGGGTGAGGGGCCAAGGCTTGGGGCTCAGTATGGGGGCAGCTGCAGGGGGTGAGGGGGCCAGTGGGGCCAGTGAAGAGGGCCTAGGGTCTGGTATCTGCAGCAGGCACTCACAGAGGACAGACTGTTTGCAAGGTAGGTCAGGTGACAGGGAGCCAGGGGGGCTGAGGAGGCTCAGGGCCTGACTCCAGGGAGAGCAGTTGCCATCCCCCAGGTCCAGAGGGGCCCTGGGAGGAGTCCAGGCAGGGCTGAAGCTGGAAGAAGTAAGAGGGGCTGGCACTCAAGGACTGCAGCCACTGGCCAGGTGGGGCCAGGTCGGACCGGCTGCCTTCCCTGGTCTCAGCCCCAGCCTTCTGTGGCTGCCTCCCCCATCGGAGCCATCAGAGAGCAGGATGTGGGAGGGGCAGGTGAAGGACAGCCTCTGTGATAGTCCCTGGTGTGCTGCAGCCTGGGGTGAGGGGCCTTGGGGATGGGAAGGGCTGGGAGCTGGGAGACGATGGCTCCCAGCACTTGGTCCTGAGGGGCCTTGGAGCAGCTTCCCCCAGGCCTGCAGAGGCAACTTCTGACACTCGGGGAGCTGAGGCCAAGGGAAGGCTCCCCAGACACAAGGAGAAGGGGCTGGGGGCAGCCAGAAGGCTTTGGGCTACCCTCCCTGGAGGCTCAGGTCCCAGGTGACCCCTCCAGCTGTGTTCCTTCCAAGATTGGGACCTGCAAAGATTGCAGATGTGAGGAAAGGAAGGTGTCTTGGGCATTCTTCCCAGTGTGGCTGAGCTGTGCCTGTGAGGACATGCAGACACTCAGAGGACCTGTCCTCAGGGGCCCCAGGGTGAAGGTCAAGATCTCACCTTACAACCAGCCGGGCCCTGACTACTTCCAGCCACCAGGCCCCCAGGACAGGAGCAGGACAGTGGTTATTTCCCCAGTGGACGGGGGGCTCCAGGTCACATAAGAATAACATGCCCTGTGACAAGGCGTGGGGATGAAAATGCTTCCCCCTGGGCTGAGATTCCAGGACACCTGAGATGGGGGGACCCCGGCCACATGTTTAGAGCTCTCAGGGAACCTGGAGGGCCCCTCAGCCTCTGTTCCCCTACTGGGGAGAACAGAGGCCTGGTGGTAGCAATTTCAGGGAACTCAGAGAAACACTGTTCCCCAGACCTTGGAGCTCCCTCTGTGCCTGGCTCTCACTGTGAGGCCCCCCACCAGCTGGTCCTGCTCAGGGAGCCTCCACGTGTCCCCCTGGTTCCTCCGGCCAGCCTAGGGGTGGAGGGTGCGGTCCCCATGGCCTGTAGGAAGTAGGGCTCAGAGGGGCAAAGTCACCGCCCTGAGGTCACCAGGAGGTCCCGGCAGAGGGGGTTGGGGCCTGGCTCAGGGCCTGTTCTCCCTGCTGAGCTCAGTGGGATGGGGCCATCTCAAGGGTCCCACTGTTTTTCTCTGGTCTCTGCCCCAGCATGTGGTGGGACCTTGATTTCCATACTCTCATGTCACCAGTCTGTTGGGGGGCAGAGGTTATGGGGTCACTGATATCACCTGGCTCATTCCTCCCCCATCCAGGCTGTCCCATGAGAATGTCTAATCTGTATGTCATCGGAGTCAATAATGTGTTTTGCTATCGCTCTGGTTCCAGGGATATTGCTCAGCCAAAGGGCCAGCATCCCAGTGAAGAAGATCAGAAAGAGGCTTCCGGTCACCAGGAGACTCCTGGGGAGGGCCTAGGCTGGGAGTGGGACACGGGTGGGGTTGGATGGAAGAGTACCAGGTGGGCCTAGGATGGATGGAGGAGGCTGTGTCCCCAGCTACAGGCCTGGAGATGTTACGGGACCCAACAGGCCCCCAGCCTCCATCCCCGTGCTGGGTTCTCAGGTTTAGTGGGGGCAGTGCCTGGGGACTCAGAGGGACCCTGACCCCAGAGCTTGGAGACCCCTCTGGAGCATGCCTGGCTCTCACTGTGAGGCCCGCACCAGCCAGTCCTGCTCTGAGAGCCTCCTCGTGTCCCCCTGGCTTGTCCTGCCAGCCTGGGGGTGGAGGGTGTGGTCCCCATGGCTTGTGGGAGGGAGGGCCCAGAGGGGCAAAGTCACCACCCTGAGGCCACCAGGAGATCCCTACAGAGGGCAGAGTGGGTTGGGGCCTGCCTTAGGGTCTGTTCCCCTTGAGCTCGGTGGGACAGGGCCATCTCGAGGGTCCCAGTGTTTTTTTCTGGTCCCTGCCCCAGTGTTTAATGGGACACAGCCCCTCACATCCCCAGTCTGTGGGGGGCAGAGGTCATGGGTCACTGACATCCCCTGGCTCATTCCTCCCACATTCACCCAACAGACCCCTTATCCTCCATCCCCCTGCTGAGACTGGGGATTGGCTCAGGGCCTGTTCTCCCCACTGAGTTTGGTGGGATGGGGCCATCTTGAGGGTCTGGGTGTTTTTCTCAGGTGGGACCTAGATCCCCACAGTCCCTCACGTGCCCAATCTGTGGGGTGGGCATGGGGTCACCAAGGTCACCTGGTTCATTCTTCCCCCATCCAGATTCCGTCTCTAGAGCCTTTGAGGTCACTCCTGACGCTGACATGGCTGTGAAGAGCTGGGTGCCAGGCATTACTGCCTCCAAGGTTGCTTTGCGAGGAATAGGTGGGGCATCAGGAAGAAGCCAGTTGCAGGCAAGGCCTCTGCTGATGCTGCTTTTTTCTCCTGTACCCATCCATGGGAGGGAGCTGTGAGATGGCCTGGCAGAACCCGCTCTTGGACCCCACAGAATGAGAGGCTCACCCTGCACAGGAACATCCTGGGGCAGCAGGCTCAGCACATTTTAAATTTTGAGTATGAACAAAGTAAACTTCAGGGTTAAAAAAAAACAC,False
402,-1014,-0.5312977,0.19861716,0.67478657,0.98354924,-0.9751667,0.12360609,1.8923737,-1.4998991,0.03253783,-1.3882166,0.9526713,0.9122072,3.145081,-3.5307097,0.0012594865,0.3488794,ENST00000602483.5,-1014,GGCCTTTCACATTCGGGAAGCGTCGGGATTAGGTGAAACACCCCGAGAACCGTCAGTTTGAGCCAGATGGAAGCTGAGCTGAACACATTACGATGGATGATGGAAACATAAGACTATCAAGAAATCCAAGTGGTAATGGGCGAAGTTTATTCAGCATCCGGCAATGGACTTATCGTAGTTGGGGAAACGGGTGTTCCGAATAATATCCTGGAAGTTATCAGGACACCTATTTTAAATATAGGCCTGAATTTTGTAAAGTAATATTTAAGGTGGTCCGTGATAATTAAATAAAATGCTTAATTCATGTGG,False
403,-547,1.4949651,-1.6564703,0.041034758,2.1241255,-2.2064748,0.012988719,-0.31098244,0.5145502,0.6954095,-0.1479766,0.13917562,0.57129884,0.14177597,-0.17634612,0.42113346,0.3483731,ENST00000415295.1,-547,CTGCAATACCTCACTCAATCTCTGTCTTTCTTGAAGAAGTCATAAATAAACACGATGAATCTATGTAGAAGCGGAATCTCACCAGTGACACGCGTTTGTGAAAAGCTGTGAATATTCAGTGCCACAGGGTTAAACCTCGGTACAGAAGCGAGACCCTGCTGGGCAGAGAAAGGGTGACCTGGAAGGTGTGTGAGGGCCCCGCCCATGGGCCCCTGTGATGGTCATGGCCTCAAGAATCACAGTCCAGGTGAGGCCCTGAATATCCACAGCCAGGACCAGTTCCCTCTGCTCTTGGGTGCCAAGGCCACCGTCAGCCAGGAGAGGCCTGCAGAATCAGCCTGTGCACCTCTCTGACGATAAGCAGAGATGCTGGTTTAGAGACTTGCTACTCACGGGGAAGTCCTTGGGCCTCCTGTACTCACATTACCTGGAACTTCTTGGAAATTCAGAATCTCAGGCCCCAACCCAGACGGACTGAATCAAAATCTTCATTGTGGTAAGACCCTCGGTGACACACAGGCCTGGGAAGCACAGGTTAGCGTGTCACCTTGGGCAAAGCTCTCAGCATTGTGAGCCTCTGTTTTCTACTCTGTAAAGGAGGCATGAATATCTACAACATCAGTTTGCCATGAGTATTGAAAAATAATGTCTTAGAAGCACAGGGCAGAGCCTGGCATGTAGTTTGTGCTCAGTGCACAGCAGACAAGAAACCACATGCACCAGACCTGGGCGGCCGTCGGCAGCCCACCCTGAGCAACCATGGGTGGCCCTCTTGTCTCTCGGGACAAGAAATGCTTCTTTAGAAATGCTTCTTTCCTTTCTAAAATGAAAGTTTTGGACAGTATTTCCTTTCATTTAAAAATTTCATCTGTGTATTTGATGGCCTCTGTTGTT,False
404,-238,-0.9128898,0.8841263,0.85778534,4.1449075,-4.329825,0.0002086315,2.6839445,-2.4016018,0.00614748,4.8344097,-4.56787,8.252887e-05,-0.94345367,0.98994607,0.8736252,0.34756985,ENST00000586922.2,-238,AGCAGTGCCTTAGCCAGGGACCTGCTTGGCCAGCGACAGATCCTTTGCTGCTCTGTCTGCCGGTTCTTGAGATGGAGTCTCTCACTCTGTTGCCCAGGCTGGAGTGTTGTTGATGGCAACAGTGGGCCATCTGGACCATCTGGAGTGGCCACTGCCAAGATGCTGGCTGCAGCCAGGAGGCTCTGCCCATGCTGTGAGCTTCACAGAGCCAGAGGGAGCGGGGACAAGCAGGAGCCCAGCTCCTTCCAAGTTGGCGGGTGGGAGCTCCCCAGGCATAGCTGCAGCTGCCCAAGTCATGGCTGCTGGCTGAGCCTCCCTGTGTTCTTGGAGACCAGGAGCAGGCAGGAGCCCTGCTCTCCTGGGTGCAACTGCAGCCACCCAAGTCCTTGCTACAGACCGTGTTCTTGGAGGCTGGGAGCAGGCAGGAGTGCCAAAGCAGGCAGGAGTGCTGGAGCAGGCATGAGCCCTTCCTGCATCCCCCACCTCCTTTGTGCAGCTGTAGCCACCCAGGTTGTGGCTGCGGACCAACCTGGATATCTCTGCACTCTAGGGGCCTGGGAAGGCACCCCCACCTCAGCAGGCTTGGAGGTATCTGCTTCTGCTGCCTGGCCTCTCCCTGCTCCTGGTGACTGCTCTGATCTAGGAGCAAGGTTGGGGCCGAGCCAGGGTGCTGTTGCAGCCCAGCCAGTTGTGCGCATACTTGAGGCAGTGCTGACAGGCCATTCCTCTGCTGCTTCAGCCCCCTCCAGACTTTGGGTGCTGACAAACATAGAAGGGAGGCTGAGGGAAGGCTGAAGGCAGTTCAGCATTTGCCTGCAGGTGCTTGTCCCCACGAACAGCCTGGGCACCATAGAAAGCAGTAGGAGGCGACATGCTCTGAGGCAGAAAGGGGCGGGTCCCCAGAAGGCCTGAAGCCTAATGGCCAGGCCACCAGTCCCCCTGACTGGAGGGGGAACTGGTGGTGCTTTTTCTTGGACCTGCCCATGGCCACCAATGGACCAATCAGCATGCACTTCTTCCTCTCTGAGGCCCATAAAATTCCCTGGACTCAGCCAGACTGGGGGAGAAGACCTGCCAGCAGAGAGGAGCTACCTACTCCAGGGCCTCTTTTCTGCTGAGAGCTGCAGAGACAACAGGAGGACCAACCTGCAGAGAGGAGCTACCCACTTCAGGGCCTCCTCTTTGCTGACAGCTGCAGCGATGATGGGACAAGCTGCCTGCAGAGAGGAGCTACCCACTCCAGGGTCTCCTCTGAGCTATTCTGTTGCTCAGTAAAGCTCCTCCTTCTCAGTAAAGCTCCTCTTCACTTTGCTCAGCCTCCACTTGTCTACATACCTCATTCTATCTGGATGCAGGACAAGAACTTGAGACCTGCTGAATGGTGGGGCTGAAAGAGCTGTAACACAAACAGAGCTGAAACATGCCCCTTGCTCACCACATTGCAGGCAAAGAGGAGAGAAGAGCTGTGGCCCTTCAGGAAGCCCAGACCAGGAAGCTCCCTGAGCCAGGATTGTGACTCCCGTTGGGGCCCTGCATTTCCTGGAGTCTCCAAGCTTCTGGGCACCACTGTGGTGTACTTAGTCCAGTCACAGCCTTGCAGTGAGCCAGGGCCCGTACTGGCACCTGGAGCTGCCCACCCTGCTGCAGCAGCCAGCGTGCCTGACTGTGTGCAGTGGCCAGACCCCACACTCTTTCGCTCACACATCCCTTGCTACTTCACGCCTGGCTCACCCTTGGCAGGGGCGAGATACAGGCTGGTAGCATTAGCCAAGCACAGCCTGCCAGGCTGAGTGGGCAGAACGATCCCAGTGGGCCCAAGCAAAACTCAGGCAAAGGCACCACTGGCCACAGAGGTTTCTGACTAGAAAAGCAACACCCCAAGTATCCTGTGACACAGTGGCATGATCTCATCTCATTGCAACCTCCACCTCCTGGGTTCAAGCTATTCTTGTGCCTCAGCTTCTGGTGTAGCTGGGGCTACAGGTGCGTGCCACCACATCTATCTAATTTTTGTATTTTTTTTTTTTTAGTAGAGACGGGGTCTCACCATGTTGACCAGGCTGGTCTCAAACTCCTGACTTCAGGTGATCCGCCTGCCTCAGCCTTCCAAAGTGCTGGGATTTCAGGTGTGGCCTACCATGCCCAGCCTGTTATGCCTCTTGATTGACTCCTTTTTCATAATGAAATGACCTTCTTTATCCCTGATATATCAGTCAGTGTTCAACCAGAGACACAAAACAAGTAATTGAATATATGTATATGTACATATGGATTTGTTAAAGAGAATTGGCTTACACAATTATGAGAGCTAGTTAGGCACTCTTATAATGCTGTTGTGTCTGATGCTAGAATTTGATGTTGGCAGAGTAGTCAGAAAGGAAGATGGAAGTAAAGTGGGAGAAGTCAAGGTCAGGCTGGAAGTCACAAGTACAAACTTGAACCTCATGAAAATGGACTGAAATCCATGTTAGTTCTTGTTGCCTTTGACCTTGGTGGTGAGGGTATCCTTCAGAAGCTGGGGCTGTTTGTCATAAACACACATACATAGGCCAGGAGTTGGAGAAGCTGAAGGAGGATCTAGAGGATGGTAGAGTAGTTGCAGGCCAAGCTGCTACAAAATGAGTCAACAAAGTGAGTCACCAGTCAGCAACAACATATGTGAACTACAAATGGCTACTATTTCCTTTCCACATTACACATCTCCCAAAAATTGCCTTTTTGGCCCGCCCAAACTGTAAACATAAAATAAATAATTCTAGGAAAACTGGTGCACTTTAAGCAAGATGACACATTATAAAAGCATCATGGTCTGCCCCTTGTCAACTTAGTACCATACATGTTTCTTTAAGCCATACTTTAATTCTCCAAATTATGATAACAATGAAGTTGTGCTTTCACCTTACATAACACTACTATCACATAACTATTAACATGCTAACCATTTCCCAAAAGAGGAAAATAGTCTTTTTGTTGGTCCATGAATGGCATTCATTCTGCTCCCAGATGATAACCCTCCTTCTTTCATATCCTATAACTTAAATACTGACATATAAAGTTAACTATTAACACATATTGTGTTAGATGATAAGATGAGAGAAGGAAGAAACATAAATTTTCAAGTAGTTTCCAAAAGAAGCTGGGTGTATATCATTGCCCACCAGAATGTTCTTCTTGAATTCAACTAGACTTTTAGACCTTCAAGACTACTGCAGATCACCCTTGGCATCAGATTAACTTAGAAGGATAGGACAGAAGCCACAGCTGACCAGTAGGCAGCACCTACCCCTCTTCGGTGGTAGTGGTACTCACAGTATTTTACACAAGCATGCAGGGTTTTTTTTTTTTTTTGGCCTTCCCATTCCAAGTTGACAGCTCAGATGCAAGGAGATGAGACTTACATTGGGAACCTGTGGGATGCATCTGGATTAGAAACTTCCACAGGAGCTAATATGTCTTATAGCAACTCCATGGACATAGCTTCTAGAATTTCTGTAAGAGACATGCCAATTACAAGAGTCACTATACTCAGGGAGGCCCAAAGTTATAGTATCCATTAGCATAGTCAATATTTATAGTTCATTTATAATTCTTTTGGTAATCAGGAAACATTTTTACCATAAACAATATTGTTGGGTAACATAATTGACCTATTAATAAGTTTTCAATAAAACAGAATGAGAAAATTAACCAAAGGTTAATTCTCATGTACAAAGGTAAAGTGTTTTGTTAACCTTTTACCCAAAAGTGATGATATGAATGTAGATTTTTTTGGGTGTTTGACCAAGGAAGCCAAACCATTCTTTCAGATTATGTTAGATTTGTAGCTTTGTGGAGTGTTGCCAGAGATGTTGCTTTCTGTGTGTGAGTTTGATGAGCTAACCTGGAGTTTGTTTGTTGGACTGGCCAAAACAAATCTGAGCCAACTATGGTCCATATCAGCTGACACTGAAGAAGTTCCTCTCAATGAAGTAAATGGAATTGAAGGGTTTCCAGAGAGATTAGCAGTGATAATACAGGCATGGGAAGTGATATAAAATTCTCAAGAATGAAACTGATAGGCCACCACCAATATTCTACCTGAATTCTATTTCTCATTTCACTTGGGGGAAACTAGGTCAAACTAACATGTGTACTAATATATGTCTAACTTAGGCATACGCTCTAGAGCAGTGATTCTCAATCTTTTTGAGATAGTAAATTTATTTGAGAAAAGGATGAAAACTGCAGACTTCTTCCTCAGATAAATGAACATAAAGACCTACATGTGGACTTTTGCTTATCATGTATTGTATTGGAAATTAATTTTCTTTGATACTTAGACTGTGTAAACAATTTTCACAAGGAAGGGATTTCAATTTAAAAATCAATTTCCAGTTCTGGGG,False
405,-355,2.5187688,-2.7200117,0.0052787117,-0.6364578,0.25104317,0.70837414,2.1693664,-1.7406055,0.019647313,2.1233988,-2.2270198,0.012737085,-2.2614446,2.1343963,0.98782164,0.34677178,ENST00000476405.1,-355,CTTCCTAGCGGCCAGCGGCTGCCTCTGCAGACCCCAGAGTCAGTCCAGGTTCACCTCCACAATTCCTTCTTCAGACTGTACTTGACTTAAAAGAGAAACATCCTTGTTCTCTCTACTTGGGTGTCATTTCTTGGAAGACTCTCATGGATACTGCTCTTCTGAAGAAAGTGACCTTTGATACCAAACAGGAAAATAAAAGGATCCCGATTTCTCTTTGCTTCCCCTGTAAGCCTCCTAGAAGCAGGAGGCTTGGTGAAACAGCCTACCAATGTTTTTACTCCCACAAAGTTTTAAAATGACCAGACATCCTTATTTGGGAAGCAGGTGATCTCAGTGATAAAGGAGCGTGTGTCCCTTTATTGTTTTAACTGCCTAACAGTCGGTCCCCACTCAGCCTCCTGTCCCTGTGCAGAGGTGGGGAAATGTCTCACTCTGTGGATCTTAGGTGTGCCCGTGGCACTGAGGGCTGCTGCAGGCTGGGGACTCTGCAGACCTCATGCCTTCTGCCTATCAGCACCCCCGTCCTGCTAGCACTCTACTCTACAGAGGACAGCTTGTCCTATCTGCCCGGGTACCAGCTCCGACATGGGGGACAGACCTCTCCAGGCCCCTGTTGGCCTGCTGCCCACCCCTGTCCCAGGCCTCCGTGCACCTGACTGAGGAAGTTTCTCTTGTTCTCTCCAGCCAAGAACCTACACGGAGGAGGAACTGAATGCCAAGCTGACCCGGCGTGTGCAAAAGGCAGCTCGGAGACAGGCCAAGCAGGAGGAGCTTAAGCGGCTGCATCGAGCCCAGATCATCCAGCGGCAGCTGCAGCAGGTGGAGGAGAGGCAGCGGCGGCTGGAGGAAAGGGGCGTGGCTGTGGAGAAGGCGCTCCGGGGCGAAGCAGGCATGGGCAAGAAGGACGACCCCAAGCTGATGCAGGAGTGGTTCAAGCTAGTGCAGGAGAAGAACGCCATGGTGCGCTACGAGTCGGAGCTGATGATCTTTGCCCGGGAGCTGGAGCTGGAAGACCGGCAGAGTCGACTGCAGCAGGAGCTCCGGGAACGCATGGCAGTGGAAGATCACCTTAAGACTGAGGAGGAGCTGTCAGAAGAGAAGCAGATTCTCAATGAGATGCTGGAGGTGGTGGAGCAGAGAGACTCACTGGTGGCGCTGCTGGAGGAGCAGCGGCTCCGGGAGAGAGAGGAGGACAAGGACCTGGAGGCTGCCATGCTGTCCAAGGGCTTCAGCCTTAACTGGTCCTGAGCTCCCACCCAACGCTCCATTTTCTGTTGGCATCCGCCTGGCCAGGCAGTGGCATCCAAACCACCCGGAGCCGCGATCTGAGGAGGCCTGGCACCTCCTTGGAGTTTACGCTCAGATGCCCGTGTGCTGCTTGGAAAGTGGTCGAGTCCCGCGTGCAGTGGGGAGCCCCAGGTGACAGTGGTTATCTGAGACGGCTCCACCTCCTGGGAGGAGGCCCACCTGGACCTCCCACTCAGAGGAGCAGCACGGCGTGTATGGCATGACGCAGGGGACCACCCCGCGCGCTCCCTGAGGATGTGCTGGCTGTGCCCCTTTTTTCCACTGGCACATTTGGTAAGAGAGGGAAGCTGCTCCCCGTCAGAACCACAGTGCGCCGTGCGAGGGGCACTGTCTTCTTCATGCTCCCTGGAGCACCACCAAAGAAACGTAAACAATACCCCACGAAAGCAGGGTCAGGGGTCAGGGTGCGATCGAGACCCAGGATGGGGGCGTCCAGTCATGCCCACCCCAGCATCACAGGAGACATGGAGGTGCGGGCAGGCTCCTGAATTATTATGCAAATTAGGAGGACGCAGGAGGGGTCTGCCCTCCAGCCGAACACCACACACTGGACCCTAAGTGGCCAAATGCCTGGGCCGCTTGCTGGCTGTGGCCTGAGGCTTGTGGGTTGCTGCATTTTGCTTGTAGTTCACAACCATTTTGACACTGGAAAATGCTGACTTTGGGGGACAGGATGAGGCCCTACATTCTAAGCCCCCAGTTGGCAGACAGGCATTGTCCCTGTTCCACATTTATGTCGGGACAGGAGATGACCTTTTCCTCCGTGTTTTTCCTGTGTTTGCACGTTGAAATGAAGCTGACAACCTGGCAAGACGCTCAGCCGCTTCAAACCCTTTTTGTCAATTAACTTATTTTTTAATACTTGAAAAGAAGTAACTTCGTTTGTGTATCTTTACTAGAGGAACTGATCACCTGCGCCCGGGTGCGGGAGCCACAGCGGCATCTGGTGCGTCCTACGCGACCTGGTCCGGGGCTGCCCGGTGCTCCTCACGTGCATCTATTTATTAGCCTTTCTCTTCGTATCACTGGCCTGGCTGGCATCAGGGAGCTGCCCAGAACCCCTGTGTGGGTCCTCCTCACAGCTTTCTGTCCCCTCCTCCACCCGGTGCCTGCCTCACCCTGGCGCTAGACCATCTGGACCACTCATGTGATGAGGGTGCATTTCCGTTCTGTTTTGGGCCAGGCCAACAGCAGAGCTGCCACTCTCACCCTCCCAGTGAGAATTCCGGCTCTGCAGAACTCGCCCTTGTCTCAGTTTGGGGGCCAGGGCATCACCTTCCTCCGCACATATGTTAAAGAAGGTTTCAGGATGGGCCCTCATCCACACAGGCCAAGAGGGTGCAAGGTGGGACCCTGGAATCATGTGGCTGGTGAGAATTCCCTCCTCCCAGCCTAAGATTCACCCAGACGGAAACGCGAGTGCTGCAGTGGATGCTGGGATGCAGGCTGGTGCCTCTCAAGCAGATCAGCGACTCCCGCCCTTCCTTCCGAAGGCGACGGGCACCTGCCTTGTGCCGGATCTTCATGGGGACATAAAGGGCGAGCCCCGAATCACTAGCTCCTATAGCCAAACTGTTCCTTTCTCACGGTTCCGCACCAGCCTGGCTGTGTACAGCTCATCAAGCCACTGAGCTAATCGGGGTGGGGTGCTTGTCCATCAAAGCAGTCAGCACATAGCCCAGCGAGGAGCCATCCGGACCAGACCCGCCTGCCAGGGGCGCTCCAGCCGCCTGCCGCCTCCGTGGGCTGGGGCCAGCTGGGAGCAGAGGCCTGGCCCCTCCAAGGCGTCCCGCAGTGGAGCAGGCTGAGTGGCTGTGCTGACCTTGGGCTTTCCATGGGAACCACACTGTGCTTCAACTTGAACATTCATCCCAGCTGCAAAGGAGCAAAGAACCTGTGTCATCCTTGTCTGTCCAGAAGCTGCCATCTCTCTCCCATGCACATCCGGGAGATAACGCCGCTAGTGGCCGCCACAGCGCTGATTCTCCACCTGTTCTCACGTGAGGCAAAGGTCTCCTTTTCTTTTCTCTTTACTTAAAAAAGGGGAGAGGAGGGTTTCTAGATTCCATCTTCAAACCCCAGTCGTCCCATAAAATTGGACGTGGGAAAAGACCTTCACTGCCTGCGTGGCCTTTCCCAGACCTCTCCTCGAATGCCACAAAACCGGTCCAGCCCCGGCAGAGCCGCCTTCGGCCCTTGTAGCTCCTGCTGGCCCCACAACAGGGAAACAGTTTGCAAAGTGGCTTGGAAGGAGTGTGGCCTAGGGATCTGCTGTAAGTGGCCAGACGTAGCAGGAGAGCCCAGTGTCACCTTCTGGTCCTGGTCAGCCTTAACACTGTGGCATCCTCCACAGCACACACGGCAGCCTGCAGTCTGGAAGGTGGACCCGAGCCTTTGCAGAGAGGCGCCGCAGAGCCGCAGGCCTGCGCCCCAGCCTTCTGCTCCCGACTGTGAGGACACCCAGTTCTAGTAGAGCACTTTTTTTAAAGCTCCCATTTTGTAACCACTAGTTTGCGGTTGACTTGAGTACTCTGGTGACTTCCTGCGTCAAGCGTTCTCAAGCTGTGAGAATGTGCGCAGCTCCAGGCAGGTTTTCTCTCGGAGAGTTAAGTCTTCCCTTGAAGGCAGGGAAGCAGGATGGATACACATATATCACACGCATAAAACACCAGGTGCGGGAGCAGCCCAGACTCAAGGCTGACTAAACTGGAGGCTGAATACCGTGGAGGTCCACATGCAGCTTCCCTGGAGGGCAGGCCGGAGGCGCTCCCGCCCCTGGGCTTGAGGATGCTGCACCCCGTGGGCTTCCAGGCCTGCCCAGATGATGCCTTCAGGCCTCTGTCCCTGGCGGCCATCCTCAGGCCGATTTTGACCAGCAATGATAGACTCTTCTTAACCCTTTCAAAATAAATTTTTCAGTGGGACAGAAAGGAGAGTTAAAAAACATTTTTTTAAAGGTGGTAACATCTGACCCACAAAGGGAATGGGTCTGTTTTATGCAAAATAAAAGTTTTTCAAAT,False
406,-126,-0.6336577,0.45669073,0.7484473,0.7313998,-0.8062452,0.1768779,5.3836284,-5.2038975,2.5228112e-05,4.7084727,-4.8750296,6.885066e-05,-0.9184195,0.5036971,0.80567,0.34621787,ENST00000451298.1,-126,CAGCAGGATTAAGAAAATTGTTCATTCAATTGTGTCATCCTTTGCAGTTGGAATATTTGGAGTTTTCCTGATCTTGTTGGATGTGGCTCTGATCTTTGCTGACCTAATTTTCACTGATAGCAAAGTTTATATTCCTTTGGAGTATCATTCTATTTCTCTAGCTATTGCTTTATTTTTTCTCATGGATGTTCTTCTTCGAGTATTTGTAGAAGGGAGACAGCATTATTTTTCTGATTTACTTAACATTTTAGATACTGCTGTTACTGTGATTATTCTGCTGGTTGATGTCGTTTACATTTTTTTTGACGTTAAGTTTCTTAAGGATATTCCCAGATGGACACGTTTATTTCGACTTCTACGACTTATCATTCTGATAAGAGTTTTTCATCTGGCTCATCTAAAAAGACAACTTGGAAAGCTGATAAGAAGGCTGGTTTCAGGAAACAAAAGGTGATACGAAAGTGATGGATTTGACCTAGACCTCACTTATATTACAGAACATATTGTCGCTATGTCGTTTCCATCTTCGGGAGGCCAGTCTTTCTATCGGAATCCAATTAAGGAAGTCATACAGTTTCTAGACAAAGAAACATCCAAACCACTATCGAGTCTACAATCTATGCAGTGAAAGAGCTTATGATCCTAAGCACTTCCATAATAGGGTCAGTAGAATCATGATCGATGATCATAATGTCCCCACTCTACGGGAGATGGTAGCATTCTCCAAGGAAGTGTTGGAGTGGATGGCTCAAGATTCTGAAAACATCGTAGTGATTCACTGTAAAGGAGGCAAAGGAAGAACCGGAACTATGGTTTGTGCCTGCCTGATTGCCAGTGAAATATTTTTAACTGCAGAGGAAAGATTGTACTATTTTGGAGAACGGCGAACAGATAAAACCAATGGCACTAAATATCAGGGAGTAGAAACTCCTTCTCAGAATAGATATGTTGGATATTTTGCACAAGTGAAACATAGCTACAACTGGAATCTCCCTCCAAGAAAAACACTGTTTATAAAAAGATTCGTTATTTATTCGATTCATGGTGTTGGAACAGGCGATGGATATGATCTAAAAGTCCAAATAGTAATGAAGAAAAAGATTGTCTTTTCCTGTACTTCCTTAAAGAATTGTCGGGTATTTCATGACACTGAAACAGACAGGGTAATAACTGATGTGTTCAACTGTCCACCTCTGTATGATGATGTGAAAGTGCAAGCTTCCTCTTCAGACAAAAAATAATATCCAAAGATATTTTGGCACTAACAGCGCTATCTGTAGCAAGAAAGTTGAGCAGTGTGAACTGTTGAGACTTCCAAGAAGACTTCAGAGAACCAAGACAGTGTAAAGGAAAACAGGAAAAAAGACTTGTTAGACATTATTAAGGGCACGAAAGTTGAATTGAGCACAGTAAATGTACAAACAACAAAGCCACCCAACAGAAGTCCACTTAAAAGCTACAACTGGCCCGCCTCAAAGAGCTACAGAGCATGCTCCAAAGAAGAGAAATGAGCCCGTGAGTCCTGAGTTGGTGGCAGCTGCATCTGCTGCTCTGTTTTGACAAGCAAACAAGCCAGAACTGCTCAGGCAGCTCCGTAGCATGAGGAAGAGTCAGGGGCACAGAGAGATGGAGAGAGACCTAGTTAGAGAGCGAACCATGTGCTGGATTTAGCCAGTCCTGCATTTTTCTATACTTCAAATCAAAACGGGCCATGCTTCACATCTACCCATGATGAATAGGGGTACTTTGATTAAGAATAAATAGAGCTGACTGAATTCTGAACAAGAAAAACATATTCAAGGGGAAGAGATGTAATAGTTTTGACGTGACGACAGTTACTAAAGAAGCACCTGAACAGACACATCACCTTCACTTTGGGATGTGGAATTTGCTAAATAAGCCACAGAAAATGAACATCCCTTCAGAATGGGTTTGAAGAGCTGATCCAGTGGATTAAAGAGGGGAAACTGGGAGTTTCCAATTAACAATGAAGCAGGAGCTGACTAAGGCTTTGGAACAGAAACCAGATGATGCACAATATTATTGTCAAAGAGCTTATTGTCACATTCTTCTTGGGAGTTACTATGGATCTGTAAATAACTGACGAAAAACCCATCTGTTTCTACGTAGTTGCTGTTGCCGACACAAAGAAGTCTTATGAACTCAATCCAAATAATTCCACTGCTATGCTGAGAAAAGGGGGCTGGCGGCATGGAGTCTTGCTCTGTCACCCATCCTCGAGTGCAATGGCACCATCTTAGTTCACTGCAGCCTTGAATTCCAGGGCTCGAGCCATCCTTCTGCCTCTGCCTCCTGAGTAGGTGGGACTACAGGCATGTGCCACCATACTGAGCTAATTTGTTAAACACTTTTTTTGTAGAGACGAGGTCTTGCTACGTTTCCCAGACTGGTCTCTGAACTCCCGGCCTCAAGTGATCCTACTGCCTTGGCCTCCCAAAGTACTGGCATAATAGACATGAGCCACTGCACCTGGCTCCTAAGTTCTTTTCTTGAATAATATCTTTCTTTTTTTTTATTTTTTGAGGTGGAGTCTCACCCTGTTGCCCAGGCTGGAGTGCAATGGCGTGATCTCGGCTCACTGCAACTTCTACCTCCCGGGTTCAAGTGATTCTCCTGCCTCAGCCTCCTGAATAGCTAGGATTACAGGCGTGCGCTACCACGCCTGGCTAATTTTTTGTGTCTTTAGTAGAGATGCGGTTTCACCATGTTGGCCAGGCTTGTCTCGAACTCTTGACCTCGTGATCCACCCGCCTTGGCCTCCCAAAGTGTTGGGATTACAGGCGTGAGCCACCACGCCTGGCCAAGTAATATCTTAATATCATGCCATTGACATTTATCCTCTAATTATTTCAGAGGTGGCCTTCAGAAGAAGGCCTCTTTGGTAAAATTGCTATTGAGGATATTTCACTGAAAAACAAATTTATCTTTAAATTTAAATCCAGGAAAAATTTAAACTTTCAGGCTTCTATTTTTATCAGACAGGGTAAAAAATTTATAACTCAGAATATTACCCTTTCCCCTCTTTGTGTGATGGATTGCTTGGTTTTAGTTACTGATTATTTAAAATAATAAGTTATTCAAATCTAGGATTTTGATACAATAGTTCTTCTCTAGAATATAGTGTGTGTGTGAGAGTATATTTAAAATTTTTATTAAGGCCCATGGGGCAGCCTTTGAGGAAACCAGACCTTGGGGATCGCCAGGCAGGATTAGTGGCAGGAATTGAGAGAACAGAGCCCCACAGAGCTCCTCGGGGACCGTCCCCCAGTCACAAGAGTATCTCAAGGAAGTAGTCTTCTCCCACATCCCCCAAAGATAACTACCAGAGGGTCAGTTCTCTGAGCCCTTCTCAGTGTAGAAAAGACAAGTGTCAAAGCTTCCCCACTCACCCTGAGTTTGCCTTCTATGACAATACGTCGTTTGGCCTCACTGAGGCTGAGCAGAGGATGCTGGACCTCCCAGGATATTTTGGGTCAAATGAAGAGGATGAAACCACAAGTACACTTAGCGTGGAGAAGCTGGTGATCTAGACTGAGAATCAGCCTGAGCTTAACACAGCTGGGGTCTGCTACTCGCGTTTTGTAGACTTTTGTGTAACTATTTGTACCGTAGGACAGAATGTGAGGAGGAAGTAACACACACAGAGGAGGATGTGTGTGTGTGCATGTGTTTGAATTCACAAGGAAGAAATTATTTATCTTGAGCTTTTTCCTTTGTTATTCAGTTTTTATTGGTTTATTACTAATAATGATAATAAAATGTAAACAAGAGCAAA,False
407,-1054,1.8053772,-1.8357692,0.025552228,0.8191241,-1.2501737,0.11211692,2.005295,-1.5988679,0.026489427,-1.4509522,1.448837,0.9478361,-0.16657895,0.29090315,0.6124167,0.34488225,ENST00000442823.2,-1054,GTGGTTTTTGCTCTGGGTCCTCTGGGATGGCGCCTGGCTGTGGCCGCGTGGTCTCTCACGCAGGGGCGCCGGGCGGGGGAACGCGGCCACCCTGAGTCTGGTGAGTCGACTGCGGCGGCCTGTGTCCGAAGTGTCCGGGGCCGTGAACAAGGGCAGCGGCCTGGCCTCAGGCCTGCGTTCCCACGTTTGGAAACGGGGAGCTTCGTCGATTTGTGTTTACATCATCGACTATGCCAGGGAGTTCTCCAGATAAGCCTGGTTTTATTTTCGTCAGTGAAAAGGCCTTACCGTATAACTGACTTTATGCTTGCCCTGCCCCCGTATAAAATAACTTAAAAGCAGCGTGCCTGGTTACAGCTGTTTCCACGTGCGGTGCTCGTCGGGAGTGATCACCTACCCTACAGGATGTCCTTGGTGAGGATTTTGAAAATTTGATCTTCACAAGAGTTGCCTGGATCATTTGAAATTTCTGGGAGTCTGAGGAGTACTGACATAATTACCTGCTGGAGTCTGTAAATACACATTTAAGACAGTGAGGATGTGAATAAATATATTAATGCACTTTGGCATTTGTGTTT,False
408,-1162,4.6397476,-4.8040047,7.917647e-05,1.0471995,-1.3307866,0.08486685,-0.21451458,0.45205712,0.6607351,-1.9346725,1.8294014,0.97733647,3.8940663,-4.1475625,0.00032168088,0.34466785,ENST00000520023.1,-1162,GCCGGCGTTCGCGAGCGGGGGCGCGGACGCGGGCGCGCGCTCGCCACTTTCCCGACCGCGTCCGAAGACCGCCGAGGCCTCCCGCAGCTCCGCGGTGACACCCGGTTCCTCTACTTGGCTCTCCTCCAAAGGTACGCGGCCACAGCAGGCAGGGGCTTGGCAGTGTGGGAGGAGACACCACAGAAGACAGGGAAGAACTACCAGGCCTTGGTTCATCTCCACACTGGCGAGAGAGGACGTGCAGTTACCTGCTACCTGTTCGACTCAGTCTTTTACGTTGGAGTAACTTAACACATTGCTGCCCTTAACTTTGACTTACTTGCTTTTAAAGATGATGAAGCTGGCCAGGCGCCGTGACTCATACCTATAATCCCAGCATTTTGGGAGGCCCAGGCAGGTGGATCACGAGGTCAGCAGTTCAAGACCAGCCTGGCCAACATGGTGAAACCCTGTCTCTACCAAAAATACAAAAATTAGCTGGGCGTGGTGGCGCGTGCCTATAATCCCAGCTACTCAGGAGGCTGAGGCAGGAGAATCACTTGAACCCGGGAGGCAGAGGTTGCAGGGAGCCGAGATCGCACCACTGCACTCCAGCCTGGGCAATAGAGCAAGTCTCCATCTAGGGAACAACAACAACAAAAAGATTATGAAGCCTTAGGAAGAACAGGGATATTCACCTGCTGCTGAGCCCCCCTCCGCTTTGATCTTGGAAGTATCGGCTGCCAGATAGGGAGCTGAGACTTCAAGAAGCTAAATAAGGTGTCCAACACCACAGAGCAT,False
409,-127,-0.4480641,0.32616276,0.6844346,1.1342094,-1.2798288,0.08210847,1.268599,-0.9087801,0.101800315,-0.97988176,0.76511896,0.85132116,2.7928991,-2.8631508,0.0034841194,0.34462973,ENST00000436290.2,-127,GAGGGAATGTTTGTGAATACATCTGGTGTGTACTAAAAAGCTGGAAAACCCCTAAGTAAATGCAATATCGATAGAAAGCGAGTTTCTTGAAGAGTCATCTGCTAAACTCCACTAGAGTCATCTCTACAATAACAATATCAACTGAATATAAAATATTAATGCCATGGATGATCTCAGAAATGATTTCCTACAAAGTCCCAACCTATCCTGGAACATTTCTTATGTGTGCTTGGGAGATTGCAAGAGGACAACTCGGCTCTAAAATCGATGCATTAACATGTCATTGGAATTGACCTTGCCAAAAGATGCCTCCCTAAATCCACAAGAATCTCCTTGTTTGAACACAGTTTCTAATCCAGCTGTAATGAAGACAGACAACAGTCAAATTAACAACTGATCAGGAGGAGAAGTTCATACTCCTTGAGCTGGATCTATCTGCACATGCACCTGGCCCAGGAAGCTGAAATGGGAGATCTGATGAGCAGTGGAGGACTGAACCAAAGCCCTTGGCTTTTGCTCCATACCAGTCAGAGTCTCATCAGGATATCATGTTGCATTGAGTAGTCATGTCTCCACAGGCTTTTCTTGGCTGCGACTCTTACTCACGTTTTCCTTGGTTTTGCCCACCTTACAGTTTACAGTAGTGGTCAGGTATTTTGTAGTATGTCCCTCACTTGGGCTTTGCTTGATGCTTATCTCCTGAGAAAACTAGGGATATGTATTTTGGGGAGGAAGGCCACAGAGATGAAGTGACATTCTTTTCACATCATATCAATGCTACATACTATCAAAAGGGCTTATCACTGTTGATGTTAATTTTAATCACCTGGCTAAGATATTCTTTTTCAGGATTTTGACTTTAAAGTTACCCTTTATGCTTTTCCTTCTCATAAAGTGCTCTTTGAAATGAAGTCACTCTGTGCAGCAGACATTTAAAAAGCAGGAAATTATGGTGACAGAGTATCTGTATAAATTATTTGCAGTTCTTTTATTTTCAGAGTTTGGAATTATAGCACTCCTATAAATCTTATTACTAATGGTGCCACAAATTGTGTACTACTGATATGTATTAGTGCACAACTTAAAGCATGTGGACATGAGCTGTATTTGAAAAAACATTCAGATGGAAGAGCTACCTGATTTGAAGTGAATCTTAATTGGAACTTAATGATGCCTCCTAGTAATTTACTATTTTAGCTGAACCTACAGTATCAGCTGTAGCCCAGAAAATATAAGAGCTACAATTCGTACAATTCAACATCAGCTGCCAAGGCCCACCTGGACTGCACCTGCAAAACCAGCTGTGGTTTCTTTGCTCTCACAATTCATGTCAGTGTTTTTCAGCCAATGCATCACTGGTTTCGAATTTTATACTGTTCCTCTCTCAGTCCTCCACCCCTCTAGTTTCTAAATGATAGAGAATAATTAGGTGAGGTTTAAACTCTCAGGATTATTCAGGGTTTGTGGAGAGTAGGAAGGTTTCTTCCAGGTTACAGCACAATTTAAGGAGCCTGGCAAGAAGCATCCAATATTAGCAAGTAGAAAAGCAGCATAAGTATGAGGTTGGAACTTCCCACGATACTTAGTACATGGAAAAAAATGTAGAACATACCAAAAAAAAAGCAAATTGTAAAAAAATTTCACAAATAAAAATACTGTTATGAAAATTATAATT,False
410,-469,5.445526,-5.5560474,1.6675162e-05,-3.6234193,3.3526134,0.9990669,6.961881,-6.677474,1.1926224e-06,-0.45966145,0.4617729,0.7153343,5.448755,-5.771083,1.3405433e-05,0.3428865,ENST00000521851.1,-469,ATCTTGTTACCCATGCAATGTTGGGGTCAGAGAGTGTAGAGAGTGGTGTGGGGAGAGTGCAGGCTGAAGAGTTACCTAAGGTCAAAATCCTGACCTATGAGCCAAGCCATCGATTTGGGATTTCTACTGAGGACACTGGAAGTCACTAAGAGCATCTGAATGCCTGGACCCACGCCTTCATCAATCTACTGTCAGGGATAGATTGTGCATTTTCTGTGTCCCAGTGGGTGCCCCCCCCCCAAAATAGAGCAGACAAAGCCTGGCCTGCGAGGGTACTGGTTTAGTTCAACAAATATCCATAGAATGCCCACTTAGGCAAAATGGCATAGGGCAGATTGCCAAAATCAGGGTTGACTCGGCCTGGAGCCATGAAGTGGGTCCAACAGGTCTCTGAACTGAGGCAGGAGGCCCCAGGATCCCGAGGTGTGCTGTAAAGCCTTTGATGACAGCATCTTGTGCCTAACACCTGACCACATCTGAGCCACTAGAGACAGTACCTGATAAGGATGCAGATGCCTGGGCCCTACCTTCCAAAGTTCTGGCTCAGTAGGTCTGGGG,False
411,-147,0.6343851,-0.6778026,0.21212101,-0.48877633,0.22622404,0.67150515,4.1849027,-3.7064488,0.00037382392,-0.82913065,0.75562894,0.82987756,4.7335086,-4.977313,6.0620234e-05,0.34278765,ENST00000556225.1,-147,CAAATAGAATCTTATCAGATAAGTGCTTTTATAAGTCTAAATATATTCTTTGGAATCTCTAAAGCAAAACTTTTAAACTTTTTTTTTTTTTTTTTTTTTTTTAGGTACCAGCATCAAGATGATTTATGGTAATAAGGTACTCAGTCTTTGCTTAAAATAAATTTTACGTTTATCAAAGTAAAATTTACCAGCTTTTTTTCCTAAAGAGGCTAGTCATATCTCATCAGTGGTTACAAAGTATCCTTACAATTGAACCTACATTTGTTAATCCTGTTCAGTGTGTATGAAAATCACTTGGTGGCCGGGCATGGTGGCTCACGCCTGTAATCCCAGCACTTTGGGAGGCCAAGGCGGGCAGATCACAAGGTCAGGAGTTCGAGACCAGCCTGGCTAATATAGTGAAACCCCATTTCTACTAAAAATGCAAACATTAGTCAGGCATGGTGGCAGGTGCCTGTAGTCCCAGCTACTTGGGAGGATTGCTTGAGCCATATGCTCTAATATATTTTAAAATACATATTTTAAATATATTTTGAGTGGTAAAATGTAGCAGATAATGTTACATAAAAGAAGCCATGGTAATGACATGACATTACTGGTTTTGAGTTGTTTGTGTAGTAGTTAGCTATTAATACTCAGGTATAATGATTTGCTATTTAAACTACACAAATGCTCAAAGTCCAGCGATACCCTGCACCCAAATTCAGTGGCTAGATTACCTTCTTAGGAAAGCACAACACTTCAATGGAGTGACACTGGCATGAGTCCACTAGAGGGTGTGTATACATGGCCTGAGTTCAAATTGTTCCTGCTGTGAGTACTGCTTTTCAGCTTCAAGT,False
412,-817,1.5608299,-1.8317442,0.032528352,0.012386918,-0.4051136,0.39711502,3.3925788,-3.0080426,0.0016577725,0.28537104,-0.29216602,0.3594995,-1.2036446,1.2499049,0.92082065,0.34232426,ENST00000422740.1,-817,CTGCTGTCGGAAAATGTCCAGAGGCACCATCCCTGCTATGAAGAGGGAATGCCAGTACAACAGCCACAAGGGGTCTTCCTGTGGCCCTCAAACAAAAAATCACTGCATTACATCAGCAGGCCGGACGCGGTGGTTCATGCCTGTAATCCCAGCACTGTGGGAGGCCGAGACGGGCGGATCACGAGGTCAGCAGATCGAGACCATCCTGGCTAACACGACTGCATTGGAGAGAAAGGCGCCGGGACAGAAAAGCCTGAGATAAACCACCTGTCATTCTTGGAGAAAAGGATGCTGCGGCTTTCCCGATTTGGTTGATGAGATGGAAAATCAACCCTTACAGGAAGGACATCACCAATTCCGGAAAGGATGCTGCGCCAGTCATGTTTCCGCACTCTGTGAGACGTTGAAATCTCCAGAAGTTGCCCAAGGTTTTCAAGCTGAACACAGGAGAAATGACTCTGGATCTCTGAGGACTGTTTTCCTCAATAAGGAGCTGCAATCTTGGCTCCACCACCCTCCCTCCAAAACATCTCGTGTGTCTGGTATCTGGTTATATTGTGGCCTGACAGAGAAGTTTCTTTCGGGGCCAGTGAAT,False
413,-654,3.5736725,-3.5564933,0.00079994596,-1.7866212,1.5798409,0.96663976,7.327147,-7.182337,4.9958714e-07,7.4511986,-7.38972,3.5864997e-07,-0.6835576,0.34696573,0.73701733,0.34089157,ENST00000499685.2,-654,CAGGCTCTGCGCCAGTGCATCCTTCTCCAAGAGTGCGCTGCCTGGGCCCGCTTGCCCTGGAGTTAACTTCAGCAGTCAACGGAGAGAAGAGTGGAAACCTTACTGGATGCGGACAGGAGAGCCAGTTACTGAAAGCAGATATAACGCGGATCCTGTAAAGAGTGAATTGTATATTTCCACATATGCTGGACAATAGGCAGAAAGTGGAGACCCAAAGAACTTGTGATATGACGGACATAAGAAGCTTCAGTTGGCCTCAAATGTCAAATAATATCCTTCCTGAATAATCAAGAATGTCAAGCTTTTACTTTCTACATCTTGGACTGTACTTTGTACCAATCTCAAGTCCCATATGATGCACTTTCTAGGTGAAAAGTTTTTTTTTACAGACCTTAAATTTTTCTTTATTTACTTTTTAGAGTGATGGTATATATTAGTTTCACCACGTTAGTAATTCATGCTATATAAATGATAAGCCAAAGTAAGAAAAATAGTGAAATGAATTGCAAATCTAACTACATTTTTTAGTTTCCATAATCACCACAGAAATTGCTGTTAGTGCACTTGATCCAAGAAGAGTCATTCACAATCTCTCCCTTGCATGTTTCCCACCTGGATACAGATTCGTTTAGAGGTCAGCCTCTGACACAAGATCAGTCAATCCAATGCCTGCCATTATAGTTTTGGAAAGGTGCCTAAAAAGACATTAATTTTCCTCCAAATGACAGAAACTAAAGGCAGGTGAATGCGGCAGCTATTGGTGTACTTGGATGCTGAGGATCAGGCAGAGTGGCTTGGTAATGAGAGAGATGAATGAGACAGACACCCAGAGAGAAAGGAAATTAAGGAGCAGTAAAAGCATTTTACACCCCTCCCTCCACTCTGCCAACCCTCAGGGCTCATACACTTTTGCTAACTATATCACTTATGTGCTGTTGTATACCAAATTACCTCAAAACTAAGTGGCTTAACACAACAGCATGTATTATCCCACAATTTCTGTGGGCTGAGAATCTAGACAGGGAGTAGTTGGATCCCCTGTGTCAGAGTCTTCCACGAGTTTGCAGTCAAAGTCCTGACTGAGGTTGTGGTTTCATCTGAAATTTCAAATGGGGAAGGATCCTTTCCCAAGTTCACTCATATGGCTGCAGTAGGATTCAGTTTCCTGCAGACTGTTACACTAATAGCCTCAGTTTCTCACCACCTGTTGGCCAGAGGCTGCACTCAGTTTCTTGTCACATAAGCTTCTCAGCTCACAGCATGGCATCTGCCTTTGTCAGAGTGAAAAGAGAAAAAGCCACCAAGAAGGAAGTCATGGTCTAATCTTGGAGGAGAATCTTATGACTTTTGCTGCTCTCTTCTTGTTAGAAGCCACTACATCCAGCCTCTACTCATGGGAAGGAAATGACACAAGGTGTGGGTATCAGGAGGCAGAAATCTTTGAGAGCTGTTTTAAAAGCAACCTAACACACTGACATATTTCAGTCCTTAGGCACTGTAAAATAGCCCAAATATCCCTGCAGTACATCTGAATGCTTGCCTAAATTCTCCAAAATTCTTTTCTATTATTTACAATCAAAACTTCTTACATATATCGAATAGTTTAATTAAATCCAAATTTAGAATCAAGAGGCAATTGTATTATGAGAAAATATATTACTACATTTCTAAGTTCCTTTGTCACACATACACAAACACAACTAACAGAGTATTTAATAGTGATAAAGGCTGAGATATGAGAAAACAAAATACTAGGAATTCTTACTACTAGGAAAATAAATCCTATGAAGATGAAAATTGCTGAAATTTTCAAGTAGATAGTGAAAATACATGGTGGTTGTGGCATTTCTTCCTCTCCTCCCCTTCTTCCTCCTCCTCCTCCTCCTCATCCTCCTCCTCCTTCTTCTTTTAAAACCCTAAATACTTTCATGGAGGTCATTTATTTTTCCATGCTTTTCATTTTCTAAACATCTTAGTTTTCTCTCATCATCTTATACAGTGGAAAAAGTAAGCAAAAAAAATAGGATAACACTATGATAAATTTGAATGTTTCTCTGCTTCAGATTACAAGGTACGTTTTTGTGGTAATTATAAAAATTGAAAAAAAAATGGTGAAAACCCCTTATCTTGGGTTACTGTGTCAAGTAGGAAGTTGAGCAGCATTTCAAAAAACACCTTTAGCAAAAGTCCCCTCCCTGGTTTTTCCTGCAAACATTAACCTCAAGCGTTTAGTTCCTTCCATATTATTTATACATTTAACCTCAAAATTTTATTTAAGAAGTCACAAGAAGATCTAAGAAAAGGCCCAAATGTCAGCCATCTGTGGACCAGACCTGAAAATCTTCCTGGAGGAGATGAAAACCTCTCATTTCATAGAACTGAAAAAGGGCCATTGTATAGACCAGCAGCTGCGGTGCAGCTCCTCCAGGTCTCACCACTGAATCAGGAATCCTATAAATATGCACCTCAACCACATAAACAGTTTCTCTTCAGTTTCTGGATTGGAGTTTATCTTTGCTGTGCAGAATCAATTTAGCTTTGGACAGAAAAATTTGCAAGAAATCAAAAAAGCGGGTTTAAAAAGCAAACAAAGAGACAGGATGGGCACGATTTCCTAAACATACCAGAACAGAGCCATGTGTTGGATGCTATATAAGAAAGCAAAGAAATTCCCAAAAGATTACCTCAAGTTGGTTTCTCATTTTGGTAAAGATTTCTTGTGTCTCTTGGTTCTATCAATTTAAATAGAGCCTGAAAGATACAATGACAGTATAAACTATGTCCAAAAGACCTCCGAATCGGAAAGGGAAGTTTGGTGCCTCCCAAAAGGAGGGTGAGGGGCAGGAGAATATGGTGAATATATATCACTTTTCGCAGGCGCCTCTTCTGGATTTTGACCGTTATAAAGCAGAACAAATAGATAAAGAAAGAAGACTCACAAATGGCTTTTTTCATTAAGATGATATACCTTTCATTTCTACTTTTTCTCAGTTGATAAGCCCCAAAATAACACAGAGACACTGAAAAAAGCCTTCTTACAACCTTCTTACAATTTTCTATACTGCCAGTTTCACCAGCCTTTTAGGTGTTGGTTGGGACCCTACTGGCCTCTAACGCTGGTTTTTTCAGTAGTGTATCCACCAACTGGTTCTGATTGGCACTTTTCATCTTCAAATATGCGATGTTCTGCCTCACTGACAATGGCAGATGGGCCAGTAAATCTCAATCTTGACCTCACATTAGGATCACCTGGGAAAGTGTTAGAAAAACAAAATCCCAGTGTCCAGGCTTCTCCCTGGACCAATCAAATCTGAATCTCTAATGGTAGGATTCATGCACTGATATTTTTTGAAGCTTCCCAATGACTGCCATGTGTGGCCAAAGCTGAAAACCCCTGTTAGATTCTATTTTGGTATATTAACTATGATCTTAACTAATGAAAGTTGCTGAACTGCTGGGGAACTTGACTAAGCAATGGAATATCCCTTAGAAACACAATGAACACCCACTAATTTTAGGCAGTAACACAAAATTATTGGGGCCTTAATATTCTCTTTAGAGAAATACATTCCACAGAATTCCACAAGTTGTAGATGACATGTTCTCGCTTATGAAAGAATATGCCACCAGGTTCATAGGAGAAAAAATATGGTGCTGCTTTTACTAAGCCACCAAAGAGAACAACATAAGAAAATCATCAATTCCTAACTATGGTGAAAGTGCCTATAATATATCACAAACATGAGAAGCAACCTTTTCACCATTAAGTGGACTCTGACAAAGCAGTTAATAGAATCTTGAAGTCTAGAAGGAATCCTTTAAGATGTGTAATAATACTATTCTACACCTGAGGAACTTAGGGTCAGAGATAAGTGGCTAGTCTGATAATTTACTGCTCATGAGGGGTGTTATAAAAACTGCCCTTGTCCTCATTCCTAGTCCAGGGGTTGCATTTTTAATGTACACAGAAGCATTTAATTTCATGTATGGCCAATAGTAAACGCTCAATAAATTGTAGCTGTTGGGAGAAGTAATGATGATAGTATTAATGATCACATTGGTAATAATAATGTCTACGGGGTTTTCCAGTGTTATAAACACTGCCTTAAAATCCTTAGCAAATAAAAAACTATTTCTTGCTGGGCACAGTGGCTCATGCCTGTAATACCTGCTACTCAGGAGGCTGAGGTGGGAGGATTGATTGAGGCCAGGAGTTCAAGGCCACCCTGGGCAACATAGCAAGACCCCATCTCTAAAAACAACCAACCAAACAAAAACCTATTTCTTTTGTTGATGACACCTTATTTATTTGAAACACAAGAAATTTAAAAAGCAAAATAATAAACAGGGGAAATAAAAAGCCTTTCATTTAGAGCTGCAATGAAAATTTAGCATAGTCTTTCACTATTGAATGACTCATCAGTTGAACACTTTATGTAATTAATTATAAAATATATGTAATTTGATCTGATTTTGTCTAGAAGATTCTAGAGTATCATTTTCCTTATGCAAATACTATACATATGTTTATATCTAAAGAGTTAAAGGTACTTTCACAGGTTATTTAATTCAATTCTCACATACAATTAGAAAACGGAGATATTATCCCTCCTTCTTTAAAATTAAAAAAACATAAGCTCAGAGAATGAAAGGGGACGTGGCTAAAGTGGCTCCACTAATAAGTGGCATGGCCAGTAGTTCATCACAGGTTTTCCACCTTTGAGACTGTCCTTAGGTTACTTCTTTGGACTATGTCACTCTGGCCTTTTGAATAATTAACTTTACAGAGCAAGAGTGTAATGCTATGTCCCTGGCTTTCATCAGGCAAAATGTGAAACACATCCATTTGAAAACTTGCTTTTTGAAAACACAGGACCTCATTATGTTGTTCAGTGTCTCTCCTTTAAATTCTCAACGACAAATTATTCTCCGAGTTCAGAGTCAGGAAAGTATCTATATCATCCACCAAAACCGGGAGCTTTCTTTTGTTAGATCTAGAGAGTTATATGATCCATTGAATGTCCCTCCTTGCCTTGGCTTCTAGGGTGCTCAGAGCAAAGTTTTATACTTAGTCACTCCGGTTCTGGTTCTTCTCAATCCAAGTTTCTATTGCATCCTCTCTCTCTTCCCCTTCACCTCCCAAACCACTACCACCTTTAATATATTACTTTCGCTTTTTGTATTTATCAGTGATTCAATTTTATTTTACTGTGATTTTGGTAAACATCCGTAGTGTTCAACTACTTGGCAGATTTGTCCCCCTTTTTGTGATAATAGAACTCTAACACTTCTTGGTTACATCACATGTTTTACTATCTGATGATTATGTTGGTCATCAATCCTTCTTCTGCAAGGAACACAATATAACAACATTACAATGCATCTTTGTTTTGTTTTTGCTGATTTGGGTAGAACATAGCAAAAATAAAAATGCGTTCATTTTCTGTCATTTTGGTAATAAATCTGAAGCCATGCTTAACAGAATAGTTTTAAGTTTAAAATGAAATAATTTTATAAATATTTTACCCTTTTAAAACAAGGACGTCTCAGTTCTTATGGCATCAAGATGCTCAAATTAAATTCACAAGGCTCTTCAGGACCAATTATATCGGTGTTTAACCCTCCCAGTGTCTTTTTTGCATCTTAATATCATTGATTTCTTTACCAATAATGCCAAATACAGAAACTACCCCTGCTTA,False
414,-4,-0.26679587,0.2545113,0.6274534,1.3289169,-1.6927875,0.046454914,1.0583866,-0.6007977,0.15987155,1.6312827,-1.5419669,0.040184885,-0.8159524,0.72210735,0.82318246,0.33942944,ENST00000432961.1,-4,GCCCAGGCACAGGCCCCAGTGCACATGCAGATCCCACCGTGTCTGCACAAGGCCTTGCCCCAACGAGGCCTGGGTGCCGTGTGAGGGCCGGGACGCTAACACAGCGGAGGGTACCCACGCGTGAGCTGCTCTGGGGTCCCTCCCCGTGTTTCTTCCTGTAATGAAACTTGTACCCAAATGGGATATGCAGGGTTGCACTGTGCAGTCGCTGTGTGTTTTAGGGTCTCATACCCGTGTGCGCCAGCAGGACCACAGCTGTGACCGGCTGCTCCAGAAGAAGTGGGTGGGTTGAGACCCCACCGGCAGGGTCACTGGGGGTAGCAGGCCCTCTGTCAGCACTGACTTCTGTATCATGTCAGGGATTTTTAGGGCGGCAAGCTCAGGTGGACAGGCAGTTTTATTCTGTTTCCCATGTCAAGTCCAGCCCCAGACTGACTTTCTGAGGTCACAGACGGAGCCTCACCCCATCCAAGGCGGTGTCCTGGACTCCCACTGTGCTCCCCAGAGGGCAGGCGTAACGAGAGGTCAATAAGATTAAACGGGGGCTCAGGAGAGGACCAGCGTCAGGCTCACTGCGAGGTGCTGCACAGAAAACCCACAGCCAGAGCCCCTGGGCCCAGCCCAGGCAAG,False
415,-268,1.851738,-2.0038066,0.020723524,-0.26859367,-0.058915526,0.55222833,1.5562984,-1.1912531,0.06022509,1.08415,-1.06094,0.10479093,-1.5513875,1.6028214,0.95907426,0.33940843,ENST00000588286.1,-268,GCCATGCGGGGCCTCTACCGCTGCCATCGCGGTCCCGGTCTCCTGAAGTGGAACCCGGCTTGGAGTCGAGCGCGACCCCTCGCCCGTGGGCGCAGGCGATCGAGTAAGGGTGGGGCGGGCCTCAAACCCGGATCAGAACCCGCCCTGACCGGCGCAGAGATACGGGACGCAGCCGTGAGCACTGTTTTTTATTTCACCATGGACCCATCGGCGTGGGGCGCCCGCCCCGGGTGTCCTTCCTCCCCCGGGCAGCCAGATGCTGGAACGGGAGGCACATGTTCCGGCCCCGGCCCCTGGGAAGGAAAGAAAGGACCTTCCCGTTTCACTTGTCTCGGCTGAACATGTAGCGGAGGAGGTCGACCACCCGGTGACTGTAGCCATATTCGTTGTCGTACCTGTGGAGGAGGGGTCGGGAGGTTCAAGGGGGTTCCTTCCGACCACCCCTTAGTTCCCCTCCCTCTAAGTCTCCAGCTCCTTCCCCCTTACCATGAAATGAGCTTCACGAAATTGTCATTGAGCGCAATGCCGGCCTTAGCATCGAAGATGGACGAGTGGGTATCACCGAGGAAGTCCGTAGAGACGACCTGGAAGTCAGAATTTCAAAGATAAGTGTGTCCGGCAGAGCAAGGACCTCCAGGAGCTGAGGCCCCGACTCTTAACTCTATCGCCCATCCATGCATTCATCTATAATATTTGATGTAGCCCTACTGTGTCCAGTCTCTGGACTGGAGGGTATGACCAAGTGCAGGGTATGACCAAGGCACTGTGTCAGGGTCTGGCCAAAGGGCACAGGTCACAAACACCCTCATGCTGTACCAGTACATCCCTTTCCTAGGAATAATGCAAGCGTTTGGAATGGGCCAGCATGGAGGGCCTCTCTGAGGGGTGGCCATGAGCCTGGGTCTAGATGACTAGAAAGATCTGACCGGCTGGGGCCCTCAGCACAGTGTCTGAGGTAGAAGGAGCTGCAGGAAGGGAGGACCTGAGGGTTTTAGCCCTAGTGTCATGAAAGGCCACAGGAGTGTTTTCAATCCTGAAAACGGGTGATGCAATGTGATTCCATTAAAACAAAAGATCCCAGTGACTGTGGGAAAGTGGACCTGCAGGAGTTAATGCAGGGAGACAGCACCAAGGTGGATGTACAGGGGTCCACCATGACCATGGCATCCACTCCTCACAGAGAAGGCATCTGGCCATGGCCTGGCCCTGAGCAAGTATTGAAAAAAATGGGAGCTGTTGTCTTTTGTTCACTAAGCATGTATTAGTCACCTGCTGTATGCCAGGTTGGAGCCACAAAAGTGAAAAGGCAGCCCCTAAATCCCTGTTTTCTTGGAGTGCACACACCACTGGGGCCAACAGTGACTATGAAATGAAATTTCAGGTGAGGAATATGGCCACAAAAAGAACATATTTTGAGGGGGTGCCTTGCTGAAGAGGGAGGTTCCTCCAGAGACTTGGAGGAAGTAAGGACAGACTGTATGGTCACCTGGCAAGGGAAGCATTCCAGACTAAAGGAACAGCAAGTGCAAAGGCCCTGAGGCAGGGAGATCTCCCTTCCTGCCCTGCAGTTTCTGACTTGGCACATTGAGAGCAGCTCCCTGGCAAGTGGAAATCATGTCCCTTCCCAGAGGGCTCCTCCCAGGGTCTCCTCTCCTCAGCCCCTACCTCATCCTCGGTGTAGGCAAGGATGCCAGCCATGGGCCCCTTGGCTGCTGCTTTTACAGCCTCCTTGATGGCTGAGTAGGGGGCAGGCTGGGCGAGGCGGCAGGTCAGGTCCACGACAGACACATCCGGGGTTGGTACCCGGAACGCCATCCCTGTCAGCTTCCTGGAGAATCCCCCATGAGGAACAGGAGTCAGAACTTAGGGACGTTGCCCTCCATTCCCCCTTTCCCTGTGGCTGGGCCAGGCCCCTGCTTTCCTCTTAAGGACTGAGGGCCGGGCCAGTCCAGTCCTCCTGGCGTATGCCCCCACCCTGGTTGCAGCTTCTTGTCCTCATACCCTTTGAGCTCTGGGATGACTTTGGTCACAGCTTTCGCAGCCCCAGTGGAGGCTGGGATGATGTTCTGGTGGGCACCCCGCCCATCTCGCCAGGCCTTCCTTGATGGCCCGTCCACTGTCTTCTGGGTGGCCGTGTAGGAATGGACTGTGGTCTTGGGGAAGAGAAGGACCAAGATGAGGCCTTCATGCTCCTAAGCTCCCATGCCTCTTTTTTCCAGGACTAAGTTGGTGGCCTAGGTGTGGAGGCTGGTGGGGCCACCACCACAGACCACAGGAGGGGATGTGTGCAGGCCAGGGTCCAGCCTTGCCTGAGGGTTGCACAGTGTTTTAAGTGACTTCTGCACTGGTGGGCCTCTCCTCCCGAAACCAGTCTCTCCCTCTTAACTCCATACAGTAAGCAAGGCCCGGGAAGAAGTTGGGTTTCCCTGCCATCCTTCCTGCCCCAGCCCCTCATCCTCAACTCACCATCAACCCTTCCACGATCCCAAATCGCTCGTGGATGACTTTGGCGAGGGGAGCCAAACAGTTGGTGGTGCAGGACGCGTTGCTGAAACAGCCAAGGTGTGCACGGACACTGTGAGGTGAGTCGCAGAGCCACCCCTCCACCCTTACCCCTCTTGGGGTATGCACGCAGACTTGGTTTTATGAAACGTCAGGATGAGGGTGAGAGGGATCTGTGGGGACACTGTCAGACTGAAGGAGGCACTGAGGTGCAGCTGGGGAGGCTCCCCAAGCTTGTCCTCTGGAAGTCATGCGTTTTTAGCAGATAGTTTCGGGAAGGAGAAGCAGAAGCCAAGCGACCAGGAATCCAGTGGGGCTGAGGGTGGGGAGGACGAGTCTACCCTCCCTTCCACACATTGCAGGATGTCACTGCCCACATTACCTCACAATGTTCATGGAGCCAGGGTTATAGTCATTTTCATTGACACCCATGACGAACATTGGTGCATCCGGTGAGGGCGCGGAGATGACCACACGTTGAGCACCTGCAGAGATGTGGTCCTGGGGAGGAAGCGCAGGTGTCAGGGGCTTCTGGCACCATCATCCCCCCAGCTAGCCCTGGGCACCTCTCCCCAGCTTACCGAAGCTGCCTGTATGGAGAGGTACACGCCTGTGGACTCCACCACGTAGGGGCTCCCGACAGCCCTCCAGGGGATCTGTTTGGGCTCTTTGCTGTGGGGAAGTGGCAGGGCTGAGTCAGTCTCCCCTGCTTGAGCCCCACCTTCATAGTCCATGGCTTTCACCATTTGACAGGCTGAGCAGGTACCGGCCCACCTGCAACCACCTGCGTCCCCTACCCCACACACCTACTTGTTCCAGATGGGCTCCACCCCGCTGGCCTAGCTTTTCACCACTGCCCCACTTCAGACCACTTTCCCTTTGCTGATTGCACCACCCCTGTTATGCCTGGGTACAGGTGGTGACCTCCCCAACTCAGCCCTCAACCTCCTCAGAGGCGCCAATGCTGACTGCTGTCAGCCAGCCCAGACCCTTTCTCCATATGCTGCCCGGGACGTGGACTCTGTGACTGTGAGGCCTGCCCGGCTGCTTTCTGCTTCCCAGCTCTGACAACCTCGCCATGAACCCTCCTAGACCCTCAGCTCCTGCAATAGGAAGCTGGCTGCCAAAGGCCAGGAGGGTCCCTGAAAACAGACACTGCATTAAAGAAAAAGCTCCTGGAGGACTCCTGAAGCCTGAGGCAGCCTTGGGGCAGCAGTGGCTCATGGTTTACATTGGAAAGGTAAGGGAGGTTTCTGGTTTCCTGTTTTATAAATTTATGTTTTTACTTGGTATTTTGACAAACATTTGTATTTGAAGCACACTAAACATCTAGTATTGCCGTTTTCTACTTGGCTTTAGCAAACAAGCATTAAGTGAATAAACTGTTCCACTTTCTTCCTTCCCAGGTT,False
416,-924,-3.9035952,3.8541183,0.9995727,0.8007988,-1.2737466,0.11159561,4.2438593,-3.731385,0.0003437526,2.8839333,-2.7135723,0.0036934076,-0.21075952,0.054118812,0.5658351,0.33620813,ENST00000424235.1,-924,GGCCTCAGTCCTTCGCCGTCCCTCGCCGTCCTTCGCCATCGCACGCCACCGCACCCCATCTCTCGAAATCTGCAGACATCTTGATTTTTCCCACGCTGTCTGTCAGGTCTCCGCCGCCACTCGACGCCAGGGCGCCGGGTGAGTCCACAGCAGGGCGCATGGTCGGCTCCACTCTCACCATCGGGGGAAACTGAGGCCCCGGGGAAGGCGGCCAGAGAGGTCAGGCCCTGTCCTTGGTGCAGTGTCTCGTCCTCTTTGCCGGAGTGAGCCCCCCAGGATTCGCGTGTCCTCGGGAAAGACACTGGCAGGCCTTGTGGGCTGTGCTGCACCTCGGACGGCTTCGCACCAGCCAGCGCCCTCTCTCTCCTGCAGCACTCTGATCTGCACCCCCTGAGGGGCTTCCACTGTCCGCGGGGTGAGAATGCCCCTGGGAGTGTCACATGACTGCCGCCCCATGTGTGTGAGAGGCGTCCTCTGGGAGAGCATGGATCCTGAGGTCCCAGGTAAGTGGGGTCCTGCTCAGTCCTCTAGAGCTCAAGTTCTCTGCAGGTTGTGAGGCCAGAGGTGGTTGGGTGCTGAGGAGTGGGGAGTGAGGACACCGGTGAAGGCTGCTTCCCTTTGCTCCTGTCTTTGCTCCTTCAGCAGGCAGGGACAGGCCTGGGCCCTCTTCTGCCTTCGTGGGGCTGCTGCCAAGAAGGTGCTCCCTGAGCTTGATTGGGGCTCTGAGAGTCCCTGACAAAGACCCTGTCATGTTGAGAGGAAAA,False
417,-600,2.0317502,-2.1564574,0.014946665,-0.8049494,0.36626777,0.7633649,0.9316212,-0.41124135,0.2070397,0.2493442,-0.2873018,0.36896816,0.28721738,-0.4404754,0.32570124,0.33600414,ENST00000456104.5,-600,AGGCTCATATGACATTAACAGACAAGACACTTTTCAGAAAGACAGGCAACGTGTTGGACCTTCCGGAGCTTCTCAGAAGACAGAGGGTTTTCTTTTGAGGCTGTTGTACAGTGGCCTGATTATAGCTCACTGTAGCCTCGAAATTCTGGGCCGAAATGATCCGCCTGCCTCAGCCTCCAAAGTAGCTGAGACTACAGACTCTGGAAGTCTCTCTTTGGCGAACACCTAGCCCCCAACTCCCAGGGCACTTCCCAGACAGCCAATGCCACATCCCAGGCAGCCCCTGCTCTGCCCTTGGGGTCTGTGCCTGGCAGAAGGGCGGCAGACCCTCGGCCCCTCTTGGCCTGGGCCCCAGCTCCTCCGGGCCCTGGAACCAGCAGAAACACCCACCCTGCGCCTGATGGACTGGACATGCTTGTTCCCATTGGTGATGGTGTGTTGGGAGGGAACTGTTTTAGAAACCAATGTAAATCTGTGTCTACATCA,False
418,-3,-0.82625556,0.77945083,0.8328144,1.8567668,-2.1935654,0.017118447,2.442692,-2.0161054,0.011443799,2.7969613,-2.7062578,0.0040571094,-0.7312871,0.6756372,0.80328035,0.3337428,ENST00000417705.1,-3,CCGAGTGCAGAGCCAGGGCCCAGCACGAAGGCCTTGGGCTCCAGTCCGTGTGCCCCACATCCCTACATGAGTGAGGGTGGAGGGATGGTGCCTCTGCCACGGCCACGGTGCCGCCGTCCACGTCAGCTCACTCTCAGCACAGGTGCTGTGTGACGGCCTCGGGCCACACCGCTTGTTCTGAGGCCCCTAGCAGGTCGGGCTTGTGCTGGCTGCACATTGGCTGGTGAGCTTGGCGGGTCTGTGGGCACGGAGAGACCAGAACGTGCGTAACAGGCCCGATGAGGGTGCCAGGCTGTGGCGACCCCCGAGCTTCAGAGGAGAGGGGCACCAGCCGGGGGCCCTGCACAGGCAGCCTCAGAGAGAGGAAAGCTCACGATCTGGGAGAACTCCAGGCCTGGCCCAGTGAAGACGTCCTTATCTTCAGCAGACATTGCCCAGTGCAAGGGGAGCCCCAGACTGACTTTCTGAGGTCACAGACGGAGCCTCACCCCATCCAAGGCGGTGTCCTGGACTCCCACTGTGCTCCCCAGAGGGCAGGGTACCTGGGGCCCAGCCCGGGCGGCAGGAGGGACTCAGCCCCTCGCCCAGGCAGGAAGGGTCCCAAGCAGAGGCCCCTCCCTCAGGCACTCCCCAGCCCACACCTGCAGCACTGGGACCAAGACTAATAAAACACCAGCCTCACGGAAGACAGCTTTATCTTGTTGATCGGAAGTCTGCCAGCCCAATTTATGATGGAACATAAGATCTCTAAATCTGAATTTACGCTCTGTAGCGTAACGAGAGGTCAATAAGATTAAACGGGGGCTCAGGAGAGGACCAGCGTCAGGCTCACTGCGAGGTGCTGCACAGAAAACCCACAGCCAGAGCCCCTGGGCCCAGCCCAGGCAAGACCAGAAAAGGAGGGGGCAGGTGGGAGACCAGCCTGGGGCTCCCGGGAAGCCCACGGGATGGAGGCGGGAGAGCCAGGAGGCCTGGGGCAACCCTGGGACGGTTCCTGGATCGAGGAGAGCAGGGGGGTGATGAGGGTTCCCTCAGGGCTGGGGAGCCTTCTCCTGGTCTCAGACCCACCCCCCTTCAGCTCCCAAGCCCTGGGTGCCCCTGGCTCTGAGGACAGTTGGGAATCTTCCCTGAGGCAGGTTCAAGGACAGAGCTCTGACCCTGGCCCAGGGCTGCTTTGGGTGCCTATGAACTCGGCTTCTGGCTCAGAGCAGTTCCCTGCACCCCTTCCTGAGCCCTCTGTCCTCTGGAACCCGTGGGCAGGGTGAGGGACGGGTGTTCCTTCTGGGTGGGGGCCTGGGCGCCCAGCCAGCACGACGCTGGCTTGCTGAGCTTAGGGCAGACCCCGACTTCAGAATTTATACAAATAAATGCAATGAAAAGTGCTGGCAA,False
419,-506,2.1459024,-2.1783261,0.013070662,-0.106156945,-0.12034097,0.49645403,0.94732594,-0.72832936,0.15767162,-2.7659159,3.0077138,0.99690115,2.9025755,-2.886779,0.0030506223,0.33342963,ENST00000576336.1,-506,GTTGACCTTGAATTATGCCGAGCGACGCCTACAAACCCACCGCTCAGGCCTTCACCAGGATTGTTCCCATTCCACTTCCTTGCCCAGTCTTAGGCTTCATTCCTTTTTCTTGCTAACGCTGCTTCCTCACCCTCTCTTGTCTCTGCGTCTTCTTTTTCCATTTGTCCCTGGCAGCCATCCGCAGAGAGAAGACCTTCCAGAAACAACAGGCTTCCCTTTCCTAAAGTTCTGCTGCCTTCTCTCATTTTCAAAATTAACCCCAAACTCCTTAGGGTGGCATTCATTTTTGTGACCTCTCCAGTTTCTAGCCAACACTAGGAAAGGGCATTGCCAGGCCAGAACACACTGTGCCCTCTGAAGACCACACGCCCTTTACCACCTGTGCCCTTTGCTTGGAATGCTTTTTCTTCCCTTTCTCCTTGTTTGCCTGCCTAGCTCCTACTCATCCTCTTAGCTTCATATCCTTTGTGATGTCATCCTTGATTCCCCTTCAGGCAAACACTTCTTGTGATTCATCACTGTGTCCTCTGTACCCGGCAACAA,False
420,-576,0.38981485,-0.5087362,0.28934833,5.450454,-5.7013288,1.43494735e-05,0.19442359,0.021354318,0.45684037,6.246187,-6.4622116,3.0255978e-06,-1.2935795,1.1517425,0.9202187,0.33328494,ENST00000457390.1,-576,GACTGCTGGCCAGACCCCCAAGCTAGCCCGCCAGGCCTCCATAGAGCTGCCCAGCATGGCTGCATCCAGTACCAAGAGTTGGTGGGAGACGGGTGAGGTATAGGCTCAGTCTGCGGCCAAGACTCCGTCCTGCAAGGATATTGTGGCTGGAGACATGAGCAAGAAAAGCCTCTGGGAGCAGAAGGGAGGCTCCAAGACCTCATCAACAATTAAGGTAGAGCCTAAATGTGGTTGGTGCAGGCAGGAAATATTAACTTATTTCATTGTCACACGAAACCAGAAGACATAAAACAGTTAAAATAGGCCAGGCACAGTGGCTCACACCTGTAATCCCAGCACTTTGGGAGGCCGAGGTGGGTGGATCACGAGGTCAGGAGGAGACCATCCTGGCCAACGTGGTGAAACTTGGTCTATACTAAAAATAC,False
421,-378,-4.7750454,4.631161,0.99991775,5.5343175,-5.7872987,1.2108192e-05,5.361379,-5.3048887,2.3317863e-05,-0.36599246,0.25081143,0.6494913,2.5440974,-2.7444172,0.0050238883,0.33089367,ENST00000452051.1,-378,GCGCGACAGCTTCCACCCGCCTCAGGCAGTATCAGCCGCGCCGCAGTCGGAGGAAATAGACGCGGGGCCTGAGGCTCCTGGACTTGAGAGGCTGCAGAAAAGGCCCAGGAGGCTGTTGATGACATGAACGACCACCAGGAGAAGCTGGAGCAGGCTGATGCACAGAAGGGCGGAGAAGAGGGACACGTGCCAGACAACAGCTGCAGAGGGCTCCAGGCAGACGGAGTTCCAGAGCGAACGGTCATACAGATAATTCCTATCCCAAAAAATAAGGAGACCAGGGGTCAGGCGATAAGTAAGGAAAGCCAAACAGGCAACCCCAGTAGAAAACTGGGGTCTCCCCTGACCGGGTCATGGGACTGGGCTCATGAGGGTGACCGTTACTGCTCCATTTGCAATTTTCTGAGTATCAGAGGAGCAAGATGCTAGGATGTGTGACCCAAAGGAGCTTGTAGTTCGTCTGTGTGTCTTTTTGTCTCTCTCTCTCTCTCTGTCTGAAAAGACCAAGCCCAAGCCTCCACCCATTTACCTACTATGCAGGTCTTTGAATGGGTAACCATATTTCCAAGCTTGTGTCTGATTGAAGGATGAAACATCAAACATGCAAAAAGGACCATCTTTCAGAGCAACTCCAGAAGTGACAAAGCAAATCAGGGCTCCAAGTAAAGCCAGGCCACCTGACAACAGAGCAGTAAGCACCTGCGGAGGGAGGAGAAACACTGAGCTAAGACGGGGTCGCAGCTGGGGAGCCTGCGGAGGGAGGAGAAACGCTGAGCTAAGACGGGGTCGCAGCTGGGGAGTCTGTGGGGCGGTCTGCACAGGTCTGACTTCTCTGGTCTCAGTGTTCTTCCGTCCTGTCATGGGGGAGAATTCTGTCCATGGCACCCCCTTTGAAGCATAACCCATGGTGGGGAGGCCGTGAGGGGTTTCTAGGAGAGAAAGGACCAAGAAGCAGAATCGCAGGCCCCGGATCTCCCTGACCGTGAGTTCGCCTGAGCTGCTCAGCAGCTTGGCATCACAAACCTTTTGCACATTACAGCCATTCAGCCTCTGAGCTAAAGAAGAAGCTACCACAGGCCCACCACTGACTCTTCTAAGGAAAAGCTGCATTTTCAAAAGTTCCAGGTTCCCAACTCTGATTCTTCTCTATTTCAAATCAAGGATAAAAAAAAGGAAGGGAGGGAAGGAAGGAAAGAAAGAAGCAGGAAAGAAGGGAAGGAGAGAAGTGGGAGGGAGGGAAAGAAGGGAGAGAAACAGCGAGAGAGAAGCTGCAGCCAAGCTCTGAAATGACTCCACTTCTGTCGCTGTGTTTCTCCAGCTGAGAGCTTTCTTGGCCATCAGTCTGTGCTCCCACTGCCCTCCCAGAAAATAACTGGGTTTCCTTCCTTGACAGGTTTCTAGCCTGCTTCTACATTGGCTTCTTTCTCGTTCCTTCCTTCCTTCCCTTCCTTCCTTCTTTCTCTCTCTCTCTTTCTTTTTGAGACAGAGTCTCACTCTGTCGCCCAGGCTGGAGTGCAGTGGCACGATCTCAGCTCACTGCAACCTCTGCCTCTGAGTTCAAGCGATTCTCCTGCCTCAGCCTCCCAAGTAGCTGGGACTACAAGCATGCGCCACCACACCCAGCTAATTTTTGTATTTTTAGTAGAAATGGGGTTTCACTGTGTTGGTCATGCCGGTCTCAATCTCCTGACCTTGTGATCCACCTGCTTCAGCCTCCCAAAGTGCTGGGATTACAGGCATGAGCCACCGTGCCCGGCCCATATTGGATTCTTTCTTAGGGTTCTAGATTTTTTTCTCCCTCCCCCAAAAATGCCTATTTTAAAAATGTG,False
422,-1414,4.6870604,-5.0573897,5.8615682e-05,2.61557,-2.8245873,0.0043200566,5.922143,-5.7409363,8.6056825e-06,-0.38969138,0.22966531,0.6500722,-2.4941344,2.3030503,0.99181455,0.3292548,ENST00000500733.6,-1414,GCGCGCGGGTGCTCCAAGGAGTCGGAGGAACGCGGCCGCGCGACGGGCCCCGGACGCCGAGGGTGGTGCTTCCTCCGAGCCTCCGGTGGTGAGGCCGCTCTCAGAAGGTCATGGAAGCGCAGGGGAGAGCGAGGCGGCCGAGCCCAGGCAAATCCTCGAGAAAGGCCGAGTGCGCGACGGCTCTGCGGGGAGGACCGCGCCTCCCCGAATGCGGCCGCTGCTGCCGCTGCAAACAGTGCCTTGAGGAGAGGAAAGCGGGGAACCGTGTTTTCGCCGCCTCTGTAACCACTGCACACAAGAAAACCAGCTTCTGGGAGAGGGGGATGATTGTTGGGACTTTGCGAATTACCTAAACAGCCCAGGGCCGAGGCGCCGCCGCTCGCGTCCTGGTCCTCCTGCCGGGTGTGGGGCTCCCCTGCCCGAGATGGCCAGCGGGCGCGCCGAGAGTATCCTGGAGCCATCTAGTCTTGCCTCGGAGGCGGGGTGGGCTTATTTGTGCGGAGAAGAAACGGATCTCTTAATGGGGTGAGATTTTTCCTCCGTACATTGTTCCCATTTCCGCAGTTTCACTTGGCCTCGGTTTTCTAGCAGAGTAATCACCAAATGAAATTAGCTGGAGAGCGTTTGATGGCGCAGAATCACGGTCTGAAGATGTTTACGCTGTATGCCGGACGCGTTTGATGGTGTTCTCTTCGGCACAATTAATTTTGCAAAGTTCAGAAATGTGCCAGACAGAGCCCCTGGCACGCAGTCAGGACTCTACAGACACACCTTGAGTAGGAAACAGGCTTGTTTGTTTCATCTGTGATTTATGTGATGCACCAGCACCAAGGCCAACGTGTTTTTTAAAGACCTTTCGATGAAACTCCAAAGCAATTTATAAATTGGCAAAATGAAGCTTGTTTTGTAAAATAACTCTTCCTTGTTGATCATGTAATTAAATGGGCAACAAAACACCTGAAAGGACATTTACTGAAAAGTAGACTCCCAAAACAAAAATATGTATTTCACAGCTAGATACGGTCGCTATTAGCGTCCTAATGGCCAACTCCATCCATGTGCGTATTTTGAACACTAAAAACGCCTCCTGTTACCCCTAAGACCTTGTTTGGATAACATTTTTCTATTATAAGTACTCGAAACCAACCCCATTTAAGATGTTTACCCTTATTCTTGAGTCCTTGATGGTTTGGGAAATTTATCATTATTCATATTGCACAATCCTGTCACTGTCTTTTCCATTAGGCACAGTGCCTAAGGTCCACAATATTTTTAGAGGCCCACAAAAAATATTTTAATTTCTTTTCAAATCAGAAGGAAAAAAAATTTAGGTTTAAGAAAGTATTTTAATATATATTAATATATTTGTTTTTGTGCTAATACAATCTTAAAATGTATGTATATATGTGTGTGTGTATATGTATATATATTTTAATGGAGTAAGGGGCTCAACGAAGGCAAAAAGGCCTAGAGCCCAAGAAAAACATGATGTGGCCCTGTTGCCTGGGGTTGAAAAATCCCATTCCATGAGAAGAATTTAGTTTTAAGAATATTACATAAAATGCTCATTTCTGTGGCCTTGCTATAATAGAAAGATGGAGATTCAGAGTAGTGATAATGGCTAACATCCACCTGATACACACCATGTGTCCATTACCTCTTAATCCTCACAGCACACCTGTGAAATAGGTACTATTCTCACACTTAGGGGGTAATGCAGGTTTTGTGGGGCCTGCAATTTATGCAATTTGGGTGGTCCTCTTAAAGAAAAAGCAAATACTGTGTATTAGTCCGTTCTCACACTGCTATAAAGAACTGCGCGAGACTGGGTAATTTATAAAGGAAAGAGGTTTAATTGACTCACAGTTCCACATGGCTGGGGAGACCTCAGGAAACTTAACAATCGTGGTGGAAGGAGAAGCAAGTACCTTCTTCACAAGGAAGCGGAAAGAATTGTGAGCGGAGGAACTTGCCAAACACAAAACCGTCAGATCGCGTGAGAATTCAGTTACTATCACGAGAACAACACGGGAAAACTGTCCCCATAATCAAGTCATTTCTCTCCCTAACAAGTGAGGATTACAATTCAAGATGAGGTTTGGGTAGGAACACAAAGCCTGACCCTATCCCACAGCATGTCCAGGCTGCCCTAGCACCACCCAATAGAAGGGAAAATGGCAGAGGGAAAGTCCTAGTGGAAAGAGACCTCAGTCTCAGCTAATTGTGGTGACAATATATTGCTTTTGCAAATTGTACATAAACATATGACCAGGTGAATGTATCGCCAAGGCTCCTGCCAAGGCCTGGGATGGAGGCCTAGAGAAGATGCCCGAAAGTTTATGCTGTGTGAGCTTCACAGAAGACCTGCCTTCCATGTATACCCATTTTACAGGTGTCTGTGCGGTGCAGAAACTGTACAACTGTATACAGTGACCATTTCTACTCTGGGTCTCTAAACAAGGGCTGGTATCGTTACAGAGACTGAAGACTGAGGAAGACCATCTCTGTAGGATGCCAAGGATTGACTGGAGAAAGTCTGGCAGAATAGAACGTCTTGCACAAGAGGAGTGGAACAGCGGTCAGAGCATTACAGCTGACTCATCTTGACCAGAGAAGGTTACAGCTGGAGGCCCCAGAGATTGCCCACTTCCCCCCTCCATTTGACAGCAAGGGAAACAATGGCCAGAGAGGATCTGGAACTTTCTCTCAATTTCAGTGAAGGCCAGAGGTAAAATCAGGATTGTCTGAAGACAAGTAAGGTCAGGTGCATAGGGTTATATGTAGGAGTATAGTTAACAGGTGTCAGAAACTTGGATTTAATTTAGAGGTGGTTAGGACATGCATAATATTTTTCAACTATGCGTGAAATCTGGGATTCTGCATTTATTTAAAATATAGGATTGTCCATTAATTCTTTCTCTTGAGAGGGCGCTTCTTTCAGAAATGATCTAGGCACTTACAAACATTTTAAAAATATATACACGTGAGATCATACTTTCATAGTGATATAAGCATCATTGCTCATATCCCTAATGAACAGATGGGGAAAAGGAGGTAGAGACAGAGAGAGAGACAGAGAGTCAGCAACTCACCACAAGAATCTCCTGGTTGCCTGTCTGGGCTTCTGTCAGCTCCATTTAGTTGAATTTCTATTCAATATTATTACTGAGGTCTTATACTTAAGAACATGTTCTTTGGGTTTCCTGCTTATCTCCAAGCTGAAGAATTTATTTTCTTCTATTTGCTTTTCCAATCTTCAGCTTCCATGACCTTAAAAAAAAAAGTACACAAACTGAGCTGGTCTAAGAGCAGCCTGTTTGCAACCTGATATGAGACCTGGAATGCAACCAGATAAACCTTGGTGTAGGGTTCTCTAAACACATTCAACATTTTTTCCAAGAGGCAATCGGTTTATTTCCTTTGAAATGCTTGATGATGAATTAACAGTACATTTTCGAAACTATTGAAAGAGCAGAGGTAAAATGGTAGTTATACATGTCGGAATGGGAAATAGAGAACTATGGAATTTATCTTACTTTGAAGCTTAAACCCCTTTTAATATTCCTTGTATTTAGCCACATGTATTTTTAAGGTGGAAATTAGTTAATGGAATATTCTCATAGTCCATACTTTTTATTAAGGTTGATGTTTGATGAACCAGATAATGTCTACTCACTTTCTGCTTTAAAGTTTATAATTCTTGATAAAAGGAAAAGTGGTGAATTATGTGAGCCAACCCTGGAAAGTATTTCCGTATTGAGTTTTGTTTGTTTCAAAGAACCTACTGTACATATGCAAAAAAA,False
423,-1374,2.2859025,-2.3102622,0.009989661,2.9523153,-3.2291455,0.00206314,-0.08404085,0.3902173,0.61639106,1.6855716,-1.4974679,0.03980899,-1.7771527,1.7130466,0.9704076,0.3277321,ENST00000426942.5,-1374,GTGGCTCTGACGATGATGGTGAGGTGGTGGAGACGCCCTCACAGCTGGGCCACCCTCCCGTCGGGAGACACGTTTTGTCAGTTGCTTCCTCTGGAGTCCTTGGAAGGAAATGACCGCAGAAGGGAGTGCACCGTGGGGGCAGGAGGTGCTGCGGCCAATGGGCAGTGCTGGGAGATGAAACCAACAGCGGCGATTGCCCCAGAAAGAACTTGGCGCTGCTAAGGCAATGGCGGCCCGAAAGAGGCCCCTGACGCATGAGGAGCGGCCGC,False
424,-816,1.1832125,-1.4566157,0.06661872,0.030584216,-0.40892544,0.39185783,3.4490256,-3.0570028,0.0014921735,0.76266503,-0.76927996,0.1777093,-1.9950608,2.0472472,0.982746,0.32408482,ENST00000417691.1,-816,GGAGACCTGAAGGCTGCTTCCGCTAACCCGGGCTGGCGCTGCTAACCTCACCCAACGATCCCTGCTGTCGGAAAATGTCCAGAGGCACCATCCCTGCTATGAAGAGGGAATGCCAGTACAACAGCCACAAGGGGTCTTCCTGTGGCCCTCAAACAAAAAATCACTGCATTACATCAGCAGGCCGGACGCGGTGGTTCATGCCTGTAATCCCAGCACTGTGGGAGGCCGAGACGGGCGGATCACGAGGTCAGCAGATCGAGACCATCCTGGCTAACACGGTGAAACCCCATCTCTCCTAAAAATACAAAAAAATTAGCTGGGCGTGGTGGCGGGCGCCTGTAGTCTCAGCTACTCGAGAGGCTGAGGCAGGAGAACGGCGTGAACCCGGGAGGCGGAGCTTGCAGTGAGCCAAGATCGCGCTACTGCACTTCAGCCTGGGCGACAGAGCGAGACTCCGTCTCTCTCTCTCTCACGCTCTCTCTCTATATATATATTCCATAGACTGCATTGGAGAGAAAGGCGCCGGGACAGAAAAGCCTGAGATAAACCACCTGTCATTCTTGGAGAAAAGGATGCTGCGGCTTTCCCGATTTGGTTGATGAGATGGAAAATCAACCCTTACAGGAAGGACATCACCAATTCCGGAAAGGATGCTGCGCCAGTCATGTTTCCGCACTCTGTGAGACGTTGAAATCTCCAGAAGTTGCCCAAGGTTTTCAAGCTGAACACAGGAGAAATGACTCTGGATCTCTGAGGACTGTTTTCCTCAATAAGGAGCTGCAATCTTGGCTCCACCACCCTCCCTCCAAAACATCTCGTGTGTCTGGTATCTGGTTATATTGTGGCCTGACAGAGAAGTTTCTTTCGGGGCCAGTGAATTAAAAAAAAAAAA,False
425,-1053,2.2678192,-2.2880867,0.010395774,1.0905565,-1.526338,0.068059005,2.766991,-2.3453758,0.005985769,-1.2560773,1.2529638,0.9247733,-0.14123571,0.28249937,0.6043767,0.32271808,ENST00000427306.2,-1053,CGGGTCCCAAAATACGTGGTCTAAAGTCCTTTGGGCTCCTGCCGCTGCCAGCACTGATCATATGCTCTTGACCCTGGTCGGGTGGGGGGATGTCTGGATACCTCCTCTGTGGAAAGAACTGGCCACACATCCGCAGAGGTGACTCGGGCTGAGAACCCAGGCTCCTCCTCCCTTTGGTGACACGCCCCTCGGTCCCTCACTGGCACTTCTCCCTCCGGCCACACGGCGGCGTCTCGCCATAGCGCAGCGGCCGATGGTACAGCCCGCTCCCCCCTCGCGCTCTCGGACAGTGGGTCCTTCCACTTGTAGAAAAGCATTGTGGGACGGAAGCCTGTCCTTTCTTCCTTTTGGTGCGAGCTTGCTGTGGTTTTTGCTCTGGGTCCTCTGGGATGGCGCCTGGCTGTGGCCGCGTGGTCTCTCACGCAGGGGCGCCGGGCGGGGGAACGCGGCCACCCTGAGTCTGGTGAGTCGACTGCGGCGGCCTGTGTCCGAAGTGTCCGGGGCCGTGAACAAGGGCAGCGGCCTGGCCTCAGGCCTGCGTTCCCACGTTTGGAAACGGGGAGCTTCGTCGATTTGTGTTTACATCATCGACTATGCCAGGGAGTTCTCCAGATAAGCCTGGTTTTATTTTCGTCAGTGAAAAGGCCTTACCGTATAACTGACTTTATGCTTGCCCTGCCCCCGTATAAAATAACTTAAAAGCAGCGTGCCTGGTTACAGCTGTTTCCACGTGCGGTGCTCGTCGGGAGTGATCACCTACCCTACAGGTGGAAGATGGATGCCTGAAGTGTAGACTGCTGCTAGCTGAATACCATCTGGGAGCATAAAGGTGACCTGAAGGTAGGGTGATATGTCTTAAAGCACTTTGTAATGGGAATTTTTATCACCTTTTAAATTGGGGTTCCTTCTCTAGTGAGTTTTAATGTCAGTGGTACATTCGTAGTGTTGCTCTGTCTGTAGCTATTAAGGTGAGTTAATAAATGGGATAGCCTCCACAGCTTATTTTTGGGAAGGTTTTGCTGATACTTCCTGAGAAGCCCAGGGAAATAAATACGCATAGTACTGGCATTCTGCATCTCTTTAAGATTTGTTTTTATGTGTAGTAATTGAGTTTTTTAAAAGCTTGTGAAATCGCAGGCATATTACCAAGTTCTTGATTAAAATGTAATACAAAAATATTTGCTGTCGAATTGAGTACTTTATTTTTTCTCTTAGGATGTCCTTGGTGAGGATTTTGAAAATTTGATCTTCACAAGAGTTGCCTGGATCATTTGAAATTTCTGGGAGTCTGAGGAGTACTGACATAATTACCTGCTGGAGTCTGTAAATACACATTTAAGACAGTGAGGATGTGAATAAATATATTA,True
426,-390,2.2697055,-2.5633535,0.00789923,-0.49841535,0.22996339,0.6744494,5.4677644,-5.5470724,1.6455451e-05,-1.3622714,1.1571984,0.9254955,6.133741,-6.1941686,4.426445e-06,0.321573,ENST00000504869.1,-390,TTTGACCGCTCCTCCCTCCGCGTTGGAGGCGGAATAGTGGGTTTTGCTGCAACCGGTTTATTTTCCTTCTGTTTTCACCCATTCTGGCACAATCTGGCGCCATCGTCCTTCTTGTGAGGCCAAGCCTGAAAATGCGAAGCAGAGAGGCAGGACCAAAATTGAGGCGAATCCAGGAACCTGCCAATGGGTCTCCGGGTGCGGTCTCTGAAACTGGAGGATATCGGGAGGAAAGGGTATGGAAGAGGGATAAAACACGGTGCCTTAGGTGTGTTGAAGACAGAGTCGGGCCAAAAATATATGATTTACTGAGATGCGTGTCGTGTTCTTGCGCTTTATCTTGTAGCTCTCCGATGCGGAGATAATGGGGAAGCTCTTGGCATGGTTGGCTGTAGGTATGTGATACCGGAGGAGCAGGAGTCAAATAGGATACGCCGACTTTTAATTCAAGGAACCCTTTTCTGAAACACTTTGCCACAATGAAGGAAATAAGATTACAGCCGAAGATACATATTAAGGTATTACTTATTCACACCAG,False
427,-1356,1.1981765,-1.115932,0.08996124,0.18323576,-0.17008224,0.41257808,1.6547996,-1.3562481,0.046929255,-1.6281003,1.6181335,0.9625375,1.0897762,-1.2170739,0.09055723,0.32051265,ENST00000449351.5,-1356,GAGCGTCTTGTGGCTGCGGCCTGCCCCTCAGCCTCCTCCGCGCGGTTACCCCTGTACCCGCCGCCATCCGTCCTGGCGCTCCGGATGAGTCAATGAGGGGCAGGGCCCGAGGAGTGGTCTTCCCAAGAACCCCTGGTGGCCTCCCAAGGCCGGCCTCGTGGGCTGTGCGGCTATCCTGGAGACAGATGACAGCTCTCCCTTGGATGGCTTTGCTGGTTCCGCACCAGCCAGCGCCCCCATTTTTCCTGCAGCACCCTGATCTGCACTCCCTGAGGGGCTCCCACTGTCCGCGGTGTGAGGATGTCCCTGGATAGTCCACTGTGTGCAGAGGCATGGGAGTTGTCATGTTGGGAACATGCTAGACCTCAGTATCCTTGAGCTTGAAGAAAGACGACAGAACACTGGAGACCAAGTACTTACAGCCTTCTGCTCTGTGGCCCCTCCTCACTCCAGGGATGCTGCCTTGGGTCTGGAAACTGTTAGAGGAAACCCCAAGAGGTGCAGGCACTGAGCCTCTCAGGACAATGACCTGGGGTCCCAGCTCCCCTGGAGGGGCCTCCTCATGATTGTTTGGGGGTTGATCACAGACCAAGAGTGACGAGTGATGTCACCCTGTGACTCATGGCTGGACCTTCTTGCCCCTATTGTCTCAGCACAACATTATTCGACTTTTCCCTCAGCGTGGGTGGGCAGAGGAAAAGCCCTGTGGCTCTGGGGACTTGGGATCCAGAGTTGAAGACCCTTCAGCTGGCTCTGCCCTGCCAGTGCCACAGAGTGCCATGGCCCAGGAAGACAGGTTTTCTTCCATCTAGGCCAGGCCATCCAGTGGCCATCCTCCGTGTCCTCCCGCCTCCTCCTGGTGTGACTTCTGAAAACCAAGAATTTGTTCCTGTTGACTTTTTCTGTGCTATGGACCATTGTCCTCTCACCCACTCAATAAATCTTGAAACATGC,False
428,-1055,2.1426027,-2.168585,0.013239955,0.9000033,-1.3406155,0.09616176,2.3741548,-1.9637461,0.012895454,-1.224733,1.2089078,0.91935694,-0.023741663,0.14552194,0.54221517,0.31677383,ENST00000508590.1,-1055,GCCGCGTGGTCTCTCACGCAGGGGCGCCGGGCGGGGGAACGCGGCCACCCTGAGTCTGGTGGAAGATGGATGCCTGAAGTGTAGACTGCTGCTAGCTGAATACCATCTGGGAGCATAAAGGTGACCTGAAGGATGTCCTTGGTGAGGATTTTGAAAATTTGATCTTCACAAGAGTTGCCTGGATCATTTGAAATTTCTGGGAGTCTGAGGAGTACTGACATAATTACCTGCTGGAGTCTGTAAATACACATTTAAGACAGTGAGGATGTGAATAAATATATTAATGCACTTT,False
429,-750,-1.8039845,1.8846884,0.9756049,4.7952614,-4.9006486,6.15309e-05,5.0004315,-4.7036877,6.102788e-05,-0.18568149,0.23722324,0.6041781,4.778581,-4.8276615,6.730268e-05,0.31599456,ENST00000444464.1,-750,GGGAGACATGAGACAGCAATCAGTATGTATAAGATGTACATTGGTTCCATCTGGAAAGGGGACAACTCGAGGTGAAGGCGGGACAACTCAAAGCGCGGAGGGGGCTTCCAGATCATAGATCCACCCTGATTTCAGCGGGCGTTCCTGGGTCTTGTATGCACTAGGTGCCCTCAATGCTTGGCAACTGGAATGGGTTAGCCTGGAGGCATTTAGGCTGTCCTTCTACAACCACAGAAGAGCCATCACTGGCAGAGAGATCCTTGGCGCAGTTAAGCAGAGATCTTCTCAGAAGAGCTTTTGAATAAATGAAGTTGTTCAGAATGGCCTTGTTAAAATGACTCACTTGTCAAAAAACTAGATGTGTTGGAAGGCTGGGTTGGAAGACAAGATGTCTGAGAAGCTGTCCTGCTGCATGAGGAGTTTCATTGCTACACACCTAGTCTCTGGGTCCTGTGTTTTTGGCCTCCAGCTTACTTCGTGAACATAATAAAGGAAAGGCATTTTCTCTTGTG,False
430,-1105,-0.20315361,0.01723665,0.5548756,0.86584425,-1.2404622,0.10848537,2.9865847,-2.4695172,0.0042520124,-0.9839494,1.023216,0.88154733,1.8322946,-2.1667778,0.0180026,0.31343257,ENST00000449573.5,-1105,GGCATTCCTTTTTGAACAGTACCCATTCCCTTGATGTCTACAATATCACCTTTCTTATAGATTCGCATATATGTGGCCAAAGGAACAACTCCATGTTTTCTAAAAGGCCTAGAGAACATATATCGGGTGCCTCTCCTCTTTCCCTTTGTGTTCGTCATTTTGGCGAATTACTGGAAGATGGCGGTTCCGGCCGAAAGGGCAAGATGCATATTGGATATCTAAATAGAGATATCAAGAAATGAAGATATGCATTTCCAGTTCCAGAGAGAAATTCACACTGGAAATATAAATTTAGGAATTTTAAAGTTAGTGGTCACATTTAAAGCTGCAGAATACAAAGAGATCACCTGTGTGAGAGAACTGAGTCCTGAAACATACCCGTGTTTAAAGATCTGGGAGGTGCAGAGGAATTATCAAAGGAGGCTGAGAAGGAGCAGCCAGTGAGGTGTGTAGAAAAACAAGATAAGCAAAAAGAAAAGCAAGAGATATGGAACTGAACTTCCCTTTGGCAAAAAATTTAGAAAATGATAATGAGACTCCGCTTTCTGTCTCTCTGAAGATAACGTTAAGCTGCAGCTCCGTATCTGTGAAAACCCATTTCACAGCATCTGCATCCCTGGATTGCTAAATACCCTTGTCTAGTTACCCAAATATTAATGGATCCCATGGAATAAGGTGGCATGATTTAGGCACAAGCAATTACCAAAGGATTTTGAAAAGCAGTAACTCCAAATTATCTTGTAAAGTTGAGAATAATCTGAGAAGAGCTATTGTAAGACTGGGAATCAAGTAACAAAATAAAGA,False
431,-455,0.27165413,-0.4924143,0.31776363,-0.9896805,0.8725711,0.86555916,1.3037927,-1.0477498,0.08694324,0.31681803,-0.5577675,0.29430106,4.103198,-4.2315316,0.00023997635,0.3129614,ENST00000412730.1,-455,TGACGATGACCACCTTTTCATATGCCTGTTTGCCATTTATGTCCTCTGTAGCAAGAGGCAGGACAAACAGTGAGGACTGCACCAACACTCACCGGGTGACCCCTTTGCTTTGGAAACTTACTCAGGGTGAAAGGAATTCCGATTTTAAACAGCATCTCTTTGTGTGGCCTGTTTGAGGCACCACACAGAGCTTGCTGGAGCAGCTCTGTTGACCGCTGACCCTTGGCCTGCTAACTGAAACAAGATTCACAAGTGAGGCTGCTGCCCCAGTTTCATGGATGCTGGCAGAAGACTTAAGATTTCTGAATCAGAGACAGAAGACTTCATTTATTTGTCACAGCTAAAGCAATGGCCAGTGTCAGTGTATTTGCACTGGTGCCTCAAGCCCTGATGCCCACGGGGTGATGCAGAGACCCTATGACTCCCGCACATGCATTGGGTCAAGTCACAGTAGAGGACCACTGAGCTGGGCACCATGTGGACCTATAGCAGGCAGCAGGCAAGCCCTCTCCTTTGAGGTTCCTCCCTGCAACTACGACCCCGAAAAATGGATCCAGTAAAGAAGAGTCAAGGCTTTATAGTCTTGGTGCACCCAGTAAGACCTGTAGGAGAACAGGAAGCCTGTGGAGGACTGTTTCTTCCAAAAGTTTCCAAGTGTTAGCTCTTACACATGTATAAACAACACTGCAATTTGTCTCCTTGCACCGTACATCCACGAAGCAGATTTGCTTCTTGCCAAATTATTTCCCTCAGTGATTTCAGGAACTGACAATTCCCAGTCGCATATAGGAATTTTCTTGCGTCTTCTTTTCCTGACTAACTCTTGCGTTGTCAGACACTTTCATTTGTGCTAAGCTGATAAGTATCAAACGATGATGCAGGCTATTCATTATGTGTGTCCTTGATTACTGATGAGTTTGAGCAATTGTCATTTGTTGGACTGATCGTTCAATTTCCTCTTCGGTCCTTGGCCTTTTCATATATTTTGCCTTTTCTTGTAGGTGTGTCCTTTTCAAATTGATTTTTTTGGTGTTTTTGGTATATCCTGTGTACTAATTCTTTGTCATTTATATGCATTAATAATATCTCCTTTCACTGTGTGGCTTGTCTTCTCAATTTGTTTTTGGGTTTTTGTTTCAGAGAACATTTTATAAGCTTTAAATAATAAAGTTTATTTATTTTTAATTA,False
432,-1215,3.430701,-3.7299905,0.0007759151,3.0838985,-3.3033633,0.0016800304,3.5465608,-3.3163304,0.0010447929,-1.8922775,1.5825635,0.9699634,-0.28022313,0.08652449,0.59067285,0.3128274,ENST00000571138.5,-1215,CAGCAAAACTTCTCTACCCCGGCCTCGGGCAGGTGCCCGCCCGGGGAGGGGGCTGTCGTCCAGGCCAGGTACAACTCCCCTTCCCACCCTTCACTCCCTACCCAAGGGTCTCGAGAAAAGAGAAGAGGAACATCAAGACCCCCCTCCACGGCACGTGACGCGACGCAACGCAGATGAGAAAACTCAAGACTCAGAAACAATAAAGGTTACAGAGATGAAATTGACAGAGCCTGAATTTCAGGTTATGATTCTGTATGGTTTCTTTGGTGCTGCATTAGACCTGAGCTCTGATTGAAAATTCTTCCACGCTCGCTACATTCCAAAACTTTATCTCCAATATGAATTTCCAGATGCCTCACAAGGTCTGAGCTCCATCTGAAGGCTTTCCCATGCTTGTCACATTCATAGGGCTTTTCTCCACTATGAATTCTATGATGTCGAATAAAGTGTGAGCTCTGATTA,False
433,-391,1.8502347,-2.1337686,0.018270945,-0.42907417,0.16964516,0.6453633,6.1447597,-6.2202053,4.265421e-06,-1.1955518,0.98315024,0.89832056,6.0899715,-6.1424594,4.8699044e-06,0.31239277,ENST00000503704.1,-391,GCATTTGACCGCTCCTCCCTCCGCGTTGGAGGCGGAATAGTGGGTTTTGCTGCAACCGGTTTATTTTCCTTCTGTTTTCACCCATTCTGGCACAATCTGGCGCCATCGTCCTTCTTGTGAGGCCAAGCCTGAAAATGCGAAGCAGAGAGGCAGGACCAAAATTGAGGCGAATCCAGGAACCTGCCAATGGGTCTCCGGGTGCGGTCTCTGAAACTGGAGGATATCGGGAGGAAAGGCTCTCCGATGCGGAGATAATGGGGAAGCTCTTGGCATGGTTGGCTGTAGGTATGTGATACCGGAGGAGCAGGAGTCAAATAGGATACGCCGACTTTTAATTCAAGGAACCCTTTTCTGAAACACTTTGCCACAATGAAGGAAATAAGGTAAGGTTCTTGGGGCTCCTCAGTAGTAATAGGGGCAGGGGACAAGGGGCAATTAAGTGGTTTTGGTTGGGAATGAGGCATTATGAATAGCTTTCAGGAGATAGAGCTTAGAACAATGTCTTAGTTATAAGCTCTTATGTTTGAGGAAGAGATTTCAATTTGCTTAGAGAAGGAAACGGGCCAGTGGGTTTTTGTCTCTGAGAAGGAGATCCTTAGCATACAGAAAACAGAGAAGGGTTTGCAACTTTTCCGTT,False
434,-465,0.834965,-0.82361084,0.15995327,0.011987805,-0.4074413,0.39665338,0.9299433,-0.59607375,0.17857718,0.7138506,-0.6634344,0.2014454,-0.36005783,0.10916144,0.61519897,0.31036562,ENST00000500853.1,-465,CTCAGCTTCTGTTCCTCAACCACGGCCGCCGCGTGGATGCCGCTGCATTCGGAGTCGTTTTGCCACTTGGTCCCAGCGCCAGGCTTCTCGGTCGGGAGTTGACCTCAGCCTTTCTGTGACCCAGTTCCTGGCACCCAGCAGGCGCTCGGTGGACGGATGGGTGGCGGAATGAAGGACACAGAGGCCACTGCGGGGTCTGGCCTCTAAGAGGCTTTTACGGCCTCCTCCGTCACTACCGGGCGAGTGATTCAGCCTGCCTTTTTTTTTTTTTTTTTTTTTTGAGATGGAGTCAAGCTCTGTCGCCCAGGCTGGAGTGCAGTGGCACGATCTCGGCTCACTGCAACCTCCGCCTCCCAGGTTCAAGCGATTTTCCTGCCTCAGCCTCCTGAGTAACTGGGATTACAGGTGCCCGCCACCACGTCCGGCTAATTTTTTTTCTATTTTTAGTAGAGACGGGGGTTTCACTGTTTTGGCCAGGCTGGTCTCGAGCTCCTGATCTCGTGATCCGCCCGCTTCGGCCTTACAAAGTGCTGGGATTACAAGCGTGAGCCACCGTGCCCGGCTCATCCTGCTTTTGGTTTCAGGTCTCCATGCCAGTGAAATGTCACCTCAACTCCACCGTCCCTGGTGTCAGGCAAGCCCGAGGGACCCAATTCTGCCTTTCTTCTGGATTTTCCTAACCTGTTAAGAGTCTTGAAAGTCCTTAAACCACGGGAGACTATCTGGCACATGACACGGGATGAGACTTGGTGGGGGTCCCACGGGGGACAGGTCCTTCCAGCGGTTCCTCTGCACCCAGCGCTGCACGGGCATGGGGCGTGGGTAATCAGCCTCCCGAAAGCCACGCGAGTCACGGTCCTGCCTGCGAAGAACTCCCAGGGCGACCTTGGGGCTGAGGAGTGGGCCTGCTTCGGCCTTCTGCTCTTCTGTTGTGTGGTGACCCTCACCAGAGGACAGCTTCATGCTCTTGGACTTCCCAGCCTCAAGAACTTCTTGCTCTGTTGCCCAGGCTAGAATGCAGAGGCACCATCTTGGCTCACTGCAACCTCCGCCTACCGGGTTCAAATGATTCTCCTGCCTCAGCCTCCCGAGTAGCTGGGATTACAGGCACCTGCCACCATGCCCAGCTAATTTTTGTATTTTCAGCAGAGATGAGGTTTTACCATGTTGACCAGGCTGGTCTTGAACTCCTGACCTCAAGTGATCCGCCAACCTCGGCCTCCCAAAGTGCTGAGATTACAGGCATGAGCCACCATGCCCGGCCTCCATCTTTTACTTTCAATCTATCTGAAGCTTTATATTTAAGGTGCATATATTTTAGACAGTTAATAATTTCAGCTTGCTTTTTTTTTTCCTAGTTGGGGAAACTCTGCTTTTTAATTGGATTGTTTATTCTGGTTACATTTGTTGTTGTGGTGAAATTTGGAAAGTTCAACCTGCCACAACGTCTTCACTTACTATTTTTAAAGGATATTCTCAATGAGTGTGAATAGTGAGTCAACAGCTTTCTTTCACCATTTCACACATCCTGAGCCTCCATTGTTTTGAGTCAGCTGTCGTTCATATCTTTGTTACCTGTGAATGCACAAAATTTGCTCTGTATGATGACTATGATGTGTCCAGGTAGGGTTTTCTTTACATTTATTTTTATGAGGGGTTTATGAACTTTTTGAATCTATAAGTTGATGTTTTTTCACTACATTTGAGACTATATCAACTTTTTTTTTCTTTCATCTTTTCCAGCCATTTCTTCTTGGTTCTGGTTCCGTGTGTACTGCATGATATTGTACCACGTGTCACGGAGACTCGCTTCCTTGTTTTCTTTCAGTTTCATTTTCCCTTGCACTTCAGATGGAATGATATCTATTGATCTCTTTTCAAGTTCACTCATTCTTTCTTCTGTAATGTTCAATCTCTCTTAAGAAAGTCCAAATAAATTTTTCATTTCAGAGAGTGGAATTTTCGGTTCT,False
435,-369,1.8684561,-1.7001541,0.027421853,-0.0076195,-0.22390881,0.4461375,2.2207758,-2.0598872,0.013644733,-1.0729557,1.0575944,0.8938372,0.88253367,-0.6993652,0.17052673,0.3103136,ENST00000460754.1,-369,CTTTGTAATTTGTAGCAACAAACCTGGGGTCAGACACTCCACTGCCTGTGCATCTTGCCTGTTTCCGGATCCGCCGTGTCACAGACATTTTCTATGTCAGTGCCTATGGCTCTACCCAGGGTGATGCTGCTGATCTGGTCTGATTCCCAAGCTGGAGGTAATGGCGTGTGTCCTGCCCTAGTGCTGCTCCCTGATGGGGAGCATGCTCAGTTTCCTGCATTCAGGTACGAGCAGAGACTTGGCAGGATCCGCCCCGTTCAGAGTTGCAGGAAGAGCCCTGGATGCCTGTCGCAAATTGGAATAAGTGGGAGGGAGCCACAGGCTGGTACAGAGACAAGGTATTGCTGTGTTGTCCAGGCTGGTCACAGACTCCTGGCTGCAAGTGATCCTCCTGCCTCAGCCTCCTAGAGTGCTGGGATTACAGACGTGAGCTACCACACCTGGCTTTTCATTCCTTTTAATGGCTAAATAATGTTCCATTCTATAGATACATATTTTTTTCCCCATTCATCAGTTGAAGGACATTTGGGTTGTTCCTAGTTTTTGGCTATGGTGAGTAATACTGCTATGGATATTCATGTACAGGTTTTTGTGTGAACATATGTTTTCATTTCTCTTGGGTACATACCTGGGAATGGAATTGCTGGTTCAAATGGAAACTCTTTAAGTTTTTAGTAACTGCCAGACTGCTTCCTAAAGCAGCTGCACCATTTTACATTCACACCAGCAGTGTATGAAGGATCCAGTTTCTTCACGTCGTCACCAGCACTTGCCTGTCTTTGTACACCAATCAAAGGTGTATGAAGTCGATCTCATTGTGTTTTTCATTTGTATATCCCTGATGGCTAATGATGTTGCCCATCTCTTAATGTGTTTATTTGGTCTTTTGTACATCATCTTGTGGAAAAATGTCTGTTAAGATGGTTTGCCCATTTAAAAATAGTGTTATATGTCTTTTATTATTGAGTAACAGTTCTTTATATGTTGTGGATACAAGTCCTTTATCAGATGTGTGATTTTAAGTATGTTCTCTCATTCTGTGGGTCATCTACACGTTCTTAAAAAATTTTTTGAGACAGAGGCTTTTTAAACAAATTTTTTTGAGACAGAGTTTACCTCCCAAGCTGGAGTCCAGTGGTGAGATTTCGGCTCACTACAACCACCACCTCCTGGGTCCAAATGATCTTCCCACCCCAGCCTTCTGAGTAGTTTGGACTACAGGTACATGCCACCACACCTGGCTAATTTTTGTATTTTTTGTAGAGATGGGGTCTTGCTGTGTTGCCCAGGCTAATATCGAATGCTTGGGCTCAAGCTATCTGTCTGCCTTGGGTTCCCAAAGTACTGGGACTACAGGCGTGAGCTGCTACACCTAGCCTGCATCTTCACTTTCTTGATGGTATCATTTGCAGCACAAAACTTTTATCTATTTTTTTTCTTTTGTTTGTGGTTTTGGTTTATATTTAAATAGGCTTCACCTGACCCAGGGTTTTGAAGATTTACTTTTATATCTTCTAAGAGTTTCATAGTTTTAGGTTTTACATTTAGGTATATGGTCCATTTTTTTTGTGTATTGCATAGGAAAGGGTCCCAACTTCATTCTTTTGCATGTGGATGTGAAGTTTTCCCAGCACCATTTGTTGAAAAGGCGATTCTTTTTCTGTTAAATTTTCTTGGCACCTGTGTTGAAATCAAATATGCAGAGGTCTTGACACACTGTTACTGTCCAGTCTCTACACATGCTGTCCTTCTCTCCCACAAAGTGTAATAATGTAATAATGCAATAACGTGCCTGATAACCAAATGAGTGGATTTCAGCAGTCCCCCTTTGTCTGAAACCTTTGTGATCAGAGGGAATAAACATCTTAGAGGCATGAAGCCCTTGCTCAGATAAGGAGAAGATAGAGAACCAAAGTGCCATAATGTACCAAGTAAAAAGCATCAGATGTGCCAGAAAATAAGCAGTAGGAATTAACTTTGAGGGTTATCACAGGAACACTATGTAGAGTAAGCACAAGCAGCTCAGCTGTGGACGAGCTTTGCTGTAGATTTTGCTGCAAACCTCTGCAGGCCTGAGAGCTTGCCGTGGGTCCAGAGAGCAGCAGATGTACTTGGCTGTGACGTCACTGGATGTGTCCTGATCTACTCCTTCTCCTTCTCATACATGAGGTTATCTGAGGTCTCAGCCAAGAGACAAATCAGCACTTTACCCACGGACAGCACCAAAGCTCGCCATCTTGGCCGCTGCCCCAGAACCTTGGAAACTTCTGCAGTGAAATGGATTCTGATTATTTTTATTACCTTTGTTCTTTTTTTAGAATTGAAGTCTGGAATACATAAAGTGTGTTAATATTAAGTGCAACTTCGTGACCTTTTAATTGAGGTATTACTGTGTAACCATCACCAGATTAATATATGGAACATCATAAGTACCCTGGGAGACTCCTTGTGCTATTTCCCACTCAGTGCTCTCCTCTTAAAGAGGTCAGCACTGTTCCGGTTCTTCTATTACCATATATTTGTTTTGCCTGCTCATGAACTTCAAATAAATAAAAACTATGGTATGT,False
436,-1429,3.1179898,-3.28773,0.0016493557,-0.21640623,-0.10168108,0.52864987,3.3420694,-2.8773057,0.0019865346,-4.3302755,4.1995173,0.99980253,2.0003753,-2.2016754,0.014744213,0.3093665,ENST00000507963.5,-1429,GCGCTTCCTGGTCTCTCCAGCCTACAAGTCGGGAGTCGGCGACCGCTTAGTGACGAGCGATGATTTTAAAGAGCAGAATAAAAGGTTTTCCCGTGCCTGCCCCACAGCCCCTCCAGCTCGAATAATGGAGAACTGTCAATGCACTCCGCGAGCGGTGGCCCATTGTACGCAGCTGATGGCGAGGAGGCGACTGGGGGTAGCAGGGGCTCCTTGCCCTCGTCCCTATGCCCAAATAAACGCGCAAACGCGCTCCCGTCTTCTGGTCAGTTAAAAGGTGAAACGAACACGATTAAAATAGACCAAAAGAAAAGAAAGAAAAGAAAACCTTTCTATGTACAGATTCTAAATCGTACTCCCCATACAGTCAGAGGCAGGGAGTCGAGGGCAGAGGCAGCAGGCGGAGAGAGGGAGATAGGGCGAGGGAAGGAGAACGCGGAGAGAGACGAAGGGAGTGGGAGACCAGCGACAGCGAGCGCCAGGGCACCGCAGGCACACTGGATGCCCAGTCCGCCGGCCCAGCCGCCCTCGGACCCTGGACCGTGCGTCGTGGGCACCAGAAACGAGACTCGGCCAAATCCTGCCTCACCAGCAGGTAGATGAAACTCAAGAGAAAAGGTGTGGATAAATGAAACTAGCCCATGATGAACCTGTTTTCTCCGTGACCACAATATTAACCAGGATGAATGGCGGTGGCAGTGGGCCTGCATCACAGGTTGCAGCAGATGTTCTCAATATTTCTATTAAAATTTCCTTATTTCCATATGCAAGAGGAGCCCCAGAGCTGCATCCTTATGGTAGCTACCATGCCGTGATGTAAGCTGCCATTCACTGGGGAGCTTTGGCAATAGAATTGGCTAGATCAGGAAGCCTATGTCAACTATGGAACAACAACTTGCAGCTCATCTCTATTGATGGTGAGTCA,False
437,-535,1.2878053,-1.1833658,0.07790406,0.77334,-0.9609467,0.15004008,-1.6083308,1.7278678,0.96564996,0.38895425,-0.23212746,0.3495355,4.949529,-5.413604,3.1574396e-05,0.30863222,ENST00000573866.2,-535,AAGGCTATACTTTCAGGGATCATTTCTATAGTGTGTTACTAGAGAAGTTTCTTTGAACGTGTAGAGCACCGAAAACCCCGAGGAAGAGAGGTAGCGTTTTCTCCTGAGCGTGAAGCCGGCTTTCTGGCGTTGCTTGGCTGCAACTGCCGTCAGCCATTGATGATCGTTCTTCTCTCCGTATTGGGGAGTGAGAGGGAGAGAACGCGGTCTGAGTGGTTTTTCCTTCTTGATGGCTCAATGACAGAGACTAGCTCGTAAACTCCGGGCCGTTTCCGGGCTGTTCGCTCCTGCTTGGCAATGTCGCGAGAAAGGTTTTCGCCTCCTGTTTCAGCGGTGACGGCTCTTGGGTTTTCTCGGGGTGGCTTTTTAATTTTAGTCTTGGCGCGAGGCGGGGGATGCTGTGTGGCACCTCCTATTGTCTCTTTTTGCGTTTTCTCCCATTCTCGCTCCCTCTTTTGTCGCCGTTTCCCGCCCGCCACTCCCACCCCCAGACGGGGTCTCCGGGTCTCTTGTTCTGTCTGCCGGCCCCGGCTGGAGTGCAGTGGCGCGATCTCGGCTCCTAGCAACAACTGCCTCCCGGGCTCAAGCGAGTCTCCCGCCTAAGCCCTCCCGAGTAGCCGGGGCTTAAAGGCGCACA,False
438,-1099,7.0124226,-7.3993177,5.5088435e-07,2.1777139,-2.51544,0.009074654,3.3452058,-3.227491,0.0013960707,-0.29278114,-0.18795696,0.52618206,-2.565946,2.293718,0.99230653,0.30579197,ENST00000425438.1,-1099,CTATGTGAGCATCCCGGTGCCTGCACAGCAAGGACTCTCATTGGGTTCCACACGTGCTGCGCAGATCCCTGACGCAGCGTTCACTGAACCTCAACTGCAGGAGCTTCATTCCTGAGGACGCTGTTACCAAGAATGACTTGCCTCTTGAAGAATGAGTTTGCAAAGCCGGCAGTTAGATTGCTGATGTCCAAAGACATGAAAATTTCCAGGCTGACAAATAATTTCGCTGTCATCGGTCAAGACTCCAGGATGATATTCTGAGCCATATGTTAATTTTGATAACCACCTAGAACAATAAAAGGTAAACATGC,False
439,-638,0.11861777,0.061770022,0.48579186,2.8050456,-2.8890128,0.0033546137,2.1141312,-2.0202248,0.015760599,-2.0800714,2.0754914,0.984565,1.6437727,-1.6190302,0.03686954,0.30526835,ENST00000500970.5,-638,ATACACAGAGAACCACGTGGAGGAAAAGCACGCGAGTTTGGAGCGGGTGGAGCAGGAACAGAGGTGGACTGGAATGTCACACGACGGGGCAGCTGGAAGGGCACCACTGAGTTCAGTACTTCAAAATTGCCGTGCTCTACCTCTCCCCAGTGCACAAAAACACTCTCCACACCAAGCTGCTGCTGCTGGGGGATGGAGGGATGGCGTCAGCGATTCAAGACTGTTTTTCCTACCTGTTCAGCACTTCTTTCAGCGATATGAAGTTAAATCCAGAGGCTAATGATGGAGGATTGCTCGAGTTCAAGACCAGCCTGGGCAACATAGTGAGACCCTGTCTCTACACACACAAAAAGCCAGATGTGGTGTCGTGTGCCTCTAGCCCCAGAAGGTGTGACTCATAAGACTGGAAACTCCTGAACGTAGCAAGGATGCTGGCAGCCAAGCCAATGACTACAAACATGATAAAGTCCATTACAAGGATGGAAAGTCCACAGAACAGAAAATGTGTCTATTTTTTCACCAGTGACCCTCCAGCACTCAGCTATGCCTGGAACAAGGTCCAGGTTGGCCAATCCCCCGACACAGCCGAGCCCGCATGGCACACCACAGGCCCTGTGTGTGAGGTCTCCCGGCAGGAGCTGAGAGGAGAGGTCTGGAGGGAGAAGGGACTTGGAACCCTGCATTGGGAAGCTTCTGGCAGCAGGACAGGCCATTCCTGCAAGGCAGAGTGAGGCGGCTCCACAGGTGTGGACCAGCACGTGTTTCCACACAGACACGACAATGTCCTAGGAGGGGGCTGCTGACACTGATTGCCATCTGCGTGCTGGGTCTGGTGTAAAAGACACTGCATGACAACCAGCCCTTTCCACACTGTGCACACGTGAAGATGGTGCCCAATGAACCCCACAGATTCTGCCCAGGAAGCACTGAGAGCCCAGAAGAGATGACAGGCACATTCAGTGGGCCTGGGCGAGCCAGGGAAGCTTCCCGATGGAGGCAGTTTTGAGTGGAGTCTGGAGGAAAAAAAAAGGACAGCCATCATCAGATGAGAAACAGAGGGCCTGGGGCAAAGGGATGAGTGGTCTAGGATGGCTCCAGGAAAAATCTTGCTGCTCTGGGAAGATGCCCTGCTGCTCCTTCTGCTCTGCTCTGTGGTGATTGATGGCTGTGGGTTCCCGCTGTCCATATTTTACCACAGCAAGAGAAGAAGAGGGAGCGATGGATCACCTGGCCACTGCCCTTACCATCACTTAAGGAGCAGCATGCGGTGAAGAGAGAAGAAAGAGGACCTTTACCAGAGTCAGCAGGAGCTCCACCTCCACTCCCCTCAACTCATGGTCTAGATGAATGATTGAGTGAGGTGAGGGAGCGGAGGAGAGGGCATGCAGAGGGGCGGAGAGGCATGAAAGACACCGAAGGACAAAGGGAAGGGGCAAGAAACAGAGGCGGACAGAAGCCATGGGCGAGGAGAAAGCAAAAGGGAGGCATCCCCTTCTGACCATGAAGGGTTAACCGCTGTAGAAATTGCCCATCTACCCAGCACTTTGGGAGGCCACGGCGAGCGATCACCTGAGGTCAGGAGTTCGAGATCAGCCCAGCCAACATGGTGAAACCCTGTCTCTACTAAAAATACAAAAATTAGCCAGGTGTGGTAGTGCTCGCCTGTAATTTCAGCTACCTGGGAGGCTGAGGCAGGAGGATGGCATGAACCCGGGAGGCGTTGCAGTGAGCTGAGATTGAGCCATTGTACTCCAGCCTGGGTGACAAGAGTGAGATTCTGGCTC,False
440,-93,-2.8940482,2.8126984,0.9966876,3.2948055,-3.3380666,0.0013146462,1.4373631,-1.1877862,0.067537285,1.0927538,-1.1104985,0.099458806,0.27789366,-0.29920727,0.35959995,0.30491966,ENST00000561652.1,-93,GAGATAAATATATTTGGAAGTCATCAGTGTGTAATCTTATTTTAAGTCAGGACATGGATGAAACCACTTAGAGAGTAAGTGTAGCCAGAGGATAGAACTTAATTGAAGACATATGATCGATGAAATTCAAGGCCAACTTTTGTGATTTTTCAAATAGAAATAAAATGTTAACATTTTCTACCACACATATACAAACCATTACTTTCTATAGTGTTGTAGAAGCACTAAGATTTAAAAAGCAAGATTGATAATAGTTGCCAAATATGTAAACAAATGGCAAATTAAATTGAGGAGGGAGTGTCACTTTATTCTTGGAATAAAGTTTTTGTTTTGAAGTAATACAGTTTTTTATATTAAGAATAACAACATCTGGAGTGCTAGTTTCTTTTTCTCATTGTTGGAAATTGCTATTCCAATTCAATTTGACAGTTTTAGCACTAGAGGGCAGGCTTGCTTCTAGATTGTGAAGAGTTCTACATGAATTAATATAGCCAAACAGCGCAGGTTGAACATCCTTAACTTGAAAATCTGAAATTCAAAATGCTTCAAAATCCAAAACTTTTTGAGTGTTGACATGATGCCACAAGTGGAAAATTCCACACCTGACCTCATATGATGGGTCACAGTCAAAATGCAGGTGTACAACAGTTTACTCTGTTCCCAAGAGAAAAATAAAATTAGCTGCAGGCTATGTGTAAAAAGTGTATATGAAACATAAATGAATTTCATGTTTAGACTTGGGTCCCATCCCCAAGGTATCTTATTATGAATATGCAAATATTCAAAGATCAAAAAAAAGAAATCTAAAACACTTCCGGTCCCAAGCATTTTGGATAAGAGATATTCAACCTGCACCTACATTCAATCTCAATTAATGAATGCAGTTGTTTCTTATGTGACAGGTTTGCCATCTACTATGTTTTTTTCTAGTGCTAGGAAAGCATAAAATAAGGCTAATTGATTTTAGTACATCTAGGACTGGCAGTTGACGCTAATATACATTTGAATATAAATGTATATTTATATTCCAAGGAGTTTCCAAGGAAACTCAAGTGTAGCTTAATTATACTCAGATTTGATATAGAGGGTCTTCCACCACATATATGAATATTAAAGCCAGTCAGAAGAAATCCTGGACATGAAAACATTTTTTCAGGAAATAATTAACTATGTGCTGGGTATTATTATATGAGCGTGGCTACAAAGATGAATAAAATATAGTCCCTGCCTAAATAAGCTTTGTTGTAGCATCTTACAGCACTTAATATCTTGTGCTGTATCTATTTAAATGTCTTTTTCCCTTCAATAATAGAAATCCTGACTCACTTATTTTTGGTGCCTCCAAGTGCCCATCACACAATTCAGTTTACAGTGTTTGAACATGTGAATAATGAGAGAGAGAAAAATAAGAAAACGGTCAGGGAATTGGGGCCTTTGAAAAAACTTATTTTCACATTTTTACCCTTAGAGAGATGCTTTTCCTATTAACACGTCTAAAGATTATGGAGACAATTCTAACCTTCTATCTTTGCTCCCACTACTTCTTCAAGCAGACTTTAACCCCATTCCTCAAGAGCAGTTATTGGCAGCCATAGAGAGTGGGAGGTCAAGCCTTTTTTAGTCATTGGAGTAAACAGGAGACATAGATGTGGAAATTGGGAGGTTCTCTCTATCTGGCTTACGTCAGTTTGAGAAGTTTGACATGAAATGGAACCTTCTGGAATGAGGTTCTTTTTCCTGCTTTTCACCTGGAAAGTTTTCCCATACATGGTCCTCTTGCACCCCTAGTCCTTTTAGGGTACCTATTTCTGTGTGCTAGTTCTTTCATTTCCTTGTCTGTAACATGAGGATAATAATAGTCCTTATCTAATAGCATTATTTTGAGGATGAAATGAAATACAGGCAGTAAATATTAGTTACTCTTTGCTATCTGGAAAAACATCAATTGAACCTCATAGGATGGACTTGTGTTCAATAAGTGTTATATATAGTAGAGTCAAATGGAAAAATTGAACCACTCAGATACATTTTTTTCATTGATACATAATAGATGTATTTATTTGGGGGGTACATGTGATAATATGATATATTCATATAATTAAAATTCATTGATACATGATGTATTTATTTGGGGGTACATGTGATAGTATGATATATTCATATAATTAAAATTCATTGATACATAATGTATTTATTTGGGGGGTACATGTGATAGTATGATATATTCATATAATTAAATGAAGATAATTGGGATATCCATCACCTTAAATATTTATGTTTTCTTTACACTAGGAACATTCGAATTCTCTTTAGCTATTTTGAAATGTACAATAGTTTAGTGTTAATAGATCAGTCATCCTACTGATATATCGAACACCAGGTCTTATTTCTTCTGTCTACATAGACATATTTAGAAATGCAAATCTCTTAGGAAATTAATCTGTAATGTCAATGATGCACACTGATTTGTATTACTTGCTTTCTTTGTAGGCAGTATAGTGAAATGGTTCATTAAATGGATGCTAAATATGACTAAATGATCAATTTACAGTGTAGTTGGCACCAAGTAATAAATGCTCAGTAACATAGCTACTATGGCTGTCTTTAAAAGTGGATTGGTTTGACTTCATAGGAAGGACTCTATTTTTAAAAAAGAGAAATATTAAAAAATAAAAAGCCAAAATTCTATGATGTCTTATTACATTGAGTCTCTTAAATCAGTTTTTTTTTAATTAAGTAGCAGGACCCTATTGCAAAATAAGTTTTACCTAGAAGCACAGTATTTAAAACAGAAAGCTAAAATACTCTGGTTAAGTGGGAAGCTCCCTGTCTTCCTCGCTGCTAGTATTATTTCTGAAAAACCTCAAAGGAACTCCTTGCTCTCTGAATAGCAGGTTTTAAAAACCACTACTTGCACATTTGCACCTTGACATCAAACATGTGAACAAAGTAATAGAGTGAGAAAACTGAATTTCTATTTAGGAATTTCTATTTTATTCTCTCTATAAAAAGCCAAGAAGTGGTTGGTGTTTGGAATAACATGAAAAATATTCCAAGTATCTTTGGAAATACTTACACTAGAACTATAAGGTTTATGATAATTCTATCTTAGATTCATTATCTAGAGCTGGTCTAAAAAAGGATGATATGTAAGAACTACCAAGAGAGACTTGGAGTAGATACAAGAATGAAGGAATGAATCAATATCCAATAAATATCCATAGGCCCAGGCTTTGCTATGCCCTCTTATTACACAGGATAAAACAGTGTAGTTGTTAGTTTCTACCTTTGAAGATTATGATCCTTAAAAAGGAAACAGCTCTGTGAACAGAGACCATGTTATTCATAGGTGTTCCTCACTTGTTTCCACCACATAATAGGTATTTAATGAATGAAAAAATTCACGTCTCTCTTTGATCCTAGACTGCAAGTTACTTAAAAGAAATGGACCGTATTTTACTTATCTCTCATGGCCTGCAAATTGAGTTTGCTTACTGAATTAATGAATGAATGACCAATTGTACACATATGTCTGTAAAACGTTTACATATCCACATTCCCATTAGACTGAGATTCTTGAGGGCAGAAACCATGTCTTCAGCTCTCAGCATGGTGCCTGACTCATGGTAGGTTGTCAAAAGCATTTGCAGAACTGAATAAAACTTACGTTTAAGTAGTACTGGAGCAGTCTCACATAACCGGGCACAGTGTCTTCTAAATAGACACTAAAATTATTTCATAATTAAAGACAGATCTCACTAAGCATTTTCTGAGTTAGTGCCAGTTGAATAATATGACAATAAGCTATAGGAGTTCAGAGGAGAGTGAGTTCTGTGGACTGAAATAGTCAAAGTGGATTTTCAGAGCAGATGAGACGCGATGAAGGCTGGGGCTACTTTGGTGTTTTAAGAACATTAATTAGGCAGCAGGAAAATCTGAGGACAGGGAGACTAGTAAGGAAGGCTGGAAAGAGCCCTGGGTTTGGAGTTCAGAGATCTGTGTTCAGAGTCCTTTGCTTCTTAGTGACTATGTGACCTTGAGAAGATAACTTGAGCTCCCTTTTTCCTCTTCTGTGAGGTAGAGGTAAGATTGATGTGCATATTGATATTGTACTTAAAAGTGTTTGTAAAATGCTAAGTAAAACCTAATGCTATGCTTTGAATGTAGTGGGTTCCAAATATTTGTTTAATGACAAAGAATAAATGATATTGACTAATGAAAATAATGGAGCCACTGGAATGTCACCTCCTGCATCTGCCAGTAAACCTGTTAACACAGGGGTGGCGGGGGGGGGGGGGAAGTAAATATGTGAAGCCACCAAATCTCATGATCAGGAGAAAAACTTTGGAACTCCCATGAGACTCCAAAGTTATGTCACAGGTGAATAAGTCATGAACTTTTCATGCTGATATCATTTCTAAGGTTGCTGCCTTGTCAGAAGAAGCAAACCACAAGATAAACCATGCAGAAAATCTTTTTTTAAAAAAGTTTCCTGAAGGATGGATGGTTCATTTGTTCTGCTTGTCACTTTACTTACTAATGAGTCATTTTTTTCCTTAACCAGTAATTTGTTTTAAATTTGGTCATAAGATGGTATGTTGACTAGTCCAATGTTACAAAATAATTGGAAAAAAGATGACAGACCACCAACTGAATAAGGGAAATCTGGTTCTTGAACTTCCAATGTATGAATTGGTGATGGTAAGCTTAGTCTTTATGATGTAAGATTGGATTTATTGGAACTTCTTTATGTCCAGAAGTTGCAGCACCTTTCTTTGTCTCTGGAATGCCCAAGATCTCTACTGCATCCTGTAGACATGGAGGGTTTCCCCCCTTATTCTGGGTCTGATTATTTTTAAAGAAACACCCTTTCCTTACCCATCATGGAGACACTACTAACCTTGTATATACTTTTATTAGAGTGCTGATAACACCATATTACAGTAGCATACTTACATATCTGTTTTCTTAACTGTGAGCTCCTTGAGAGCAGGGACTGTGTGTTTTTGCTTTTATTTCACCAGTACTCAGAACTATCCACAGTATAGAAAAGCACTCAATAAATGGAATAAATGAAAATGAATAGATAAATAAATGATTTCACTTGTATAAG,False
441,-249,13.185969,-13.294289,3.160601e-12,-0.30505192,0.02518329,0.5818166,7.3032346,-7.3568068,4.2975856e-07,-1.6342603,1.1309099,0.9407644,5.717624,-5.978818,8.323315e-06,0.30451795,ENST00000589360.1,-249,TGCCGTCATCTCTTTATTTGCTGCCAGCAGAGTCCACCAAGCCTGCCGGGCAGCCCTGCTGCCCACCACGGTGGGGTCCAGGCCCAGCCCACCACCCCGTGGCTGTCTCCTCCAGGCTCCAGCCGTCCTGAGGGGGCCCTGGCAGTGTCTGGAGACCCCCAGGCTGGAGGTGAGGGGTGAACTGGACTGAGCTCAGGGTTAGGGTTCCCCCAGACCCTTCTGGGATTCCTACTTCCTGTTCCCTGCCGAGAGGGGCACCCCAAATCCTCCAGAGGGCTGGGATGGATTAGAGTTGAGAATGGGACACCCTCAAAACCCAGGGGGTCCTTGCAAGTCCCTGGCGGGCATCCCTGCTGCCCTCACCCGACCCCACCCCCGGGAGCTGGGTGAGGATGGAGGGTGGGGGTCCAGAGAAGAGTGAGGGGCAGTGGGGGCTTTTCCCCAAGGCCCTGGGGGGCCTTCTTGGGTGCCGTGGGGGCAGGCGCCGGGGACCCCCACCACGCGCCGGGCACCCCGCGTCCCGCTCTCTTACGGCCGCGCCCTCACCCACGTCCGCCGCGTCCGC,False
442,-19,5.689517,-6.0708146,7.808169e-06,2.9194474,-3.280951,0.0020245153,4.548045,-4.3516436,0.00013641278,-0.2374551,-0.21479318,0.50566524,-4.6571403,4.4088297,0.9998845,0.30154368,ENST00000466576.2,-19,GGTCTAATCAATGGTGCTCTAACTACAGAACAGCGAATCTTAACCTGGGGACCATGGGTCATGAATGGACTGCAGAAATTCTGTGACCTCCTGAGAAGTGTTCTGGGTGAGACAAGGCTTGAAAGAGACAAAGAAGGCTGGAGCCCCGTGGCAGATGAGATGGTTAGATCTGCAGGCATACTAACTGGAAGAGATACAACAGAGGCTCCCTGGAAGAAGGATGCCAGACACAGTTGAGAGCACAAGACTGTACCAAAAACAAGAGATTAAATGACTTTAACATATTAAATGCTGAATACAGAAGTTCCCCCAGCTAGAACTCCCAACTAGGCTTCCAGAATGCAGGCAACCACACTGCTATCCTTTA,False
443,-1001,1.9263377,-2.2148252,0.01565536,-0.25741446,0.033061832,0.57211274,6.9972835,-7.120802,7.389123e-07,-1.314845,1.0434644,0.91359246,4.7838616,-4.8835588,6.330896e-05,0.30028492,ENST00000513581.5,-1001,GCATTTGACCGCTCCTCCCTCCGCGTTGGAGGCGGAATAGTGGGTTTTGCTGCAACCGGTTTATTTTCCTTCTGTTTTCACCCATTCTGGCACAATCTGGCGCCATCGTCCTTCTTGTGAGGCCAAGCCTGAAAATGCGAAGCAGAGAGGCAGGACCAAAATTGAGGCGAATCCAGGAACCTGCCAATGGGTCTCCGGGTGCGGTCTCTGAAACTGGAGGATATCGGGAGGAAAGGCTCTCCGATGCGGAGATAATGGGGAAGCTCTTGGCATGGTTGGCTGTAGGTATGTGATACCGGAGGAGCAGGAGTCAAATAGGATACGCCGACTTTTAATTCAAGGAACCCTTTTCTGAAACACTTTGCCACAATGAAGGAAATAAGGAATTGTACTCTCAGAGATGTTGAGAAAAGATACATGGGTCTTGGAAGATAATTACTCAAAATATGCAGGGAAGGTAGTATATCTTTCTATTTTAAATGTATTAAGTATTCCTGGAACTATAGCAGTGAGTTGGAAATGGAGGATTGTCCAAGTAAAAAACATTTATTAAGGCTTTAATGAAATCTACCTATTTTATGGTATATAATCTCATTAATTGTCCACTTGGAAAGAATAATAACAGATATTTATTTATTGGCCAGTTACTATGGGCCACAAATTATGCTGAGCTTTTTTTAATT,False
444,-1163,0.45734763,-0.6737841,0.24395233,2.570273,-2.62886,0.0054910323,6.778926,-6.4227657,1.84747e-06,-0.066939265,-0.24070379,0.45666784,-0.7788344,0.5439272,0.7896408,0.29915076,ENST00000500843.2,-1163,TTGCTGCCCTTCCTCTTCCCCAGGGCACAGAAACACTCTCCACTGCGGCCAAGGATTGCAGGAGAGGTGGCATCAGTGATTCAAGACTTCTTTTCCTACCTCTTCAGTGTTTCTTTCAGTGATCTGAAGTTAAAGCCAGGGGGAATATCACAGAAGTGAAGTGCAATTCTCATCATGTCATATCAAGAGCACACACTAACAAACAACATGACTTATTGCTGAATATTGAACTTGATCACCTGGCTGAGGTGAATAAACTGACACTGGAACATTCAGGAACTTCTTCATGGTCATGGTCACCCAGCTAGAGTGTGGAAGCCAGGCTGTCTGATTCCAGGATCTGTGTTCTTAATCCTATACATAAGGAAGCCATAATGAGTCAACCACTATTTTTAAGATTCACAGATGTTCGGGTCCAATTCACCAGAATGCCAAGTTATACAGGGTTGTGGAATCAAAAACTGCAATTAGTAATAAAATGTGATGCTATCTAGAATGTTTTTCATACATATATATGCTTCTTGGGACTCTCCCTGCAGGTTAAGAGAAATTGAGAAACGATGGAGAATTTAAGTGTTTTAGATCCTACATACATTAGACTTAAAAATAGTAACTATGTACATGAGTATTTGTAAACTTAAGAATGAACATAACATGAACCATGTGGCACCTATAAAATGAAAATAAAATACCTACAAACCAAATGAGAGCAATAAAAGAAGCTTTAAGGACTTTCA,False
445,-389,2.578731,-2.8823843,0.0042308383,-0.3659054,0.10237011,0.6149755,6.386494,-6.5184298,2.485773e-06,-1.0974301,0.8512113,0.87529844,5.496779,-5.5790076,1.548247e-05,0.29890457,ENST00000509007.1,-389,GCTCCTCCCTCCGCGTTGGAGGCGGAATAGTGGGTTTTGCTGCAACCGGTTTATTTTCCTTCTGTTTTCACCCATTCTGGCACAATCTGGCGCCATCGTCCTTCTTGTGAGGCCAAGCCTGAAAATGCGAAGCAGAGAGGCAGGACCAAAATTGAGGCGAATCCAGGAACCTGCCAATGGGTCTCCGGGTGCGGTCTCTGAAACTGGAGGATATCGGGAGGAAAGGCTCTCCGATGCGGAGATAATGGGGAAGCTCTTGGCATGGTTGGCTGTAGGTATGTGATACCGGAGGAGCAGGAGTCAAATAGGATACGCCGACTTTTAATTCAAGGAACCCTTTTCTGAAACACTTTGCCACAATGAAGGAAATAAGATTACAGCCGAAGATACATATTAAGGTATTACTTATTCACACCAGTTTTCCATTATAATATGCTTGTATCTTCTCTGAATGGAATTAATAGCTTTTGGTTATGGTTCCTTAAAAGTCACATGGCCTAAGGATAGATGGTCAAGGAACTTTGGAAAAATTGGTCCCTGGGGGATGTGCAGGGCAAATACTTTTT,False
446,-1103,8.430302,-8.387456,4.9675368e-08,-2.448194,2.2086914,0.9905934,0.0672504,0.008483648,0.48531258,9.05512,-8.816338,1.7319064e-08,2.1177802,-2.4983358,0.009794261,0.29714006,ENST00000436578.1,-1103,GCTGCTCTGCTTATGGAGTAGCCATTCTTTATTTCTTTACTTTCTTAATAACTTACTTGCTTTCACTTTACTCTATGGACTTGCCCCAAATTCTTTCTTGTGGGAGATCCAAGAACACTCTCTTGGGGTCTGGATCAGGACCCCTTTCTTATAACACCACCACCTGCTTTCTTGGGTCTCCAGCTTGCAGATGGCAGATTGTGGGACTTACTTCTTAGCCTTCATAACTGCATGACTAATTTATCATATTAAATCTTATTTTCTTTATATATATCTCCATCCTACTGGTTTCTCTGGAGAACCCTAATACATTTCCCATCTCTCTGCAGCTAGAATCAGCCAGAAACATATAAGGAGACTCCACCAGGAGTGGGGAGTTCTTGGGAAAGCTTTTGCTTCTGAAAAAAGATAAAAGTACACAGGAGAGCTGTCTGGTGCCATTCCTTGAGCATGTGAGAGACTGTGTCACCGGGAGCAGCAGTTATCTGTGGCCATAAGTTGAGATGACTGGATGAAATGCTAACATGTTGAGAAGACAATGCATAGGAGTGAATGAGACAGAAAGCAAGACCATGAGGATGACTAAGAAGAGCAAGTACAACATGGCTGAGACTAAGTGTCCAGGGAGTTGAGAATAAGTGGCCTATTGTCATGTCCTATATAAGTAGAGTATAT,False
447,-149,1.1828911,-1.22752,0.08238223,-0.39353323,0.10235569,0.62149274,3.5990193,-3.1351252,0.0011881794,-0.68072844,0.5719031,0.7777551,5.543963,-5.8451853,1.1317504e-05,0.2965659,ENST00000555037.1,-149,GCTTGTCGGCGCCATTTTGTCTCGGCAGCGGTGGCCGTAGCTCCATCGCATTTTATGTTTCTGGCGAGAAGGGAACGGAGTTTTCATCAGGTAGATTGGTTTTTGTGCGGCCGTCCTCCACCGTTTCCTCCAGGACAGCACCTAGTCGTGGCCGGAGGAGTCTCAGAGCTGTCAGAAAGGTGAGCATTTGTACAGTGAAACATTTTGCTACACAAAAGTGATGTTTAGGAATACTAACAAATTATTTTCAAGAATAAGACTGATTTTATGGGAAAATTAAGCAGATGCTCCAGTTTGAGAAACCTGGATCTGCGATCTGTTTGTGAGGTGAAGAAGAAAGAAAATGAAACATACTCAAGATTTAAGAAAGAGGGAACGAGCAGTACCATTCACTGATTTGGCAAGTCAAGAAAAGCCACTGAGTGGTATTCAGTTAAGAGAACAAT,False
448,-993,4.7715406,-4.7485595,7.3356976e-05,1.2749393,-1.3873127,0.06523787,-0.12887964,0.544291,0.6622128,-0.71921074,0.39891312,0.75364053,9.603186,-9.948935,3.225686e-09,0.2962329,ENST00000507091.5,-993,GGAGATTTCTGGGGCTTTGGAGGGAATCGTGAGCGGGCGGGAGGAGGCCGGGGACCACACAGAGAATAACTTGTCTGACTACCAGTATTCTTGGATGCAGAAGTGCTGAAGATGAGCACACACACGTACGGAGAATTTCTGGAGAATTCAGCTGCTCAGAACAAGAACTGAGATCCAGAGAGATGATGACTTTGCCCATAGACCAAACAAAGAAATACATGTTTCAGTCCTGTGTCCTCCTGCTATGTGTGTCCGGAATTGGTGGGTTCTTGGTCTCACTGACTTCAAGAATGAAGCTGCGGACCCTCGCGGACCGTGTGTGAATGCCTGCTCTGTGAGCCCTCAGAATCTACTGGCTGAATGAGTGCGTGGAGGAAATGTGCTCAGAGCTGCTGTGTGTCATCCTGTGTTTGAAGTGCTCCTGCAGCTATCATTCATCCAGTTAAGAATTTGAAGAAGTGTGTGCACAAAGGATGTACCAGACTATTAATATTGGTGACCATGGGCTAGGGAGTATGTTCTTGATAAATTTACAAAATCTTCTGATCAACTATAGACTTTAAAAATATAACATCAATTTTTTAATAAAATACTCTCTCTCTCTCTCTCTCTCTCTCTCTATATATATATATATATATATAT,False
449,-82,3.1750543,-3.2507095,0.0016166776,0.69311464,-1.3731189,0.11242232,7.981813,-7.5278645,1.8375214e-07,-1.2370448,1.1416812,0.91519064,0.050315857,-0.1539349,0.44911408,0.29566878,ENST00000528844.1,-82,ACTTCTCGCGGTATCTGACTCCTAGGCTCCGCCCTCTGCACGCCGCTCACGGTATCTGACGCTCAGGCTCCGCCCCCTGCATGTCTTTGTTGGCAAACAGTTCTGGGGGTCGTCCGATCCTGCAGAGACCGTCCAGGCTGGACTTGAACTCCTTCCTCGGCTGAAGTGATCCTCCTGCCTCAGCGTCCTGAATAGGAAGTGGAGCCAGAATCCACAGATGTCATTATCCATCTGCACACTTTGTTTACTACCCAGAAGGCAAGAATATTGCATTTTAAAAGTGCCCGGACTTTTGTTCTTTCTTATCACAAATGACTTGGGAAGCTCCGACCACTCATGTTTACCCCGAGTGAAAGTCCCATTCAAAGCCTTGCTTCCTGGAGAGCTTTGAGATTCTGGTACAAAAGGCATTTTATAAGCACAAAGTGGAAAAGCATCATTCATATTCATTTGCTGCTGCGGCATTTCTCCCTGGAATCTTCCTCTTGTCTGTCAACATTGGGCAAAAGGACTGGCCTCATCTACATTACAGATATCCTTGTGATGGTCTGGAGGTAGGAAAAGGACACCCAGCACAAGAGTGAGAAGGGAAACTCAAGCTCTCCTGTTGGAGAGTCTCAGGCTTCTTTATCCATAAAACTGATTGGACATAATTGGTGTGGGTTTATGATTTGTTTTGGAAAAACCTGAGTATGAAATCAATACTGTGCTTTGTGCA,False
450,-1029,1.52963,-1.44238,0.048706513,-0.47402382,-0.4082971,0.5164258,9.19688,-8.716211,1.661281e-08,2.4558327,-2.5922725,0.006380517,-1.2801057,0.95008546,0.9029282,0.2948882,ENST00000314957.3,-1029,GCCACCACGCCCGGCTAATTTTTTTGTATTTTTAGTAGAGACGGGGTTTCACCGTGTTAGCCAGGATGGTCTCGATCTCCTGACCTCCTGATCCGCCCGCCTCGGCCTCCCAAAGTGCTGGGATTACAGGCGTGAGCCACCGCGCCCGGCCGGTACTCCGAAGCCCTCAGATCGGCGACCTGGGCGCTGTAGGCACCGAGAAAATACAGGCACCGAGCCAGAAGCAGTGCCGCAACCAAGAGACCTCGGCTTGGCGAAATGGCGGCGTCTGGAGCCTGCGAGTGACGCCAGCTGGTGGGGCTGTCAAGGAGAACATTCGTTACGGCGCAACCAACGGTACTGTCACCAAGAAACCGTCGTCTCTGAGAAAAAAAGAGACGTTCGGCCGCCGAGAAACTCCGTACAAGTGCTGTGACAGAAAAACCGCCGGCTCCGCGCAGCGGCAAAAGAGCCAACGGGAACGCCGGGTGCTGCGACCATGACCCCGGCACTGGAGGACGTGGGATGGAGAATGGGACACACGGAGCGAGAAGGGAAACGTTTCGTGCAGACCAACTAGCGCCGCCGCCACCGGAAAACTGACTCGCCAGTGCTGCCAATGAAGTGCGTGTGAGAAACCGATGACTGGTGGGAGGAGCAGCGCTGGGCGCTGGACCCGCGAGTGTGAGAATCTGGCGGCGCTAGGACCCTTCAGGCGCGGGCACGAGGCGAAACCCAGCGCTGTTGCCAAAGACAAATGCGCGTTCTTTTGGGCGCCATCAGCGGTGCAGCCAGTGATCACTCCCAGGCTCTGAGAAACTAGAGATGTCAGCCACAAACCCTCCGTTCAGGGAAAGTTTGCGGCGCCGTGACGGATCGACTGGCACTGGGTGCAACATTGTCTTGTGGCCTAGAGACTAGAATATAAAAACAAAAACCAAATACAAAACTGCTGCTGGCATTACTCCTACTCTCCCCCCTCAAGTCAGTGGCTTCAGGCTTAAGAAAACCTGTATTTTTCTTGGCTGTGCCATAATCCGTAATTACCGAGGCCCCCAGCGACCCACCCAGTGTGATTCGCAGAGGGAAAGGAGCTGGAATAAGGACCGTGAATGGGGCGGATGTGGCTCGTCCTGGGAGAGAGCTAAAGCTTATGCTGGTCGCAAACAGCATTACATTGCAGGAAACTGCTCTTCCAATGGCCGTGGCTGGGTCCTTCCACACCATCCCTCTGCCCTAGACCTTTGTCCCCGTTCAGAGCCATCAGAGATTCTAGGAGAGCTGTCGACAACCGCATCTCTTCGGAACTTGGAAACTCTAGGTTCAAGATCTCCGTGGAGAATGAAAGGCACAGTCGCCTGACCCGGGCATCAGGCTTGCCCCGCACATCAAGTCCCTCCCCTACTGGATGGAACTCTGTGGCAATCGCTCCTTATTCTGATGGTTCACTCTGTCAGATATCCTCGATATTTGGGGATAGTAGTTCAAAAACAGCCGGGGAGGAAAATGGGCTGAAAGATTCCAGCGTTGGATGTAGAATTGACAGCGAGACATACACCTCCTCTCTAAGCCCAGAGAAAAGCTCAAGTTGTGGTTCTCTGTCTCTAGCAGCATGATCTTCAAAATGCATCATTGATTTCTATCTTCTGGGAAATGCAATGCAGGTGAACTTGAGGAAATCAGTGGTGCTTCAGGATATTGTGAATTTGGTCTTCTGAAAGCAGAATTCTGATTTAACAGTATAATGGAATTCGTGAACGTCATGATGCTAATTTGAACCAACAAGCACCCTTGTGAGAGGAATCTGCTTTTCCTCAAGTCTGAAGAACACCAGGAGAATCTTTCTGTATGGAGTTACCAGGAATCCTCTGCTAAGGAAAGTGAAAGGGAAGATGCAATTTCTCCTGGGAAGGGGGGATGCTGATGTAGAGGGTGACAAGTAATATGCCATGAAGGATTCAGTCACCTGGTTAGATTTAGAGTTAGAGTTATGGTTAAGGAAGAAGGAAGGAAAAAAGGCAGAAGAGGAAGAAAGGAAGCAAGAAAAGATAAAATTTATTCTAAGATAAAATTTGTGAATTTTGCTAAACTATATATATTTATTTATTTATTTATTTTATTTATTTATTTATTTTTGCTGTCATTAGCCAAGATAAGGAATCTTCAAGTTGAGTAAGACTGGATTTAGAATTGTCTGGGGGCTTTCAAAAGAGCCATTCAGTAAATAAGAAAGAATACAGGCCTGCAGCACCAGAGTCTGAGCTGGGGGCATAGGTTTGTGTGAATTTGGGCATGGTGGCTCAGGTCTGTAATCCCAGCACTTTGGGAGGCTGAAGTTGAGGACTGCTTGAGCTCAGGAGTCTGAGACCACCCTGGGCAACATGGGGAGACCCCATCTCTACAAAAAAA,False
451,-1339,0.003241539,-0.07895571,0.47946224,7.149898,-7.4066043,4.7664074e-07,6.3872585,-6.1919966,3.4426862e-06,-2.4460568,2.3783307,0.9920325,2.8378773,-3.0577402,0.002743927,0.29484853,ENST00000412393.5,-1339,GAGAAGGGAAGGAAGCCCATGTGAGGACACTGAAGAAGGAGTGAGCAGACAATAAGAAGCCCACAGAAGACAGAGAAGGAACAACTAGAGGGAGAAGCCAAGGCAGTTTCTCCACAGACACTACCCAAAGCAGTCCTTCACTACAGTGGCAGACAGACCTGAAAATTTTCATCTGAAGCAGCAGAGTGAACTGCAGAGTCAGGTCACCAACCAGTGTGGAGGCTAAAAGCGGGCCTCTTTGGGGATTCCAGGAACAAAGATCACCACAACTGGCTCCCCTTCAACTATGTTAGATGGCAACTTGCCTTCAGTATGGTGAAACACATCAGTTAAGACTGGGGTTGTGCATGGCAGGACTTTCTACAAGGACACCCAGTCTCCTTAATAAACATGAGATGCTCTCTTTCCAGAAGTTCTCTTGCCTGACACAGCATAGGAAGATGCTGAACGGCCACACAGTGACCCATTGAGATAGAATCTCACTATGTTGACCAGGCTGGTCTTGAACTCTTGGCACCCAAGCGATCCTTTTGCCTGGAATCCCAAAGTGTCAGATTTACTGAAGAATATTTCATTGTAATTACTTTTTATACTTTATAGGTCAAGAGCTCTGTTTTAAAGACAAAATTTATTGAATATACTTTTTCAAACAAA,False
452,-95,0.24636585,-0.088151276,0.41714197,3.1075888,-3.176937,0.0018614695,1.7096611,-1.6307375,0.03421098,-2.0842454,2.0736442,0.98460037,1.7650834,-1.756418,0.028706597,0.29330426,ENST00000578923.1,-95,ACCACGTGGAGGAAAAGCACGCGAGTTTGGAGCGGGTGGAGCAGGAACAGAGGTGGACTGGAATGTCACACGACGGGGCAGCTGGAAGTGCACAAAAACACTCTCCACACCAAGCTGCTGCTGCTGGGGGATGGAGGGATGGCGTCAGCGATTCAAGACTGTTTTTCCTACCTGTTCAGCACTTCTTTCAGCGATATGAAGTTAAATCCAGTCCTCACTGTCCCCAGAAGGAAGAGAGGCACACAGCGCTCCCCAGCCGCTGGAATCCAGGAAGAATTGAGGTGCTCAAGACCCACCACCTCTTTGCCTGCAAACTCTAAGCTCACTGTCCTGCTCCCTTGCTCCCAGAAGTGGCACTGGATGGATCCCATCCAGGTCAGCCCAGGCTGTCATTTCCTCCCCTTCTGTACCTAATCTCAGCGAGATGAAGAGTTTACACCTGTTTCTCACTTGAATTAGGGAAGTCTAGTTTGCATTCTCCTGACTGGATGGGCCTGCATTGAATCTTTCATCTCATTGGTCTGGGGATTTGGTTCTGAAGACCAATGCCTTCCAGAATCTTCCTGTCTCTCCCCAAATTCTGGGCGGTTCTGTTTCCAGCACTCATCCATGATGGGGGGGTACAGGAAATGAGTGTTGAGGGAAAGGCATCCCACCTTCTCTCTGTTCCATCTTCCAGATCTGACAACTCACTGGAAAGTTCTTCTCTGTGTCCCTGTCCCCCGTCTGGTTCTGAGGCCGCTGCTTTCCCCAGCCTTGGTGCCTTGGGTTTTCTGCTCTGTGAAATGAACCAGGTCCCTTATCCTGTTCTCCCCTGAAGAAAAGAGGGTGTGGGGGGCTTGGCACAGGAAATGGCCCTTGCCTTTCACAGGCTTTGGGGTCTGAGGGCAGCTCT,False
453,-96,0.24513632,-0.07881874,0.41971216,3.020759,-3.10227,0.0021870139,1.9382697,-1.8491952,0.022151163,-2.0953233,2.081007,0.98487747,1.7943631,-1.7728307,0.027459648,0.29127747,ENST00000530002.1,-96,AAGCACGCGAGTTTGGAGCGGGTGGAGCAGGAACAGAGGTGGACTGGAATGTCACACGACGGGGCAGCTGGAAGGGCACCACTGAGTTCAGTACTTCAAAATTGCCGTGCTCTACCTCTCCCCAGTGCACAAAAACACTCTCCACACCAAGCTGCTGCTGCTGGGGGATGGAGGGATGGCGTCAGCGATTCAAGACTGTTTTTCCTACCTGTTCAGCACTTCTTTCAGCGATATGAAGTTAAATCCAGGCCAAGTTCCCACCTGGTGGGAAGCACTGTGCAGGTTCGTGGGGATGCAGCCCTGCACAGCCCAGACTGGACTCCTTCCCCATGGAACTCACAACACACGGGAGAGGCAGAGAGATCCAAGCGCACAGAAAAACACAAGAAGATTCAGCCCTGTCATCTTGTGCAAAGATGAGTCAGGAACTCCTGGAGTGAGAAGGGCTCAGGCCTCACCCAGCAGTGACCTCAGAGAGGGTGTGCAAGGTCAGAAGAGCCTCCAGCTGAGCTCAGCACTGTGACAACAGACTTTCCAAAATATGCTTAAGGGTCTGGCCGGGGCTGGACATGCTCCAGCAGGTGTCAGGGAAGAAGAATGAGCAAGCTGGCTGAGTCTGAGCCTGGCCCCGCCTAATGTTGTCTCCTCCCTGAAGCCTCCCCTCCCTTCTGTGCTACCACAGTTCTTAGGTCTGTGGCGTCCTGAAGCCACTGGTGCCATGTGATGGTTTGCATTTCAATTAATTAAAATTACATGAAATGAAA,False
454,-44,0.8190601,-0.70349723,0.17908527,0.44070494,-0.7244078,0.23773952,3.3345263,-3.1165497,0.0015763337,-0.63156724,0.6913523,0.78966707,0.49432766,-0.6284943,0.24548821,0.29071125,ENST00000443642.1,-44,CTGCACAGGCCAAGGAATTCCACAGAGGGTGTGACCCAAAGCCCCTAACAACAGACTCGCTGGGACCCCCTAGACTTGGCATGGAGGCTGGCGTCGATTTTCCCATCATCCGCCTCTAAGAGCTCAGAGGTAGGGAGATCCTGCTCCGCCCTCTCGTCCTCTTCCTCCAAGCCTGGGGAAGGGACGTCCTGGCAGGTGGTCAGGGCGTTGCAGTTCGAGTCCAGGCCAGGATCGGGTGAAGAAGAAGCTCCGGAGCAGGAATCAGGAGAGCAGCAGAAGCTGTCCGGTGCAGACCTAGAAGACAGAGGTGGTGAAGCCCGGCCAGTGAGGACAAGAGCTGCGGGGAAGGACACCGAGGCACCTTCAGGATCTGGTACTGTTCTGGAGTGGCCCGTTGCAGACACTGAACCACCAGCCAGCTGCATTTGTTGTCCTGGATGTCAGTGCCAATTTTGCCGGTCACACTGGGGTCCCCAAAGAGGTCAAGGCACGCTGCAATCCTGTACCCTGAAACCAGCTAGATGAGCATGTCCTATAGAGGCCAAGGCTACCATGGGCACCCTCTGGGCATCGGGCCCTGTCTGCAATACACCTGCAGGAAGAGCTCGATCAGGTTCAGATCTGTCCCCGGCGGGTAAGGGATGAATCCATGATGTCATCTGCCACCAGGAAGAAAGCT,False
455,-637,0.26365405,-0.11321503,0.4068823,3.1066442,-3.1780512,0.001861154,1.7997788,-1.7134638,0.028937774,-1.8308911,1.8090922,0.9744188,1.9601775,-1.9444726,0.019750075,0.28637004,ENST00000577297.5,-637,GGCCTCCGGCTGGGGCCACCCAGGCAACCGATATACACAGAGAACCACGTGGAGGAAAAGCACGCGAGTTTGGAGCGGGTGGAGCAGGAACAGAGGTGGACTGGAATGTCACACGACGGGGCAGCTGGAAGGGCACCACTGAGTTCAGTACTTCAAAATTGCCGTGCTCTACCTCTCCCCAGTGCACAAAAACACTCTCCACACCAAGCTGCTGCTGCTGGGGGATGGAGGGATGGCGTCAGCGATTCAAGACTGTTTTTCCTACCTGTTCAGCACTTCTTTCAGCGATATGAAGTTAAATCCAGGAGTCTTCATTTGTCACCCAGGCTGGAATGCAGTGGTTCAATCTCAGCAGCTCACTGCAGCCTCTGCCTCTCAGGTTCCAATGGTTCTTGTGCCTCAGCCTCCCAAGTAGCTGGGATTACAGGCATCATCGCCATCAACATACAGCCATACTCCAGGATTGCCCATCTTCAACATAAACGGACTCTCCTGGACTCCACTTCCCACATCAGTCACAGCCACACTTCCTGAGAAAGAAGTCTACACTCTTCATTCACTTTCATTCACCCACTTCCAACCTGGCTCCTGTTACCACTGGACCGTCAAAAGTGACTCTTGTCAAAGTCACTATTCTGGCTACCTATTGCTGTGTAATAACCTCCTCAAAATTTAGTATCTTTAAAAAA,False
456,-1159,0.2817242,-0.17997462,0.38658294,1.7454945,-1.9486338,0.024265658,-1.8353981,2.0040233,0.9789467,1.865625,-1.616488,0.029825479,5.805341,-6.281232,5.634635e-06,0.28392527,ENST00000517675.1,-1159,AATGGGGCTGGCTGAGCACCGTGGGTCGGCGAGGGCCCGCCAAGGAAGGAGCGACCGACCGAGCCAGGCGCCCTCCGCAGACCTCCGCGCAGCGGCCGCGGGCGCGAGGGGAGGGGTCTGGAGCTCCCTCCGGCTGCCTGTCCCGCACCGGAGCCCGTGGGGTGGGGAGGTGTGCAGCCTGTGACAGACAGGGGCTTAGAGATGCAAACAGACTCAGGGAGAGAAACAGAAGCTGATTCTGTGACAGAAGCAGATCTGTGCAGCACAGATGCGGTGTGCGTGGGGAGGGGGTCGCCTGGGAGCGCATTGCGGAGTGCTTGTGTGTGCAGATTTTTCTCTGGGCTCAGGACTCATTGTATGTGGGTCAACACCTTCCTCCGTGACTGTGTTTTTGTTCTGAGCTGAGTTTTTTGGTTTGCCCTTAAAAAAATAATAATTTGGCATCCAGAGACTGGCAGACTGCCTCAGGGCCTGGACTGCGGATATATTGTGTTCTGCTTGAGGTTTGGGGAGGAGGGCAGGCGGTAGGAAGGGAGAGGGGGAGCTGTTTGTCACACTTTGCTGTAGAGCTGAGAGCACCTGACAAGCTTAAGGAAGTCGTTGGGCTATGTGGACAAGAAGGAGCCAGCTCCCAGCGGGTTCACAAGCTCTATCGGAGTTGAAAGCGTGGTCATGGCTCTAAGGAGCACCTCACGCCCTCCCTGTAGCTGTTATTGCAGTTTCAGGCAGAGATCCAGGAGCTGCAGAGGAAGGGAGAGGCACAATAACCTACATGGACCCAAGGGAGACATGTGTTCCTTTAAAAATGTGAACAGAAGGAAAAACAGAATGTGTGCAACTGGGGGTCTGAGGAAAGACTGTTTTGAAAGAGGCTGTCAGGGAATGGAAAGGGTTAAGCTTTTCATCCTGAAGAACCTGCTTCCCAAATCAGGCCTTCCTCCCATCACTAGACCCTGAGCAGCAGCTGGTCCTAGAGACCCCCCTCGTACTGCGCTGCCACAGTCTCATCCCATTTCCAGCTCTGTATTAACCACCAAGCTGCAGCGGATGGGGCAAGACCTAAGCTCATTAATTTCCAGGTGGAGGAAATGGAGGAGGGGCAGGTCCCTGCAGTAGAGGGAGGAGCAGAGAAAGGAGGCCAAGAGCTGGATCCTTCTGCCCAGGAAGCCTGCTGCATCCCTTCCCCCGAGCATGGCAGAGGCCTGGCTTTGCAAGGCCAAGGCCATAAGGGATGCTTAGGAGATTAATTTGATTCCTGACACAATAATCAAGCCCTAAGAGTCTCCACTGAAGCTTACTGAGGACTTCTTTCCTCTCCAAAGCCTCAGTCTAGCCTGCTAAATAAATTAGTATTCAGTGATGCCTTGGATCAGGGCCCCTCCCCGGCCTCAGTTTCCCCAAATATTTATTAAGTACCTACTGTGTGCAATCCTTGTGTAATTATTAACTCTTAGGCTCTTCATTTGCCCTCCTAAAGCAGTGTTTAGAGTCAGGCAGAGGTTAAGTGTGTTGCACCTCACCTAGATACTTCCAGAACCTTCTCTGGGTCTGCAGAATGTGGCACAACCTGCTTGCCCCCGCAGAGAGAAAGCTGCAGTGCACATCCTGCAGACTGCAGGTGCTGGGCTGCCTCTGGAGTCCCAGAAGGCAAGCTTGGCTGCAGGACAGAAAGGGAGAACAGCTTCTCTCACCCCTGAGCCTTCACAAGCCCTTGTCTATTTGCCGTTGCCTTCAAAATATACCTCCCCCGAAACCAGTAGCTTTCTGAGTCCTGGTGTCCCCTCCGCCCTTTCTGGACAGGTTTGGGAAGAAGAAAGCAGTCAGTGCTGGGCCTTATTGGGGTGTGAAGCGCCTTGCTCTGCCCCTTCTGCTCACTGTGAAGGCCGCTGGATGCTTCTCTTAGGCATGGTTTAAGCCTCCGATTACTAAACCCCTTGCCCCACAAACGTCCACATTGACGAGCCTCTTTTTAGTAACTGCTTCCCCGTAATTCCTTCAGAGGTTGCTGTACCCTTCGCTGATGTGCTGCCCTCCTGTAAAACCTCCAGATGCCTTCCCACGTAATGCCCCTTTCAGATGCTTTAAGCTGAGAGCTTAAACCACAGGTACCATGGCTGACGCCTGCCAGGTTTCTGCTGCAGATAATCTATGATGGGAGGGGCATATTTTTTACTTCATTACTTATGTAAACTCTTGTTCCAGAAAGCTTTAATGTGTGTGGGAGTGTTCTGGGTCTATTAGGTCTGTGCGCATGGGTGTGGGCATTTGCCTGTGTCCACCGGGTGGGTCTCATTATGAAATGTATGTTTATGTAGGGCTTTAATGGCTGAAAATGGCAAAGAGATGAATAGACCACTTGGCCCCATGTGTAATTGCCAGGCCCCTTCTGTGCTCAAATGAGGTGTCCGAGTGAAGGTCAGCCCTTCCCTTCTGTATTTGGGGCCTATTTATGCCACCAGTAATTTTATAAGAAATCTGAATAGTTCTCCCCTTTGAGTGCATTTAACTCTTTAGTATCTTCTCTCTTACCTATTTGAGCCCCTCTAGCTACAGTCTGGCTTAAATGAAAGGGGAATTATATGCTTAAGAAAAAGTAGGACACGGTTGAGGCAGTTTGCTGACTGAATACGCGAAGAAGGACCTGATGGGCTCATATGCACCACTGCCATCACAGTCCCCATCGTGATGCAAGCTTATATGATTCTTGAGGTAACTCTACCAGATACTTCCAGATTTAGAAATGTGTCAAAGGAAAAATTGGTGATACTCTTCTTTCCCCTGCCAGAAACAGCCCAGATCTCCTCTTAAGCGGAAAAGAGATTGACCTTCTAGCAGAGGCAAAGGTAAACTCCTGTAAGTTACTTCTGTTACCAAAGGGAGGGGGGCGGCTTTTGTGAATGTATGAGGAGCTTTTGCCAGAGAGATATTCGGAGGAGGGGTGTGCCCATATGCACACATATATTTTCCCGCATAACCGTATCCAATGCTAGCATTTAGAGGAAGGCATTTAGCCACCAAAAGTCCATCCATCTATGCTGCTTCCACAGAGAAAACATTTTCTCTTTCCTCCTCTTGAACTTACATAATATCCTCCTCCCATTCCAACCTTAGAATGGAGTCTTCTGGGGGCAGCTGCAAAGCGTTCTCCCTAGGACAGATGGAGCCTCCCTTTCCTCATCTACTCTGTGGGTGGTTTCAGGGCCCACGAGTCAACATGAGGAGTTGTGCTGGTGGTATGTGTGTTGGAGGCTGGGCTGGCTGATTCACAGTGACGAGGATGTCAATAATAACAAGAATGAGAATGATGGTACCTAATAAAGACTTTTTTTCCCAA,False
457,-860,3.810826,-3.9030738,0.00044637726,0.27911568,-0.57443535,0.29868847,1.1732721,-0.8254677,0.11933529,-3.2523754,3.2316773,0.9984748,3.7700014,-4.04319,0.00040420203,0.28346986,ENST00000433219.1,-860,GCCATACAAGACGTTAACAAAAGAGGAAGCTGGGTAAAGTGTATTCATGAATTCTGCACTATTTTGCAACTCTTAGAAATTTGGACTGGGCTGTGTGCTTCTCCTATACCATTCTCCAGCTACTTCTGGATGAAGAGGAAGGGAATGGAGGTCTTGAAAGGTGGAAGAGTCATGCTGAAATGTTAGCTGCATATCAGACCCAGAAAATACAGCAAGTTTTTTGGCTGGGCGCAGCGGCTCAGGAGGAGGGCGCCCGGGAAATACCTGCTGCGTGAATGAATAAATGAATGAAATGCTTGGGCCCTGGGAAATGCTTGGGCCCGCGGCCGCCTGACCACGCGGGCTGGAGGATCGGACGTACCGCCGGTGCCCCACCAGGAGACGAAGGCATGGTTGGGATGCGCAGCCCTCCCACGAGGCCCATGGCGCCCCAGGGCCCTAGGGATTGACCGGGACCCCCGACTGGCAGAGTCCACCTGCTTGATACACTTATTTGAGAAGGGAGGCCTGGGACTATCTTACTCCTTTTAGGAAAACCCAACTGTAGCTGCTATTCCTTTGGTTCAGGCCGCAAGGAAGAATTGTAGGTTACCATGAATCCATGAACCCCTCTTTAGTATACAAAGTCCACTTTCATGACGGAAGAATTGGAAAGCTCCCTCCAGAGTTGTCAG,False
458,-83,2.890836,-2.9689193,0.0028438303,1.0545278,-1.7390248,0.05767359,7.897137,-7.434556,2.1954823e-07,-1.5769075,1.4906058,0.95553267,0.17389,-0.25865704,0.3935183,0.28191373,ENST00000531977.1,-83,AGTTCTGGGGGTCGTCCGATCCTGCAGAGACCGTCCAGGCTGGACTTGAACTCCTTCCTCGGCTGAAGTGATCCTCCTGCCTCAGCGTCCTGAATAGGTAGGACTACAACTGTGAGTCACTTTACTCAACCAGAAATGGTGAATGATAAAAAATGTTTATAGATCATTGCTTCTAAAAAGACTATATTAGACACACTGTGGTACCCAAAACCAAATGCTAGCTACTTTTTAACTCAAAAATAATTAGTCAGCTAATGATCTATATTTTGCTTTACAGTTTAACTTGACGAGTAGAAAAATGTCAAGGTATAAGACAATGCAAAATGTAGGGACAAAGAAGAAAACTTCCCCTTTCACCCTCTGAAGGTTTGCTGAAAATGAACTGAAAAAGGCAGAGCAACAGGAGAAAAGGCATGCGTTTATTTTAACGTGCATACCATGGGGAATTGCAGAAGAGTAATGGCCTAATAACCCAGCAGGGTCCAGATGCCTGTCTACCCTCTCTTCTTAGGGAAGGCGGGGATGAGGTGTGTAGGAGTAAATGACAAAAGTTCCTCTGAGCTCTGGGGGAGGTGTTGGGAAGGTGAGG,False
459,-818,2.3451436,-2.660173,0.006657598,0.14108288,-0.5096034,0.34283492,3.8052106,-3.3887982,0.00075050845,1.4183236,-1.4425201,0.0541235,-2.4168658,2.466911,0.9924885,0.279371,ENST00000443946.1,-818,ATAAACCTGCTCTCCTAGGAGACCTGAAGGCTGCTTCCGCTAACCCGGGCTGGCGCTGCTAACCTCACCCAACGATCCCTGCTGTCGGAAAATGTCCAGAGGCACCATCCCTGCTATGAAGAGGGAATGCCAGTACAACAGCCACAAGGGGTCTTCCTGTGGCCCTCAAACAAAAAATCACTGCATTACATCAGCAGAGTCGGATTCTCGCCCTGTTCCCCAGGCTGCAGTGCAGTGGCGCGATCTCGGCTCACTGCACCTCCGCCTCCCGGACTCCAGCAATTCTCCTGCCTCAGCCTCCTGAGTAGCTGGGATTACAGGCGCGCGCCACCACACCCGGCTAATTTTTTGTATTTTAGTAGAAACGGAGTTTCACCGTGTTGCCCAGGCTGGTCTCAAACTCCTGAGCTCAGGCAGTCCACCCGCCTCGGCCT,False
460,-336,0.42493576,-0.6201301,0.26017374,-0.627442,0.37330732,0.7312059,0.65373015,-0.4660884,0.24604495,0.7906642,-0.9148557,0.15374571,5.75243,-5.94783,8.291592e-06,0.27823573,ENST00000419666.2,-336,CAGAAAAGGGTGTGTGGAATCGATTTAAGTTTAACCTGACAGTACATGTCTTGAAGGTCTTTTATGAACTTGAAACACATCGGCTAGGTCTTCATCCTCACCTGCACTGGAATTACCTACTTAAGAAAAACAAACTAATGATACACAAAGAAGCACTTATAAATTACATATCTTCATGCCGGAAACACTATTTGGATGCGTGTGGATGATTCTGAAAATTGATATAGTCTGAAGGATGTATATGTACATTTATATATAGACACAATATAACCCAATTGATATTCCATTGAAGCTTTGTATTCATTTCATCAGATTATCGTGTACCTAAATTATGTGTGGAAATTTATACTTAGTAGATTCTCAAATATTATTGGCTAAACTGCATTTCACAGGAAATGTATTTCTCAGGAGTGTTTTCTCATTGTTTTCCTTAAAAAACAATGCTGGCACCCAGCAAAATAATAAAATTAAAAAATAAAATAAAATGCAAATACTGCCTAAGGGAATACAGTGAAAAGAA,False
461,-1104,0.083930016,-0.24193293,0.4192476,0.93182325,-1.300377,0.09689594,2.8983333,-2.3857458,0.005046108,-0.8351052,0.8657464,0.8456459,1.7234448,-2.0618384,0.022198476,0.27780682,ENST00000457921.5,-1104,TGAGTCCTGAAACATACCCGTGTTTAAAGATCTGGGAGGTGCAGAGGAATTATCAAAGGAGGCTGAGAAGGAGCAGCCAGTGAGGTGTGTAGAAAAACAAGATAAGCAAAAAGAAAAGCAAGAGATATGGAACTGAACTTCCCTTTGGCAAAAAATTTAGAAAATGATAATGAGTCTCTAGACCCCCTTCGTGGATGGTATCAGATGATTTCAGTCCAACCTTCCATTGCATTCTCTGACTGAGCCAACACAGCTGGATTCTCAGCCAACTATGAAGTTTAAATTGACTCCGCTTTCTGTCTCTCTGAAGATAACGTTAAGCTGCAGCTCCGTATCTGTGAAAACCCATTTCACAGCATCTGCATCCCTGGATTGCTAAATACCCTTGTCTAGTTACCCAAATATTAATGGATCCCATGGAATAAGGTGGCATGATTTAGGCACAAGCAATTACCAAAGGATTTTGAAAAGCAGTAACTCCAAATTATCTTGTAAAGTTGAGAATAATCTGAGAAGAGCTATTGTAAGACTGGGAATCAAGTAACAAAATAAAGATATGAACCGTC,False
462,-502,8.363473,-8.289064,5.8599582e-08,-1.4757518,1.1520752,0.9326312,9.522405,-9.403288,6.0349787e-09,5.457595,-5.2809553,2.1691894e-05,0.021400094,-0.16476864,0.4535918,0.27724895,ENST00000566537.1,-502,AAGCGCTGCTGGCACACCGGGCACTGGTAGGGCTTCTCGTCCGAGTGCGACAGCTTGTGTCGGTTCAGGTGGTAGACGTCGCGGAAGGCCTTGCCACACATCTCGCAGGCATGGTTCTTCCGGATGCGCTTCCCCGAGGCGGTCGTGGTCACCACGCCACCGGCGGCCACTGCGGCAGCGCCGCCGCCGGCACCCGCCTCTCCCCCTCCCCCGCCGGCTCCGCTCAGCTGGGGCACGCTCAGGAGGCTCAGGGGCACCATGGTCGGCATCTTCATAGCACCCGAGGGGACCCGGCCGGCCTTGGCTCCCGTGTGGATGGCTTCGTGCCTCCGGAGATTGTAGCCGTTCTTGAACTCCTTGGCGCACAGAGCGCAGATGTAGGGCCCCTTGCTCTTTGTCTTCTTCTCCAAGGCAGACGCGACCGGGGCCACGGCGACCGTCGAGGTTGGGGCTACGACGGCGGTGGCCGCCGCCGCGGCGATAGTGGCGGCGGAGGCGGGGGGGAGGAAAAGAGGGCGCCTTGCGGGCCGCGGAGCGCCGCGGCGAC,False
463,-335,2.6810849,-2.7647424,0.004295735,-3.062964,2.701895,0.996874,0.7290107,-0.34984255,0.2537231,1.3556024,-1.3912134,0.06026674,1.246693,-1.3302186,0.070639215,0.27715975,ENST00000412497.1,-335,CACACCTCCCTGTATCCGCACCACTTTGCAATGAGAAATTTGCTGTTTCTCCTAGTGAGAGAGGGAGTCTATTTCTTTACCCTTGGGCCTGGGCTGGCCTGGTGACTTGTTTTGACCAATACATGGAAGAAGTGACATTATGTGAGTTCTGCAGCTGAAGCTTTAAGAGGCCTTGAAGTTTCTCCTCACCTTCTTGGAACCTTGAGACCACCATGCTGTGAGAAGCCTGGGCATATCTACTGGAGGCCGAGGGGCCACATGACACGTCTAAAACTCATACGTCAAGATATGCTTGAAAGCTGCACCCATCAAGTGCGTCCTGAATCTGACGATTCACTATCTTCACTTCCGCCAGTCTGCTCCAGGCCTCCATCCTTTCTGGCCTAAATGAACCCCAAAGCTGGCTTGTGTCCTGCATCCATCCACCACTCTTGCCCTTGTTTCACTTATCTATTGCTGTGAAATAAACTTCAAAACCAA,False
464,-796,2.3937707,-2.5685792,0.0069478573,-0.021154702,-0.36291972,0.4153808,2.0294366,-1.4272896,0.030568901,-1.0968902,0.99328554,0.8899446,1.4099032,-1.7518196,0.040631853,0.2766948,ENST00000588150.5,-796,GAAAAAAAAAGAAGGTCCGAGCAATCTCAGATATATGAGAGGCCAAGATGGGAAGATCACTTGGGTAAGACTGGGAAGATTGAGTCTGCAGTGAGTCACAGTCGCATCATTCTGCTGGATTTGAATGGTACTGCTTCTGGCCCAAGTTGTCTGGGCAACCTTAGACATGGCTGGAAACACTCTTTTTGTAGAACATACAAATGGACATTTCTAAGCACATTGAGGCCTATAATGAAAAATCAAATATCCCACAATGAAAACTAGAAGGAAGCTATCTGTGATAATGCTTTGTGGTGTATGGATTCATCTCACTGACTGAAACCTGAGTTTTGATTCACCAGGTTAAAAACACTATTTTTGTAGACTCTACGAAGAAACATTTCTGAAACCATTGAAACCTATGGGGGAAAAAAACCCCCGAAATTCCTGTGATAAGAAATGGAAAGCAGCTATCTGTGAAAATGCTTTGTAATGTGTGGATTCTTCTCACAGA,False
465,-1192,7.7864056,-7.9251738,1.5015776e-07,0.58255184,-0.7488977,0.20891972,4.637962,-4.477517,0.000109938606,-0.51563144,0.30787238,0.6949796,-0.09604204,-0.17886561,0.47930592,0.27666306,ENST00000448465.1,-1192,GGGAGCATCTTCAGGGCAGCGCCGCCCACGCGCGAGGTGAATGAAGGACACGGCCTCTTGACACTCCCAGGCAGCACAGATAGACGGATCCGTCTCTGCCCTTGATCACATCAGCAGAATCCTTTTGCCATTGGCTAGAAGTGACCCCAGGATTTTTTTATTATCAAGAGAGACTAGAAGAATCATGAGACTTTTCCTAGTTGCCTTTCAAGAATATGAAGAAAAAAATGGTTCTCAAAGTGGGTTTGAATGAGTATTGTTCCAATAAATGAACTTATATTCATATTTCA,False
466,-463,1.46403,-1.5346014,0.047487736,0.22223723,-0.62445104,0.30012804,0.84141934,-0.7802088,0.16498044,-0.9120904,0.850587,0.85354465,6.2085996,-6.2713614,3.8020687e-06,0.27322894,ENST00000602575.1,-463,CTAATTTTTTGTATTTTTAGTAGAGACAGGGTTTCACCATATTGGCCAGGCTGATCTTGAACTCCTGACCTCAAGTGATCTGCCCACCTCAGCCTCCCAAAGTGCTGGGATTACAGGCATGAGCCACCGCGCCCGGCCAGCATTGTATCTTAAAGGTAGCCTTTCAGTTGTTTGGATGACAGTTGTCTCCACTGGACATCTGCTTCATGCCAGGCCCTCTCCTGGGTGTTGGTGTGTCCACTCTTCCCTCCAACCACCATATTCCCTTGAGGCCAGGAATGGACCTAAGGGTGCCTCAGGCATGGGAAGACCCGATACCGGCCTCTCTGGAGCTCGCTGGCTTCTGGAGTTCTGAGTTAAGGAGGTAGTTGAAGAGACCCATGTATGACCCCCAGATGCCAGTAAAACTAATCATGTGCAGGGAAGGTGGTCACGTCAATAAGATTTTGAAAGCAAGATTCATCAAAAAATAGGCCAGATTTGCAGTCCCACATGAACCTGCATTGAACCCTCATTGACTATCCAGGTATGTATTACTTTAAAAAAATAAAAACTAACATAACCTTAAAACATATTAGCAAATTTCCCTGACACACTGAAAGTAGGATATTATTCTAAAATTTTTCCTTTATGTATGTAGCTTTTTAGAAACCCTACAAATGTGTTTTGTGTAAAAGGATGTAGTCTGCAATCATTTTCTGACTCTTGGTGTAATAAAAATTAAGTGGCCTAATTATTTAAAAGCTTGTCGTTTGAAATTATTTTTTGAGAAACAGTTTAAAGCATGATACTATTTTTGCTTTTCATGTAATGTATAAGTATTCGCAGAAGCTGCTTGTATATGTTTGTGTTCCATGTATGAAAATGTTGTAAACAGGGTCCATGTATTTCCCCAGTGAGAGTTGCTGATCTTTTGGCTGTAATTACCAAGTGCTTGAGGTTGGGGTGGCTGGAAATGAATATCAAGCTTTTCGGTGCCTGGAGCCAACTTTGTCCAAATAAAAGAGCTTTGTACTGTGAAGGAATTTTACTAAGTAAATTTTGTTTAAAAAATCCACGTGAATTAAAGGAAAGGAAATGAAGAAGAAGATCGTATCAATACGATGATCTAAATCAGTGTTCTGCAACTTTTCTACCCAGTCATCAGTGGGAGTGAATCAGTAGGAATGTGGGGAAGGGAGTGAGGGGAGACCCCCTTCTTGACTCAGCAGTGGTGACGGTCGGTGTGTCCTGCAGACCTGAAGCCAAGATCAAGGGCGCTTGAGCACCAGGAGCCCCCGCAGTTCCTGAATGACCAGCGGAGGGCAGGTGCCAGCCTGTGGCAAAATAGGAAAGAAAAGGACAGGATGGGGACTTCACCATTTTTTTCAGCCTTAAATTGTTCCTTAAACCTTCATGTCCTTTTCTCTAATGTATGTTCTTGTTTGGTAAAATAAAAAAGTTTGTAACCCTGAGTTCTCTAAAGATATACATTCTTTTTTACTGGTTTGTGAAGTCAGAAGGATGAGAGCTGCTATTTCTTGGAACCGTGCAATAAATATTAGCATATTCAGTCTCAGTTCTGCCTAGAGGACCTATTTGCTTTTCTTTATCTCGTAACCCATAACTCACAGGACATTAACCAGGGTGTCCAAGAACAGTCTGGGAAAGTTTTGATAATTACTTCAGCATTGCTGTGTGATGGGAGACATTGTTTTAAAAACCGAATGTGGTAGAGGTTAAAAGGACAGCCGTCACCATCCTGTTTCAACCAACGCTTGACTGAGAACTCTTTCTGGAAATCTCTCGAACAGACTTCCAAAAGTTATATGTGAAAAAGCACTGAAACCTCACATAACGCAAAGATCCACTGCAATACAGGCATTTAGGAAATCATTTACACTACCTTGCTGATCACTTTTCACACTTGATCTTAGCCAAAAGGCCAAGAAGCGATGTGGATAACTTTTCAACCTGTAAAATAGCCACCAATCTGCAAAAAAACTAATTGAACACTAATAAATGACCAAAATTG,False
467,-261,2.2078345,-2.3767898,0.010104442,0.26180112,-0.6204723,0.29270688,1.9647874,-1.377021,0.034164436,-1.5868158,1.48454,0.9556956,1.130254,-1.4587638,0.06984857,0.272504,ENST00000586954.1,-261,CGCAGTGCTGCCCCTTTCTATGGGCAGGGCCGAAGGTCCGCGTGTAAAAGTACCCAGTCCCTGGTAACCTGACACTTCCCTTTTAAAAGCCACCTTTTGTCTATCTCTGGCCTGCCACGATTCTTCCTGTGCTCCATAGGAGGACCCATTGGACCCCCGGGCTGGCTGCAGGGCCCACACCTGGGTTAGACCTCGCACAGGGACGCTGCTGCCACTGTAATAAAGCGTGCCTACACGCTTCTGAAACTGGTGTAGGAACAACCTCAGTTCTGTGAAAGGCGGACGCAGCAGGACAGAATCTCCGTGGACATCTGTCTGGAGGAGCAATTTTACTGCGACATTTTAAAGAAACAAATTTAATTGATTTCCAAGGCTAGAGTGTGACAGAAATCTAAAAGATCAACTTCATCGTGCAGGAAGGAGCATAGAAAAATAGAGAAAAGAAGAAAACAGCAAACCATTCTGAGTACCGTGGAAACAAACTAAAAGTGGGCTTAGAAGGAAAACAGAGGAAGAAGGTCTGAGTAGTCCCAGGGACTCCAGAGGCCAAGATGGGAAAGCCACCCAGGCGAGACAGGGGAGATGGAAGCCACAGGGAATCACTATCACATACCTCTGCTGGACCTGAATGGTCCTGGCGCCAGCTAGAGCCATCTGGTCGACCTTAGACATGTCAAGGCAGGAGCCATCTGATCGACCTTAGACTTGGCAAGCTGGTGGCTAAGTCCAGTGCTCACTGCCGACATCTGTCTCAAAATAAACAAAAAGTCCAACAGTGAATATTTAACAATAACAAAAATATAATACCAAACAATATTAAAGACCAATAAATAAGTGGGAGTGAACAAAGGTAAAAGGTAACTAATATCACAATTAAAATATTCTGCTATCTCTCACTCTCTCTCTTCCCCTTTCCATTTGTCACACCCAGGCTGGAATGTGACAAAAAAATATAAAAGGTCAATTTCATCATGCAGGAATGAGTGTAGAAAAAGGGAGAAAAGAACAAAGAAGAAAAACAACAGCAAGTCTCTCTAAAACTTCAGTTAGTTTCACTGTAGAAAAAAAAATTGAAAGTGGGGTTAGGAAAAAAAGGAAGGAGGAGGATAAGTTCAGGTAGCCTGAGGGACTAGGGAAGCCAAGTGGGAAGACCACCTGGGTGACACTGGGAAGATCGAGACCACAGTGAATCATGATCACATCCCTCTGCTGTACCTGAATAGTACTTCCAAAGGCAGGAGCCATCTGGTCATCCTTAGTCATGGCAAGGCGAGAGCCATCTGGTTGACCTTAGATAAGGTGAGAGCCATCTGGTTGACCTTAGACTTGGCAAGCTGGCAGCTAAGTCCAATCCTCTCAGCTGACATCTTGGAGAGAGAGACAGACAGACAGACACAAACAGCGAGACAGGAGAAAATCTTAATTGTGTTATTAATTACTTTTCACCTTTGTTCACTCCAAACAGAAAAAAATCCAACAGTGAATATTTAACAATAACAAAGATATAACTACAAACAATATTAAAGACAAATAAATGGGAGTGAACAAAGGTAACAGGTAATTAATATCACAATTAAATTCTTCTAATCTCTTTCTATCTCTCACTCTCGATTTCTCTCTGTCAACTTCATCAAGCAGGAAGGAGCACAGGAAAATATAAAGAGAAAACAAGAAAAAAATAGAAAGTCACTCTAAGGACTGTGGAAACAAACTGAAAGTAAGGTTAGGAAAAACAAAGGAAGGATGTCGAAATAGTCTGAGGGAATCAGGAGGCCGAGATCATCAGAAGGCCACCCTGTAGAGACCTGGAAGACGCCCAGGGCACAGTGAATCACGATCCGATCCCTCTGCTGGACCTGAATGGTACTGCTGCTGCTGAGAGCCATCCTCTCGACCCTAGACTTACCAAGCTGGTGGCTAAATACAACCCTCGTGGGAAGATCTGTCTCAAAAGAAAAAAATCCAACAGGGAATATTTAACAGTAACAAAGAACTAACCATAACAATATTAAAGACAAATAAATAAGTGGGAGTGAACAAAGGTGAAAGGTCAATTATATCACAATTAAGATCTTCTCTCTCTTTCTCCATTTGTCACAACCAGGCTGGATTGTTCCAAAAAAAAAAAATCTAGAAGGTCAAATTCATCATGCAGGAAGGAGGGTAAGAATATATATAGAGAGAAAAGAACAGAGAAGAAATACAACAGCAACTCACTGTAAGTACTGTAGAAACAAACTGAAAGTTGGGTTAG,False
468,-1003,2.5781558,-2.8714745,0.004279501,-0.0052615404,-0.22599497,0.4450396,6.3450274,-6.4439735,2.791297e-06,-1.2160667,0.9698107,0.8989741,4.931519,-5.0356526,4.6912864e-05,0.2696686,ENST00000505028.5,-1003,GCATTTGACCGCTCCTCCCTCCGCGTTGGAGGCGGAATAGTGGGTTTTGCTGCAACCGGTTTATTTTCCTTCTGTTTTCACCCATTCTGGCACAATCTGGCGCCATCGTCCTTCTTGTGAGGCCAAGCCTGAAAATGCGAAGCAGAGAGGCAGGACCAAAATTGAGGCGAATCCAGGAACCTGCCAATGGGTCTCCGGCTCTCCGATGCGGAGATAATGGGGAAGCTCTTGGCATGGTTGGCTGTAGGTATGTGATACCGGAGGAGCAGGAGTCAAATAGGATACGCCGACTTTTAATTCAAGGAACCCTTTTCTGAAACACTTTGCCACAATGAAGGAAATAAGGAATTGTACTCTCAGAGATGTTGAGAAAAGATACATGGGTCTTGGAAGATAATTACTCAAAATATGCAGGGAAGGTAGTATATCTTTCTATTTTAAATGTATTAAGTATTCCTGGAACTATAGCAGTGAGTTGGAAATGGAGGATTGTCCAAGTAAAAAACATTTATTAAGGCTTTAATGAAATCTACCTATTTTATGGTATATAAT,False
469,-652,5.22478,-5.48209,2.2390082e-05,1.067295,-1.1878237,0.094908856,0.19141272,0.08849022,0.47429207,-0.6860392,0.5089687,0.7676355,2.588324,-2.6845305,0.0051027755,0.2683923,ENST00000555596.1,-652,AGACTGCTGTGCTAGCAATCAGCGAGACTCCGTGGGCGTAGGACCCTCCGAGCCAGGCATCAGCTATCAAAACTTATGGGAAATGGAATTGAAGACAACTACTTCTAGAATTGGTGCATGGAAGCTTCTCATAGGTGATTAGCCACACTCTTCTTCTGTCAACCTGGTGCAGAAAAGCTTGAAGACCTTGGAAATCACATATTGATGATGGAGGAGATACAAGAATGAAGGACCCTGGGTTCCTGAATCAACACTCTAAGAAGAGACTCCTTGAAATCAAGAGCACTCATTTTGACATTGCAAACGGAAAAATTCACTTCTATCAGGTTTGAACCAATATATAGTTTAGGGTTTTTAAAAAATAACTGTTAGCATGACTTTAACTAATACACATGCCATACAGGATCAGACCTCTGTGACTTTGCTTTTACAGTCTGCTCTGTCTGGAGGGGAGTTTCATCTTTGCCATCCTTAATGATATAGCATAGACGCTATGTCCTCCAGAAACTTCCTTGGCAC,False
470,-385,1.9838095,-2.1684763,0.015484873,0.37608922,-0.60903776,0.27187565,3.600526,-3.2338936,0.0010749347,0.96144235,-1.0925761,0.11364696,-1.3541673,1.3252797,0.9358029,0.26757705,ENST00000505364.1,-385,ATCGCTGAAAACTGCCACATAACTTGTATAACTGCTGTAAGGCTTGGTTTTCAGCCATAAGATGGGAAGAGAAGTAACATCTACCTTGCAGGATGACTGCAAGCTGTAAAATGCCACAAAGCGCAGGGGAGCCCAGAACCGCCGCAGCAGGACAGGTCCTCTGGAAGCAGACAGACCTGCCTTGTTACTTTAGCCATCCAGAGTCCAGTTTAGCCAGTGATGAAATGAGTACAAAAGAACACCTTTCTTGTAGGATTGCAAAATGATGTCTTCATCCATTCTGTGCTGCTATAGCAGACTCCTGCACACTGGGTAACTGACAGCTTACAGAAGCTTGTTGGCTTATGGTTCTGGAGGCTGGGAAGTCCAACCTCAAGGGGCTGCATCTGGTGAGGGCTTTCTTGTTGCATCATCACATCGCAGAATAGCAGAAGGGCAAGGAGAGAGAGAGAAAAGAGTGCTGAACCCACCCTTTGATAAGAAGCCCACTCCCATGATAATAGCACCAGCCCATTCAGGAGGGCAAAGCCCTCGTGGCTGCATCGCCTCTCAAAGGTTCCACCTCTCAAGATCATCACAATGACAATCAAACTTCATGAATTTTGGAGGGGACAATTATTCAAACCAGAACAGAGGGGGATGGCAAATGTTCTGAAAACAAGCCTAGAAATTGATCTTAGAAATGGTGCAAAAGTAGATTTCCCCTTCTGTCTTTACCTGTGATGGTCTAACCCCAAAAGCCTCCCAGAACAGAACTTGTGAGCACAAGATAGAAACAACAAACTTGATGCAGAGCTGAGCTCACAAGGAGGTCAGGGATGTGACAGGAACCAGAGACAAACAGAAGGCTGAAAACCAGGTCTTAAAGTGTGAGAGCCAAAGGGCAGCAGCCCAGGAGAGTGTTCGTCTGGAGCCCCGGGGTTTAAGTCTCCACACTCACATGGGAAAGGAGACGAGGCCTCCCTGGATCCACGTGAATCAGGAACTGGAACAAGGGCACTCAAAGGGCTACGCCATCAGGAGAGATGTGAATGAGTGTGCCCACAGGAACAGGAAGACAACAGGATGGTTCTGTGTTTGCCTGCCTGTTGTGGTTCTGTGAGACAGAAACAGTTTTGATGACAATTGATAATCAGGACTCAGAGCCTTGTTAGACTTCAGGTATTGAATTTTTTTTTGAGACAGGGTCTAGCTGTGTTGCCCAGGCTGGTCTTGAACTCCTGGGCCCAAGTGATCCTCCTACCTTGGCCTCCCAAAGTGCTGGGATTACAGGCATGAGCTACCGTGCCCAGCCTAGGTATCGAATTTTCACAGGTTTCACAGTCCAGGCCCTACCACCCCTGCAGCAAATAACTTGATATAAAACCTGGGCCCAGGCTAGTAATACCCTTGAAGCCCATGACAGAAGCAGGCACAGTGATAGAAGCAAAATCACGTAGACATTATCAATCTAGCCCCCTCCAATTCCTACCCATAAAGCCCACTGAAGATGAATTTACAATCATAAAGTACAAAACATGCCAAGAAAGAACCACATGAGGGAAGTCAGCAGATGTGTGAACAGCAGGAACGGACTCCGCCACCAAAGGCCTTCAAAAGAACCAGCTGGAACCCTCTGGAAAGTTCCAGAACCACCAGCATCAGGGTGGCCAAGACGTGGGCACTGCCAGACAGGGGACCATGTGGGGCCAGAAGAAATTATAGGACATAGCAGGTCTCAGACATGACCAGAGACTGCTGCCAGTGGTGGAAGGCTTCCCTGAGCGTGATGACCTGGCCACTCCACAGGAAGCCTCCACACCCAAGGTTAAAGGTGTCCAGCTGCGGCCAGGGTTCCGGGGTACCTGTGGATCCCGTGACGTGGCACCGAAGATCTGAGCTGTGCAGAGGAGCTGCACCACAGAGGCCAGGTTTCCGTGTGGAGAACGCGCATAATGGGAGGCCTTGAGCTGAGACCCAGCCCCCGACCCCCACCCCCACCCACCAGCAGGGGATTCTCCTCAGGGCCTCACAGAGCACCACGTGGTGTCATTGCTGGTCCTGCCATAGCTCCCAGGACCAATGCTTCCCAGAACTCCCTGCTACATAAATACATCCGGTCCCTTTCCCTCGAGATCTTGAAAAGTGAAGACTTCACTTGGCAGTAACGGTAAAACATTTCAACATGGTAAGTTGTCATTTTATGCACACATGGAATGGTGGCCCATAAAGGGCCTGGGGGTCCAATATCCTACATACTGGACTCCTCATTAGTCCTCTGAGTCTTCTGTTCCCCAACACACTGCATTGGGATCAAACTGAATTTGCAGCCAGGCATCATAGCTCATGCCTGTAATTCCAGCACTTTGGGAGGCTGAGATAGAGGATCACTTGAGGCCAGGAGTCCAAGACCAGCCTGGGGAACATAACGAGACCTTGCCTCT,False
471,-456,0.40912485,-0.76224595,0.2366073,-1.6132612,1.5854926,0.9607873,2.4726932,-2.1028209,0.010195976,1.0906738,-1.3723886,0.07848856,1.5298599,-1.6366854,0.040444274,0.26530468,ENST00000414227.1,-456,GCTTTTTATTTCATTTATTGAGTTCTTCCATTCCAGGATTATGTACTTTTGTTATCTTATATGTCTTAAGTCACACTGAGTTTCTTTAATGTCATTTTGATTTTTTTGTTAGGCATTTCAAAATTTGGGGGGAGCATCTGTTACTGAAGAATTATTGTTTTCCTTTGAAGGTGTCATGTTTTCTTGCTTTTCAATGTTTTTTGTATCGTTATATTTATATCTGTACATCTGATGTCACTTCTTCCTATTTTATGCATTGGCTTTTGTAGGGAAAGACTTTTTCCTGTAGATGTAGCTATAGTGTTGGTTGGATAGGGTGCTTTGGCTTTGATTCTGGGTGAGTGCAGTAGTATAGTCTCCCTGTGATTTCTTCAGCTTTAATGAGCATTAGCGGTGTCTGAGAGTCCCTCAGTGGCTTAGACTGTGGTTGTTAATGAAGGCTGTAGTAGGCTTTTCTGGGGACTGTGACTCCAGGTAGACCAGTGCTCAGGCACTAGTAGTTGTGCCAGTAGGCAGGGCATGCCTTTCCTCAGGCCCCTAGATAGTACATGTGGGCGCCAGCAGGCATAGGCAGAGCATAACAGTACTTAAGGCCCCAGATGAAATGCACAGGCACCAACAGCAGGCAGAACAGGCCTGTCGTCAGGCCCTCTGATGGTGTATGCAGGCAATGGCAGCAGCGTGCTAGTTGAGTCAGTCCTCAGGCCCTTAGATGGCATGCTTAGGCACAGTTGACAGTGGCAGTGGGCAGAGCAGGCTTGTCCTTAGGACCCTAGATAATGTGTGCTGGTGGCAGTGGTGGGCAGGGCAGGCTTCTCTCCAAGCCCACCTCTGGAGTTTGCAGGTGCTGGTGGCAGGCAGGTGGGTTGACCTCCTGGCACTATGTGCACAGGTGACAGCAGCAGTAGGTGGGTTAGACCCTTTTCAATCCCACTTTAGAGCTCTTCAGTTAGAAGTTAGTTTATGGTGCTCCTTTTTCTAACCGTAAGTCATTATAAAATACAGGTTTATCAGTTATTTTTTGGCATATTTAACACATTTAAATGGGATGAACAGCTTTTTAGTTTATAATAGGAAGCTAATAAAAATCAAATCTAATTTGTTTCATTTTGTTTTGTTTTTTGAGACAGAGTCTTGCTCTGTCACCCAGGCTGGACGCAGTGGAGGTTGTAGTGAGCCAAGATTGCACCACGGCACGCTAGCCTGGGTGACACAGCAAGACTCCATCTCAAAAAAAAAAAAAAATTACTTTCAACAAGGCATATAGTCTCTTGTAATATATATGTATACTATTACATTGTACAGAATCTGTACTTATGTTTGGTGTGTAATATACCAATTAGTTTTATATAATATCCTCATAAGCTATTCTAATTTTTGAGAGAAACACAAAAAGTTATAGATTGATAGTCTGTATAATATTAGACAAAATAGTAAGCTTTATAAAAAGTTATTTTTGGTAAATGGTAAGGAATTTGGGGTGGAATGTGATGAGATTAAAATGTAGCTTTGGTATAACTTCATGTGTATTTCAAAATATACTGAACGTCAACATGATTTGAATAAAGAAAATGTATTTTCTACTTGAA,False
472,-558,-0.017225504,-0.13509351,0.47056708,0.0155597925,-0.29269686,0.42354035,0.6826073,-0.16272396,0.30041316,0.83242023,-1.1483777,0.12123381,2.6875997,-2.859077,0.0038852443,0.26392794,ENST00000455380.5,-558,CTGGGCAGTGGGGAGTGGTGAGCTCCATTGTGTACACTTGGAAGCAGCCCAGAAAGTTCACTGAGGCAGATGGGAGGCCCGGAGGAGAAAGAATGAAGGAAGGCATTTCAGCCCGAGTAAACTCCCCAGGCCCGCTCTGTGCCAGGCAGTGTTGCAAGCCTCGGCTTCTAGCACGGTGCTTTGTGCACAGTAAACACTCCAGCGGCTGTTGACCAATGAATGAATGAAGATTGTAGGCTCAAATATTCAAGTTATCAAAGTGCAAAGAATGAGAGGTTGTTTGCACTGGACTTCAAAAATAAATAGCCTGGACCTGTACTGTCTTACACAACAGCTATGAGCTACTGGTATGTGGCTAGTCCAAACTGAAATGCCCTTTAAGAGTAAAACACACACTGGATTTCAAAGACTTAGTACAAAGAAAAAATGCAAAATAGCTCATTAGTAATTTTTATGTTAATGACATGTTGAAATAACATTTTGATATATTAAGTAAAATATAGTATTAGAATTAA,False
473,-609,3.1478589,-3.2365205,0.0016848719,0.97711337,-1.6557825,0.06705106,7.917603,-7.4992456,2.016264e-07,-0.7264706,0.6392591,0.79668933,0.08469522,-0.12414676,0.44797844,0.26268077,ENST00000527483.5,-609,TTGTTGGCAAACAGTTCTGGGGGTCGTCCGATCCTGCAGAGACCGTCCAGGCTGGACTTGAACTCCTTCCTCGGCTGAAGTGATCCTCCTGCCTCAGCGTCCTGAATAGGAAGTGGAGCCAGAATCCACAGATGTCATTATCCATCTGCACACTTTGTTTACTACCCAGAAGGCAAGAATATTGCATTTTAAAAGTGCCCGGACTTTTGTTCTTTCTTATCACAAATGACTTGGGAAGCTCCGACCACTCATGTTTACCCCGAGTGAAAGTCCCATTCAAAGCCTTGCTTCCTGGAGAGCTTTGAGATTCTGGTACAAAAGGCATTTTATAAGCACAAAGTGGAAAAGCATCATTCATATTCATTTGCTGCTGCGGCATTTCTCCCTGGAATCTTCCTCTTGTCTGTCAACATTGGGCAAAAGGACTGGCCTCATCTACATTACAGATATCCTTGTGATGGTCTGGAGGGACCTGTGGGAGAGGCGGCCATCCAGAGGGCTCTCTGAGGGGTCATTTAGAATGCAACTCTTCTGGGCAGAGGATGGTCTGCACTGGCCTCCACCACGCAGGAAGGCTTCCAGAGTGGAGAAATGTCCACTAACATGGCTTCTGTGAGGTATCATTCTGATCATTGTTGTTACAGGAGAGATGAGAGGAAGTTAGAGGGGCTAGAAGAACCAGGAGACCTGTTGAAAATCATGAATACAAAGAGAGGTCGTTTGCTTCTGTGCTTCAATTCTATAATAAAATGAGTACAATGTCA,False
474,-1428,2.672047,-2.8515148,0.003975737,0.31237912,-0.5841371,0.28976694,4.058893,-3.654296,0.00044669435,-3.7020938,3.5672796,0.99930394,1.912367,-2.1207952,0.017409746,0.26218063,ENST00000504474.5,-1428,AAAGCCGCCGCTGCCGCCGCCGGGGGTGGGAGCCGCGCTCGCCCGCCCGCCCCTCGACTCGCGAGGGCGTAAAAGTTTGTCTCAGCTCGAGCATTCCTAGCGCCAACACGCCCTCAGGTAAAGGTGGAAGTAAATGGCCACGCTGTATTGACAGAGACAGGGACTGAGAAACGGAAATACTACCATCCTCCAGCCAATCTGTTGGGAGGACTGCTTGCAGAGGACTCGTGCTCCAGATGTTGCACTAGAGGCGCTGCAAGTGTGAGCAGCAGGTAGATGAAACTCAAGAGAAAAGGTGTGGATAAATGAAACTAGCCCATGATGAACCTGTTTTCTCCGTGACCACAATATTAACCAGGATGAATGGCGGTGGCAGTGGGCCTGCATCACAGGTTGCAGCAGATGTTCTCAATATTTCTATTAAAATTTCCTTATTTCCATATGCAAGAGGAGCCCCAGAGCTGCATCCTTATGGTAGCTACCATGCCGTGATGTAAGCTGCCATTCACTGGGGAGCTTTGGCAATAGAATTGGCTAGATCAGGAAGCCTATGTCAACTATGGAACAACAACTTGCAGCTCATCTCTATTGATGATGGAATCTCGCTATGTCACCAGGCTGGAGTGCAGTGGCGCAACCTCGGCTCAGCGCAACATCCGCCTCCCGGGTTCAAGTGATTCTCCTACCTCAGCCTCCTGAGTAGCTGGGATTACAGGAATCTAATGACCATTGAACTGTGGCCATGACTTCAATTACAAGTATTTTCTTCACTAATGTCAGACTGTGGGCCTTTGTATATACACTTTTAACAAACTTTTTGGAAGTGCAATACATATCGCAACAACTTCTCAATGCTGAATCATAGTATTGGAAGACATTTTAAGCAACAATTAAACTCAACTTATTTACTACCAATAATGTACATAAGTCAGCTGAAGTGAGGATAACATGAATAGCACAAATACATTATGATTGCTGCCTGGCCAACAGTAATTATAAGAAACTGTCAGTTTTGAGATGTGTCTTGATTTCAGAGATGTTAAAAAAGTTTGTAAGTTACCATTGATAAAATATGAGTTTGCTTCCACAAATATTCTTTCTTCTGTCCTTCTGGAACTCAAGAGTAAACATATATTAGATTTTCTCACCATTTCATGCATGCTGGTTCCTAGGCTACTCTCTGAGTCATTTTTTTTTTCTTATCTGCCCTCCAGTTCACTAGTTCTGTCATTTTCTGGGTCTGATCTGCTGCAAATGCAATACATTGAGTTTTAAATTTCAGTCATTGTGTTTTCATTTCTAGAAATTTCATTTGACTCTTTCTCAAATTACTTTTCCATTTTTTTTGTAGTTTCCTATCCCTGGAGATATTTTCAATCATGCCATTTAATTTTTTAAATACGCAAGTGTAGTTTTATAATTTGTGTCTGATAATTCTAATATCTGAAGTCTTAGTAGGTCTGTTTCAGTTGTCCTGTAATTATGCATGTTTTTGCCCATGTTGCTTTGTTTCCTTGTATGCTTGGTTATCTTTCTTACTGCCCTTGCAAAATTATTTGGAGAGTCCTGGAGGCTTAAATGAAGATAACTTTTAGGAATAATTTGCATTTGCTTTTGCCGAGGATCTTGGGATCATTTCAACCAAAATCTTAGCTTGAAATTCCGCAATCAATCAAGGTGATGAGAACCTGGTCAGTAAATCCTAATGAGGGCCAGGCTGTGGCCAAAGATTTTTAGACAGATGTTTCCCTCCTTTGCCATTTCTCTTTTCTTTCCTCCTCTGCTCCTCTTAGTGTCCAGACAACCTTCATGGAAGTCCTTGGGGTGGGTGGGAAATGAGGACGGCAGGTTTCATTCTAGGTATAGCCCTTTGAGGTCTAACTTAATGCAGAGAGAGTTTTCTGGTCTATGTGCCACCTTACATGGGATCTTGAGCCTTGATTTCTAAACCCCTTGCCTTTGATGTTTCAGAATTGAAGCTTAAATTTGCCAACAGGCAAATGTCCTCAAGGCAAATTGGCTTAGGTGTTCGATATTCTTCTTACCAGAAAGGTAAACTTGGGTTTTTTACTTCACCCAGGATTTGGCATGACAGTTCCCCATTATCTTGTCAGCTTAGTGCTTTAAGTGATTGCATTTAAAAAAATTCTGCATTTTCAGTTTTTAGCAGGAGGAATGGCCTCAACTAGTGGTTTTCAACTGGGGATGATTTTTTTCCCCTAGGGGACATTTGATAATGTTTGGAGATGTTTTAGTTGTTAGAACTGGGGTTGGGGGAACTACTGTCATCTGGTGGGGAGAGACCGGCAATGCTGTTGATCTTACTATAATGCACAGGCCACCCCCAACAACAAACAAATTACATAGCCCCAAATATCAATAATGCCAAGGTCCAAATAACCTAACCTTCCATTACTGAAAATAGAAGTTCAAGAAGATAGTTTATAATTTAAAAATTTTTAGGTCTTAATAAGTTGTCATACTTTCACAGGTTTTATTTCATACTAAGTAATTTATTTCAAATTTTACATTCCAATTACAGAAAATTTTCTAAGCCAGTTTTTGTTCTTCATGAGTATTACTATCAAGGTCACATTTTTCATCTAGTATGTTTTACCCTGGTACTTGTTGGCAGGGTCAGGACTAAGGTGAGATGCGCAAGGCATTTGCCTCACACAAAATGCACAATGAATAAAATGTCAAAACTTTAAATAAAGACAGAATCACTAAAAGTACTTTGCCATATTGGAACCTGAGGCAAAAAGAAAAATAAGTAATAATATTTAAAATTTTGATCTCTTGTTCATTGTAGATTTTTACATTAATTTTGATTGTTTAAAACATTGCATTAAAATATTATTTAATGTG,False
475,-644,1.2759348,-1.2117119,0.076728754,-1.500153,1.0688604,0.9288406,4.740702,-4.303851,0.00011801819,0.8334085,-0.95117307,0.14373833,0.7783844,-0.9037978,0.15680672,0.2612465,ENST00000500682.1,-644,CTCAATCCCTTGGTCTCTCTGATTCCTTATATATCCCGATACATTTCTGGGGGCTCATCAGGATTGGAGATGACAGATTTACTGTCCCCTTTGCCTGCGATACTAGGTCCCCGGGGCCAGGAGAGACCCGGCATCCAAGGTGTGCCACAGCTGAGCTTCACCCGGATATATAGACCAGCTCTCCCCACGTCCCAGCACCCTGCCTGGCAGCGCAATGGAACCGAGGATGGGGCTGCAGGACGATACCAGCACTTCAGGAACTGTGACAGAATCTTGCTCCGCTGCCAAGGCTGGAGTGCACTGGTTCAATCTCGGCTCACTGCAAACTCTGCCTCCCAAGTTCAAGTGATTCTCCTGTGTCAGTTTCTTTAGGAATACAGCACTCCATATTGTTACCATAATAATGAAACGGATTCCCATGGCTACAGCGATGAAGCAGCAGAAAAAAAATGGAGATGCTGTCAAAGAAAAAAGACACAGATCAGAGAAAGAAGCATAAAAGGTGTTTAAGAAATAAGTAACATAGCAGGGCGCGGTGGCTCATGCCTGTAATCCCTCACGCCTACAATCCCTCACGCCTGTAATCTCAGCAGTTTGGGAGGCCGAGGTGGACAGATTGCTTGCGGTAAGGAGTTTGAGACCAGCGTAGCCAACATGGCGAAACCCCATCTCTACGAAAAATTAGCCAGGCATGGTGGTGAGTGCCTGTAGTCCCAGCTACTTCGGAGGTGGAGGCCGAAGAATTGCTTGAGCCTGGAAGGCTGAGATCTCAGTGAGCCGAGACTGCCACTGCACGGGTGACAGAGCGAGCCTCTGTCTCAAAGAAAGAAAGAGTATGTACCTGGATATGTATTTTTAAAATAATGTAAAGATTTAAAAATAGTTCGAAGAACCTAATTGTATGGCTTTTGAAGCAACTAGAAGTATGTTCTTTACAGATGGTGGGAGTAATGTTATATTAAGTTTGTGTAAGCTATAACACTTAAGTGTTTATAAGCATGTTTATAAGCTGGTGTTTACAAGCATGTTTTTATTTCCGAACAAAATTCAAAAGAAGTTTGTCTTTGTAAAAATTCAGATGTGCACAGTTCTTGTTCCTCTCTGAAGATATTGGAAATGTATTGCTAATACTGGTAATATATAACAATTTTTTTATGAATAGATGACTTATTTAATAGTTACGTATCTAAATCTGAATATTTTCTATATAATTTGTCTATGGAAACAAATATTTATACAATTGTTCACATATTGCTCTTTTCTTTGTAATGTTATTCCTTCTAGGTATAAAATATAGACGTTCTCAAGAAGATTAGTGTTTGCAATAGAAAGCTGGGCCATTTGGCCACACCTGCAAATGATTATTGGTTTTGCGGGAGACTGCAATCCATAAAAAATTACTGGCAGAGTTTGAGAATTTGTATAAGAAAACAAATTTTATGAGATGCAAAATCAATACTATTATACTAATTTAAATTTTGTAATAGCAAAGCTAATTCTTGTTACTTTTCAGTCTTTCAATTCACTAAGATAATGAGTGTTACGCACTGAACACATACAAATGTATTGCTGTGACTGAATGAAGAGGACAAATTAACAAAGCAATTCCGAGGCCCTGGAAATTGATCAAAGGCTAATAATCATTTGTGAACTATTTATTCTTGGAAAAACTGCTAGAGATTCAAGGAAGAGTGCAGCAAATTTGTAGTAAGTTTACCTAGTGCTGCTCCCGTGCCTTCTGCCCACCCACCACACCCAGCACAGTGAGTAACAGTTGCAGTTTTTACAGCTGGGGGAAAATCAACAGTGTTTTTTGCCACAAGGACAGACTTGATTAGCGGTCAGAGGTTGGGGCATAGTGTAACAGACCACTGCTTTTCAACTGAAAGTGCTGAATTTTGCAGGAAATGAATGAGAAAACCCCATTTTTTGTTGTTTTTTATTTTTTTTAGTCTGAGGTGTAGTCTCCTCTGGGGCAAGAACAGTGCCAGCCATAAATATAACAAAATCCTAAACATGAGAGTGCAATAGACCTCATGACATTAGCCCTCTACATATTCTTTAAATTTTTTTTTAAATTGACACATTGTAATTGTACATATTTATGGGGTACAACTTGATGTTCAATACATATATATGTTACATTAAATAATCAAATCAGGGTATTTAGTGTATCTGTCTACCTCATGTATTTATCATTTCTTTGTGGTGAGAACGTTCAAAAGCCTCTGTTCTAGCTATTTTGTAATATGCAATATCTTACTGTTAACCATCATCACCCTACTATGCAATAGAACAGAACTTATTCCTCCTACCTAACTATAACTTTGTACCCATTGACCAAGCTCTCACCCTGTCCCCCTCTTTTTCTCTCCTCCAGTCTCTGTTGACCACTGTTCTGGTGTTTTTCTGGTGATCGCTCTGCTTCTATAATATCAGCTCTTTTTTGCTTTATTTCTACATGAGTGAGATTATGTGATATTTGTCTTTCTGTATCTGCCTTATTTCACTTAACATGATGCTCAGCAGGTTCATCCATGTTGTATAAATGACAGGATTTTATTCTTGATTATTGAAAAAAATATGCATATGTGTAGAGGAGACCAGGGTGATTCCAGTAAAAAGTAAAAGCCCAAGGAGACTTGAGAACTGATTGCAAATTTATGAACACTTCCTTCACCACACACACACACACACACACACACACACACCGCTAGCACAGAGTGGAGCCTCTACTAACTTAAGGTTTTCGAATAAACCTTTTAAAATAATATATTGGCTGACAACCAAGCTATGCAATTCACAAGGGCAATCCCTAGGAAATGGGGCT,False
476,-985,1.3953121,-1.5685244,0.049086623,-0.46406227,0.09583685,0.6364292,-0.117136806,0.35688806,0.6163359,2.8816183,-2.9936974,0.0028000458,3.531752,-3.801121,0.0006532655,0.261061,ENST00000438608.5,-985,TGGAAGAATCTTGGAGTTGGGAATGTCACACGTAATTGAAGGAAGAACAAGAAAACTATAGCAGCTGCTCCCAACCCCAGAACCTTTGCTGTCTTGGGACGGATCACCGCTGCAAGAGGGGAAGTTGCTACTGTGATGAATTCTGCCATGTGGCACCAGACTGCCACCCAGACCACAGTGTCCTCTGCAACCCTGGTAACTCACATACAGGCCCGATTCCACCTACAGCAAAGCTGGATGCGATGGCTGGCAGAGGCAAACCCTTTGCCTGCACTTCAGGCCAAAGCCGGGATGTGGCCTAGATGGTTCCTAAGCTTCTCAGATGACCAAGATGGTGCTGCAGATGGTGCTGAGGATGGAGAACCCACCAAGCCCCGCTAGGAGCCACCTAGACTGGATGCAGAGCATGGTTCAGTGAGTTCTCCAAACCAGCCTCCCAGGAATGCCATTCAACATGGCTGTGAGGAGAATAAAGAAGAGAGCCTGACTCCTCTCCTGAGGCCCCTTCCCCACCCTGAGCCAGCA,False
477,-1357,0.7804644,-0.70091873,0.1852186,1.6477193,-1.608657,0.03709844,1.1203307,-0.83513474,0.12395863,-1.2317373,1.2121341,0.92011213,1.783717,-1.9109638,0.02425258,0.25812808,ENST00000437028.5,-1357,CTCAGCCTCCTCCGCGCGGTTACCCCTGTACCCGCCGCCATCCGTCCTGGCGCTCCGGATGAGTCAATGAGGGGCAGGGCCCGAGGAGTGGTCTTCCCAAGAACCCCTGGTGGCCTCCCAAGGCCGGTGCTGTGTACCTCCTCCCCGACAAAAGGGGAAACTGAGGCCCCGAGGGGAGTGGGAAGAGCCGGCTGGACGTCAGGCCCAGCCGCTGGTGCAGTGGTCCGTCCCCTCTGCCGGGGTGGGCCCCTCGGGTTTCGCGTGTCCTCGGGAAAGAGACTGGCGGGCCTCGTGGGCTGTGCGGCTATCCTGGAGACAGATGACAGCTCTCCCTTGGATGGCTTTGCTGGTTCCGCACCAGCCAGCGCCCCCATTTTTCCTGCAGCACCCTGATCTGCACTCCCTGAGGGGCTCCCACTGTCCGCGGTGTGAGGATGTCCCTGGTCCACTGTGTGCAGAGGCATGGGAGTTGTCATGTTGGGAACATGCTAGACCTCAGTATCCTTGAGCTTGAAGAAAGACGACAGAACACTGGAGACCAAGTACTTACAGCCTTCTGCTCTGTGGCCCCTCCTCACTCCAGGGATGCTGCCTTGGGTCTGGAAACTGTTAGAGGAAACCCCAAGAGGTGCAGGCACTGAGCCTCTCAGGACAATGACCTGGGGTCCCAGCTCCCCTGGAGGGGCCTCCTCATGGTAAGTGAATGCCAAGAGGTTAAGTTGGCCTGTGTTTCCGAGGTGGAAATTCCAGGTCGCTGGCTTCATTTGTCTTCTCTTTTAGATTGTTTGGGGGTTGATCACAGACCAAGAGTGACGAGTGATGTCACCCTGTGACTCATGGCTGGACCTTCTTGCCCCTATTGTCTCAGCACAACATTATTCGACTTTTCCCTCAGCGTGGGTGGGCAGAGGAAAAGCCCTGTGGCTCTGGGGACTTGGGATCCAGAGTTGAAGACCCTTCAGCTGGCTCTGCCCTGCCAGTGCCACAGAGTGCCATGGCCCAGGAAGACAGGTTTTCTTCCATCTAGGCCAGGCCATCCAGTGGCCATCCTCCGTGTCCTCCCGCCTCCTCCTGGTGTGACTTCTGAAAACCAAGAATTTGTTCCTGTTGACTTTTTCTGTGCTATGGACCATTGTCCTCTCACCCACTCAATAAATCTTGAAACATGC,False
478,-1114,3.793464,-3.8535843,0.00047722366,3.75426,-3.5924244,0.0006443111,1.3478891,-1.6311371,0.048382442,-3.5517068,3.45412,0.99909425,0.6724803,-0.5466086,0.22809681,0.255339,ENST00000472494.1,-1114,GTGGGGCCCAGACCCGCGCAACCAGGCGGGGAGGGGAGGTGGGCGCGCGATTGGGTTGCGATCTGGAGCAGTGGGGACAGGTCAGGAACCGGCGCGTATTTCTGCAGTGAGACCACAGGACGGACATCGGCGCCTTCGGCTTCGATGGAGTTGCGATTTTGCTCTTTCCAGGGAAACAGTGGCAGGGTGTTTGCTGCTTATCGGTTCCTGCGGATATGCCTGGGTCCCAGGACATTCCACTGGAGGCTTGGACTGCATTTAGGAGCCCCTATCCCTTCCCTGTCCACACTGTTAGTGAGCAATTTCATATGTTTGCATTTAGACCCATAGACTCAGAACGACTCATCACACACACACACAGTGTACACTGACACACTCACATTCGCACACTTAGGTATACAGCCTGATCCTTGCTCTGACCTGGTAACAACGCTTCCTCCTCCAGAGACTTTGAGATAGAGCGAGCGATCCCTGTGCACCATTCATCCATGCTCCCACCTCGCCAGTATGGCTGGCTTAGTTCTGGAAGGGGCTTAAGAGGAACAAGCCCCAGCTGTGCTTCTGGCTGGGACTTAAACCCCCCTTCTGGGCCCTAAAGCCACGCTTCTTTGTGGACCGGACCTGACTCTCCAGGAATCTGGGAACCCGCTATTTCACTCTATTTTGGGACAAGAAAAAGGGGCTCTTTGGGGCCACTTCCTGCCTTCCCCTCAAGTAGGATCTCCAGCCTGCAGAGGGTGCCTAGTCCTTCTTTGCCCAAGAACCAGTCCAAGAAGCCTTTCCTCTGTGCCTGGGAAATGCAACCTTTTCTTGGGAGCATGGTAGGGTGTTGGTGCTGAAGAACCAAGCAGCGACCCGTCTTGTAGCTGCCATGTTTTGTCGAGGGGTTCTGGGGGTCCTGCTGCTTTAGAGCCACATACTTCCACTTCCTGATTCACTACTGTGAGCTGGTCAGATGCCTAGAAGAGGAACAAGCGTTCAAAGTGAAAGTGGGCACATTACCGGAATAGTGCTGGGGAGAGTGCTGGATTCTTTTCCACCCCAGGCGGACTGGTGAGAAGCCAGGCTTGGACCTGTCCTCTGCTCCTAGCTTGCACACTCAGCCCTAAACTCAGAGCAGCACGCATACCACCCCTCACACACACCCCACCATCTGCTGTCTAAGGCCCCTGGGCTTCCTGCAGGATCCAGACCAATGTGGCTGGGCTTGGGCTTTTATCTGTCCTGATCCTGGATTTGTCCTGACCAATGTAAGTGTCGCCCAATAAAACCTTCTATGACCCCCACACCAGCCACCCCCCCACCAAGTGTGCCCTTTCCTTCTTGACTTTTTAGCAGTTCTGGGTAAATATTGATTTGCCCCCAGTTTACCTTCTCCCTGACTGGCCATTTGCAGACTCAGGAACTAGCCTCTGTAGGGACTTGATTTTTCTGTTACTTTCTGGCCGTTTCACCACCCCCCTTCCTCCCTCCAAGTGGCATTGTAAAACTCACAGTGACAAAGAGACAGAGTAGGGTTCTAGGCCCCTGTTCCTGGGGACTTGAAGGCGGTTTTACATACTGGTCAGACACGGCTGGAGGCCAAGGTCAAGTTGAAAGTTGCAGTCCAGCCAGCATGAGAACTGCCATGCGAGCGTAGAGACACAGGCAGCAGCAAAAGGCCCATTGCCCACATCCCCTCACTCTTAATTTTCTCTCTCTTTTTAAAATTCTCGCCTCTGACTCTGTTCGGCTGCCCAGAATTTTTTGGTGCCTTCGTGGGGTTTTTGGGGCGGTGTTTACCGACTCTTCTCTGCCTCCGCCCTGCTCAGCCAGGGCTTTGAGCCTCTTCGGTTTTCCGGCCAGACCCGGAAAAACGAAAACACAGCTTGGGGAGCCCCCACTAGCCGGCGCCTGTGCCAGCTCACCTCTGGCCATGGCGCAGCTGCCGGTGCACACGGCGGCCAAGGCCAGCTCCACATTCTTCCCTCCCCCTCCCACTTCACCGTAGCCCCGAACCCTGCGCGCAGAGAAAGGGTCTCAGCTCCACAGACGACTGGGTCCCTCCTCACCAAAAATGGTGAGACAAGATTTCATCTGTCGGCCGAGGAGCCACAAGCAGGTTTGTCTGAGAGGGATGGTGCTGGGGGAAGGCTTTGGATTGCATCTCAAATTAAGCTTTGCTCCTTAAATGTGGCGCTCTCGCCAAGAAAAAGCTTGGGGACTGAATTCTTGAGATTTATGGTGCACCTTATTGATCAAATTTATCTGGACTTTTTTTAGTTCCCCGATGTGTCCCTATCATT,False
479,-442,0.27280927,-0.46742147,0.3229537,0.8851687,-1.2369653,0.10696406,2.2246315,-1.7047428,0.01927706,-0.6216725,0.634735,0.77840704,1.5066167,-1.8519075,0.03361713,0.25224382,ENST00000418442.1,-442,CATCATGTAGGCATTGTATCATCTCACATTGTCACAAGAAGGAAAATCCTCAATGCCTGAGAAATGAGGGACATTCCAAAGCCACGGATTGATCTGAAATACAGGTCTTTGGAAATCCTCCTCCAGATTCCCCAGAGCATGACAGTGACTTCACGTGGATACAGATTTTGCAGTTATCAACTAACCCATCAATTAGCATTTATGGAGCACTAATTGGTGTCAACCCAGGTACCATAAGTATCGCTTCTTGACCTGCACAACTTTCTGATTTGATGAGTTCAACAGAAACCAACTCAAGGGAGAAGAATAAAGACATTGTTGAACTTAGACTTTGACAAGATAAGAATAACAATCTTGGAATATGCTGAAGATGGCAGACTACAAAGTAGAAGGAGACAAAGTTTGTGAAAGACCAGGTGGAGGAAAGTCATCCACTAATCAGGAGCCCTTTTATGGAATCTACGTAAACAAGAAATAAACAAAGGTTTAGTCCATTATACCTTTCAAGTCAACAGCAAAGCAGACAGCCTACTCTAATTAATGTATCCATTCTAAGGGAAAATTATATTAAATGTTATATTTTGAAA,False
480,-288,1.448659,-1.2885582,0.06081265,4.314796,-4.617988,0.00013197263,4.487269,-4.341051,0.00014650279,-2.1482215,2.3844116,0.98936206,0.650843,-0.7045415,0.20499146,0.25108892,ENST00000595302.1,-288,ATTTTTAGTAGAGACGGGGTTTCGTCATGTTGGGTAGACTGGTCTCGATCTCTTGACCTCATGATCCGCTGGCCTCAGCCTCCCAAAGTGCTGGGATTATAGGCGTGAGCCACCGCACCCGGCCTCACCCTTCCATTCTTTGGGCATCCTCTGCCCAAACTCCTTTGCAACCATCAGACCCAGGCAACCGTGTGGCCAGCTTCCTGGACCTGGTCCTGGGCAAGGACATTCAGCATGGAGGTCAGGATGAATGTGGTCATGCCCCCTGTATCCTCCTCCCCCAGCAGCCCCCAGAGATGGTTCCCACAGTCACCGAGCTCCTCAATGGTCACAGTAGCGCTGGGCTCAGAGAGGGCGCCTTCCCCATCGGTCCGGTAGCTGCAGCTGTAGTTGCCAGGCTGATGGACTGGAAAGGTGGCCTCCACATCCTCCTGGGCCTCAGGCACCTCCAGAAACTCATGGTCGCCCTCCCGCCTCAGCAGAAAAGTCACACCCCGCAGCACACCTCGGCACACTGCTGTTGTTTTCAGGCCGGGGGTGATCCAGGACACTGGCGCCATCGAGAGCCAGGGAGCAGGCAAGGACTCTGTGGGTGGGGTGGAGTTGAAGAGTGCTTCTGCATAACAGGAGACGTGGGAAGCCCAGCAGAACCTGGGCCCCACACTCATAAGACTGTGAAGGAGACAGGGATGGAGGGCATTGCTGGGAAAAGGCAGGCAGGCACCAGTGGAAACAAGGCATACGGCAAGAGAAAAAGAGTGTGTGGGAGCTGTACGGCATGCCGGGCCTGCTGGGGACACAACCATGTATTCCTTACAACACAGACATCATCCCCATTTGACAGATGGGAAGATTGGGGCTTGGGGCTCAGAGACATCGGGTGACTTGGAGGAAGGGAGACCCCCCAGTCAACAACCTACCCACTGCCTCCTGGCCCCCAATTCATGCCCCGGCTCACTTGGCCCTGTCAGCTCCAGGAGCTTGCTCAGCTGGGTCCATCCTGTGGACAAGCCCGAGCGGCAGCGGTAGCGGCCCTGGGTGTCACCCGTCAGCAGGAACTGGTGCTTGATGGCAGGGACCCAGACCCCAGGAGGCCTCACCCCACAGCAAGAGAAAGACCACGAGCATGGACATGATGGTCGCGCTCACTCCGGTGCAGTGAGTGTCTGGGTGATGGATCCTAGAACCTGTTCTAGAAGGAGACGCTGAGTTCTCCCCACTCTACCTGGAGCTGCTGAGGTCAAGTGGAGAGTGCCGGGGCTGAAGCCCAGCGAGCCCCTCCCTGTCACACCACACTGCACATGTGACACCAAAGGCATTTATTGAGCATCTACTGTGTGCCAGATGCAAAGAAGACAGTGGGATAACTGGGCAAGGAGCATTCCAGGCAGAGGGAACAGCCAGTGCAAACATGGGAGATGCGGGTGCAGTGAGAAGGAGCAGAGGAGACCAGGAGTTGAGGCGACTGCAGAGCGATTGCAGAGCTCATAGACGTGATGAAGACCAGCTGGGCACTGCAGCGGCTCTGGCTTCTGCTGTGAGGGACGGGGAGCTGTGGAGACTCCCTCTGTTTGGTCCCATTTCCATATTGCTGAGCACCTGCTGCATGCTCTCTGTCCTGCTCAGAGCCAGTACCTGGATGGAGGCTGTGTGTTCTGGGTGGACTGGGGGAGAATGCATTCTTTGCAGAAGAGACAACCAGGTGCTGAGGCCTGAAGTCATAACCAGACCTGGGGCACTCAGACAAGGACTGGTGGCCAGGCCAGAGGAGCAGAGCTCAGGGTGTGCACAGAACTCAGAAGTCAGACCACTGAACAGTGACAGAACCTTTCAGCCCATTGGCAATGAGGCTGCCCAGGCAGCCAGAGGCCTGGTCAAATCTGAGGTCTGCAGAGATGGAGCTGTCATTCTGTGTTTCCTTTGGCAGTCCCAACACCAGCCTCGTTGCACCCTCCTCTTAGCTTCCCTGGGTTCTCCAGCCCTAAGGGTGGTAGCAGCTTCCTGCAAGTATCCAGCTCTGAGATTCTGCAACATCCACTTTTGCTCTCTGAGCCTTGCAAAACCTGCACAATCAGTCCCTAACTTATATCCCCTCTGTTTGAAATACCTAGTGTGGTTTCTATTTCCTGA,False
481,-1287,1.4945891,-1.6451654,0.04149688,-0.26043284,0.054739147,0.5781472,0.8985146,-0.42500335,0.21023355,0.15720424,-0.32894304,0.38080162,1.4889526,-1.6807561,0.04032169,0.2502002,ENST00000537068.5,-1287,TTTTTCTACTGCTCGTGGATTTACGCGCACGTTGGAACCGAAGAGAGCTCTGTTGTTGCAATGTTCAGCCCACAAGAGCTTACTGGTGAAGGAATGGGACAAGACCCATCTTTATGCAAAGCCAGCGTTACAGTAATGTTCCAGGTATTCCTGATGACAGTCTGCCTCTATCTTACAGAGCAGCTTGTTGCTATATACCATTGAAAAGCCTTCAGAGCTGAGAGGTACTACTAACCAATAACCTGCTTGGCTCAAAGGGCCAGCACCTTCTCTCTAAAGCCCAAGAGGAGTTTGAGGAAAACTAGGTGTCTGTGTTCACTCCAGGCTGAAGTTACAGGTGAGCACTGTATAGATGACCACTTTCGTAAACTACTGACCTAGCTTGTTGCCAATTGTTGATTGAACTTCCCATAACTCCACTTCGTGTCTGTTCCTCTGTATACAGCCACCTTCTGTTCCCGTCATGAGCCTTTAGGTCTCCATTTGCATATTGCAAATACTATGTTCCATGTAGGTAGCTCATTCAGGGCCTTGCTCTTCACTTCAAAAAAGGTTCCCTTGAGGACTGGCTGTCAATTTGTGTTGCTGTGTTGGTTGTTGATGAAAATAATAAAATGATTGATTACATA,False
482,-384,2.0071933,-2.1942797,0.014752602,0.7569448,-0.9565786,0.15270728,3.3117068,-2.9707308,0.001865354,0.81189287,-0.9338585,0.14858387,-1.3189353,1.302279,0.93221444,0.2500247,ENST00000581398.1,-384,ACAATGCTGGGCCCTCAGCCAGACCTGCCCTGCGTGCCACGTTCTGTTCTAAGATCGGGCTGCCGAGCTGTGGCCTGGAGGAAACCTGGCAGGTGTCACCAGAGCTTTGGGGAGGGTGAGGCCCTGTCGGGGAAGCCCAGTGGGAGTCATGAAGGAGGGAACACGTGTGGAGCCCTTGTAGGGGGAGGGGCAGCCCTGCAGAGATCTAAGAAAAAATTCCAGAAAAATGAGCAGCAACCTCCAAGGCCAGGCATCGGTGCAGGGGACAAGGGGTCGTAGCTGGAGGGGCCTAGGTGAGGCTGCCGGGAAGGGACGATGTGGTTGGTGGAGTGCACAGGCAGGGACCTCACTGGACTTTCCTGTCTGCTCAGCATGGACAGGCAGCCCAGGAGAAGGCAGCACGTGGCCGGGTGCAGGGACGTACCACCCCCACTTCCCCAGGGGAGCTGGGGTCAGACGAGTCCCAGGCACTCCATCCTCTGCAGCAAGTCAGGTTGTGATTTACTAGGGGGTGGTGAATATAATGGAGAGACTTCTGGGGAGGAATTCCTGGCTCCCGCGTGGACTTGCAGAGCTCAACAGGCAGCCACGTGGCTGAGTGTCCAGCAAACATCACATAAGGCTTTGGGTCCTGCAGGTGGGGCTGCCATGAGCAGCAAGCTCAGTCCAGAAGAACAGTTCCTCTCCAGGATCCACTTCCTGCGCACTTTTATGTGCAGTGTAGCTGGAGCAGAGCTCCCCGGAATTCCACAGGCAACTGAGAACGGAGAGGGATGCAGGCCAGCCAGGGATCCAGCGTCTTCCCCATCGTCACTCTCCATGGCCTCCGTCTACACACAGTGTTCGTCTGCACAGCTTGTCAGCGCGTTATCATGACTTCTATTTGGCACCGGCCCGTCTGTCCACTGTCCTGGCTTGTTCCAAGCGCTGCCTTCTCCAACTGGGGTCCTGGCTGCAGAGCTGTCTGCTCCCCACGTTGGGCAACTCCAGCCAAGATTCCTACACCCAAATGTGACCGTGTTGCTCACGAAGAAGGCTCAGCTTTGCGTGTGCCCAGCCGTGTGCACAGCTCGTCCCAACTCCTGCGGGTGGCACCTGCCTCTCCCACCTCCAGTCTTTCCCCTGTGATGAGCAGATGACCACCGCCCTCCAGGGTCAGCGTTTGGCTGTTTGTGTGCCTGCCCACCCGCCTCCCTGTGCCTGGGCCTGCCCTGTGCCTGCACACAGGAGTGGCTCATGGCGTTTGCCCTACACGGATGGGCTGTCCTGGGAGCTACTGGACAGTCACCTTGGTGGGAATGCCAGAGGCATGGGCATTAGGTCCCCCCGGCCAGCCTCCGTTGCCACATGGGCTATTTTTGTCCATCGCGTGGGACAACCTAGTATTGGGGGAAAACTCAGTCCACTCTAAAGAAGCATCGGCGTTTTGGATGGACGAATGCTGCTTCATGCGACTCCATGTCAATGGACTATTTTATTCAACTCGGGTATTTATGAGTGTCTCCTCTGTGCCAGCCACGTGTGAAAGAAGAACTCCAAGTTACTGGACACCAGGACAAACCAGGTAGATCACTGCATCCGGTTCCTCCTCTTTCTGCCGACTCTCCCGGGCAACCGTTCTGATTCCTGGCATGGAGTTGGGGGCGAGCTCATCAGTACCCAGAGCGCCTGGTGTGCAGCCAAAGGCCCCCATTTTATTAGTCGGTGTGTTCAGTATCACGCTCAAGACAAGGGCCAACCTATTACTTCACACACCTCAAATACAAAAAGTGCCTGGGAACGTCGATGAGGTATTAAAGGAAACCACTGGTCTTGTCAGTCATGTACACACAGAAAAAAAAACCAGTCATTTTTATTTTTATTTTTTGAGACAGAGTTTCGCTCTTGTTGCCCAGGCTGGAGTGCAATGGTGCAATTTCAGCTCACTGCAATCTCTGCCACCCGGATTCAAGCAATTCTCCTGTCTCAGCCTCCCGAGTAGCTGGAATTGCAGACACCCATCACCACGCCCAGCTAATTTTATGTATTTTTAGTAGAGATGGGGTTTCACCATGTTGGTCAGGCTGGTCTTGAACTCCTGACCTCAGGTGATCCACCCACGTCAGGCTCCCAAAGTGCTGAGATTACAGGCATGAACCACTGTGCCCAGCCGAAAACAACCAAGAATTTTTTAACAATAAAATGACCAGCAAGTAAACTTGAAACAAAAATGGACAAATATCTAAAATATTTTTAAATGTATGTATTTTAATTGGCAAATAATACTTGTATATATTGTTTACAACTTGTTTTAAAGTATGAATACATTGTGGAATGGCTAAATCAAGTTAATTAACATGCATTAACTCACATACTTTTTGTTTTTTGGTGTGGTGAGGACACTTAACATCTACTCTCTTAGCAATTTTCCAGTCACCATGTCCTACTATAGATCCCTAGAACATATTCCTCCAATGTAACTGAAATGTATCCCTTGACCAACATCACTGCCCGGCCCCAGCCCCAGGTAAACACCATTCTACCCTCTGCTTCTGTGAGTTCAGCTTTTCTAGATTTCACCTGTGAGTGAGATTGTGCAGCATTTGTCTTTCTGTGCCTGGGTTTTTTCACATAATGCCCTTCTGGTTCATCTATATTGTCATATATGGTAGCATTGTCTTCCTTTGTAAGGCTGACTGGTATACCATTGCGTATATACACCACATTGTTTACCTAAAATATTTTTTAATACAATCGCTGAAAACTGCCACATAACTTGTATAACTGCTGTAAGGCTTGGTTTTCAGCCATAAGATGGGAAGAGAAGTAACATCTACCTTGCAGGATGACTGCAAGCTGTAAAATGCCACAAAGCGCAGGGGAGCCCAGAACCGCCGCAGCAGGACAGGTCCTCTGGAAGCAGACAGACCTGCCTTGTTACTTTAGCCATCCAGAGTCCAGTTTAGCCAGTGATGAAATGAGTACAAAAGAACACCTTTCTTGTAGGATTGCAAAATGATGTCTTCATCCATTCTGTGCTGCTATAGCAGACTCCTGCACACTGGGTAACTGACAGCTTACAGAAGCTTGTTGGCTTATGGTTCTGGAGGCTGGGAAGTCCAACCTCAAGGGGCTGCATCTGGTGAGGGCTTTCTTGTTGCATCATCACATCGCAGAATAGCAGAAGGGCAAGGAGAGAGAGAGAAAAGAGTGCTGAACCCACCCTTTGATAAGAAGCCCACTCCCATGATAATAGCACCAGCCCATTCAGGAGGGCAAAGCCCTCGTGGCTGCATCGCCTCTCAAAGGTTCCACCTCTCAAGATCATCACAATGACAATCAAACTTCATGAATTTTGGAGGGGACAATTATTCAAACCAGAACAGAGGGGGATGGCAAATGTTCTGAAAACAAGCCTAGAAATTGATCTTAGAAATGGTGCAAAAGTAGATTTCCCCTTCTGTCTTTACCTGTGATGGTCTAACCCCAAAAGCCTCCCAGAACAGAACTTGTGAGCACAAGATAGAAACAACAAACTTGATGCAGAGCTGAGCTCACAAGGAGGTCAGGGATGTGACAGGAACCAGAGACAAACAGAAGGCTGAAAACCAGGTCTTAAAGTGTGAGAGCCAAAGGGCAGCAGCCCAGGAGAGTGTTCGTCTGGAGCCCCGGGGTTTAAGTCTCCACACTCACATGGGAAAGGAGACGAGGCCTCCCTGGATCCACGTGAATCAGGAACTGGAACAAGGGCACTCAAAGGGCTACGCCATCAGGAGAGATGTGAATGAGTGTGCCCACAGGAACAGGAAGACAACAGGATGGTTCTGTGTTTGCCTGCCTGTTGTGGTTCTGTGAGACAGAAACAGTTTTGATGACAATTGATAATCAGGACTCAGAGCCTTGTTAGACTTCAGGTATTGAATTTTTTTTTGAGACAGGGTCTAGCTGTGTTGCCCAGGCTGGTCTTGAACTCCTGGGCCCAAGTGATCCTCCTACCTTGGCCTCCCAAAGTGCTGGGATTACAGGCATGAGCTACCGTGCCCAGCCTAGGTATCGAATTTTCACAGGTTTCACAGTCCAGGCCCTACCACCCCTGCAGCAAATAACTTGATATAAAACCTGGGCCCAGGCTAGTAATACCCTTGAAGCCCATGACAGAAGCAGGCACAGTGATAGAAGCAAAATCACGTAGACATTATCAATCTAGCCCCCTCCAATTCCTACCCATAAAGCCCACTGAAGATGAATTTACAATCATAAAGTACAAAACATGCCAAGAAAGAACCACATGAGGGAAGTCAGCAGATGTGTGAACAGCAGGAACGGACTCCGCCACCAAAGGCCTTCAAAAGGTGAATCAAGCAAAAAAGAGAACATTAATTAAACATGTTTAACATGGGTAAGAATTACAGGAATAAAAGAAGTAAATGAACAAGAATACGATTGCAAGGGAGTGGTAGAAGAATAGGCAGTTTTGAAGAACTAAATGGAATATCTAGAATGAAAAACCATGCTTGCTAAAATTAACTCAATGAGTGAGTTTAAAAAGCAATTTAGACCCAGCTGAGAGCTGAATTTGTGGTATATGCAGAAATTACTTCTGATGCGAGGCAGAGCATGATGACAGAATGAGGAGATCCCAAACATCTATGAGAGTTCCATTCTGAATGATTAGAAGAATGAGGAAGCAACAGTATTTAAAAAGATAATCACTAAGAAAGTTCTATACTTGATGAAAAATGTGAATCCTAAGATTCAGGAACAGTGTGAGACTTCAGCTGGGGAAAAAAGATGAAACTACACTTCTACATTTAGGAGTAAAACTACAGAATACAAAAGACAAAAAAATTTTAAAGTGAAAAATAAAACCACTCAGATTACATCAAAAGCAGTTATCATGAAAGCAGCCTATCAATTACAATGATAAAAGCCAAGCAATAGTCAAATATCGATTTTTTTCAAAGTCACAAGATAAAATAAGTAGTAACATAGGATTCTGTACATAGCATTATTTGTTACCTATTGGGGCATAACAAAATTCCCCAAAACTTTGCAGCTTAAAAAACATTCAGTATTTCACCATTGCCATGAGTCAGGAATCCAGGCGTGGCTTGAGTCCTCTGCATATTGGCTTCTCACCAGACTGCAATCAGGACAATAGCACAGTATCTGTGGTCTCATCTGAAGGCTTGCCTGAGGAAGTCTGCATCCAAGCTTACTCTTCGTTGGCTGTTGGGCAGAGGCACCCTCAGCTCCCAGCCATGTAGGCTTTCCCATGGTGCAGCTTCTATCAACAAAGCACGCCAGACAAGAGGACAACACACAGTCTTCTAGGAAGAAGAAAGCCACAATCTTTTTTTAAAAAGCAAAGCAATATTTATGTAATTGCCACTTGGTTTGAGAAGTAGAACACTGTGTCAAAAACCCCTCCAAAGCCCCCGCCAGTAACTGCCCTCCTCCTTCTCCCCAGTGCAACCACTGCCCTCACTTCTGTCTTTTTTTCAACTTTTAAAAATTGTGGTAAAATGCATATAACTTAAAATTACAACCTTAATCATTTTAAGTGTACAGTTTGGTGGTGGTAAATACACTCGTGATGTGCAACCATCACCACCATGCATCTGTATAGAACTCTTTCCATCTTGTAAAACTGAAACTCTGTCTCCATTAAAC,False
483,-602,2.4997969,-2.6320548,0.005870944,-0.8939942,0.44263348,0.79193485,1.272072,-0.7348211,0.11848108,0.8351375,-0.8876393,0.15151384,0.68657506,-0.8348294,0.1792548,0.2494111,ENST00000447424.5,-602,GCTGCTGTCAGTTTTGATGCACTGAGAAAACTTCAGAGACCTAAGCTTTTTCCAGAGAAGAGAAGCTTTACTGGTGTTCCAGCCCTAAGGCTCATATGACATTAACAGACAAGACACTTTTCAGAAAGACAGATGGAGTCTCTCTGTCACCCAGACTGGAATGCAGTGGCATGATCTTGGTTCACTGAAACCTCTGCCTTTCTGGTTCAAGCAATTCTCATGTTTCAGCCTCCCAGGCAACGTGTTGGACCTTCCGGAGCTTCTCAGAAGACAGAGGGTTTTCTTTTGAGGCTGTTGTACAGTGGCCTGATTATAGCTCACTGTAGCCTCGAAATTCTGGGCCGAAATGATCCGCCTGCCTCAGCCTCCAAAGTAGCTGAGACTACAGACAAATCAACTCAATCAAAGAAACCAACTCAAAGAAAGATGGGTCTACATACAACAAAACTGAACAAAATCTGCAAGAAGAGTGATTCATACATGGGCTATTGAGGCAACATGAGATGGACATTAATCGACTAAGTAAAAAACAGATTTCTTGAAGAATTAATAAAGAACTTTTGTTTTGGAA,False
484,-507,2.4880486,-2.4569654,0.0070684957,-1.8554379,1.4457589,0.9644699,2.6559808,-2.1959877,0.007752411,0.58036244,-0.60380435,0.23430382,1.6638443,-1.7219481,0.032742444,0.24926743,ENST00000564629.1,-507,AGTAGGGGGCGGAGCCCGCCGCGTGCCCGGAAGCGCTCGATTCCCCCCGCTGCCTTGATGTGGCGCGTGCGGAGGGCTAGGAGCGCGCGGCTCAGGGGTGTCTCGTTGGTCGCTGGGTCCTTTTCCCCACCCAGAGCCTCCCCGGCCGCCGCCGCGAGCTGCGCGAGGCAGAACGAGAGCGAGTCCGTGAGGGTTGGCTTCGCAGCCGCCATCTTGGCTCGGGCCTCAGACTCCGCCCCGCTTCTCGCCGCTGATCCCAGGGAGCGGAACTGGAAGACAGGGAAATCGTCGGGCACCGCCTCGCTGACGCTGTTTAGCGCCACCGCAGTGATGCAAGTCGGAAGTTGTAGTTCTCGACCCCGGAAGTCTGTCCTTGCACACGAGGCGCGGCAGTACCTTAATCGCAGCGCATCCTGGGACGTGCGGGCGGTGCATGAGGGAGATGTGGTCCGCGTCGAGCTTCTCACGCCTACCTCGGGAAGCGCTGGAAACTCTTCCAGGGCCCTCCAGGTGGGCCAGGGCCTCCGAACAGCCCAGAAGTCCGACCACGGAGCCTTCGTGCCGTGCCCCGCCCCCGGCGTGCACTCGGCGGGGACCGCCTTTTCTCCTCTAGGCTCGCTTCGCTGCCCCCCAGCGGTGGTGCGGCCCGGCCTTGGGACGGACTCCGAGAACCCCGAGCCGGGCCGAAAGTGCGGGGTCCTGACCGCGCCGCAGACGGGGAGCCCTCGCTCGGTCAGAGGAAGAAGAGGGTTAAACCTACCGAGAACGTTCGCTGCCGCTTCCTAGAGTGACGGGCTTGTGGAATTTTCCGTTTCCGGAGCTGGACCCCGGTGTCCCGAGTGTCCTCCGCTCTGGACGTGCTCGTGAGCTCAGGAGCTGGCATCTAGGAAACGGGGAGTTCTTCACTCGCAGCGCAGTCGGCCGCGCCAGAAGAGGCGAGGGAGAATCCGGACGGGGCGGGGCGGCGGGGGAGCGGGACATTCGCGTCCCGGGGAGCCCCCAGGTCACCCCTGGATTGCGAGGTGGCTCCGCCTGAGCAGCCCTTCCTGGTGTGGTCGGGGCAGCTGCCCGCCCGGAAAATGGTCAGGCTCTAGCCCTGGGGAGGAAGAAGCCTTTGCCAAGAGCAACCGTCTACAAGCCCCAAAACCTGCGAGTGCCGGAAATGTGGACTGACCACAGCCTGCCTCCCCGGCTTCATTCACCACCAAGGCAGCCCCTCTGGTGACAAGCCTTACCGTTGTCCGGGTTATGGCAGAAGCTTCCGATGTGGCTCTGATCTGGTTAAGCACCACTGGGTACACACCGGTGAAAAGCCGTACTCCTGCCCCGAGTGTGACCATCGCTTCGGCCCTATGCCTGTGCCTAGTGTGGTAAGACTTTCAGCGTCAGCTCCAACCTGATCCAGCACCAGCGCGCTCACACCGCTAAAAGCCTTACCGCTGAGGGGACTGCGGCAAGAGTCTCAGCCTTGGCTCCACCCTGTTGCAGCACCTGCGCTCCACATGGGTGAGAAGGCCTCTAAGTGCCTTGTTTGTAGTAAGAGTTTTGTGCACAGTTGGAATCTGCTGCGGCACCAGCACAGTCACAAAGTCCGGAAACCTGATGCTTGGTGGTGAGTGTGGCCAGACCTTCGGCCACAGCTCCCACCTGCCCATCCACTAGGCGGCCCACAGCAGCACCCCTGCGTCTGCCTGCAGTGTGGCAGGGCCCTAGCGCAAAGCTCCAACCTGGGCCAGCACCAGCGGACGCACTAGGGCGGCAGCCTCTGCAAATAGCCCTGGCTTCAATTTTAGCTGAAACTTCAGCTCTGACTTTGGTTCGGACTTCAAGGAAATGGAAGGAACCAGGATCTCTAAGCAGACCCCCTTCTGCTCCCTTAGGGCTGTTGATTTTAGAGCTAATGATGGGATTCGGTTGGGGCGAGGGGGTCTCCACATCTTTTTGCCCAACCCTTTGCTAAGTCAAGGAACCCCAGTCTGGGCTGGGCATGGTGGCTCATGCCTGTAATCCCAGCACTTTGGGAGGCCAAGGTTAGCGGATCACTGGAGGCCAGGAGTTCGAGACCAGCCTGGCCAACATATTGAAACCCTGTCTCTACTAAAAAAAAAATGCTAGGCGTGTTGGCTCTCGCCTGTAATCCCAGCTACTCGGGAGGCTGAGGCAGGAGACTCACTTGAACCCCGGGAGGCGGAGGCTGCAGTGAGCGAAGATCGTGCCACTGCACTCCAGCCTGGGCGACAGAGAGTGTCTCAAAAAAATAACAAATTTAAAAATTGTTTTTAACAAAGGAGCCCCAGTCTGGAAGAATCAGAACACTAGATCTGTGATCACTGCCTTCAAAGAGCCCAGTCAGCTGAGAGGGCTTAGGTTTGTTCTTTGAAGTTACAAAGACAGAACGTCGACCAGCTGAAGGGAGAGTTTTGGAATGGCGGGAGCTATCCAGCGTGGACCCAGCTGCCTGCAGATCTGGCAGTAGCTGACACAGTCCCTTCACAGGCCTAGGGAGTGATGGGGTTAATCACACCTAGAACAACAGCTACCTCTTCCCAGAGGAATGGGACCAGAAATCAGGCAAGCCCCTGTGAGGAGTTCCATGGCAGCGCGCAGGCGGGGCATTCCTAACCTCCAGAGGGAACCATGAGGGATCCTGTGTTCTGGCAGATGGGCCAGAGAATTTGAACTTGGGACCATTGTGTGAGCCCTGGGTGTGTGAGCCCTTCAAAAGTCCTCTCAGCACGTGAGAACTATCATTATGGATGATGCTAGGGTGGTGGGGGCCCCAGAACAGACCTGTATGTTGAGTTCAGGGGTTGCTTTGTTGCATTTCTGGGCAGGGGCAAGAGGCCCAGGGTTTGTCATCTGCCCCTTCCCCTGCCTTATCCCCTTCCCTTCCAAGTTCCCCAGGCTCCTTTTCTGCCAGTCTGTCAAGAGAGGGAAGAGTGGCGAAGAGTCCTTTGTGCCTGGACATTGGGGACTGAACATGGCCCTTTTGCCTGGGCATTGCCCAAACATATATTTCTACTGGC,False
485,-1113,3.2092423,-3.2768989,0.0015220997,4.115952,-3.9378042,0.00031780434,0.69764566,-0.921016,0.16538952,-3.0921757,3.0591383,0.9978739,1.3341955,-1.1641455,0.07597456,0.24821559,ENST00000421733.1,-1113,TGCTAAAGCCTAGAGGGTCAGTGGGGAAGGTAGTTAGTTCTGAACTGAAATGAAATCACCCAGGGCTCCAGTGACTTCCCCAACCCGGCCATCCTGCAGGAGCAGCGCGTAGGCAGCCTCGAGTGATAGCCTGGTCCAACGGCCCACACCTTAGCGCCAGGCTCAAGGAACCGGCGCGTATTTCTGCAGTGAGACCACAGGACGGACATCGGCGCCTTCGGCTTCGATGGAGTTGCGATTTTGCTCTTTCCAGGGAAACAGTGGCAGGGTGTTTGCTGCTTATCGGTTCCTGCGGATATGCCTGGGTCCCAGGACATTCCACTGGAGGCTTGGACTGCATTTAGGAGCCCCTATCCCTTCCCTGTCCACACTGTTAGTGAGCAATTTCATATGTTTGCATTTAGACCCATAGACTCAGAACGACTCATCACACACACACACAGTGTACACTGACACACTCACATTCGCACACTTAGGTATACAGCCTGATCCTTGCTCTGACCTGGTAACAACGCTTCCTCCTCCAGAGACTTTGAGATAGAGCGAGCGATCCCTGTGCACCATTCATCCATGCTCCCACCTCGCCAGTATGGCTGGCTTAGTTCTGGAAGGGGCTTAAGAGGAACAAGCCCCAGCTGTGCTTCTGGCTGGGACTTAAACCCCCCTTCTGGGCCCTAAAGCCACGCTTCTTTGTGGACCGGACCTGACTCTCCAGGAATCTGGGAACCCGCTATTTCACTCTATTTTGGGACAAGAAAAAGGGGCTCTTTGGGGCCACTTC,False
486,-488,1.7907984,-1.9131999,0.024033062,2.6589065,-2.7832212,0.0043115895,-0.34913024,0.65612274,0.7320901,0.40868422,-0.39516726,0.30920225,0.7941114,-0.78542453,0.17086121,0.24809965,ENST00000449175.1,-488,GGTGCAGAGGATTTGAACAGAATGAGAGTCCTCCTCTGTGCAGGGAGAAAGGCTTCAGTGGGTCTCCCCCTCCCTGCTAGGGATCCTCCTTGCCAGCCCTGGGCTGGGCGCTGGCAGGCCCGTTCCCAGGTCTCCCGCCGAGGGCAGGAGAGGAGCCAGGCCTCAGGAGAGAAGTGCTTACTGAGTAATTTACCAAGAGCGATAGGCTTCCCACTGAGCCAGACGGGATCCCCAGGAGGGGAGTCAGAGGCGGGCCTGGCATGCATGCACAGAGAGAGTGTGCCCACTTGGGGAGTGTGAAGGGCCTTGCTGTGGGACCCGAGAGGATGAGCAGAGTCAAGTGGCAGGTGGGACACACAGTCTGCAGTCACTTCTTAAAAGGCCCTGGGTGGTGTGTCCTTCAATGATGACCATTGTCCACAATAGTGAGTTCCAGAGGGTCGATTGGGACAGTTGGATAGCCAAGGACCAGAGTCAGGAGGCAAGGCTGATGAGCAAGAGGCTGTTGCCATTGGCCAGGCGAGGCGTGAGGGAGGCTGATGGAGCGCAGCAGCAGAGGGATGGAGAGGCAGGAATGGCATCTCCTCACAGGCCAGGCTCCTCTGCCGGATTGGGTAGGGACGGGAAGATGATGGCCCCCAACCCTGGGCCAAGGAACAATAGCACCCATCCGGGGGCGGGGGACCTGCTGGAGTACTTCTCCTGGACCACTGCTCAGTGGGCAATAGAGGGAACAATGGTGTTTCTGACCAGGACGGGGGAAGGCAGGGGAATGGAGGAAGATACTGACAGGGTACAGAGGAGGTAGAATGGAGCGAGGGCCATCTCCACCGGGCTAGGAAATGGGGCTTTGGTGGGCCACACTCCATTGTGCTGGAGCACTCTGGCATCTCCATTGGCAGTGGGGAGGGGCTTGTGACCTATCAGCATCTTCACCCTTTCTGAGTTTCCGCCGGGCTGGGCTCTCCAGCCAGGAGTCACAGGTACCGGGTGGTTGTTCATGCTGAGGCCTTTTGCTTGGCAAAAAGTTAATCCATTTGTGTTCATTTTTAACCTAAGCAAGGGTTGGAGCTTGTTGGATTCAGCATCTGTGGAACACAGTCTGTAGCCCATGGGAAGACGTGGACATTCTTTCCCAAGTTCTTGAAGGACGGAAAGGACCATGAACTTGTGAGGTGACCGGAGGATTGGTTTTGGGTGTCAGTTTTGTGTCTGTCCCAGTGCTGCCACTTTTGCTTTGAAATGGACGGGGAGAGCTGAAGGCCAGCATGGGTTTCTGCACCTGTTTCCTACAGCTCTGCTGGGGACTGTGGCTCAGGTGGCAGCTGTGGACACGGATCCTGTCAGCCTTTGGGTGGCCAGAGCTCCAAGGCCAGGTGTCTCTTAGCTGCAAGCAGCCTTCACTGTTAATCAACAGGCTACACAAATCTCACCTCTAAAGAGGTGAAATGTGAAAATATATGGGAAGCGCTGCCTTAGCCCTGTGTCCACAAATCCTTTCTGTAAAGGGCCAGATAGCATTTCAGGCTTTATGGACCATGTGGTCTCTGCCACAACTGCTCAGCTCTGCCACTGTAGCACAAAAGCAGCCAGAGACAGTGCGTAAATAGATAGCATGGCTGTGTTCTGATGAAGCTTCACTTACAAATACACAGGGCTGTAGTTTGCCAACCCCTGCAAAGTAGGGAGTATTTTGCCAAACTTGGCTGTATTTCACCAACCCCTTAGACTATAGAGATGACTTACCCTTTGGCTTAATCATGACTGGAAACTTCCTTCCCATCCACTGCCTGGATCCATCCACCTCCCCACAAAGGCTTCCTGAGCATCTCCTCCGTGTGAGCACTGGCTCAATGCACAGGACGATGTAGTTCCTGCCCATATGGAACTTAGGTTTTGAGTGACACGTGGGACATTGGAAGAGGAGAGCAGGTGGCTAAAGAGCATCATACAGAACAGGGCTCAGGGAAGTCCCAGGTGATAGAATCTCAAAGAGAAGGGCTGAGGGTGAATCAGGAAAGCCCTGAAGGCAGGCAGCTCCGGAGTCGGGTTTAGACGAGGAGGCTGCAGTTCTCCAGGAAGGGAAGCAGGACCAGATAACGGATGAGATTGTGTCAAACAATGAGGAGGCCTGCATAGTCACACAGGCGCATGAGGTCTGCTCGTAAAGGACCAGGAGGGCCAGGCTCAGGGGTGTGGACTGGATTCTCTGGGCTGTAGGGAGCCACTGGACAGCTGTGCTCAGGAGGGTCATGTGATCACAAATGCTTATTAGAAATGTCACTGGCTATGGAGGACCATGTCTGTGGTTGTAAGTTACGCCTTTCCGTTTAGTCTGGACTTCCTGGTCAAGGTACTTTTGGTATTAGAGTGGGGAAGAGAGGCCCAGAGAGTTGGACAGGTTTTCTGACCATTGGCTTATAGTCAGTGAGCACCCCACCTTTATTTTGACATGACAGAGCTTTACAGAATCTTCCTTCTTCAGGCGTTTTCTTTCCTGCTATCCTAAAGATTCACGTACGAGGGCAGGATAAATGAAACATTCTGTCTCCAATCTAAGTTCGGCTTGGGGCCTCAGAATATGAAGGTAAAGGGGCGGGGACGGACTGACTGCCCCTTGCTTCAGAATCAAGTCACATGGCGGGAACGCTCTATGGAGCAGATTGCTTCCTTTGTACATGCCCTAGGCCCGTGTTCAGCAGGCCTCAGAGAAGCAGAGGTGCTGGCCTCTCGTCTCCAGAGGCTGCCAGCTACTAAGGGAGGTGGAAGCAACTACCCCTGGGGGTGGACTGCTCTGGGCCGGGCCCGACGTCAGGCGTAGGGGACTGAGGTGAATCAGACGTGGTGGCTGCATTGAGGAATGCTCAGTGTAGTTGGGGTGTTTGTAGCGCTTTCTGCTGAGCATGGTCTTTCCTCTCAGAGGGGTTTCTAGGCACGTTGAAGGGAGCTGCCGTTCAGAGCATCGGAGAGGTGCCAGGGACGTGAGCTGCTGCCAGTCTGACGTGAACAGAAGGTGGGAATAGCTGGCGCTGCCGTGCGTTGATAGGAGCACAGTGTCCGCTGCGAAGGGGCGGCTAGGGCTGGAGAAAGATGGCCTGATAGAAGCGCCTCCACAGGCGCTGATTCAGCGAAGCCCCAGCAGCCCCGCGGGGCAGGCGAGGATCACATGCAGCTCGGAGAAGAGGAGGCACTTGCCCCTCTGCCTGAGCTGGGAGGTGGTGGCCAGCTGCACACAGGGCTGTCCCAGGATGCTGACGAGGCGGGACCAGCCACAGGCCGGCAGCGCTGCACTGTGACTCCCTTTCACGGGGCCCAGCCTTGTCTCTGGCCTTCCGGGACTGAGTCAGGAGGCGAGGGCTACGTTGCTGCCCCAGCACAGTCGGGCCAGGTGTGGGGAAAGGCGGGAGGGAGGTGTGCTGTGCTCTGAGCAGCCTGGCAGGCCCTGGAGAGGCAGGAAGCCACTGCAAACTTCAGAAACTGGGTGCTGCTTCCTCTCGGTGAAGTTGTGTTTTGCTAATCTCTGATAATCAGGTCAGGGATACAGAAGGAAGAGTTGCCCCTGGGTGGCTGCTGTCTTTAGACTTGTCGGGCTCCCTCTGGTACAGAAGTGCCTCTCGGATTTTGCTGCCTGGTCTTCTCTCTTATGGACATGGAGTAGCTCTCAGGCTCTTATGGTACAGCTCTAAGAAGGAACACTTCTTGCATTGTCTAGTGAAGTTTCTGGGTTTATGGAAGGGAAACTGACAAACTGGAGCCGGCACAGATGGACACTGGGTAAAGAGAATGCAGCCTGTCCCTGGCTGCAGTGCCAGGTGTGGCCTTTCCTGTGACAGCAAGTCACGTGCTGTGGCTCCAGCTTCATAGGAAGGCTCTTGTCTGTCAGGCAGTGGAGTTACTTACAGACAAGAGCCTTGCTCAGGCCAGCCCTGCCCCTGCCTACAGGCACAGGTGCTTTGCCATCTGTCCCGTTTTCCTGCTTAGGGAACCAAGATGGTCAGAAAGTTGCTTGACTCTAACCTAAATATTTCTGCCGCTTTTGCGAGTCAGACTCTTTTTCTTTTCCTTGTTCATGGAAATGGATCAAGGAGTAGGAGTTTTAGATAGCTAGGGAGGTGGTGAGAAGTTCCGTCTCCACCTGTAATTTACAAGTCGTGTCTTAGGTTTCCAGCCTCTTTCCTCTGTTCTGGGTATCTCGTGCTCTCCACCCTTTAGGGATTTTGGTGTGGTGGGTCCGTGGCAAGACACTCGATCCAGACACACGCATTTCCGAGGCACTTCCATGTCACTTACCAAGCCTCCTTGTGTGTGGATATCACTTCACTGGCTCCCTCAGGCTGCAGCCCTGACCCCCAAGGTAGTGATGGCAGCTGGTGCATGAGGTTTGATTTGGAAGTAGCCAGGCAAGCCCTGGTTGCAAAAAATACCTCTTCTATTCCGACAGCGGGCCAGAGGCCGCTGCCATTAGACGCATCCCTCTACTTACCCCCGATCACTTTTCATGGTCAGGCCGGCCTTGCACAAGCAGGTTCTGTTCACTGCGCACCCCCATTTCTTAGATGGGGTACTGAGCACTGCTTTTCCCTTAGCTCACTTCATGTGGCAGCTTCTCAGGGATGGGACCTACCATGGCTGTGGGAGATGCTTTGCTACTACTTACTACCTTTCCGAGGGAGGAGGGCTCATTTTTAGAAATGTTACTGGGGAGCCAAATTGTAGGCCTCCGACCAGAGGGCCTCGCTCTCTCCATCTCCCAGGAACCAAGGGTAGCTCTGGCTCTCTGAGGAGCTGTCTCCAGCCTCCAGGTGGACGTCCTTTCCAGCATACCAGGGCTTATGGAGGCAAAATGAAAGCTGGTCCACGTGGGAACTCCCTACTGTTGTCCTTTCCTTGGGCAGACACCATATACTTTTTAGCTCCTAGCAGTGTTTATCCCGTTTTCCCCAAAGCATCCTTGGACTCAGGCCTTTCATCCTGGACCCATCTGTCTGGCCTGTTGTGCTGAGCCTTTGGTCTAAGTGGTTGGTTGGTCCCAGCCACTTCTTCAAAAGAAGGTTTCCTGAGGTAACCATAAATTAGGGCAATCGTACTTCCAGGAACAGTGAGGCTGATGGGCCTGTTCCCAAGGGTACTTTGGCAGGGGGTGCTGGGGAAGGGGCTGGCCTAGGGCCAGGTTCATCATACCGTTAGCCCTGCAGCCCCATGCCTGTGTGTCCTGGTTTACCCGCCGTGTAGTGGTCCTGCAGGAGTGGAGCCTGTAGGACTTGCTTCTCAGCGGCTCCAAGCAGAACTCTGTCTGGGAAGGTGGGAGGTGCAGCCAGTCTAGACCTGAAGCCCTCACACTAAGGACTAAGGTAGGCCTGCTCAGCCTTAGCCCTTCGTCAGGCCCAAGGGTGGGGGAGGCAGGAGGAGGCTGAGCGTAGTCGTGGATAGAAACCTTTCCCTACCGCACGGTTACACACATGGCATGGGACTCCTGGCTGTAGCTCACTCGGGTCTACTGAAGACCAAGTTGGTTTTTAGAAATCTATTTAAAATATCTATCATGTATCTATTTACTGTGTTTTTCTGAATACGCAAGTGTAAATAGTATAATTTGCAGTGCAAAATCCTTGGCAATAACTTTGTGTATTATGTTTAAAAACACTGGAAACCGTGACCACCATGGACTGCCCTTCCCCTCTGAGGCAATTATTACATGTAGGACTCTGAACTTTAAACCTTCAGCGTGACTGAAGCAGCAGCCTGCACATGTGGATGGTCATCAGTGCCTCGCCCAGAGATACCTGGCCTTCATCCAAAGGGACCCTGCTGCCACAAGTCCTCCAGGCAGCACCCGCACTGTGGCTCCTTCGCACTGAGTATGTTGGACTCTGCCATAGACTGACCCTCTTGTCTGGCTGCTGCAGTTTGTCTGTAATGCCCTGACATGTTGCATTCTCCCCATTTGGATAAATAAAAACAAACAAATGCTTCTGTCACACACA,False
487,-150,0.73420835,-0.7516361,0.18454628,0.10016501,-0.4060438,0.3760827,3.863597,-3.3757339,0.0007172772,-0.4161113,0.32739455,0.677762,4.765959,-5.0623937,5.3898613e-05,0.24783242,ENST00000554309.1,-150,GGCGCCATTTTGTCTCGGCAGCGGTGGCCGTAGCTCCATCGCATTTTATGTTTCTGGCGAGAAGGGAACGGAGTTTTCATCAGGTAGATTGGTTTTTGTGCGGCCGTCCTCCACCGTTTCCTCCAGGACAGCACCTAGTCGTGGCCGGAGGAGTCTCAGAGCTGTCAGAAAGTGCAAGAAATCAGCCAGCGTGGTGGCGTGCACCTGTGTTCCCCGCTAATCAAGAGGCTGAGGTGGGATGATCACCTGAGTCCAGGAGATCAAGGCTCCAGTGAACCATGATTGTGCCACTGAACTCCAGCCTGGGTGACAGACTTCATCTCAAATATATAGGTGTGTGTGTGTGTGTGTATATGTGTATGTATATATATATGAATAGATTATGTATTTAAGGCTAGGGATGCTTGTATAGTCCATTAGAAAGCTTTTTTTTCTTAACTGCACTTAGATTTGTTGTCCTTTTTATTACTGCCCCGCCCCCCCCAAAAAATTTCTGGTCTGTCTTTAGCTTCATTTCTGAACATTTTATCCTGGACCTCTCTTTCTTCAAGTAGAAATAATCGGCTGGGCGTGGTGGCTCATGCCTGTAATCTCAGC,False
488,-987,-0.25721374,0.036194265,0.57283026,-0.35824338,0.055523694,0.60199076,1.4315666,-1.3131578,0.0603853,4.892817,-5.055883,4.778744e-05,3.7948809,-4.0369987,0.00039672139,0.24713019,ENST00000424730.5,-987,GCAGCTGCTCCCAACCCCAGAACCTTTGCTGTCTTGGGACGGATCACCGCTGCAAGAGGGGAAGTTGCTACTGTGATGAATTCTGCCATGTGGCACCAGACTGCCACCCAGACCACAGTGTCCTCTGCAACCCTGGTCAAAGGTGCCTACATGCTCCTTCTAGCTTTGTTTCCCTGATGTTCCTTGCCACCTGCTACTCCTCTCTGAGCTACTTTTCCAGCTTCTCAGATGACCAAGATGGTGCTGCAGATGGTGCTGAGGATGGAGAACCCACCAAGCCCCGCTAGGAGCCACCTAGACTGGATGCAGAGCATGGTTCAGTGAGTTCTCCAAACCAGCCTCCCAGGAATGCCATTCAACATGGCTGTGAGGAGAATAAAGAAGAGAGCCTGACTCCTCTCCTGAGGCCCCTTCCCCACCCTGAGCCAGCA,False
489,-862,0.24597138,-0.2636608,0.37527975,-0.4225651,0.14415321,0.6380056,1.9811808,-1.5554861,0.02828676,2.2693472,-2.249348,0.010785647,0.72063124,-0.81622344,0.17699297,0.24587019,ENST00000444301.5,-862,ATTGGGAATGGAGGGAAATAAATGACTGGATGGTCGCTGCTTTTTAAGTTTCAAATTGACATTCCAGACAAGCGGTGCCTGAGCCCGTGCCTGTCTTCAGATCTTCACAGCACAGTTCCTGGGAAGGTGGAGCCACCAGCCTCTCCCTGACAAGCAAAGTGGATCAGCAAAGGCTGCAGTCACCAGCATCTTTTCCAACCTTAATGAACTGTATCCTCAAAAGAACACTATCAGACTGGCTCTGCCGACTTCCAGTTCTGGAACAAGATGGTTAAACTCATTTTTCCCTGCTCTGCTCCTCTAAATACAACTAAGTACCTTGGAAACTATTCAGCAGACAATGATAAAGGGCTCTGAAAGCTAGAAGAAAAGGTGTACTTGCAAGAAACCTCAGGACTTGAGTAACAGCAACATGGAGCCACACCGGTGAGGGCAGGGAGAGGGTGCTGGTTCTGAGCCAACTTTGCATGGAAGGCCCAGCAGACCACGCTCATTACTTACAGCCAGCATCATCGGGGAACTCCGGCACAGACCTGTAGTCAGTGCCCCACAGCGCCCCAGCCTTCTCTCCCGACAGGAGCGGCCAGGACAGGGAGCAGAAGGTGACTGCTGTGCTGCCTGGAGCTCTTCTGTCCGGAGGTTTAGTGAAACTAGAGAAACTCAGTG,False
490,-1442,2.1115878,-2.1714892,0.013612279,2.920813,-3.0795813,0.0024716507,-4.6805873,4.9506207,0.9999343,0.53285146,-0.7732626,0.21313784,9.070075,-9.65827,7.3516286e-09,0.24583122,ENST00000421310.5,-1442,CAAAGCCTGTTTGGTGGTCTCTTCACACGGACGCGCATGAAATTTGGTGCCATGACTCGGATCGGGGGACCTCCCTTGGGAGATCAATCCCCTGTCTTCCTGTTCTTTGCTCCGTGAGAAAGATCCACCTACAACCTCAGGTCCTCAGACCGACCAGCCCAAGGAACATCTCACCAATTTTAAATCAGGAGCTTACTACACGTGCCGGCAATCTGGCCACTGGGCCAAGGAATGCCCGCAGCCCGGGATTCCTCCTAAGCCGCGTCCCATCTGTGTGGGACCCCACTGGAAATCGGACTGTTCAACTCACCTGGCAGCCACTCCCAGAGCCCCTGGAACTCTGGCCCAAGGCTCTCTGACTGACTCCTTCCCAGATCTTCTTGGCTTAGCGGCTGAAGACTGACACTGCCCGATTGCCTTGGAAGCCCCCTAAACCATCACGGATGCCGAGCTTCGGGTAACTCTCACAGTGGAAGGGACGTGCATGAAAGTTAGGGGTAGAAGAAAAGATGGATTGAGGTTGTCCTCAGACTTTCCATGGTATCTGAGCTGTTTTCCTCTTCCGGAATTGTGTCTCATATGAAGTTCCTCTTCATTTGAG,False
491,-154,2.7561567,-2.7415814,0.004079317,2.4686403,-2.7162278,0.0055694836,1.5575148,-1.6891878,0.037445556,-0.38316682,0.47259852,0.7017752,0.041983724,-0.03816849,0.47997266,0.24576846,ENST00000554532.2,-154,TACTGGGAATCTGCGCTGGGGTGGGGTTGTGAGGTGGGCAGGGCTGGGTGTGTAAAAAAGTTGCTTTTGGAGGCCGGGCATGGTGGCTCATGCCTGTAATCCCAGCACTTTGGGAGGCCGAGGCGGGTGGATTGCCTGAGGTCAAGAGTTCGAGACCAGCCATGGCCAACATGGTGAAACCCTGTCTCTACTAAAAATACAAAAAATTAGCTGAGCATGGTGGCGGGCACCTGTAATCCCAGCTACTGGGGAGGCTGAGGCAGGAGAATCACTTGAATCCGGGAGGCAGAGGTTGCAGTAAGGCAAGATCCTGCCATTGCACTCCAGCCTGGGTGACAGAGCAAGACTCCGTCTCAAAAAAAAAAAAAGAAAAAAGTTGCTTTTGGATTCTGCAGCCTCTGCTCATGAAGCTCTGGGGAAGGCAGGTTAGTTTGTAGAGTTTCAGATGAGTTCTTCTGTGGCCTCTGTGCAAAATCTGAAATCTCCCTCCACCTTTTCTGCCTAGCGAATTTCTTCCCATCCTTGAAACCCCAGATCACCTCCTCTGGAGAGCCTTCCCAGACTCCCTTAATGGCTAAGCCTATCTGCTGCCATGGCCCTGAGGGCACACTTAGTACTCCTGATTCCAAGTGAAGAATGCAGTGTGCCTGCCTGCCCTCTGGACTGAGAGCTCCTCAAAGACAGAGATAATTTTCTCATTTCTTTATTGCACTAGCTAACTAGTGCAATGCCTGGTACACCTAGTGACCGCTCTGTGTATGTTTATTTAACAATAGTTTTTATTTATTGAGGGCTCCTTATGTGCTTGGCACTTTATATTTAGAAACTTTTAATTCTAACTCTAACCTATTACATAGGTATTATTGGCTCCATTTTATAGATTAAAAAAACTGAGGCTTGGAGGCTTAAGTAGCCTGCCTGTGTCACGCAGCTAGTAACTGGCCAGAGCCAGGATTTGAACTAGGTCTGCCCAACTCTAGAGTTTATGTTCTTCACACAGACAATACCATTAAGGCATGACTGAAGCCGTGAATGGGCGCTACCAGTAGACAGATCCTGAGACCAAGATCATTTGAATGGCCTTGGTTTCTAAAGGAGGGTGTGATATGGGACAGGCCGCTGATTCAAGGAAGAGGGGCTCCTCTCCTCTTCCTTTGACTGTTTTGGGGTCTGTACCCAGATCTCACCTCATTCTTTCTGTCCTTAAGGAGAGATGCCCACTGGGACAAGGAAAGTGATGCCTTCCTTCACCCACCCCTTCCCTTATGAAGATCTGCAACCTGTGGTTTCAAAGCCTTCGCCCAGCATTCTGAGGCCCCCACCCCTGCATCATCCATGATGTGCCCTGTCTATTCTTTTTTTTTTTT,False
492,-797,2.1925354,-2.3591704,0.010439071,0.43803406,-0.82980216,0.21962789,2.203857,-1.6144264,0.021493366,-0.9905312,0.9026258,0.86911505,0.9167758,-1.2446232,0.103270836,0.24478924,ENST00000586248.5,-797,AGAGATGCGCAGTGCTGCCCCTTTCTATGGGCAGGGCCGAAGGTCCGCGTGTAAAAGTACCCAGTCCCTGGTAACCTGACACTTCCCTTTTAAAAGCCACCTTTTGTCTATCTCTGGCCTGCCACGATTCTTCCTGTGCTCCATAGGAGGACCCATTGGACCCCCGGGCTGGCTGCAGGGCCCACACCTGGGTTAGACCTCGCACAGGGACGCTGCTGCCACTGTAATAAAGCGTGCCTACACGCTTCTGAAACTGGTGTAGGAACAACCTCAGTTCTGTGAAAGGCGGACGCAGCAGGACAGAATCTCCGTGGACATCTGTCTGGAGGAGCAATTTTACTGCGACATTTTAAAGAAACAAATTTAATTGATTTCCAAGGCTGGAGTGTGACAAAGGAAAATCTAAAAGGTCAACTTCATTTACAGGAAAGAGCATAGGAAAACAGACAAAAGAACAAAGAAGAAAAACAATAGCAAGTCACTCTAAGTACTGTGGAAATAAACTAAATGTCAGGTTAGGAATAGAACAGTGAAAGAAGGTCCCAGTAGTCCCAAGGACTCGGGAGGCTGAGACACGAAGACTGCCCAGGTGAGACTACAGAGACTGAAGTTGCAGTGAATCATCACATCCTGCTACTGGACTTGAACAGTACTGCTGCTGATGAGAGC,False
493,-236,3.202077,-3.407078,0.0013461565,1.7678384,-1.89477,0.025023246,0.9146818,-0.8503041,0.14616698,-5.25169,5.0600033,0.99996674,1.3713537,-1.5504336,0.05108699,0.24471803,ENST00000583558.1,-236,ACAAAGGCCATTTTCTTTCTGGCCATTCAGGGAGAGGGGTGTTCCAGTTTCAGGAATAGAATTAGGGGAGCAAGCTGGTGTTCACCGCACCCTCCAGTGATCTCTGATGATATGCGGGGATAATGGGTTACAAAGACAGACATTAATAAGCTACTTGTGCAAGAAGCTACAATGAGAAAAAAAATAGCAAGAAATAGATGAGGGAAGGAGGTTCTGTAGAGGGAAAAACAAAGAGAGAAAAGGAGAATGAATTGTGCTGAGAAAGAGATGCCTGGATGAAGAAGCTGGCCCTAGCACCCATAAAGCTGGAAAGAAAGTGGGGCCTTGGAAACTTCTGGAAGGATGCGAGGAAAGAAAAATGCAAGGAAATGAGATGGAGAGGAGAAAGAGAAACCAGGAAGCACTTCGGAAGCATGTAAATTACAAGGAAATGAGGAACAGCCTTTATTGAAACAGTCTGTGAAGTCTGTGCTAGCGCTGAGAGCTTCATTTTACTGTCCTGGCAAGGAGGTGTGGCCCCTCTCCAGTGCCCAGCACCTCATCGCTGTGGTAACAGAAGACACGCTTATCTTCCGGATTTTGCCTCAGAGACTTGG,False
494,-298,0.7367749,-0.9786888,0.1524564,-2.6449451,2.3697307,0.993404,4.9804416,-4.825248,5.5133994e-05,1.2445134,-1.3771327,0.067758255,2.2008233,-2.4179718,0.009768311,0.24468842,ENST00000415640.1,-298,AGATAAAGAATGAAAAGAGAATACACAACCTTGTGATTGCTAGCAGTGAAAGCTCAGAGTTATGACATAACAATTGGTTGGAAAGAACCCAAGGGGACATGGGCACAGCATCCCTTCCTGGGCCTCTTCCTCAGGTGGTGCGGGTGGGAAATCAGGAAGCTCCCAGACATGGAGCAACTCAGGTGATCATGGAACAGAGAGAAGAGGGGCTTGAGCAGAGAGAATGCTTAGAGGCTAAGCGATGGGCAAGTGAGAGGGAAAGAGCCGCGACAGATAGAGCTGGCTGCCTAGGGGTCTCAGAGGCTTCATCCTGCAGGCGGCAGGCGGCAGGACAAAGGGACCTTCGGACTCCAGATCAAGATTCCAAGGAGTTAAACGCTACCACGCAGCCCGACCTGGATGGGATTTGCTCCTGGGTACAAAACGGGACACTGATCAAAATCAACTTGGACAAGTGA,False
495,-808,1.9435775,-2.0695329,0.017756104,-0.9377738,0.2932454,0.7739969,6.4011664,-5.932226,4.4022377e-06,3.4927974,-3.4133644,0.0010005926,0.016855955,-0.27433318,0.4277128,0.24409416,ENST00000593642.5,-808,GTTAGTCGCCATCTTTGAGTGGGGCAGACGTGGGCCGCTTTTGCTCGCGGTCACTTCATCTTAAGTTGTATATATGTGCAGAGCGCGGCGCGGGTGGTCACCTCCGCTGCTGCCGCCACCCGCCCGGCCTGCCTTTGACCCTATGGGTCACAGACAAGGCAGGGTGATCGCGGCAAGACCCTGAGTGAGACTAGATGCGTTACCCAGAGGGTGCGAGGTCGAGTACCTTCCCTGTCCCATCGCAAACCCAAAGATCCCCGTTCCTGGAGATTCTGATTGAGGTCCCAGCCCTACCTGTCCTGATGCCTGACCAGCAGGATGCAAGCCCAGGAGGCCATCCAGGATACCAGGACTGGGAGAGAATGCCCAGTGGTGATTCCTGCATAGTCCTAGGAGGTGTCTTGGGCCCAGGCTCTGGAGTTGGAGGCTCAGTTTCAGGTAGGGGCTGGAAACTGGAGGGCTCCATCTTCTCTGATAGGACCTCCTGGCCCTGCACCTGGACTGTGACCTGGGGAGGTGCCCCCACCATCAGAAGTCCTACCAGAGAGTAAGGCTGGCCGCAACC,False
496,-794,5.2646666,-5.371809,2.4022982e-05,0.7684058,-1.0288079,0.14219059,7.7188544,-7.5080795,2.4379585e-07,-4.952091,4.907266,0.9999478,1.1496254,-1.3461206,0.07615694,0.24366394,ENST00000597683.1,-794,GGCTGGGCCTTTGTCTCTCGCTCCCACCAGAGCTTGGAATCCGTCTCTGCTCTTCTGCATTCTCCACCTCGGGAGCCCCTGGGGACTCTGTGACGGCCTCTGTTGCCCTGTGATCTGCAGGTCCGGAGAGACGCACAGCTAAGATGTCAGGACATCCTGGAAGCTGGGAAAGGGTCTTGCCATCTCTAAGCTGGACCTGGTGACCTTTTTGGAGGGAAAGAAAGAGCCCTGGACTGTGAAGAGTGAGGAGACCATAGCTGCACAGCCAGAGATGGGGTTCCATCATGTTTTCCAGGCTGATCTCAAACTCCCACGGTCAAGCGATCTGCTGGCCTCGGCCTCTCAAGTCCAGATGTATAATCTCATCCCTGAACATTTCTGATGGTGTGATTATGACATGTGACTTTATCTGGCAACAGAGTGAGTTGTTGCTCCCGCCTGAGCCCAGCCCCCAGAAAGGATTGTGACATATCGTTGGACCCAGAATTGAGAAGGCATTGAGACATGGCTGGGCTCAGCACTAAGAAGATGTGAGTCCTCTGCCTGAAGCCTGACCACAGGGAGCATTGTGACACATTTCTTGACCCATTACAATCTCTTCTACGGGCAAAGCTGAGATGGAGTTTTGCTCCTTTTGCCCAGGCTGGATTGCAATGGTGCAATCTCAGCTCACCACAACCTTCATCTCCCAGGTTCAAGCAATTCTTCAGCCTCAGCCCCCTGAGTATCTGGGATTACAGGTGGAATTGTGACATATAACTTGGCCAAGCACACAGATGTAATGGTGTGGTGACTCTCATACCTAGAACTGGGACCTGTGCAGGATTGTTAATTCATTACTGGACATTCCTGTGGGTGTGATTGTTACATATGCCTATGTTCAGCACCCGAGTGATTTGATTTTGCTGCCTGGTCTCAGTCCAAATGTAAGATTGTGATTTATCGCTGAATCCAGCACCTCGGTGATTTGACTCTCCCTTTTTTTGTGGGAGGGATCCTGCAAATTTTGGGTATTGTCAATTATTGCTGAATCCTGTACCCATGTTATGACTCTCCCAAATGTGCCTTACCTGTTGTGGCACAATATATCACATTAGACATTGTTAAATATTGTTGGGTTCAACACCTGGGTGATGGATGTAACTTTTTTTCTGGGCCTGCCTACAGGGGACCTTGTGACATAACTCAATGCCCATCATCATGGTAATGTTACTCTCTTCTCCTGCCTGATCTCTGCTCACAGAGAAATTGTGACACATCACTGGCCTAGCATCTAGGTGATGTGACTCTCCTCTTTTTTTCAGGCTCTGCATATTTGGGTATTGTGACATATTGCTGAACTCAACACCTAAGGGATGGGAGTCTCCTACCTAGGCCCTTCCTACAGGGGACATTGTGACATGTCTCTGCATTCCTCATCCAGGAGATGTGACTCTCCTTTTCTGCCTACACCCTGCCTACACAGAAAGTTGTGGCATATTGCTGTGGTCAGCAACCAGATGATATATTTCTCCTGCCTGGGTCTTTATTACAGGAAAGATGATTGACATATTACTGGGCCCAGCATCCAGATGATGTGACTCTCTTCTTCTGTTGGTCCTTGCTTACAGGGAAACTGTAGCATATTGCTACACCCAACACCTAGCTTATGTGATTCTTCTTTTAGGTTTGCCTTCAGGGAACATTGTGACATATTGCTGGGCCCTGCACTGATAATTTGTGACTCTTCTGCCTGTGATTTGCCCACTTGGGGCATTGTGACATATTGCTGGGTTTAACACTCAGGTGATGTAACTTTTATGCCTAGGCCTTGCTTACAGGAGGCATTTTGAAATGTCTTTGTGGCTGGGCATGGTGGCTCATGTCTGTAATCCCAGCGCTTGGGGAGGCCAAGGTGGGCAGATCACAAAGTCAGGAGTTCGAGACCAGCCTGGTCAACATGGTGAAAACCTGTCTCTACTAAAAC,False
497,-809,2.0263379,-2.1343408,0.015357437,-0.13901222,-0.51447093,0.40722266,6.43199,-5.9458275,4.2109536e-06,4.1249566,-4.048377,0.0002819964,-0.79373443,0.55785894,0.79439,0.24345127,ENST00000600726.5,-809,ATCTTAAGTTGTATATATGTGCAGAGCGCGGCGCGGGTGGTCACCTCCGCTGCTGCCGCCACCCGCCCGGCCTGCCTTTGACCCTATGGGTCACAGACAAGGCAGGGTGATCGCGGCAAGACCCTGAGTGAGACTAGATGCGTTACCCAGAGGGTGCGAGGTCGAGTACCTTCCCTGTCCCATCGCAAACCCAAAGATCCCCGTTCCTGGAGATTCTGATTGAGGTCCCAGCCCTACCTGTCCTGATGCCTGACCAGCAGGATGCAAGCCCAGGAGGCCATCCAGGATACCAGGACTGGGAGAGAATGCCCAGTGGTGATTCCTGCATAGTCCTAGGAGGTGTCTTGGGCCCAGGCTCTGGAGTTGGAGGCTCAGTTTCAGCCTTGCACAGGGTCTCTGTTGCAGGTGGCCACTTCTGTACCACAAGGGAGAACGTGTGTCTGGCAAAGCGTGGTGCTGCCCAGGGTGAGGCCGAGCTGGATGATGCTCCAGTCCTGAACCCCACTCGTGGACACTCACTCACCCATCTCCGGGGTCCGCCCGGCTCCCGGCGCAGCCC,False
498,-287,0.10231042,-0.10955578,0.4472307,-0.6334244,0.35216746,0.72821635,6.971257,-6.796667,1.0487355e-06,5.5821433,-5.5391564,1.4793621e-05,1.5773398,-1.5882547,0.040481187,0.24318881,ENST00000594562.1,-287,GGTTAAAAGCCCAGAGAAGACCGCCAGGGGCGCGTGGAAATGGTGTCCCTCGTCTCCAAGGCCCAGACGGAGCTTAGCTTCCTCTTGAAGGAGCCATATCTGTATTTCTGGTGAACGTCGTGTTTGACATCAAAGGAATGTTTAGAGACATGATTTCAGCCTTCCTTACGCAGAGAATGCTCATCAAAAAATAAAATGGACACACCATACACTGACGTCACTCAGATTTCTATGGCTGGAAGTTAACAAATATTGTTTTCAAATGCGTGTAGCCTGATGCTCCAGAGTTAGTTTGGCGAGCCTCAGCATTTTCTGTCAGGCACAAGAAAGAAAAGACTCCAGACACCATGATGTGGAACGTGGAGTGGGGATGTTTGGTGGCCTTGAATGCCTATTCCATATTGTTATGCAGGCTGGATGTGATGGCTCATGCCTGTAATCCCAGAACTTTGGAAGGCCTAGGCAGGTAGATGGCTTGAGCTCAGGAGTTCAAGACTAGCCTGGGCAACATGG,False
499,-695,4.7207584,-4.657177,8.4562475e-05,-0.22087872,-0.12510148,0.523926,4.8623857,-4.579091,7.935682e-05,6.013759,-5.7545586,7.746063e-06,-0.43437374,0.34048742,0.6845715,0.24173383,ENST00000548819.5,-695,ATCTGAAGAACGCCGTTGAGAGACTACACCGCCCATGAAACCCTGCAGTATAACCTTGAAGTACCATCACGGAGAGAAACAGTGCCATCTCAGGGCCAGTGGCGCAATGGATAACGCGTCTGACTACGGATCAGAAGATTCCAGGAGCCAATGACCAATAGGCCAGAGCACTGGAGACTTTCTGGAAGAAAGAGGTACTGAAGCATCCAATATGGAAATAGTCAAGATATAGAAAATGCAAGCTCTTGAAGGATTCAAGATATAGAAAGGATCTGAGATATGGAAAGAACTCAGGATATAGAAGGATCTGAAATTTTGGAGACTAAGATATGAGAATATTTAAGACACAGGTAGGAAGGACACCTTCAAGGAATTTGCTGGCTACCCTTATTTTTATAATATGCTTGCTAACATCAGCATGGGAGCATCTTGAGTTTTTAGCCTACTACACAAGCAGATATTGAACCAACATTAACAGGAATTAGTGTAGTCTGTTTTCCAATAAGAGAGTGTTCAAGGATCTTCATGTATTCCAGTTTCCTCAGAAACACATGCT,False
500,-1028,5.7667685,-6.1570797,6.630338e-06,3.2901373,-3.5385,0.0010811621,5.948011,-5.715866,8.598816e-06,0.5511788,-0.76514876,0.21142994,-2.7207289,2.546735,0.9948698,0.24147923,ENST00000514291.1,-1028,CACCCAATAGAAGGGAAAATGGCAGAGGGAAAGTCCTAGTGGAAAGAGACCTCAGTCTCAGCTAATTGTGGTGACAATATATTGCTTTTGCAAATTGTACATAAACATATGACCAGGTGAATGTATCGCCAAGGCTCCTGCCAAGGCCTGGGATGGAGGCCTAGAGAAGATGCCCGAAAGTTTATGCTGTGTGAGCTTCACAGAAGACCTGCCTTCCATGTATACCCATTTTACAGGACTCTCCAGAACTCTAAGATGTCAGAACAAACTTTGGGACATAGCTGGTCTTGTAGCAAAGGATACAAAGAATAGATGAACTACACCTGGCTCTTCGAGTGTCTGATAGAAGAAACACACCTTACCCACAGCCATGTTACATTGGCCAAAACAGGTCACGTGGCCACACTTGGGGCCAGTGAAGTAGAGAAGGATAATATTTCTACAGAAAAGGGATACCACAGGGAGGAGCAGCCAACATTTTGAACAGAAATATAATCTGCTATATAGGACATTTCATAAAGTAGGTCAAATATTTTTGGAAAAAAAAAAGAGGGGAGTCTATGTATGGTCAGTTAAGTTTAGGAACTCCTACATAATACCCATCTCTAGAGCTATGCAATGTAAACCAGCACACCGAAGGCTCTCAGAAGTCCTGCAATAGAAAAATAAAATCAAGATTGTTTAA,False
501,-1182,0.8287009,-0.8853145,0.15264362,4.7823215,-4.6825757,7.7519995e-05,0.31860688,-0.055745482,0.40748975,0.23731378,-0.34417722,0.3585896,0.45335698,-0.46542716,0.2852057,0.24080124,ENST00000502056.1,-1182,TGAACCACCCCAGGCCCTTTGCACCTGCTATTCCCTCTCCTCAGCATGCTCTGCCCCAGACAATTGCAATGCTAACTTCTTACTTCCTTCAGGTTTCACTCAGAAATGACTTTCTCAGTGGGGTCTCCCATGACCATTTTATTTAAGATTTCAACTACTTTGCCAGTATTTCACTTCTCCTCCCTTGATCTTTTCTTCCAAGCACTCACTGCCCTCTTGCACACTGTATCTTTTACTTATTTATCTTGTTCAGTTTCTGCCTGCCTCACCTGCCTCACCACAGTGTACATTTCACGAGGGCAGGGATTTTGTCTGTTTTGTTGATTGCTGTAGCCCTGGCATCTTGGGCAGTGCCAGCACCTGTTAGCATTAAATACATATTTACTGAATGAATGAGTGGCTTCATGCTTAAAAGCAAGAAGAGAGACCTTCATAGAGAAGTAGGAAAATGAATTGTTGCACAAATAAAGGGCCATGTAATGAGAGAGAGAGAGCAAGAGAAAGAGCAAACAATTAAGGAGCAGCAGTGGCTTCCTGCAGGGGAGACCAATGCCTTCTGTCCTCAGCGGAAACAGCTTGGCATTCTTCCAATTGATGAATGGCATGGACCAGGAGCACTAGTTATCTTCAGCTTCTGAGCATCCGAATAAATAAACATACAAATGCATAACATAAAATAAATTCAAATTACAAATGAGAAAACCAATCTAGGTTACCGGCAAGTCCTATGACTTGATGTGGAGGCCTGGAAGTGCATCCTTGAATCTTGCAATGCAGTGAGCCAAGGAGCAATGAGAGGCCACATGAATAACCGGGCCAGTGACAAGACACATGTCCTCCTCCTTGCTGGTATACACCAGAATGCCCCGCATGCAGCGAATGCTCAAAAAGTGTTGGTGGAAGTGACAGAATTCCATCACCATTAAACACAACCAGTGTTGCGGTTGACAATGGCACTGAAGCAGGTGAAAAATCCGTACAGCAGCTTCTGTCTTTGAAGAGTTTGCAGCCTCTTGAAGAGGGTTTAGAGGTTAAAAAAAGGACCCAGGCTGATAGGGCCGCTACCATTTGGAAAGTGACAAGAGGAAGAGAGAGAATGAAACAACAGTAAGCACTGGCTCTCAGCTTCTACCTGAAGAGACAAACATTGCTTTCACTTACATTTCACTGGCCAAATCAAGCCCATGGCAACAATTGAGTTCAAAAGCATAAGGAGGTATCTGGAAGGAAGAGAATCAGAAAATTTCTGATGAGCCTCACTGACTACCTTCAGGGCAAAAAGGAAGAGAGGCACTCCAGATCAGAGATCTGCATTGGAAACTCCTTGAGAACCAGAAGGGTATGCTGTATTTTTGTAACTGTGAGGAGCCCAGAAAGACTGAAGCCCAAATAAAATTCCTTTATTCAATATT,False
502,-393,0.6052501,-0.75900656,0.20354936,3.6566343,-4.004308,0.0004706418,-2.4669135,2.7695644,0.99470913,3.5939708,-3.6612775,0.00070595834,3.2737098,-3.4679754,0.0011792638,0.24012287,ENST00000513220.1,-393,AGAACAGAGACCTGGAAGGAAGTGGCCTCCCAACACAGGACAGCCTACCTCTTAACTTCTCTTACATGCAACAAAAATAACCTGCTGTATTGTTGAAGCCACTGCTTTTTCTTGTCAACTGAAGAACAACGAAGTTACAAATTTGGAAAGGAGAGCTTTATTTCTCATAAAGCGTTGCAGCCTGCAGGCAGCCATTCTGATAAGCTGGCAAGCGTCACCTCCAGTCAGAAGCCAGAAATAGGCTCTTGAGAGTGGGAAGAATAAGACAGAGATATACGCTGAGCAGGGTGGCCAAATATATATATTTGACAGTTATAGGAGGAGCTATGAATATTCACAAAGGGGAGGCATGGGCATGTGTAGAGGACTAACATGAATACAACATGTGTCCCATGTTCACTTTGGGGTGGAAACCTAATGTTTAAATGTATTACAATTAGGCCCTATACATCCAAGGGTGAAACAGAGCACACAAAGGCCCTCTGCACAGCATCCATAGATGGCCAGAACCACTTTGTGGTTGGCGGTCTCTTATCAGGAAAGAATGCTGATCATTTGTTGTGTCAAAACCACAAAAGGGAGGTTGGTTGAATTTAGCAGTGGAACAAGTCCTTCCAAAGGGCTGGTTTTTGTTTAATGCTTAAGAAAGAAAGCCTAATAGTGGTTAATGAGGGAGGGGGTATAACAAGGCATGTCCAACCTTCTGTACCATCATGGCCAGTTTTTAAGGTTTTTCTGGGGTCCCCTTGGCCAAGTGGGGAAGGATCCAGTCAGTTGGTATGGCATTTAGGATTTTATTTTTATTTATCAATCTCATTTTGTTTTTCCATTAAATGCAGCCAAACCTAATTTGAACGATATACTTAACGAAGAAGAAGAGAGCAGAACTCAGGGTTTTCTTGACTTATAGTCAAGAAAAACAATGTGGCTCAGTCGATACTTCTTATTTCTACCAAACAAGTGTTCATTTTTATTATGAACATTTTATAATACCTATTTTACTCTCCTAAAATGAAAATCACAGACACTATTGCCTATAGGTATAAATAATTGTAAATAATTGAACACACACAAACACATTGCTTTAACAATAGGAAAGAGGATAAATAAAAGGAAAGTAAGTCAGCATAAAATGACATATAATTTAACATGTAAATACTGGAGTATGAGCATCCCAGGAGACTTAAAGAAGTTGTCAGGAGCTAGCACTTTCATATCGTGAATAGGCTTGCATTTAAGGGAAGTAAGAAAGCACATTTAAGAATGTCAGGTAGGACACACAAAGAATGTGGAGTGGGAAACTGGACTGTCTCACATATTACAGGACATATGGCATTGCTGTCCATTAAGTGCCAGTAGAACCTCCCAATCACTGTCACAACAAAAATTGCCCCACAGATTTCCAGACTGAAGCCAGTAGCCCGTCTTATTTGAAGCCTCTGGTCTAAGTGGGCTAGAAACACCTGGGCTCTCTCCTTGGCACAGAGCCTTGAGGGTGGCCCCTTCCTTCCTGAGGCCAAGGCCCGGCCTGCCTGTCTTAACAGCTCTTAGTTTTCTCTCTTTCTGCTCTAATCTCCACTTAGGAATGCCAGATTTAGCAATAAAATTCGAGAATTCCTGGTTAAATTTGAATTTCAGATTAAACTATGAATAATCGTTTAAGTAAGTCCCAAATCTTGCATGAGACCTACACTAAAAAAAAAAAGAAAAAAAATTGATTTAACTGAAATTTGAATTTAGCTGGAACACCCTGTATTTTACTTGACAACCTTACTCCCAGTACACATTGTTCCCCTCAGAACCTCAAGAAAACCTATCTTAAGGGTATCAATTCAGCCGGGAGACTTTAAGACCTACGGGCATAATGTAGAATTTCCCAAAATGGGTTCCACGGAGTACTTCCATGAAGTGCTCAGTAGGAAAAAAGAGACAGCCTACCTTAACTCCTCTTAGAGATTCGTAATACTGTACATATCTCCTAGGAAAGCTTAAGCAGGTCCTGCCCTTACATTTAATACTTAACCTGGTATTTCCCAAACCATTTCATCTAGCACCTGCTAACTGTCCCAGACACCAGTGGTCCAGGGAACACACCGTAGGAGGCAGGTTTGAGGAAACTATTTCTGGAGCCCCAAACTAATCCCACATGGCCACACTCCTGCTGTGGTTACTATGACTCTCTAGGCCTCAGTTTCTCATCAGCAGAAGGGTGGAGTCGAATGCAATTAGCTTGAAGGTCCCTGGAGTTTATGAAATCTGGAGATTCCACTTTCATACACTGCCTTTCCTCAGAGCTCTGTCCCATTATTACCAAGAGCCACCTCAAGCCAAACTCAAAAGTTGGGGCAAACCAAAGGTTCAAAGCTCACACAGTGCATGAACTGTCTCCAGGAGCCTGAATTCTCCATCCTATTTTTAGCTCTGACCCATCTCAGGCCCAGCAGATGCCATAGTGATGATCACTGTAATTTCATGGGAAAGATACAGGAAACCCAACAATAACAGCAATAATTCAGCAGCCTAGCAGATGCCAGATCTCATTTGTGCTTCACCCTTAGCATGACTGATGATACACACTATCAGAGCAAAAGAATGTTCATCTGTGGCAAAAGACCTTTAGCACATTTCCTGTAACCTCCAATTTGCAACAAGTTGAGTTCCAGTTGGTGGGTTGCTGATGTGGCCACTAGAAAAAGGTGACCCCTCCATTCCTTGGCATGGACATTTAGACTCTCAAGAATACCACTGAAGCCATGCAGAGGATAGAGGCAAAGGGAGATAACACAAACACTCAGAGGAAAAGATGATGTGAAAACAGAGGCAGAGATTAAAGTGCAGTGACCTCAAGTCCAAGAGTGCCGAAAAAGCCACCAGAAGCTGGAAGAGTTACAGCAGCCTCTGAGGTGGTGGAGGGTGGCAGCAGGACAGTGAGCTGACGGCCAACCCCTGTGCCCAAGTGTGCTGCTCCGCTCAACTCCATGTGCACCAGGGAACAGCCATTCTCTGCAGGCTGATTTGATCTGGAACCACAATTGAGTCTAGTTCTGGAATCTCAGACACATGGAGAACTACACCTTGTCTCCAGTTGCTACAAGTCAAGTCCACCTGCATGCAGACAGCTACAATTGTCTTGTAAAATTAGAAAACAGAACAGGGACAACAGTATTATCTATATTGACTATAGATTAATTATTCATTTGCATTCTTTGTCTTTTGTACTTATAAATATGAAATTTGTATATAAACGTGTGTTTTACAACATAAGATACAGATCTATATATATGTACCTTTGAAAGATTATTCTCTCTGCTCTTTGGCCTAAATTTCCAAATGGAATCATCCTGTGTACAGTAACCTGTGTCTGAAAATTTCTGTCCACTTAGAGTAATGAAGGCATGGGGTCATAATGAGAGCAACAAAAAAGTTACACTTTATACTGTGAAAGACCGTCACCTTATTGTTCATTTACTTAAGTTTTTCATTTTGTTTTTATATTTTGAAATGTTGAATAAAAAACTCAAGGCAC,False
503,-1177,0.967801,-0.8042719,0.14528474,1.9108242,-2.020297,0.019244058,2.329811,-2.2511084,0.010141569,-3.6147056,3.6460927,0.999298,1.8606435,-1.9596236,0.02145168,0.239084,ENST00000522132.1,-1177,GAGATTTGAGTTTTGTTACCAGAGCAGATCTTTGTCATCCTGGATAATGTGCCTGAGAAGAAGAGGTTTAAGGAAGAAAACTTGTGAACACCAATGTGCTTGTTAGACTCCTTTGCTTGCTCCCTGTTATACACTTGCCACTACACTTCTGACTTAGATGTGGTACTTTGTTAGTATCTGTGAGGACTGAAAATGAGATCGAAGAGAAAAATCCAATCAAGCATTAAGTAATCATATTTAAATGGAAAATGGGAAGATACTATTAACGAATTCAATGGTGGCTTGGTCCTGATGACACTCTTCTTGAATTATACGATGTTCTTATCTCTTGCGGGGCTGTTGAAATAATCAAATCTTTGTAC,False
504,-1000,2.1281908,-2.4203796,0.010471506,-0.13488019,-0.10953084,0.506337,6.5996685,-6.685028,1.700313e-06,-0.4890491,0.24857327,0.6764757,6.1453996,-6.2325897,4.210231e-06,0.23865803,ENST00000508772.5,-1000,GCATTTGACCGCTCCTCCCTCCGCGTTGGAGGCGGAATAGTGGGTTTTGCTGCAACCGGTTTATTTTCCTTCTGTTTTCACCCATTCTGGCACAATCTGGCGCCATCGTCCTTCTTGTGAGGCCAAGCCTGAAAATGCGAAGCAGAGAGGCAGGACCAAAATTGAGGCGAATCCAGGAACCTGCCAATGGGTCTCCGGGTGCGGTCTCTGAAACTGGAGGATATCGGGAGGAAAGGCTCTCCGATGCGGAGATAATGGGGAAGCTCTTGGCATGGTTGGCTGTAGGTATGTGATACCGGAGGAGCAGGAGTCAAATAGGATACGCCGACTTTTAATTCAAGGAACCCTTTTCTGAAACACTTTGCCACAATGAAGGAAATAAGATTACAGCCGAAGATACATATTAAGGAATTGTACTCTCAGAGATGTTGAGAAAAGATACATGGGTCTTGGAAGATAATTACTCAAAATATGCAGGGAAGGAATAAAATTGAAGGGTGTTTTTCTTAGAGAACATCATTTGTCATATTTATTTGATCAAGAAGTTGAAGATTTATATAATAAGG,False
505,-434,1.5894165,-1.5498545,0.041516114,3.4622488,-3.5950954,0.00086032087,4.063447,-4.2945423,0.00023446041,0.08024123,-0.1829758,0.43457305,-0.26742327,0.6023523,0.704699,0.23637657,ENST00000441363.1,-434,CCAGTGGCAATGACCCAGACCCGGACGACCCCCATTGCTGAGCCAGCGGAGCTGCTTGGGTCCACGAGGCTGGTGTCAGACCTATTGGGAGACCCTCTGCGTTAGTGAGAAAAACGGCAAGAAATGGGAGCACGCGGAAACCTCCAAGACTAGAGCCACCAGATGCCACCGACAGCACGCAGCTGGACCAGCACGGGGGAGGGCCTTCGTGGGTCGAGAGCTCGCTCGGGAGATAGTTGGTGCTTTTCTTTCAGGAGAAGAATCCCTGGCGGAGTCTGACCGTTCTCTGGCGCACAGCCCCGGGGGTGGGCACAGCAGCCGCCCCTGCTGAAGGGACTGACGCCTCCGACGACCAGCAGCCAAGTTAAACGCACTGTTCCGTGAGCAGCTTTGTTGGAGACAGCGCGGTTCACATTCTCTTCCAACGGAGCCGCTGACTGCGGAGCTGGGAGGGGACGTGACAGAACCCAGCCATCCAACGTCCCCCCACCCCTCCCCAGCTGGGACCTCCGGCTGCTTCCGGGCTGCGCTGGGTGGCGTCAAGGAGCCGCCCCTCTGGGCCGCGTCCCTCCCTCACGCCCTGCACACTGGCCCTGTGTGGCCGGCGGGGCGCCTAAAAGGGCGGAAGGATGCAGGGGCGGAGGGGGCTCGGGATTGCACGCCTAGCTCAGACCCCCCAGCCAGGACCCCTCGCGCTGTTGGACACGCCAGCCTCCCGACCCTGCGGCTCCTACGGGAGGTGACAAGGACCCTGCCAACCTGGCCTGAATGGCCCAGTTTGATACAGATCAGGTTTTCAATGAATGAGACCGCGGTGTGGTCTAGGCGGAGGGATGAGAGGAGGGGATTCTGCTGGGATAAGTGGGGGCGGGGTAAGGAGGGGATTCTTTTCCTGGGCTGAGGAGAACGCAGGGACAAAGTACACAGGGGTAGTTGAGTGAGCAGGTGAGGCCCTAGGCTGGTTCCCCACCTTCTCAGGATCGGAGCCACTCACTTCCTGGTACTCTCTGCAGTCTCCTGGCGTTAAATAACATCCCTTTGCTGGAGACTCTGGATTCACATCCATAATCGCAGCCTCCCCTACTCATCCCCTCACGCTTCCCATGAACTAACCTTGAAGGACCCGACCAGAGCCCTGACCTCCGTCCCACACACCTGCTACATGGAAGGTGTTCTCCACATCAGTTCAAGGCAGTGTCACTCTTCAGGATGTTCAGGCTCTAAACCTTGGACTCCTCCTCCAGATTTCTCTCTCCTTCCTTCTCCTTGTCTCTCCCTTGCACTTACGGTTCACTTTTCCTTCGTAGCTTTGTAGCTCATTCCCCCTTCCACTTTCCACACCACCTTCTGGTCTGTTAATTAAATATTACCTGGTTTCCACTGACACCTTCCCTGGGTTCCCAATTGAAAATCACAACATCATCCTCCTCCTCTGCTTTTTTTCTCCAAATTATATCCTCACCCAATTATGTGTTATTCTCATTAATCTTGCTTAATTAATTAGCAGACATTATTAATGCCTGTTTCCCCTATCACCACCACTAGACTATGAACTCCTAAGGACTCCTTCCTTCCACCACTGTTGTACTCGCTTCACCTAGAACTGCTTGGCACATACAATGTGCTCCATAAATATTTGTTGAATGAAAGACTAGACACAACTTAGGATTCACTCCCCCATGTGGCATCCATAAGCCCTGTATGCAGGTAAAATGTCAGTGGGTTGACTAAATACTGGAAGTGGAAAAAACTTCACCTCTTTGGTTTGCAGTTGTCTAGGATATTTAGGCCAATGGAAAATCCAGTTTTCCTTAGAATTAAGCCAGTGCCGCCAGACTTGCCAGTTTACCATGCTTGTCTGACTGGTCCTCAGCATGGGTCATACGTGTCCAATGAATTCAAACAAAATCTTGAGAAGACACGAACCTTGCCCTTCGGCTGGGCGCGGTGGCTCACGCCTGTAATCCCAGCACTTTGGGAGGCCGAGGCAGGCGGATCACGAGGTCAGGAGATCGAGACCATCCTGGCTAACATGGTGAAACCCCGTCTCTACTAAAAATACAAAAAATTAGCCGAGCGTGGTGGCGGGCGCCTGTAGTCCCAGCTACTCAGGAGGCTGAGGCAGGAGAATGGCGTGAACCCGGGAGGCGGAGCTTGCAGTGAGTGAGCCGAGATCGCACCCCTGCACTCCAGCCTGGGCGACAGAGCGAGACTCCGTAAAAAAACAAAAAAAAAACCTTGCCCTTCATTCCCCATTTCTATCATAATCTACACAGAGTTTTGAACAGGCATTTTAAAATCAACAATATATTATTTACAATTTTGTTAGTATACATAACTCTAACTCACTGTTAAAAATCACCTGTCTTTATATCCATTAAATGACACTTGCATATGCTCCAA,False
506,-982,-0.6397259,0.30630487,0.72031623,-0.008487582,-0.31080547,0.42499095,2.5957825,-2.2080789,0.008131367,2.6868582,-2.8015163,0.0041175345,2.034782,-2.1598403,0.014852517,0.23448172,ENST00000490441.1,-982,ACCCACGCGGCGCAGCTCCCAAAGTTGCAGACAGCCCGGCGAACCGCGCAATGCGCTTCTTCTGCCTGCAGCAGAGAAAAGGAAAGAAAACTCCGCAGGGGCTCCGTTGGCTTCTCCACGAGTGACAACCATGTTTTCCCAGATAGAAGACCGGAGCCCTGCTCCTTTGCGATCCGCCGAGGGCTGCAGAGAGCATCCTCATCCATTTGGGCACCCCTGCCCAGGAAGAGCCCGGCCATCCCTTTCCGGACTGGATCCTTAAGAGGTGAATTTTCTTCCGTGGATTCCGATTTGCTCCGTCTGACCAGCCTAGGCAATCCAGCATCGCGTGGTACCAGTGCCGCTGGGCACACTGGCTTCACGCCGGCTCCGCCTCACCAGCAAGCGCATTCCCAGATAAAACACTAACTCAGAGAAGAAATTTAACTGCAAATTTGGTTAATGACCATGGATTCCTAATGAGAAGAAAAGCTAGACACTGAGAGTTTAGAATAAACTCAAGAATCTTAAAAATTTTCCCATGGAACTGCCTTTGCACCTCTATAAAAAATTAATTGACCATATGTTAAAGCTCTCTGCAACGGATGCATCGCTGGTGCTCTGCTCAGTTCCTCTTTACCTGCTTCTGCACTCATGCTGTGATGGGAACTAACCGCCTGAAGTCTGCATCATGACTTGATGGTTACCCAGGGGTTTATGTGTGTCCAACTGAACACCGTGGTTCTGGGATTGAGGATCCGCACAAACACAGGCAGGAGTTTGGAGGGAAGAAGGGGGCACAGCAGGAGTGTATCTCAAGCCCACCTCAAAGGCAGCAGAGCATTCCAAGTTGCTGAAAACCTGTGCAAATGGGGCCTCTAAAACAAACATTGTACTGTGAGCTCTCGGGGAAGGGGCAGGAAAAGGATGTTGATAATTAAGGGGGCATTTTCTTGAGGCGGCAGATGAGGAGGGAGGCTTACTATTTTTAATCCCCTCAGCCCCAGGACATGATAATCAGAGGAGATCATGTCCAATCTTGAATCAATTCCCTGTTCAAAAAGAGGTGCTAATACCCCAGGGACCAGACTCTGAAAATACCATGAAAATACTCTGAAAATACCGTGCTGGTCATTCCTGAGTCCCTGTTCTATGCCCTACAACATATTA,False
507,-306,2.8341544,-2.766101,0.003683304,6.60675,-6.717748,1.6339668e-06,1.0177846,-0.7670512,0.14370704,-0.50099516,0.54155767,0.7393423,0.49278677,-0.44588667,0.28116837,0.23358051,ENST00000548978.2,-306,TTCTGGGATTGTTTTCTCTTTCAGAAAGCGCTACTGCGGAGTGAACCGGTCCTTATATCTTAGTTTCGTGACTTTGGGGGCGGCAGGCCTGTGAGTTGTTTTCCGCCCTGGACGCTGTTTTGCAAAGATCTCTGCGCGCCCACCGCCACCCTCCCGGGCGTGCGGGCCGGGAAGCAGCCAGCGGTGGGAAACTCCGACGCCCTCCTCGACACTTTTCTCCCCCCAACTCCCCAAGACTCACTTCTAGGGAAGTCCTTTTTCCCATCAAGCCCTGGGAAAGACTGGCCAGGCTGAGAGAGGGACCCGTCCTCCTCTGTGCCAAAGGCGGGAGCAAATCCTGGTGCTGTCGCCTTTGGATGTGAGTCCTGGAAATGGCGGGGGTGAGGAAGGTGGGCAGGGGCAAGGTTTGGCCCTCAGGCGAGAACCGACGCCTTGTCCCGGAAGCGCAGCACGGCCGAGTGCGTCCGGGGGTGCAGACGGCGCCCTGGGGTGGTCCTGCCGCCACCTCTCCTTTGACTCAGGAGCGCCGCGCCGCGTCCGGGCGCGTTCTCAGTCGCGCGAAGCCAGAGAGGACCCTGGGCGTGATTCTCCCTCCCTGGCACAGACGGAGACCCGAGTGACCCCGGGGTCCGGGTGGGCGTGGGGAATGGACCCATAGACCCGGGACGAGCGGCGCGGAGCCCGCAGCTGGCCAGCTTCAGCCACCTTGGGAGACGCAGTGCAGCTGCCGCTGCTGACAGACAAGACCAAGGCTCGGCTGGGCCCCACCCCAGATCCGGCCTGAGCGCCTTCCGCGCTGCTCGGCCTCAAGGCGAAACTTTTCGCGCAGAAACTCCTGGAGAACAGCCCCGGCCGCCAGGTACTCGCCCGCCCGGACCGCAAAGCCCACAGAGCTTCAATTCGCAGGAAGGGGAGTGGGGAGCCCTGAGCTGGGGTGTTCCTGGAAGAGGTCGGGGAGCGGGGGGAGAGGCATTCCAGGCTGGAGGCCTGGAAACGTTTGGAAGCTTTGCTAACCTTGGAGACCATGTCAGGAAAGAAGCGTACCCAGGCCGTCTGCTGTGTGCCCACCCCGATCCCCATCAGTGCCCCACGCACTCGAGCTCTTCTTCGGCGTCTGCAGCCTCTTCATCCGCGCGGAGAGGCGGAGGTCTCCCGGAAACAGTGTCCGACTGTGGCACCCCAGAGCGTCCAATGCGAGCTCAGGCCTTTCCCGCAAGTCTGGAGTTTTCTTATCCAGTTGAGGCCGCCTTCGCTGTACTCACTCTCTGCCTCCCACCCCATCTTCTGCCACCCGACCTCCATCTTTGATGGTTAGCGCCTTCAGCCCTCAACAGCTTCGCACAACCAACCCCTAGAAGCCGTGGAGTCAGACCGGCCAGGGTGGGACCTAGGTTTTAACTCGGGTTCTGGCTACACACGCTGCGCCTCCATACAGTTTGTCCCAGGTTTGGCAGCAGGCCGGCTACCTTCAGGAATTCTTTGCTTTGGCTTCTGTCTGTTCCTGTCTGTTGGGCAAGTTTCTAGCTACCCCACTGAGAGAACCATAGAACAAGGACCCTGGCATGGCATACAGACAAGGAATGTTTGCTGAATTAATGGAGCTGGTGCCTTGCAGCTTCCCTTTTGTTCCTTGAAGTTGCCCTTGCTCTCCTCCACATCAGCTCCCTCTCCTCCTCAGCTACTTATTCCCCACCCTGGCTTCTTCTAGTCGCAGTCCCCAAGTACTTGCTGAATCCTGTATGGACAGCCTAAGCCTCCATTTCTGACAATTCCTGTGGCCCCACTCCATTTGTTTTTTAGACTTCTCCCTCCTTTTTGTCCCCATCCCCCAAGTTATAAAACTATAATGCAA,False
508,-471,0.77664185,-0.5827411,0.20434062,1.9749585,-2.129416,0.016232498,2.6482015,-2.583966,0.005313551,-1.264813,1.2942324,0.9281788,2.2058759,-2.251846,0.0114559755,0.2331043,ENST00000565617.1,-471,GAACAAGAACATCAATCTTTGAAATGATGCCAAGTATAAGCCTCTGTGTGTGTGTCTCCCCACTCCAATTTGTCCAACAGACTGCTTCCAAAGAAATCTTCCTAAAACACTGACCATCTTTTTTTTTTTTTTTTTTGGCTGCAAAATCTTTCATTTCCTCATCCCCTCACATAACTTCCAATCTTCTTGGCCTGGCACTAAGGACCTACTACAGACTGGCACTGAAATATCTTCCCTACCTTATCATTCCTTGTGCTTCTCCACAAGCCCACTCTTCCCCTTCATCATACATGTGCCGACCTTTCCTGTCTCTTTTACTTTGCAGCACCAAATGCTTTCTACTTTGTGGTCTAGGAGGAACACATGTCACTTTTGTAAGCTGCTCGAAAGCAGGGGCCACACCTTCATCCTTGTTTTCCACACAACACCAAGCACTTAGTAGACACCCAATAAATCATTGCTGAATGAATGTATTCAGCCTGGAATTGCACTAGGATTTTTTGGCCAACACATTGTATTCTTAACTGATACCAGACTTCCAATCAAATAAAATCCTTAAGCCTTTTTCATAGTCTTTAATTAAACTACTTCTCTTCCATTATTTCCCTTTGCCTACTTTTGAACTGATATTCAGAACTTTTCTGTTAATGTTTAATTTTCATCCATTATTCTTGTCTGTACAGATCTTTTTGATTTTTGACTCTCTTATCTAGTTTTTTTTTTTTTTTTTTGGCTTCCCGTTGTGTTATCCACAGGCACAATGGGTATATTGACTATCGTTCATTGAAGTTGTTGATACAAATGTTGAACAGGAGAAAAACCAGTAGCTTGCCAACTTGGCACCTCATTCTCTAGCTTGACAGTAATCTCTTATCTAGTAGTTTTTAGATATGGTTATTTAATCAAATATCACTAGCTTCTAATTTTGTTATAATTCATTCATGTATACAGACAATGAAGAATCATCTTTCTTCATTCAACACATTTATTGGGAACCAATCATTGTCCAAGGCAATATGCTAGGCATTGTGTAATAGAAAGCGATTAAGCTTTTACCCCTGTCCTCTTTGGCCTGCAAAGAGCAGGTAAGATTCATGCACAGACAAATGTAGTACCAGGTAAATAGTGAGGCCAAACACAAGAGGCAGGTCAAAGGGCTTTGGATTCAGAGGATGGAGAAGCTCTTTCTAGGCTGGTGAAATATTTGCAGAATGAGTAGGCTCATAAGTGGAGGTGAGGTACAGGCTAAGCTGCTGTAAGAAAGAGTCCAAAATGCAAAGGATTTACCACAATGCAGTTAATTTTTCTCACAACGGTCGAGGTAGGCAGGTGGTCCAAGTCCAGTTAATCAGCCCTCCTCAACACAAGGCTTCCCCTTGTAAGCTCAGGATGACCGCTCCAGTTCTCATCATCTCCCAGGCAGAAAAACGGGAGAAAGAGAACTAGACGTACCACCCAGTCATTTTAAGGACATAGCCAGGCCAGGTGCAGTGACTCACATCTGTAATCCAAGCACTTTGGGAGGTCGAGGCTGGAGGATAGCTTGAAGCCAGGAGTTTGAGACCAGCTTGGATAAGAAAGCAAGACCTTGTCTCTACAAAAAATTTAAAAATTAACCATGTGTGGTGGTGTGCACCTATAGTCCCAGCTACTCAGGAGGCTGAGGTGGAAGGATCACTTGAGCACAGGAGTTGGAGGATACAGTGAGCCATGATCACACCACCTCACTCCAGCCTGGGCAACATAGTGAGACCCCATCTCTTTAAAAAACAAAACAAAAAAACATCACCAGGAAGTTGCTTACATGTCTTCTATTCCTATAACATCGGCCTGAGCTTAGTCACATGGCCACACCCAGCAGAAAGAACTCTAGGAAATATGGTCTTATGCTAGGTAACCCCAAACCCAGCTAAAACTGTTGCTTTTGAAGAAGGGTGAAACAGACAATGTGGAGGAGAATTACCAGTCTGCCACAAAGAGAAAGAATTCTATGTGAGGAAAACGCTCTAGAAGAGGGAGCTGATTAATTAGTTATATCTCAGCCGAGAGGATGTTATGAGAAACACAGATTTGGGTTTAATAGAAAAACTTAGAACCCTTCAAGAAGGAATGGGCGGACTTGAGAGTGTCCTCCGCTTCTGAAAATGATCAAGAAAAATGGTAAGAATGTACACCTCAAGGGTGGATGGTAAAGGTCAGCCTTTAAGCCTCAATGGCGGTGTGGTTGTAGGTGGGGTGGGGGTGGAGGCCCCGAAGACAGGCAGACTACCACAGTAGCCCCGATGGAAGCAGTGAGAATGAACTGGAAGGAGCGGCTGTGGGAGCGACAACGTGATGAGAATAAACCCGGCTTGGCTCTGCCCTGTGCACACACAGGTGAGCTGTGTGCTCCCGGATGTGTCAGCTGGTATATGCGTCTGTCAGAAGGCAGCTGGGGAGCACTGTTAGCTCAGAGACTAAGAGGCAGACCCAGGAAGCCCTTCTTTGCATTGGTCAGGGTTTGCTGCATTTTCCCAAGCCCAGGAAATGGAACCCAGTTCTTCTTCTTTCTGTGTAAAATAATAAGCATCACAATAGGCTGTGCTCATGAGAACGCATTTTGTTTCCACAGAAATGTTTTTTCTCACTCTGTCCTGATTTTGATTTCTGTTAAACTCAGTAAACACATTACCAAATTTTAAAATAAGGTGACTTGTTTTCCCCAACTCACAGTTCACCAAAGGTATTTCATCTGTTTGTTCTGAAAATGCAGCTGCTGTCTAGATTTATGTGTGCTCTGACAAGAAATGTTTTGTGTAACAATAAAAATCATTTCCTTTGATGAA,False
509,-383,2.666893,-2.823487,0.004109318,0.5337635,-0.9302194,0.1878589,4.799546,-4.3496876,0.00010629001,3.0499225,-3.1266353,0.00207326,-1.7230657,1.6647663,0.96732205,0.23229396,ENST00000578730.1,-383,AGCGCCTGGCGCGGGCCCGAACGTAAATGGCGCTCCTCCGCGCCGCAGCCGCAGCCGCCCCGCTCCCTTCCCGCTCCGCCAGCTGCCGCCCTCCCGCGCTCGCTTCTCGCCCCGCGGCCTGGCCCGTGCGCCTCCGAGGCTGGCCAGGGGCACCGAGGCCGCGGGCCCCCCATCGCCCCCACCCGAGCCCTGATTTACCGTCCGAGAGCCGGCGGCACATGGGACCCCGAGAGGAGAAGCGCGCCTGCCCCAGTGCGTCCCCAGGCGGGGGAGCCCCGACTCCTGGAGGGACCGCGTCCTGCCCGGCCCGGGAAGTTCAGGGCTGGAGAACCCCTTCCCCGACCCCATTTCTCTTTTAACAAGAGTAGGGTTTGTAGCTAACCAACGTCCTGACAGCTCAGCTCTGCTTTCCCTTTAAGCATTAATATCAAAGCCCTGCCTGCTACCGGTGAAGCCCCGACCCGGGAGGGCCCGAAAGTCCCTTCAGGGAGAGGCCGCACTGGGCCTGCTCACCCAGGGGCTGCCCCTGCAGACTCTCCCGAGGGGCCCAGGGATATTCCTCGCGCCGCGAGTGGACGCTTCCATCCACCCCATGGGGAGGGCCTCTGCGCGTGGCTACTCTGAGCCCTCTGGAATGCCGAGATAGTTGCATAATTTCAGAAACCACGGCATGGAGACGGAATGATGCAGACTCCTATCCGCGAGATACCTGCTGTAATTTCGCTGTGGTTCGTGAGGACGCGTCCTGGGCTGCCCTGAGAAGCCTACGTCTCCCCTTCGAGGCCCGGGAAGACCTCCAACCCCGCTGACAATGCTGGGCCCTCAGCCAGACCTGCCCTGCGTGCCACGTTCTGTTCTAAGATCGGGCTGCCGAGCTGTGGCCTGGAGGAAACCTGGCAGGTGTCACCAGAGCTTTGGGGAGGGTGAGGCCCTGTCGGGGAAGCCCAGTGGGAGTCATGAAGGAGGGAACACGTGTGGAGCCCTTGTAGGGGGAGGGGCAGCCCTGCAGAGATCTAAGAAAAAATTCCAGAAAAATGAGCAGCAACCTCCAAGGCCAGGCATCGGTGCAGGGGACAAGGGGTCGTAGCTGGAGGGGCCTAGGTGAGGCTGCCGGGAAGGGACGATGTGGTTGGTGGAGTGCACAGGCAGGGACCTCACTGGACTTTCCTGTCTGCTCAGCATGGACAGGCAGCCCAGGAGAAGGCAGCACGTGGCCGGGTGCAGGGACGTACCACCCCCACTTCCCCAGGGGAGCTGGGGTCAGACGAGTCCCAGGCACTCCATCCTCTGCAGCAAGTCAGGTTGTGATTTACTAGGGGGTGGTGAATATAATGGAGAGACTTCTGGGGAGGAATTCCTGGCTCCCGCGTGGACTTGCAGAGCTCAACAGGCAGCCACGTGGCTGAGTGTCCAGCAAACATCACATAAGGCTTTGGGTCCTGCAGGTGGGGCTGCCATGAGCAGCAAGCTCAGTCCAGAAGAACAGTTCCTCTCCAGGATCCACTTCCTGCGCACTTTTATGTGCAGTGTAGCTGGAGCAGAGCTCCCCGGAATTCCACAGGCAACTGAGAACGGAGAGGGATGCAGGCCAGCCAGGGATCCAGCGTCTTCCCCATCGTCACTCTCCATGGCCTCCGTCTACACACAGTGTTCGTCTGCACAGCTTGTCAGCGCGTTATCATGACTTCTATTTGGCACCGGCCCGTCTGTCCACTGTCCTGGCTTGTTCCAAGCGCTGCCTTCTCCAACTGGGGTCCTGGCTGCAGAGCTGTCTGCTCCCCACGTTGGGCAACTCCAGCCAAGATTCCTACACCCAAATGTGACCGTGTTGCTCACGAAGAAGGCTCAGCTTTGCGTGTGCCCAGCCGTGTGCACAGCTCGTCCCAACTCCTGCGGGTGGCACCTGCCTCTCCCACCTCCAGTCTTTCCCCTGTGATGAGCAGATGACCACCGCCCTCCAGGGTCAGCGTTTGGCTGTTTGTGTGCCTGCCCACCCGCCTCCCTGTGCCTGGGCCTGCCCTGTGCCTGCACACAGGAGTGGCTCATGGCGTTTGCCCTACACGGATGGGCTGTCCTGGGAGCTACTGGACAGTCACCTTGGTGGGAATGCCAGAGGCATGGGCATTAGGTCCCCCCGGCCAGCCTCCGTTGCCACATGGGCTATTTTTGTCCATCGCGTGGGACAACCTAGTATTGGGGGAAAACTCAGTCCACTCTAAAGAAGCATCGGCGTTTTGGATGGACGAATGCTGCTTCATGCGACTCCATGTCAATGGACTATTTTATTCAACTCGGGTATTTATGAGTGTCTCCTCTGTGCCAGCCACGTGTGAAAGAAGAACTCCAAGTTACTGGACACCAGGACAAACCAGGAGTCTCGCTGTGTCACCCAGGCTGGAGTGCAGTGGTGTGATCTTGGCTTACTGCAACCTCTGCCTCCCAGGTTCAAGTGATTCTCCTGCCTCAGCCTCCCAAGTACCTGGGACTACAGATCTTTAGATAAGCACTCTTTCAACCAAATGCCAATCAGAAAATCTTTGAATCCACCTGTGAGCTGGAAGCCCCGCTGTGCTTTGTGTTGTCCTGCCTTTTCGGACCAATGTAAATCTCACATGTACTGATTGATGCCTACATCTCCTTAAAACGTATAAAATCAAGCTGTAACCCAACCACCTTGGGCATGTGTTCTGAGGACCTCTTGAGGCTGTGTCACTGGTCATGATCCTTAACCTTGGCAACATAAACTTCTAAACTGAT,False
510,-795,2.1603773,-2.3364582,0.01102138,0.43648916,-0.8136827,0.22267038,1.9818918,-1.3781581,0.033567607,-0.77224886,0.69349134,0.8124091,1.0537122,-1.3744724,0.081048585,0.23214343,ENST00000588027.5,-795,AGAGATGCGCAGTGCTGCCCCTTTCTATGGGCAGGGCCGAAGGTCCGCGTGTAAAAGTACCCAGTCCCTGGTAACCTGACACTTCCCTTTTAAAAGCCACCTTTTGTCTATCTCTGGCCTGCCACGATTCTTCCTGTGCTCCATAGGAGGACCCATTGGACCCCCGGGCTGGCTGCAGGGCCCACACCTGGGTTAGACCTCGCACAGGGACGCTGCTGCCACTGTAATAAAGCGTGCCTACACGCTTCTGAAACTGGTGTAGGAACAACCTCAGTTCTGTGAAAGGCGGACGCAGCAGGACAGAATCTCCGTGGACATCTGTCTGGAGGAGCAATTTTACTGCGACATTTTAAAGAAACAAATTTAATTGATTTCCAAGAATCTATGCAGGGACATTTTTGTGCTCATTGAGGCCTACTGTGAAAAACCAAACATCAGGGGTGGAGCCAAAAAAGCCAAATAGGAACAGCTCCAGTCTACAGCTCCCAGCATGAGCCACACAGAAGATGGATGATTTCTGCATTTCCAACTGAGGTTGAAAGCATTCTTTTTGTAGAATCTA,False
511,-717,0.48385596,-0.4537869,0.28137672,1.6420381,-1.8859943,0.028525064,-0.69945467,0.868311,0.8274649,2.0388887,-1.7276857,0.022608213,4.403505,-4.7167077,0.00010941944,0.23201685,ENST00000555578.1,-717,TGCTGCGGCTGGCCCACTCCTCATCCCTGCACCATGGAGGCTCTCCCAGAGGCATGTCAAAACCCCAGCCTGACGACCAAGCTCTGTCCACTGCCCACCACCAACAGCCACCACTTGAGCCTAGATGTGTGCACGCAGCGGCGGCGTCCACCCAGGAGGCAGACCCCAGGAAGAGGCCTGCCGTCTGGGAAGCAGGCTCAGGCCTGTGTGGGCAGCAACCTAGACGGAAGGGGCTAGGTGCTGAGGGGCCATGTCCCTTGAGCTGGAGGAGGGCACAGCAAGGAACTCTGCAGCATGGACCTCAGGACAGAGCTCCTGGGTCGGGGCATTGCCGGCCTGCAACGCAGGAGCGGGTCGGGGGCCCGCACTGGTGAGTACAGCTCCAGCGTTGGTGTGCTAGGGCCACTGTAAGGAGGTGCCTCCAACGGGGCGTGAACAGCAGCAGCGTGTGGTCCCAGTTCTGGAGGCTCCAGCTGTCCACAGGGCTGGTTGGGTCTGAGGCAGTTGTGGGGAACCTGGCCTCTCCTCCACTCTCGTGGGGTTTGCAGGCCATCTTTGCTGTTCCTTGGCTGGTGGAGGCAGCGCCTCAATCTCTGCCCGAATCTTCACATGGTATTCTCCCTGCGAGCTGTGTCCAAATTTCCCGTCTTTATAAGGACACAGTCACACAGGATCAGGGGCCCACACTCCCGGGATGACTCACCCTAACTTGATGGATCACATCTGCAAAGACCCTATTTCCAAACAAGGTCACATTCTGAGGCCCTGGGGGTTAGGCCTTCAACATATGAATTCGAGGGGACACAATTCGACCCGTAACAGCTTCTGTCTCCCCACACATCCGATGTGCTTCTCCCTCTGCCACGCTTAGGCTGGGGTCTCTACCAGGCACCTCGACCCGAGTCCTCACTCAGGCCGGCTCTGAGCCTCACAGCTCTGTCTGTGGGAGCTGCCCTAGTTTTCCACGGACCTTTATTAGGTGACATGGGAATATCGAGCAGTGCCCCAGAATCCCTGGGTTTTGACACAGTGCTTCCTCCTCACCTGAGGCAGCATTCCCACCCTCCTGCAGGGATCTCTCCGAAGAGATTCCTCTGCAGAGATCTCTGGCCCGCGGAGCTCCCTTCTCCAGCGGTCAGCTCGGCAGTGAGCGGCCCCACATGGCCAGAGGGCATCTCTGCTCCTGTGTTTGGGAAGCAGACCCACGTTCCCCAGAGGACCGGGAGCCAGGACTGCCACTCCTGCGACCCCACCTTACCAGAGTGGGAAAGAAAAATCCCTCCATAGCCGATTAGCTGTCACGGCCACTCTGTGTAAGGACTGCAGAGGCGTGGCAAGGCCGTGACTGGCGTCCGTCCACAGAAGCCCTCTCACAGGCATGGCCACCTCCAGTTCGGCATTCTGGCGGTGGGGAAACGGCCTCCTAGGTCGGTCCCAGGTTAGAAGCCTGTTCTGCCCCCCACAGGCCTGCATCTCAGTGTTAAGGGGTGCAGTCTCCCCGCTGCAACCATTCCACCAGTCTGTTAGGCCTCCTGCTTCTAGGTGAAGGGCGTGGAGTGAGACCAGTGGAACTGATGGACACAAGCTTATCGCCACACTGGTTTTCCTCTGAAACAAGGCCCTGGATTACAAGTGTCATTTGTGGAATCCCAAGGCAGCGAAGGAGGCCAAGGATGGCATGCTGGCGGGAGAAGCCTGCGAGGACCCGTCCCTTTGAGGATCCATCCCTGCAAGGACTGGCTCTCGACAAAAGGCACGCCGTGTGCTCTGCCTGCTTCCTGGAGGCTGGCTGCCCTCCCCACAGGGGGTGGTGCCACATCAGGGCTCAGACACCATCCTCGCTGTTGGAAAGATGGGCGCCCAGCTGTCCATGCTGCTGGAAGGGTCTGGTGGGGGTGAATAGGCTACGGAGCCTGTGTGGCCACCATGCCTGTGGCCTCAGCCACTTTGTGCAAAGGACTGCAGAGGCGTGGCAAGGCCATGATGTGTCCGTCCACCGAAGGCCTCCCTGGTTTTGAGCCCCTCCTCTGCAGGGAATGCTTCCAGCATTTTCATGGATTACAAATGTCTTAGCCCCTGCCCTTTCAAGCAGTTCCTTAGCTCCCCTCCCCAGTCCACAGAGCCATCTCCTGCCTGTGAGTTAGGCCTAATCAACGTAAATCTGTCCTCCAGGCCCTCCCTTCCCTCCAGATGAGGTGCGCAACCAGTGGTGCTGCTGGACGTTTGAAAATACAAAAGGCCGGGCGTGGTGGCTCATGCCTGTAATCCCAGAATTTTGTGAGGCCGAGGCGGGTGGATCCCAAGGTCAGGAGTTCAAGACCAGCCTGGCCAAGATGGTAAAACCCTGTGTCTACTAAAAATACAAAAATCAGCCAGGCGTGGTGACGGGCACCTGTAATCCCATCTACTCAGGAGGCTGAGGCAGGAGAATCGCTTGAACCTGGGAGGTGGAAGTTTCAGTGAGCCGAGGTGGTGCCAGTGCACTCCAGCCTGGGTGACAGAGCGAGACTCCTGTCTC,False
512,-807,3.7445166,-3.6182413,0.0006340442,3.1741138,-3.581681,0.001162761,6.17821,-6.131955,4.505688e-06,-1.2572618,1.4900147,0.9397594,0.6335455,-0.67656785,0.21246786,0.23080571,ENST00000594950.5,-807,TCATCTTCCCTGTCTTGTTCCTGGGCGCAGAGGGCTCCTCCGGCGCCGCCGAGCTGCGCCCGCTGCCTTCACACCCCGGACATCCGCGCCACACGTGACACCTGCGGAGACAGCCCCCGTAAGGCTCCTGTTCCCGCCCCCTCCCGCCCCAGGGACCCAGACCCCAGGAGGCCTCACCCCACAGCAAGAGAAAGACCACGAGCATGGACATGATGGTCGCGCTCACTCCGGTGCAGTGAGTGTCTGGGTGATGGATCCTAGAACCTGTTCTAGAAGGAGACGCTGAGTTCTCCCCACTCTACCTGGAGCTGCTGAGGTCAAGTGGAGAGTGCCGGGGCTGAAGCCCAGCGAGCCCCTCCCTGTCACACCACACTGCACATGTGACACCAAAGGTGGGGTTCACCTCTTTTCAGACTTTCTGCGGTTGCCCTCACATGGGCTGTCTGGAGGTGCACCCTCACTCTTCCTGAGGACTGTGGTTCCTTCTCCATCACTGGTTCATTCTGCATGGTGTGACCCACCACGGCTCTGGAGTCGGATTTCCACCCAGGTCATTCAGCTGAGACCTGCGCTTCCCAGGCCTACCCGTGACATGTGCTCAGTTACCTGAGCTGCTGGTGGTCACTCATGTGGCTATAGCCTGCTGCCTGGAGGCCAGGCCTCCCGCTTCCCCTGCCTCCCCCTCTCCTCACCACAGCCTGTTGGGATGGAACAGGACAGGGGTGAGACCGTGGTGCTTTCACACTCAGCCTCCATGGACATCCTGTCATTCCCACCCGGGGAGGTCTGGTCCCCACCCTGGGTGTCCCAGCCTAGCTCCGCTACGAGTGTGAGGGCCCAGGGCAACCGCCTAGCCCTCATCTGCCCCCTGCACTGCATCCTCCCCACTCATTCATTCCACAGGCATTTATTGAGCATCTACTGTGTGCCAGATGCAAAGAAGACAGTGGGATAACTGGGCAAGGAGCATTCCAGGCAGAGGGAACAGCCAGTGCAAACATGGGAGATGCGGGTGCAGTGAGAAGGAGCAGAGGAGACCAGGAGTTGAGGCGACTGCAGAGCGATTGCAGAGCTCATAGACGTGATGAAGACCAGCTGGGCACTGCAGCGGCTCTGGCTTCTGCTGTGAGGGACGGGGAGCTGTGGAGACTCCCTCTGTTTGGTCCCATTTCCATATTGCTGAGCACCTGCTGCATGCTCTCTGTCCTGCTCAGAGCCAGTACCTGGATGGAGGCTGTGTGTTCTGGGTGGACTGGGGGAGAATGCATTCTTTGCAGAAGAGACAACCAGGTGCTGAGGCCTGAAGTCATAACCAGACCTGGGGCACTCAGACAAGGACTGGTGGCCAGGCCAGAGGAGCAGAGCTCAGGGTGTGCACAGAACTCAGAAGTCAGACCACTGAACAGTGACAGAACCTTTCAGCCCATTGGCAATGAGGCTGCCCAGGCAGCCAGAGGCCTGGTCAAATCTGAGGTCTGCAGAGATGGAGCTGTCATTCTGTGTTTCCTTTGGCAGTCCCAACACCAGCCTCGTTGCACCCTCCTCTTAGCTTCCCTGGGTTCTCCAGCCCTAAGGGTGGTAGCAGCTTCCTGCAAGTATCCAGCTCTGAGATTCTGCAACATCCACTTTTGCTCTCTGAGCCTTGCAAAACCTGCACAATCAGTCCCTAACTTATATCCCCTCTGTTTGAAATACCTAGTGTGGTTTCTATTTCCTGA,False
513,-1216,1.0526503,-1.2962139,0.0871561,4.7928967,-4.9367256,5.9491245e-05,3.607051,-3.2931046,0.0010066143,-6.4398932,6.2206616,0.9999968,1.2580416,-1.3950837,0.06579664,0.2308031,ENST00000623522.1,-1216,ATTAATGTCATTATCTTGATTTTACAGATGAGAAAACTCAAGACTCAGAAACAATAAAGGTTACAGAGATGAAATTGACAGAGCCTGAATTTCAGTATGTCAAACTTCAATGTGCCATTATACTTTTAAATCCTACAGAACAGATTGAATCACAACTTCTACTTTTACATGAGAGAAGACAATGGGTCCTATGACTTACTGTCAGTTTCCTTTTCCTGATTTAATTAGCTGCTTCTGTATCTAATTTTGCTAGGAATGGAGGAATAAGGCAAATTCCCTAAACTACATATTGACATTTATACTAATGTGAAAACCTCAAGTCCATTTGCAGACTTTTGGATTAGATTCTGTCCCAGAAAGACATCCACCCTAGAGTTCAGGATATCATACCCATTTTACTGTTCCCCTGGCACAATTCATAGTAAGGAAAAACAGACAAGGGGAAAGCTATTAGATTCTCGGTGCTGCTAAACAGGACACACAAGGACACCATTTTGTGATGATGATGGTGCTTTATGCAGCTTCCACCATTTACAAGATTTTCCTGTGGTGTGGAACCTCTCATGATAAAGCAAAGGAACTAGAAGCTTATTCCAGTCAAGATTTCTGATTTATCTTGTGGTAAGCATTTGGGAAGGACATATCTGCACATGACCTGAGACTAAGTACTATACACTGAATCAGATGAAAATTGCTCTTAGGAAGCTTACAATTTTCCAAATAGTTAGGACAAAAACAAACTCTCCTTCTCTCTTCCTATATGTACATACTGACATCTTTATCATTACTGTCTTCCTAGGGTTATGATTCTGTATGGTTTCTTTGGTGCTGCATTAGACCTGAGCTCTGATTGAAAATTCTTCCACGCTCGCTACATTCCAAAACTTTATCTCCAATATGAATTTCCAGATGCCTCACAAGGTCTGAGCTCCATCTGAAGGCTTTCCCATGCTTGTCACATTCATAGGGCTTTTCTCCACTATGAATTCTATGATGTCGAATAAAGTGTGAGCTCTGATTACAAGTCTTTGAACATTCATTGCATTCACAAAGTTTCTTTCCACTGTGAATTCTTTGATGCTGAATAAGTTGTGAGCTCCCCTTCAAATCTTTCCCACACCCAATGCATTTATAAGGCCTCTCTCTCACCTTGTATGGATTCTCTGATGTTCTGTAAGGACTGAGTTCTGGCCAGGCGCAGTGGCTCACGCCTGTAATCCCAGCACTTTGGGAAACCGAGGCGGGTGGATCAGCTGGGCTCAGGAGTTCGAGACCAGCCTGGCCAGCATGGTGAAAGCCCCTCTCTACTAAAAATACAAAAATTAGCCGGGTGTGGTGGTGGGTGCCTGTAATCCCAGCTAATTGGGAGGCTGGGGCTGGAGAATTACTTGAACCTGGGAGGTGGAGGTTGCAGTGAGCCGAGATCGGGCCACTGCACTCCAGCCTGGCAGCAGTGTGAGACTCCGTCCCAAAAAATAACAAACAAACAAAAAAGACACCAGAGGGCTTTGGGTCCCTCTCTCTCTGCCATGTGAGGACCCTGTGAGAAGGCAGCCAGGGAGCTCTCACCAGAACCTGACCATGTTGGGCCCTGGTCACAGCCTTGCAGCCTCCAAAACTGAGAAAATAAATTTCTGTTGTCTGGC,False
514,-1412,3.3475928,-3.149025,0.0015062606,0.21914613,-0.48570147,0.33073834,3.1901262,-3.049714,0.0019463708,-0.65022016,0.61214507,0.779433,1.8421546,-1.6310616,0.030083999,0.2287416,ENST00000505877.5,-1412,CTCCACACCGCCTTGCAAGCTGAGGGAGCCGGCTCCGGCCTCTGCCAGCCCAGGAAGGGGCTCCCACAGTGCAGCGGCGGGCTGAAGGACTCCTCAAGTGCCACCAAAGTGGGAGCCCAGGCAGAGGAGGCGCCGAGAGCGAGCGAGGGCTGCCTGCCAGCACGCTGTCACGTCTCAGCAATAGACTGCTCTTGAGGCTGGAGTGCAATGTTGTTATCATAGCTCACTGCAACCTGGAACCCCTAGTCTCAAGAGATCCTCCAGCCTCAGCCTCCCTGGGATGGCTATTTTTGTTACTTCTGAATTCTACTACAAAAGAGTGCTGCAATAAAAATCTTTGAACAAGTTCTAATGCCGTTCAACTGGAATTGAAGTTTTCAATCGTTGGATATGTCAAAATTTAATCAGATTGTATATTGCTCAATTACTTTCAAATTATGTACACCAAGTCATTCTTGCTCTGGCAAAATAAGAATATTTTCATTAATATATCATTCAACTTGAAATTGCCCAGCTTTTCCTTCTCATTTCCCCCCAGTCAAATGAGTTGAATTAATACTGTCTAAAAATATATATTCATTTGCTTACCTGTTAGTATTTGTTCCATGTATTAAGAAGCTTTGCTAGTATATGAAAATATATGTATTACCATGTCTTGTGAATTAGTACTTTTATCATTTTGAAATGTTTGTTTTCATTTCTGCTGACCGTTCTAACCTGGGTATCTATTTTGACTGGTTTTTAATGTAACTACTAACATCTTTTTATGTTCAGCACTTTTTCACAATTTTACTTTCAATGTCTTTATTTTTAAAATGTATCTTCTGTAGACAGTGTACAGGTGGTCTTGTTTTATTGTAAATCAAGTGACAATCTCTATTTCATAATTGACATATTTAATCCATATATATTTAATTTAATTGTTGTTATTTTGAGACTTAATATCCAGTTTTACTATTTTGGCCCATTTATTTTTGGTTTATTTTAGATGTCTTGCCTTATCTTAGATTGATTGATATTTTTAGTATTTAATTACATTTCTTTTATAAATGTAATTTCTTGAATATTTGTTTTTATTTTAGCAATTGCTCTGGGAATATAAAAATCATCTTTAAAATCTATTTAGAGTTAATGGTACTACTTTATGCAGTAGGTAAAAACATTTCACTAGCACAATTTCATTTGCAGGCACCTAACCTTCTGTGATAGTATTGTCTTATATTGTTATATTTATGAGATACAATCACTACAGTAAAATACTATTTTCTATTCATTGTGCCATCTTATAAATAAACAGATGAATAAACAGATATTTTTGA,False
515,-188,0.36421943,-0.45939785,0.30499637,2.466597,-2.7405214,0.0054475954,-0.4380106,0.73158085,0.7630712,1.248715,-1.3713014,0.067861244,5.4121847,-5.4893,1.8430514e-05,0.22827896,ENST00000568853.1,-188,TTTGGTTGGAGAGGGTCCCATTTCCAGTCATTCTTCAGCCTGGTGATTCCCGCGCTCCCCTGAGGAGCATATGAAGTACGTCGGTTCTGCCAGGTTGGAACGCGCTGCTGGACACTCGGCCGTAAGGCGGATCCCGGATCCCCTCCCACTCCGACCCTTCCCTCCAGAAGGGCCGGTTCCCAAACGGCCCCTTTAGACACATCCAAGCGGTTGCCGACGGCCCTCACGATGAAAACTGCTGTCCGTTGGTGAAGGCAGCCTCTTCTGTGCTCCTCGCCGCTGACTTCCTGAGGCAGGAGGATCCTTTGAGTCCAGCAGTTTGAGGCCAGCCTGGACACCACAGCAAGACCACCAATAAATAAATAAATAAATGGAA,False
516,-27,0.21394062,-0.39410645,0.3525048,-0.61302793,0.37703833,0.72910106,1.7989498,-1.3724804,0.04025513,2.372907,-2.6899388,0.0062877415,3.484068,-3.6907377,0.0007650487,0.22578275,ENST00000443284.1,-27,GAGTCAGTCACCCTTTGGCCGGACAGGCGGTTCCCGGGCGCGGAGGATGGAAACCTGGCGGTAACCTCTGCAGGTCGTGCCACTCGGTGTGCGCAAGGTCTCCAGAGGCATCTTTTCATTTTTAGGGGGCACTTTCCACGAATTCATTTGAGCTACACAGCAGTCCTGGGCAGTGGGGAGTGGTGAGCTCCATTGTGTACACTTGGAAGCAGCCCAGAAAGCTTCTAGCACGGTGCTTTGTGCACAGTAAACACTCCAGCGGCTGTTGACCAATGAATGAATGAAGATTGTAGGCTCAAATATTCAAGTTATCAAAGTGCAAAGAATGAGAGGTTGTTTGCACTGGACTTCAAAAATAAATAGCCTGGACCTGTACTGTCTTACACAACAGCTATGAGCTACTGGTATGTGGCTAGTCCAAACTGAAATGCCCTTTAAGA,False
517,-1221,0.14786172,-0.4044574,0.36532655,-0.6164059,0.4901053,0.7514782,6.142774,-5.786085,6.597193e-06,2.4081056,-2.3410513,0.008584658,3.3035698,-3.3685782,0.0012640775,0.22533199,ENST00000439794.6,-1221,AATGATGCTGAAGCGGAAACACGTTTTTTCAAGTTCCTGTATTTTTATGTGGAGTTGCTCACTGCCCAACGTAGAGGACTAGGAATCAGGAGTCGGTGGCCGTATGCTGGAGGCTGGAGCCGCGGGAGCGCGGCTCGCCTCGCTGCGGTTGTTGGCAGTGACGGAGAGAGAGCAGCGCGGCTGGAGCAGGTGAAGCTGGACTGAATATTTCTGTCCATAAGACTATTAGAATCCCCCAAAGTGGGATACCAGTGAGGACCTCACCAGCAGCTGCTGTCTCTCCAATGCAGCTCCACAGGGCCTGTGAGCAGGGCTGGCTATGAGATCCTGCCCTGAAGAGCAGTACTGGGCTGCTCTGCTAGGCACCTGCATGTCCTGCAAAGCCATCTGCAACCATCAGAGCCAGCGCACCTGTGCAGCCTCCTGCGGTGATCTCAGGGCCTGTCCCTCTCCATGGGGCCTCTCCACCTGGACGACTTGA,False
518,-1002,2.739571,-3.0423903,0.0030731896,0.26091182,-0.46434012,0.3262375,6.788298,-6.8853893,1.152372e-06,-0.7858695,0.5363481,0.78955036,5.2634134,-5.378539,2.3891773e-05,0.2237772,ENST00000504718.5,-1002,CCTTCTGTTTTCACCCATTCTGGCACAATCTGGCGCCATCGTCCTTCTTGTGAGGCCAAGCCTGAAAATGCGAAGCAGAGAGGCAGGACCAAAATTGAGGCGAATCCAGGAACCTGCCAATGGGTCTCCGGCTCTCCGATGCGGAGATAATGGGGAAGCTCTTGGCATGGTTGGCTGTAGGTATGTGATACCGGAGGAGCAGGAGTCAAATAGGATACGCCGACTTTTAATTCAAGGAACCCTTTTCTGAAACACTTTGCCACAATGAAGGAAATAAGATTACAGCCGAAGATACATATTAAGGAATTGTACTCTCAGAGATGTTGAGAAAAGATACATGGGTCTTGGAAGATAATTACTCAAAATATGCAGGGAAGGTAGTATATCTTTCTATTTTAAATGTATTAAGTATTCCTGGAACTATAGCAGTGAGTTGGAAATGGAGGATTGTCCAAGTAAAAAACATTTATTAAGGCTTTAATGAAATCTACCTATTTTATGGTATATAATCTCATTAATTGTCCACTTGGAAAGAATAATAACAGATATTTATTTATTGGCCAGTTACTATGG,False
519,-526,1.4442112,-1.6418707,0.043685026,4.29799,-4.452479,0.0001583619,1.5278966,-1.2261648,0.05985769,-6.823007,6.61765,0.99999857,2.271575,-2.4415922,0.008896446,0.22251923,ENST00000570712.1,-526,ATTCATAGTAAGGAAAAACAGACAAGGGGAAAGCTATTAGATTCTCGGTGCTGCTAAACAGGACACACAAGGACACCATTTTGTGATGATGATGGTGCTTTATGCAGCTTCCACCATTTACAAGATTTTCCTGTGGTGTGGAACCTCTCATGATAAAGCAAAGGAACTAGAAGCTTATTCCAGTCAAGATTTCTGATTTATCTTGTGGGTTATGATTCTGTATGGTTTCTTTGGTGCTGCATTAGACCTGAGCTCTGATTGAAAATTCTTCCACGCTCGCTACATTCCAAAACTTTATCTCCAATATGAATTTCCAGATGCCTCACAAGGTCTGAGCTCCATCTGAAGGCTTTCCCATGCTTGTCACATTCATAGGGCTTTTCTCCACTATGAATTCTATGATGTCGAATAAAGTGTGAGCTCTGA,False
520,-545,5.404414,-5.4084725,2.0137892e-05,-0.49917996,0.27650174,0.68474865,3.131339,-2.9788115,0.0022152986,4.57422,-4.3762603,0.00012965802,0.094765425,-0.21290284,0.42368397,0.22215955,ENST00000570843.1,-545,ATAGCCGCCCGGCTAGCTCAGTCGGTAGAGCATGAGACCCTTAATCTCAGGGTCGTGGGTTCGAGCCCCACGTTGGGCGTGAGATTTTGTCGGATGGATTAGACTTGCAACTTGGAAGAAAGTAAACTAAATAAGAAAACGTGGAAGTGACTCCGTATACCTTGCAAATCGGGAATTGTTGGTCAGGCAAACGCAAAACGCTCCACCAACCAACTGGCTTCAGGATCCCCTTTGTCTTGTTTCATAAAAAAAAGAGGCCGAGCGTCGTGGTTCATGCCTATAATCCTCTCACTTTGACCCTAGGAGTTTGAGACCAGCCTAGGCAACATGGTGAGACCCCCGGCCCTTAAAAAAAATACAAATTTTCGCCAGGCTTGGTGGTGTGCGCCTGTAGTCCCAGCTATTCCAGAGACTGAGGCAGGAGAATCACTTGAACCCGGGAGGTAGAGGTTACAGTAAGCCGAGACTGTGCCAGTGCACTCCAGCCTGGACAACACAGTAAGACTCCGTCTCAAAATAATAATAAAAAGAAATTGGCCGGGCGTGGTGGCTCACGCCTGTAATCCCAGCACTTTGGGAGGTCGAGGCGGGCGGATCACGAGGTCAAGAGATCGAGACCATCCTGGCTAACATGGTGAAACCCCGTCTCTACTAAAAAAGAGAAAAAATTAGCCGGGCATGGTGGTGGGCGCCTGTAGTCCCAGCTACTAGGGAGGCTGAGACAGGAGAATAGCGTGAACCCGGAAGG,False
521,-347,8.280097,-8.762657,3.9666645e-08,4.7067866,-4.874214,6.902303e-05,1.317053,-0.7835567,0.10903756,-4.4939275,4.0331087,0.99980205,5.39152,-5.4652805,1.927273e-05,0.22178559,ENST00000427022.1,-347,AGCTGCTCTAGAATGTAGCAATGGTGGGCTCCTTTGGGGGCCATCTAGAAGCACCCTGCCCCTGGGCACCTGCCTCCTCACTGGAGGAGACCAGAGGCCACGTCCCAGCCCTGTGCTTCCAGCTCTGGAACTGCCCTTGACTTCACTGGACAGGCCTGAGCAAGTCGTGTAACCTTCAGGGACTCAGCTATGCCCACTCCAGGCTCTGTGAAACCAAGACAACCTCACGTGCTCAGTTCCTCAGCTCTGCAGGAGCCAGGCTGCTCTGGGTTGCAAGTGGATGGCAAGCTTCCTTGTGACTTCTCATCCTGGCAATTTTCTGGAGTGTTTGTGACTGGACTTTAACATTTCCAAAATGTGGCGACAGTGACTGTTAAGTCTTCCCAAAGACGAGGGTTCCTGGGAGCCCCAGGGTAAGTGGCAGACTAAGGCTGCAAGCATCAGGACAGCAGAGACCAAATTCATCATTGAATCCTCAACATCTAGCACAATATGCCTGGCATAAGGTGAAGAGAAGAAGAGTATGAACTACCACGAAACTCATTTCCCTCCGTCCTTCAATCAAATACAATGACCTTCAGCTACTCTCACCATTCTCTACTGAAAACATCCCAACTATCTGGAAAGAACTCACCTAAAGTTCCCCAACATCAAATAAACCACGTTCCAAAAGATTCAGAGCCAGAGAGAAACAAAACGCCCTTTGTTGATGAAGCATTTACTCATACATACATACAAGTGTGTATATATATATACACATATATATGTGTGTGTGTGTGTGTGTGTGTGTGTGTGTGTGTGTGTG,False
522,-461,4.755046,-4.935014,6.1891886e-05,7.9987807,-8.3434,7.992474e-08,4.6472344,-4.36357,0.000122068624,0.85391796,-0.9525733,0.14106272,-1.7058116,1.6155045,0.96515286,0.22127993,ENST00000604666.1,-461,TGCTTGTACCTAGAAGGGAGACGAGGAAACACACATGTAGCTGAGCAAACTTAAACCAGTGCACCGCTGAAAACGAGAGAAAAAGGATACAAACAGTCCAGAAACAATGTACTTTCCTAGCATCATAAGCTGAAGTCTGAAGCTCCACTGACCTGTAGAGAAGCTCCTGAGCAACAATATCTCCATAGTCATGAGAAAGAAGGTTGATCCTGCGGTTCTGGAGCCCCAGATGCCGCAAAAGCGCTTCCACGATGCTGGCCTGCTCAAATATGGAATAGTGATGTGGTCTCTGAGGAAAGGAAAGCCCACATACACAGGATGAAGTCATGAGGACAGCTCTCTCTGCCAGCCTGACCCTCATAGTCTGCGTCTGCCCCCACACCCCATCACCAGCCCCACATAGGTGCTGCTTACCGGTTTGTCACTGAAGCCAAAGCCTAAGAAATCAAGGGCAATCACCCGATGAAACCTCAAGGTCAGACCTTCCCAAATCTACAAGAAAGAAACGATGATTTGGGCTTTCTGCTCCTGCCCCTCCCTTTCACCAGACCTACAGTTGCACAGGAGCTTCAGCCCTATCTTGGCTTAACAGACTTCCATAAAGAGAAAACGCCATGAAACTACCACAGGTCCCACAGATGATCCTCTTGGAAAATGCTTTATTCCTGGTAATTAATCCCTGTTGAGGGAGGGTAACTTGGCAGTGATCCCTTCCAGAGTGCCAAGGAGTTGTTTATTCCCTTCAGTAAATAAGGAACAGTTCAACATTTAATGTTTTTTTAAAAGCAATTCAAATGTGCAAGAGCCTTCTGGTGCTGACAACAAAATCCTTGAGGTTTTTTAAATTTTTATTAAAAAAAAATTTTTTTTTGAGACAGACTCTCGCTCTGTCACCTAGGCTGAAGTGCAGTGGTGCAATCTCAGCTCACTGCAACCTCTGCCTCCCGGGTTCAAGCGATTCTCCTGCCTCAGCCTCCCAAGTAGCTGGGATTACAGGCTTGTGCCACCATGCCTGGCCAATTTTTATACTTTTAGTAGAGATGGGGTTTTGCCATGTTGGCCTGGCTGGTCTCAAACTCCTGACCTCAGGTCATCCTCCCACCTCAGCCTCCCAAAGTGCTAGGATTTGAGCCCCCGCGCCCGGCCGAGATTTTTTAAGACATAGTAGGACGTAGAAGTCTGACTTCATTACCTTGTACCAGTCGTAGCTGGATGTTGGAAAACCGTGTAAAAGCACAACTATCTCTGGACTTCCAACCACACCCACAGAGTCTAGGAAGAAGGAAAGTACAATCAATTATGCCAAATCCCTATAAAAATAACCTCGAAGATGTTAAAATCTAAGTAATCTGATACAAAGAACAAGCAACTGTGACCAAATTGACATTAAAATGACACAATTATTTGTAAAATGTAAGCTTAACTGCGTTAGGTGAGAACAGGCCTTTTCTCCTTTCAATCTGTATATTAAAACATTGTAAAAATCATGCTATGTGAAAATACTTGAAGGCACCTTGTTTACTTTCACCTAGGTGTTTTTAAACAGCATCTCCCCATTTCTCCTTTTGTTCTGTAATATGCAAATTTTTTCAGTGAAAAGTAAATTTTCAGTTAAAAGCATATGATCACAACACATAAACTACAAATTCTTTGTACTTTATCATGAATGGCCTCACAGAAATTCTCTAAGATACAGCAACTATTCCCAAGGAACACCTTTAGCTTATGCTGTTTGCTCAGCACTTTTTATTCAGCAGGAGACCCAATCTAACATCAAAAACATAATAAAACTATTACAAAATCCTGTCAACTATAAAAAGGGCTTAATCAACATAAACATGAACTTTTTTAATGCATATGACAATATGGAAGCATTCAGCATCATCTAAATTAGGTAAACATTTAGACAATATTAACCTTGCTAATAGTATGGGATTAGAACAGGTATATTCATATACTGCCAGTGACATGAAAATTTGGTAATAAGGTTTTCAAAAATAATTTAGAAGCAGTTAAAAATTGTATATACTTTAGCCTAAGAGTTTTGTTCTTGAGAATCTGTGCAAATAAAATCATTCCATTTATACAAGTAGTATAGTTTGAAAATGTAAGGAAAAAATAAACTGTATGGACATGAAGCTTTTACTTCAACATTAGTTTTCTAAAACAGTAAAACTGGAAGTAACCCAAGCCAACATAATAAAAATTGTATACTTACTTAATTGAATATAGCAAATGAGAGGAGGTCAGGAGCAATAATGAAAAACGGTTTATGACAAACATTTTTCGTTATTGCTCTTGACCCCCGCTCAAAACAAATCATTTCCAATCTGTTTCTCAGTTTCTTCACCTATAAAATGAGGTTAATGGCACCTATCTCCAAATGCTGTTGTAAAGATTAAACAATGAAGGCTGAAAACATAACTCAGTGCCTGGCATATGGTAATTACTTGATAAGTAGTGGTCATAATAATCATCATCACTAGCAAATTAATTTATATAATGGTATCAAGACTTAAATCACAGTTACACTACAAATAATCTACAGAAAAAATGAAATCAGGGATGGTAAGGAGAGAGAACCAATGGTGGTTATATCTATTAATATTTTATATATTACCTGACAGGTTGCTC,False
523,-429,6.0029583,-6.219151,4.9204345e-06,5.0751634,-5.1743236,3.5374396e-05,1.1671946,-0.98253775,0.10435623,-3.187352,3.0948207,0.9981342,5.44667,-5.567649,1.6463991e-05,0.22050944,ENST00000562834.1,-429,CTGGGATTACAGGTCTTGCTCTTCTTTAAGTTGTGCCAAATATGATATGACTGCATAGTGTTTTTGTAAGAATACCATTGGGAAAATGAGAAGTTTTACTGGGCTAGTTCTTCCATGATTTGAGGATGATATTCAGATTATAAGATACCCTTTGTCTTTCTTACAGTAATGAAGTATAAGCTCCATATCTGTTCCAGAGACTTTAACTTGACTTTGCTTCATTCACAAAGAACAGAGTTCAAGAAGCAGTGCATCCTGTGAGAAGTGTGAAGTGTTTGTACATCACTTTAAATATATTACTTAATATATTCTAAGTTGCTGTGTGGAGCAGTATACTGTTGTTTTAAAAATGCAAGATTCAGACAAATTTTAATATTGTCTCATTAAAATAATTTAAATAATGGTATAAAATATCTATATCATTAAAATAATTTTCCATAGTGTTTAGAAACCATGAAAAAGAAAACATAGCAGGAGAAAATATGACAGGAAAAGAAAACCTAACAAAGCCCAGAACCCACAGTTAACCAAACTAGACTGACTTTGTTATTACCCATTCTTTGTTAGTATTGGATAGGGAATTAGGATAATGAGCCATTAGGCAGTTCTGAAATGGAAAGCCCTGAAATTTAGTGCAATGTAACTTTAAAACTGAAATTATATAAAGAGTAGAAGTTTAATCATGTTTAATTACAACCAAAAGCCTGTTGCCTTTTTGTACAGAAATCTCCTTAATTTCAGGACATGTAGATAGCTTATAGAAACATCCTTTTAAATAGTTTGTGAGCTCTTCCTCTTCAGTGGAATTGAGGAATACAGAATGCTTTATTTCATCATCCCCTGACAGGTGACTTAGGCTTTGCACAGCAGATTTATTTTTCTCTGCGTTTTTTAAAAATTGTTTTTCTTGTATCTTTTTTCTTCAAAAATATCTATATTTGAGAATATGTACATAACAACTTTCCAAAGTCTCTGTGGCCAAAACCTCTCCAGGGATAAGACTGAGCAAGAATATAATACTTCAAAAAATGTACAGCTACTGTTTAAGTTTTAAACAGACACCATCACAGTTTGTGGATGAAATAGTTTTAAGCCATATACTTTCTGTCTTTTTTTCCCCATATTAATATTGGGGGGCGGATAATATCACTTTGATGTACATTGATATTAAAGTTTGGTAATGCAGCTTTTACTGTCTACATGGTACTGTACATTAGTTTTTAAGCAGAAACACAAGAAAAATGGGTATAATTTCAAAGTAGTTCTTGGCAGATGGCTAGAGAATACTGCAAGTGACCCTGTATCCCGAATACACAGATATCCCTCTATTACAAGTTTGGGATTAGCCATAATTCTGACATGGTGTGTTCAGGTATGGGTATATGTTGTCAGTCTACACTTGTGGAAGCAAATATCTTGTTTAATCAAGATGATGTCTAGTGTCACCTAAATAATGCAAAAAGTTTAATTCTGGATGAATTCAGCTTTACTCAAGATCCACATATTCAAGTATCATTCCACAGATATTCACAGAACACAGAAATATCTGTGTTCTGCCTTATGCCTGTGGCTAAGGGATGCAAAGTAGAATTGCTTTACATTGACTATATATGTGACATGTACGTTGCTGTTTTTTTTAAAATAACTTTATCATGATATTCAGGTAGATCCTGGGTTCTAGAATATTTAAAACAAAAGGATAAAATGATAAACCAAAGAGTCAACTTGTTAACTTTTCTTTTTTAAGAGATGGGTTTTCACTAGTATGCCCAGTCTGGACTCCAAGTCCTGGGCTCAAACGATCCTCCAGCCTCAGGTTCCTGAGTAGCTCAACATTTTATGTATGTACGATATTATAAAGAAATATTCTTCCAAATGAACTTTTGTTTTTAGATCAATAAATGAATAATAAATAATTTTGTACAAACATCAA,False
524,-1210,0.9262507,-0.79632384,0.15153983,0.07024789,-0.9860567,0.2580163,8.636644,-8.098673,5.3944117e-08,3.2965631,-3.317355,0.0013397677,-0.49750173,0.29362172,0.68807244,0.21979368,ENST00000526478.5,-1210,CCTAGTGTTCGGTACTGTGCCTTGCACGTGTTTATACTCAGTAGCTTTTGAATGAAAGACAGACTTACATTGCAAATACAACAGATTTCCGTGTCTTATTAGAAACTGCTTTTCTTGAATTACTACATGTAACTTTTAAATGAAAGATTGGTGAATATTTCCAGATGTTGAAATACAAAAACAGGTGGCTGAACTTAGAAACCACCAAGTGGCAGGTGACTTTGCCTGACATCCGTGTTCACAGACCTCCACAGCCCCTGGTGAAAACCACTTCTTCATATCCCATGTCCGTCTAATTACATGTGTTATTTTTTGTCATTTGCAGAGTCAATGGTTGCAGGAAAGTTTGAAGAAAGTGAATTACATCAAAATCTTGGTATGATCTCGTGAAACCTTGAGAGAAACTGAATGAGGAATGAAACTATTGTTCCTGTTTCACACAGAAGAAAACTGAGGTTGGCACTCATGATGAGCCCCTGTTCTCATTCTGCAAATGGTGAAGCTCTCTATCGTCCTGACCCCACAGTTCCTGTCCCATGACCAGGGCCCGCTCACCAAGGAGCTGCAGCAGCACGTAAAGTCAGTGACATGCCCATGCGAGTACCTGAGGAAGGTGAGTGAGTGCAGACAGATGGGGCCTGGTGCCCTTGAGCAGTTCCCAGGTCTCA,False
525,-646,3.4920309,-3.6138406,0.00081960246,-0.29266155,-0.09534165,0.54917055,6.164188,-5.926649,5.610655e-06,5.0095134,-5.206282,3.658647e-05,-0.06554735,0.12754124,0.5481227,0.219631,ENST00000536949.1,-646,TGTAGAGAGATCTTCCTCGTGGCACTTGCCACTTGTCCAGAAATAATATGTTACGTGTTGGTGGCTCCCGAAAGATGGCGGCCTTCACCAGTTTCTGGAGTTACAAATGCACTTCAATAATGATCAAGTCATGCTGCAACAGGCACAGAGAACAAAGAAACAACTGCAACAAGAAACTGCTGAACTTGGGTCTGAAATCCCAGCATTAACAAAAAAGGTCTTGAAGTGTTTTCTAGACCAGCCCATTCTGCTGTCGACATCTCTGATGAAAAGCCCCACTAGATGTCTTTGCCCAGACTTTTCCTTCTTTTTCACCTCATCTCATGCCCTGGAGAGGAGTAGTGCCTAGTGACCAGGAGGAAACCTGCAGGTTAAGAGCTATGTCCATTAAAATCAGCAAATATTAAATAAAATTAAACACTCTGGTCCTCAGTTGCCAATAGCCACATTTCAGATGCTCACGCTAGTGGCCCCTGTATTAAGCAAAACAGATTTGGAAAATTTTGACCATCACTCAAAACTTTTTTTGGACAGCACTGTTCTAGAGTCAAATGGAATAAGTGATCACTGTATTGCCCAGGCTGCAGTGCAGTGGTGCCATGTCAGCTCACTGCAATCTCCACCTCCTGAGTTCAAGCAGTTCTCCTGCCTCAGCTTCCTGAGTAGCTGGGATTACAGGCGCGCGCCACTGTGCCCGGCTAATTTTTGTATTTTTAGTAGATACGGGGTTTTACCATGTTGGCCAGGCTGGTCTAGAACTCCTGATCTCAAA,False
526,-530,-0.5193026,0.5690164,0.74806505,-0.031089425,-0.7778927,0.32151824,6.9729977,-6.4887495,1.424416e-06,5.9276137,-5.968311,6.818089e-06,1.8657428,-1.9795301,0.020933006,0.21810491,ENST00000573187.1,-530,CACTTTGTATTGTTCGAAGTTGAGAGAGAAGGAGCCGGAGTCTCCGAGGTGGCGTTGGGTGGGGGCGCTACTAGCTCCCGTTCTCTCAGCGTCTCTAGAGGGAAGGGCGCCGGTGGGAGCAGGAGAGTCTGCACCGGGCAGGCCTCCTTAGGTGCCGGGTTGCGCGCAGGGCCCTGTGCTTGTCTCGCCTCCGGTTGGCTCAGGCCTCGGAGCATGAGTGCGCCGGCAACTGCTGGGCCCGGGACAGTGAAGCAGAGGAGGAGGTGGGGGAGGCGAGCCCAGGTCGGGGAAGGGCAGCACCTGAATCACCCTTGGGGCCCAGACCCCCAAGAGTCTCCGGGGAGCCGAGGCCTGGCGAGGCAGTCCCGGGATTCGCCCCCTCCCCGCTGGCCCGAGGGCGCACCACGTGCTGGGCAGAGACTTCGGCGAGGCCGAGTGGACCCTGCAGCGCTGCTTGGGAAAGGGCACCTTGGACTACCTGGTGGGGGCGTTGTGCTTCGTTACCGACCGCCGGGACGCCAACCCACGGTGCCCACCCGTGCGTCATTCCGCTGTGGATCAGCCCTTTGGCGGCCCCCCTCCAAAGTCTACAAGGTCACACGGATGTCTGCAGGCAGAGGTGGGATAGGAGCATGCCAGGTGCTGCGAGGGTTTAATCGGGCTCTTCTGCTGGCCTTGA,False
527,-403,-0.64524126,0.5155465,0.7614758,3.3251748,-3.360322,0.0012473364,3.4566667,-3.0996072,0.0014191543,4.718213,-4.805594,7.3085495e-05,0.44990122,-0.2948845,0.32195854,0.21723478,ENST00000603472.1,-403,AGCCAAACAAGGGAATTATTATCAAGTTGAAGAAGAATGTGTCCTTGCTAAGGGAGGATGAAAATCTCAATTAAAATATCCCCCAGTATGTTTTCTTTTTGCTTTTTTAAGCTGAGAGAGTAAAACAAAAGGGAACTGTTTATTTATTTTGAAACAGTATCTATTCTACCCCAAAGTAGTGGTTTTTGACCTCTTTCCCTTTCAAGGATAGCTTTTTCCTTAAAACTGTGATCAAGACAGAGTCTTAAAAGTTGTGTCTTTATTAGGATGGGAAAAGAAGAAAGTTCTATGATTTATGCTCTTGCCTTTTGTAATGAAAGGAGCTAATGACTTTCAACAGAAGTATAATTCACAAAAAGTAAAATCCATTTCATTTATTACCACTTAACTAAGTGCTTTTTCTAATTTGAAAGCAATGCTACCTCCCATGCCTGGTCTGCATTTTGTATTTAATCTGAATGGTTTATTCAACAGTAGTTCTAAATAAATTAGCAAAAAGAATCTAACATTCTCTATCCATCTAGCCAAATGCCGAGATTGGCCAGAGGATAAGGCAAAGCTGAAGAGCGACCTCTTCTTATTGACTAGCAATTGTTATTCTTAGTTTCTTTATATCAAGAGACAGGCTTATCCTCATCATCATCAAATCCCACTGAAGGATATTATTTGGAGTTATAACTTAACACTCTTCAACACTGGCAAGCCTGTGAAATAAATAAAGGCAGATTTTTGTGCCCTTTCTTGTCTCTTCACCTCCTCTAATAACTCTTGTCCCCTTAGAGACGTCCTGACACATCTATACCTCTGCCCTTCCCCTGGCCATGATGCACCAGGCTGATTGCAGCGCACTGTGAATGATGGTCCACTTTCTCCATTTCAACCCTGCAGCACCTTTGCTGAGATCTTTTCTAAATCTCAGCTGCTCTTTCAACCAAAATGCACCTGCAGAAACAAAACTTTCATTCTCTCAAGTTAGGTAAACTGAAATATAACTTAAGACTCTAATGGCTAATGTAGCTTACTATATTAGCTTACTAAGAAGACCCTAACATTTTTTCATGGACTGCTTAATGCTTTTCTCTAAATAAATGAACAATATGGAAATTTCATGAA,True
528,-161,2.415517,-2.696375,0.005988595,0.93773675,-1.1870408,0.106711805,4.2380567,-3.8735874,0.0002999353,-1.8276094,1.5614767,0.96736175,4.0627255,-4.388385,0.0002136173,0.21611515,ENST00000547292.1,-161,TTCCCCGGAGAAGTTGTCATGGGAGGCCAGCCGCCTGCTGGCAAGGAAGATGGTTGATTCTTCTGATCAATGGAGGCCCTGCAGAGTCCTGTAGTCACTGTGGCCTGGCATCCATGGTGCACCCAATGCTGGTGGATGGCTTAGGACGGTACGCCTCACCTGAGAGGGCGGCTAGAGACAGTGTCTGCTCAGGACATCAGATGTCCCGTGAGGAGGAGTGTGTACTCACACCAGGGGAGTTGACTGAGGCAGTTGCTGTGGGAGGTGTGGTAACTGCTGGAAGGAAGATGCTCAATTCTTCTGAGCAACGAAGGCCACACGGAGTCCTGGATTCTGTGTGGCCTGGCATCCATGGCGCACTGTGTGCTGGCAGGTGGCTCAGGACGAGTAGTGGGCTCCACTGTTGGGCACATCTTCCTGGAAGTCGTCTCTTGGCCCGCCATTGCCGAGCGGCCACACCTGCTGCAGCTCGTGTGAGCAAATATGGCTCTGGATCCTCTTTCCTGCTTTGAAAGCAGCTTCCATCCTGAAGGCGTCCAGAGGGGGCAGTTATCATGGGACACCCGCCATATGCTGGCAAGGAAGATGGTCAGTTCTTCTGAGCCACAAAGGCCCCCAACATCCTG,False
529,-1175,1.4673994,-1.258626,0.06145502,2.4873228,-2.6121151,0.0060631894,2.9668763,-2.890445,0.0028507418,-2.544186,2.570975,0.9940308,2.0701323,-2.0955079,0.015282599,0.21593647,ENST00000501194.2,-1175,AGTCCGTGAGCGGCTTGGATCCTCGCCCGTTCCCTCCTGGTCGTTTCCGCAGTAACCTCTTATCAGAGCGGGCAGCTGTGAGTGGCGCTCACATCCGCCGCTGCCCTGTCGAATGGGGGAAAGAGTTCTTGTGTTCTGAGGAGGGTTTGGCTATGGTCCTTGACCCTATTCTTGTCTCAGACTTGCCTCCCAGGAATATAGGAGGATTGTATGCCCTGGCCTCCCTGTGATGGGGTTGAACTACATGACATGTTCTCCGAATTAAGTGTGAGCATAGCATTTAATTGTTGATGCAAGACCTTCCAGAACTCTTTTTCTCTTTGCCATGGCAATCATCAGTGTTCCAGAGAGCATATGCACGATCAGCCTTGGTATTGGAGGGAAGATGATGCGGAACAGAGTCCCAGTCACATCATGAAGGACATGTAAAGTGAGAAGTAAACCTTGGTTGTTTTAAGCCATTGAGATTTGAGTTTTGTTACCAGAGCAGATCTTTGTCATCCTGGATAATGTGCCTGAGAAGAAGAGGTTTAAGGAAGAAAACTTGTGAACACCAATGTGCTTGTTAGACTCCTTTGCTTGTAAGAAAGAGAAACTCAAGAGACTAATGAAAAGAAGGAACAAGTGTTTATATGGGTATATGAGTAGCTATTAGGAGCCCAGGCATAAGCTACTCTCTTATTTCTTTCTCATTGTGTCTCTGCTCTTCTCTACCTCTTTAATCTATTCTCACACTACCAACTGGCTAATTAATCCACTTCTTATCCTTTAGTCTGCATTTCAGAAGAATATAAGCCAGTTCCAGAGCTCTTAGCTCTAAGTAGCTTCATGGGCTGCCAGCCAACCTGGAAATGAGCTACTCTTGGGTCAGGTGCCCATCCTGCTCTAAACAGTGTCACTCCTACCTGAAACATCATTTAGCTTTCCTGGGCATGGGACCTCTGGTACAGCAATGCAAGCAGTAGTGGGATATTTCTATTCTCGTCCCACTACAATTTATTTTTCACAGAATTGTGAAAATTATGTTTTACAATTGGACATCAGATGTGTCTTAATCCATATCTACCAGCCCACTACAACCAGCCTAAAACTCTTATATTGCGTTAGGGAAAGACCCAACTCTCTGCCTGGCCTACAAAGCCCTTTATGATCTAGCCTCTGCCTGACATTCCTACCTCACCTCCTGCCACCCTCCCTCTCACACGTTCCAGCCACCCAGGCCTCCTGTGTCTCCCTTGGATGAGTCAAGCTGGTTTCCTCCTCAGGACATTTGCATTCTGCCCTTGCCAATCTTTCTTGTTTGAACACTCTGCCCTTGGCTCTGAGAAAGCCTGGTTTCTTCATTCTTATTCGTTTTAAGCTCTCCTGTCATCTCCTCAGAGATGACTTCCCTGATTACCCTCATCTAAAGGACTGCCCTCTCTACATCGGGTTACTGGTACCCCTTATTTTCTTCATAGCACTTATCATCACCTGAAATTGCCTTGTTTATTCCTTTACTTTCTGTCTTCCATAAGCAGAATGAAATACCATGAGAGTGAGTATCTTTCCTGTCTTGTGAACCCCTGTACTCTGATTCCCTAGAATAGTCCCTGTCACACTAAATATTTTTTAAGTGAAGGAAAGGGATGGTGGGCAGTGTGCTCATGTGCTGGTTGTTCTCTGGTGTCGTCTATCCAGGTTCAGTGTCTACCCTTCGCTGGCTTGCTGTGTGTCTCAGGAGGTTGACCTCTAGAGACGGTGTCACTCAGCCTCCACTGGGCTCTGGATTTCCAGTTAGGCTTGACCAGTGAGAGGCACCAGCAGAATATTGGAGGGTAGTACAGGTGAGAAGTGGTCAGGGTATTTATCTCTTCCCGGTTGAGTTTCACTATGGTTTTGGCAGTGGTTGAATTTTGTGAACAAAGTTCTTATTTACCAAGTTTCCAACTCTTTCCCAGCTCTAGTAATGATTTTCTGATGCTTTGTCATCCTTTTTAATACTTCCTTGATTAGACGCTATTTACAGTTGCTTTTGTTGCCTGCAGGAACTCTCACTGACACAGCAGGGGCAGGTCAGAGGCTGACAAGCTCAGTACAGCTAACACTTGAGTTCATATAACTCACCCATAGCCACACAGAGAAAGTGGTGGAAGCAGATTTCAAATTTAAACTCAGGGAGTGTGAGGAGATCTGCAGAAACTGTTATATTAGAAGTCCAAGGAAGAGAGAATGTTAAGATGTTAAGATGGAAAGATGGAATGTTAAGGTGGTTTGTCAAGTGCAGTTGGAGTCCCTTTTTCTTCTGGGTTTGGTGGCCTGCTGCACCTTTGCCTTTCTCTGACTCTCATTAAAATTGTTAATTAAGGGAGATTTTAGAGTCCTAGGCTCAAAATTAAAATTTGGTTTATTTTGTAATACGGCTCCAGAAGCCTTTAATTCTCTATTTAATTTTATTTCTAAAAGAAAAAGATTGGGCACTACTGACCTAGATAAAGACCCAAGATGAGAGAAGGACCAATGAGTGTCCCTTAGATATTTCTTTTAAAGGTAGCCACTAGGGCCTTAGGGAAAGTACTTTCAGGAACAGACAAATTGCACCAGTTTGAGAGTGAATGAAAGGTAACTATGAAAGAGTGAGTTTAGATAGCACTTTTAATAATTTTGGATGGAAAGGAAGAAAAAGGTGATAGCTAGAAGGTAATACAGGGTGAGGAAGATGGGGACATTCTAACTGAAGGATTCCAGTGTGTTTATAGATTGAGGTAAAGAAGGCTGGAGAGAAGAGGGCATTAAGGCACAGAAGAGAGGAAATATAATGAAGCCAGGTTGTAAAGGAGATGAAAGAGAATGTGGTTAAGATATTAGGGGAAGGATTAGATGCAGGGGAGACAGTGCTTCCTTTGAGATTCAAAGGAAAGATGTAGAGATGAATGCAAATTTGCCACTGCCTATTTCTAATCGTAATAGATTCTGTCATTTCAGGATTTATTTTAATGTAGTTGGGGACTGGCAGGTAGTTTTTCTCTCCCCTTTGATAGCCTGGGGCTTCATTTCTGACTTTTCCTGATCAAAAATAAGAACTGATCTATCTTCTCAGCTCTTCAGGTGTCAATTATACAATAAGCAAATTTTTCCAGGCTCCCTGTTATACACTTGCCACTACACTTCTGACTTAGATGTGGTACTTTGTTAGTATCTGTGAGGACTGAAAATGAGATCGAAGAGAAAAATCCAATCAAGCATTAAGTAATCATATTTAAATGGAAAATGGGAAGATACTATTAACGAATTCAATGGTACATCACTCTCTAAACTCTAAATTTGCTATTTTATAATTATGAATTTCTGTGTACTGTACAATATTAGCTTCAGTTAATTTTAAGTGCACCCATAACATTAAATGTGTTTTGATATGTGGTTGTTGAAGCTACCTGTTAAAATTAGTTTGCTGTGATTTATTGTTATTCATACAAATGGTTTATCAAATGCAA,False
530,-529,-0.21273494,0.2833342,0.62153506,-0.12358129,-0.71827626,0.35555834,6.37201,-5.8989143,4.6860096e-06,5.944366,-5.96736,6.7112005e-06,1.0238401,-1.1908128,0.09844234,0.21510944,ENST00000415124.1,-529,TCGGCATGGCGGCAGTCACTGCCGTCACTTAGTCGCCGATCAAGGCTTGGACTAAGGGCCCACGGTCACTCGAGTAGGACTTGGATCGGATGCTGAATAAAACTCACCGTGAAGCAAGTCCCACTGAACGAAAAGTTGGTCGTAGCATTTCTCAGCTGCTTCCGGCTCCCTGAGACCCAGCCATGGAAGGCATAGAAAGGCATGTGACAAGAAACTCATGGCTTTTAATCCTGGCAGGACAAGGAAAACCCCGTCAAAGATTTGCATAAATTTTGCTGCTCTCCTGCTGGGGGGGGGGGGGGGGCAGTTCGTCACATTTAATAAAATTCTCTCCCTCCCTTCTCCCGACTGC,False
531,-1436,-0.75391746,0.8056392,0.8262897,0.22092903,-1.0482578,0.21939649,7.106752,-6.6058283,1.1084136e-06,5.374146,-5.4430213,2.0051886e-05,1.6675631,-1.8408153,0.029074777,0.21495643,ENST00000455957.5,-1436,TTCCTCTACTTGTCCATTTACTTTAAGAGACACTTACTGATGCAAAGGAGACTGAACAGTGAAGGATCTCACTCAGAATCCTGTCCACAATCTGTCCAGTTTACACCTTACCCCAAAGAGAGGTAGCCTGTTATACAACGTTCTTCACCTCATTCTCTCACTTCACAATATATCTTGGAGATCTTACCAAAAGCACACAGAGACCTCCTGCGTTGTGATTAGATTTTCATTGCATAATATTCCATTGTTCGTGTGTGTGTGAGTGTTTAGTTAGTCTCAAATTGATAGGTGCATGAATTTTTCCAATCTTTTGTTAAGGCAAGCAGTATTGAATAAACTTGTACATAATA,False
532,-255,9.7064705,-9.432409,4.8762967e-09,-2.98744,2.77502,0.9968665,10.887443,-11.13255,2.7342525e-10,1.163009,-1.3669631,0.073783554,9.143966,-9.508035,7.934857e-09,0.21413001,ENST00000586816.1,-255,CACTGCTGGCCGCCGATTCTACGCCGCCCGGTCGCCAGGGAGAGTGAATACAGCTAGGGACGTGAAAGGCAGGGACTTCCCCTTCAAGCTTGCAAGAGTTGGAGATGTTTGCATTGTCTTCACATTATTGATTTCTAGTCTGACTCCATTATGATCCGAGAACACACTCCGTGTAATCTGATTTTTAAAATTTGTTGAAGTTTGTTTCATGGCCTAGGAGATGGTCTATCTTACTTTATGTTCCATGAGCCCTTGAAGAGAATGCATATGCTGCTGCTGTTGATTAAATTACTCTACAAATGTCAA,True
533,-1176,1.2815859,-1.0919352,0.08521426,2.7459354,-2.8669295,0.0036373173,2.8595371,-2.7925215,0.0034980043,-1.7760714,1.7693977,0.97195417,2.9034424,-2.9252741,0.002933222,0.2134474,ENST00000519233.1,-1176,GATCCTCGCCCGTTCCCTCCTGGTCGTTTCCGCAGTAACCTCTTATCAGAGCGGGCAGCTGTGAGTGGCGCTCACATCCGCCGCTGCCCTGTCGAATGGGGGAAAGAGTTCTTGTGTTCTGAGGAGGGTTTGGCTATGGTCCTTGACCCTATTCTTGTCTCAGACTTGCCTCCCAGGTATCGAGGTCTCCCTGTGGGTTTCATATGGCTTGGTCCTTTAGGAGCTGGAAAAATTAGGCATAAAGTCCCCCCACCCCCTTGACAGAACGCCCCTTCTGACTCCAGAGGTCCTTTATCGAGTGCCAGGCATTGGTCTAGGGGCATTTGAAAAAGATTCACTGAAGGACATTTTTAAGAGTTCGCTTTCTCAGAGGGCAGCTTCTCAAACTCATTCGCTGGTTTCTTTTCCTCTTTCCGCCTGTTTAAGGAATATAGGAGGATTGTATGCCCTGGCCTCCCTGTGATGGGGTTGAACTACATGACATGTTCTCCGAATTAAGTGTGAGCATAGCATTTAATTGTTGATGCAAGACCTTCCAGAACTCTTTTTCTCTTTGCCATGGCAATCATCAGTGTTCCAGAGAGCATATGCACGATCAGCCTTGGTATTGGAGGGAAGATGATGCGGAACAGAGTCCCAGTCACATCATGAAGGACATGTAAAGTGAGAAGTAAACCTTGGTTGTTTTAA,False
534,-813,1.6767616,-1.7139733,0.03258628,1.1275753,-1.3536395,0.07718563,4.611987,-4.165597,0.00015412629,-0.6999134,0.5735445,0.78133416,0.7508079,-0.809123,0.17365658,0.21298337,ENST00000412749.1,-813,AGAGAGTCTGTACCTGCAACCCTGGCGGCGTCCGAGCCCAAGGCGGAGTCTGGGAGACAAAGAAGTCCTCGCCGCCGGCCGCTGGAGGATTCTGCCAGTAGTGAAAGATGGGGTCTCGTTATGTTGACCAGGCTGGTCTTGAACACCTGACCTGAAGTGATCCTCTTGCCTCAGCCTCCCATAGTGCTGCGATCACAGGTGTGCATGCCTTCCTTATTTCTCATACTCATCACCTCCTCTTCCCGCTTGGAACTGCCCACACTGGTGATTTCCTTGTTAAGGAACTTGATGGCGTTGTGCATGCTCGCTGACAGGGGACGGCACTGAGTCAGGAAGCTATAATACAACAGCAATACCTTATATCTGCGCAACTCTTCACAACTTACAAAGCCTTCACAT,False
535,-329,7.246458,-7.307977,4.7762677e-07,1.333649,-1.3751148,0.062458195,5.604903,-5.6121836,1.3442352e-05,-2.8330185,2.4913337,0.9951521,2.3036823,-2.628762,0.007157264,0.21295628,ENST00000428777.1,-329,GGAGTGCATGACTCATCTCCTGGCCCCTCCAGGAAACCGGAGAAGGCAGAAAAGGGCAAGAATGTTGTGTTGTCTTTGGGCTGTGGAGTTCATGATTATGGACACTTTCTGAATTATTGGCACTAAGGGCACATCCTGCTTAGCATGGAGGCTGGACAGCTCTGGGAAAGCAGAGATTCTTTTTAGGGAGTCCAGAGCATTTTTTTCTTCTTTCTTATCCCCTCTTTCCAATAGAGATGTCAGAAGGGTGACTGTTAGGGTTGATACATTATGTGGTGCTCTGTTTTTTTGAGCATTGTCTACTCAGAGTGATTACCAAGGTGGAGCTCATTATGTTACCTGGCACCTGCAACTACTTGCCTCATGTTGGACTAAAGTGGAAAGACTCCTATTGGGAATTCACTCAGGGAGGCACCAGGCATTGTTAGAAAAGCAGTATCGCAGAGCACTTAAGAGCTGAGCCTTGTGATCGGGTGGACTTGGGTTTATGTCCTCGCACTGTCGCTTCCTAGATTTATGACCTCAGTTTCCTCATTTCTAAAGTAGAGACAGGGATGGAGGGTGGGGAGAATATGAATTAATTTGGATTAAATGGATGAGAATCAGAAGTATTTATTTGGAATTGGTGTGAATTGGAGCACATGGGGAACTGAAA,False
536,-1355,1.7362158,-1.6285675,0.033414386,1.8808302,-1.8085741,0.02437776,1.158552,-0.8892864,0.11427097,-0.97024095,0.9447969,0.87158406,1.8960401,-2.0371242,0.01920554,0.21257055,ENST00000421599.5,-1355,GCACTAGAGAGAGCGTCTTGTGGCTGCGGCCTGCCCCTCAGCCTCCTCCGCGCGGTTACCCCTGTACCCGCCGCCATCCGTCCTGGCGCTCCGGATGAGTCAATGAGGGGCAGGGCCCGAGGAGTGGTCTTCCCAAGAACCCCTGGTGGCCTCCCAAGGCCGGTGCTGTGTACCTCCTCCCCGACAAAAGGGGAAACTGAGGCCCCGAGGGGAGTGGGAAGAGCCGGCTGGACGTCAGGCCCAGCCGCTGGTGCAGTGGTCCGTCCCCTCTGCCGGGGTGGGCCCCTCGGGTTTCGCGTGTCCTCGGGAAAGAGACTGGCGGGCCTCGTGGGCTGTGCGGCTATCCTGGAGACAGATGACAGCTCTCCCTTGGATGGCTTTGCTGGTTCCGCACCAGCCAGCGCCCCCATTTTTCCTGCAGCACCCTGATCTGCACTCCCTGAGGGGCTCCCACTGTCCGCGGTGTGAGGATGTCCCTGGTCCACTGTGTGCAGAGGCATGGGAGTTGTCATGTTGGGAACATGCTAGACCTCAGTATCCTTGAGGGATGCTGCCTTGGGTCTGGAAACTGTTAGAGGAAACCCCAAGAGGTGCAGGCACTGAGCCTCTCAGGACAATGACCTGGGGTCCCAGCTCCCCTGGAGGGGCCTCCTCATGATTGTTTGGGGGTTGATCACAGACCAAGAGTGACGAGTGATGTCACCCTGTGACTCATGGCTGGACCTTCTTGCCCCTATTGTCTCAGCACAACATTATTCGACTTTTCCCTCAGCGTGGGTGGGCAGAGGAAAAGCCCTGTGGCTCTGGGGACTTGGGATCCAGAGTTGAAGACCCTTCAGCTGGCTCTGCCCTGCCAGTGCCACAGAGTGCCATGGCCCAGGAAGACAGGTTTTCTTCCATCTAGGCCAGGCCATCCAGTGGCCATCCTCCGTGTCCTCCCGCCTCCTCCTGGTGTGACTTCTGAAAACCAAGAATTTGTTCCTGTTGACTTTTTCTGTGCTATGGACCATTGTCCTCTCACCCACTCAATAAATCTTGAAACATGC,False
537,-478,0.7642653,-0.96876436,0.15020047,-1.0298685,0.8143959,0.86345226,1.5897983,-1.4227266,0.046863224,6.1455207,-6.397089,3.5711828e-06,4.5039525,-4.4653463,0.00012724113,0.21212932,ENST00000527067.1,-478,ACTCACTCGGCTCGACCACGGGAAGGGAAGGAGCGCGAACGCTAAATCCCGTGCCGCGGGGAGCCAAGCCCCCTGGGCCGGAAATGCCTAATCTGAACTTCCGCCCTGCCCTTCAGCTCACCAACCAATTGAATTCCAGGTTTCGTGGGTCCGCTCTAGGCGGCTGATAGTACTCAATGCTCCGGCAGTCCTGCTCCTTCCCGGTTACGTCCCTTCCAGCCCTTGGCGGAGTCTGCGGGCGAGAGGGCGCAGGTGCAGAGGTGCCGCCGGCGGCGTGCGGCTGCGAAGGAAGGGACCCCGACACCGAGCGTTCCTGCGGACGCTCCTCAACCGGGGGTTGTTCTCCGTGCTCTGGACCCGGCCCTTCCTCACCTAGGACGTCTCGCGGTGCACTGTCCCCCTCTCTCGGGCGACTTTTCCCCCACCTCCAAGTAGTGATCAAGCTCAGAATCCAGCTCGCGCCCGCTGTGCACCTAGCACTTCCCACCTGTAGTCTTTTGACCTCATCGCCCCCTCTAGAAGGCTGCTGCCATCGCTTAAATGAGGAAGCCGAGGTGCAGAGAGGTTTCAGACCTATTGCGGTGGAGCTGGAGTTCGAGAACCAACCACTCGGTGCTGAGACGCGCTTGCGGAACGGGCGGCGGGCGGGGGTGAAGCGGAGTGAGGGGAGAGGCCAGGTGCGACCCGGGCAGGTGAGGAGCACGGGCCCGGAGGGAGGACTTACGAGAATGGAAAGGAAAGCAGCCCGTCTTCAGTGGGACAGTGGGAGCATTAAGATGTCAGAGAATGAGCAGTTGTGGGAAGAGCCATAGGGTATTTTATTTTTTAGAGATGGGGTTTTGCTCTGTCGCCCAGGCTGCAACCTCGACCTCCCGGGCTCAAGCGATCCTCCTGCCTCAGCCTCCCGAGTAACTGGGACTACAAGCAACGCGCCACCACACTAAATCTTTAATTTTTTGGGGGGTGGTTGAAGGTGGGGGCGGGACAGGGTCTCTCTCCGTCTCCCAGGCCAGAGTGCAGTGGCGCAATTACGGCCCGACTCCTGGGCTCAAGCGATCCTCCCACCTCAGCCTCCGGAGTAGCTGGGACCACAGGCGCCCACCACCACGCCCAGCTAGTTTTTGTATTTTTTTGTAGAGGTGGTGTTTTGCCATGTTTCCCAGGCTGGTCTTGAACTCCTGAGCGCAAGTGATCCACCCGTCTCAGCCTTCCAAAGTGCTGGGATTACAGGTGTCAGCCACCACGCCCGGCCCTAAATATTTTTTTAAAAGTTGGATTTTTCATGGTGCCCAAGGGAAGAGACACTCCTTTCCTTTTACTAAGACCATTTCTTTTAGAAAACTTTGTAATAGGAAAATCTTTCTTTGCCCTCTTGAAATGTATGTAAATTTTTTAAAAAGCTGCATAAGCCTCTTGCCAGTTTTATAAACCAGGAATTTCTTTCTTAAGGACCTTTCTTAAGGACCTTGGAGTGATTTCTTTGAAATAAAAAGGCCAAGGAAGATAGCTTCCCTCCTTGTCTCTGTGGGAGTTTAGCAGATGGCTGGCTCCAAGTTGCAATTACCTGCTTGTCATAGAGACATGAGGTTTATTTTAACTTTGGATAAAGGCAGTTAGCTAACACAGATGGCCGCCCCAAGTACCACGTACCTGCCTTCTCGTTTAGAAACACTGTGGGCATTAGGGGCAACTCATGCAGAAGACCCAGGAATCTTCCAGGTATACTCCATGGGATGCCTGTTCCACTCTGGCCCATTGGCACAAGCTAGCCTTTTCTTTTAAGGATAGTGGGGTCCGTTCTGAGAGCGGCCTTTGCAACATCTCACTTCCCCTGTTGACTGTTATTTCTTTTCTTCCTGCTTTCCTACTCCCTTGATCCCAAACTCACTAGGGGTATTTAGTGAGCACTTACTGTTGCAGTAAGACTCTAGCCAAGGAAGACGAAGAGACAGTTGGAGACCAAAGAGAACTTCAATTCGGGCACCCGAGCCTAGAGCAGGCTCATGCCCAAAATGGCTACCGACCCAGACAAAGAAAGCAGGCTTGCTTATATGTCGTTTCAGGCGTGAAAAACAAGGCAGGATACAAGTTTCAGACAAAGACAGTAAATTATTCAACCTGTGACAATTCTGAGAAAACTTACATTTAGTTATCTTGACCAGTCAACCTTGAAGCTGGACAGAGCTGGGGTAAGGGAAAACAGGAATTACGGAAGTATGAGGGAGTCGCGAGGCCGGAGATAAGCTTGGAAGGTTGAGATAAGCTCGCAGGTGCAACTTCTTAGCAATGCTGAGAGTGGCTGCTTAAATTTCTTAGCCTATGTATAACTTCTAAATAGCCTACACTAAATGGTAACTATTACCTATGTTGTGTTTGTTATTTTAAACTTTAATGTTATTTATTTTATTTCATTTTCCTTCCACATTACCTCTGCTGTTAGCAGCTTTGAGAAATGCTGCTATAGGATGTGGGAAGTCATTAAAGGATTTAAGCAGGGAGAGGCAAGATCAGATTAACATTTCAGAAAAATATTTACTGTTTTCCAGCTGAAACTAGTAGAGTACAATTTACTTTCTGGTCACAGCACACAGCAGTCACATCCTGGAGGAACTGTACTTCTCTAAGATCTAGTCTGTCCTGTGGTTTAAATGACCTTTAGCAAATTGTCTTTATTACTTTGTACACTGCTTTCACCAGTCTGCTCTTCCATGGCTAACGGGGCAGAACTGTTATTTTTAGGGTTTTCCACATCCAGTATGTTCATAAGATTTCTACCCTGTGTGAACTTCCAGATGTCGAATAAAGGCTGGATGCTGACCAAAGACCTTTCCACATTTTTTACATGTGTGTAGGGTTGCTCACCAGTAGTATTCCCCTGATGCTTCATAATGGTTGATCCCAGAGAGAATGCCCTTTCACACTCATTACATTCATAGGGTTTCTGTCCAGTGTGAGTTCTGTGATGGGAAATTAGGTTAGAACTTTAAACAAAGGCCTTTCCACGTTTGTTACACTGATAAGGCTTATTTCCAATGTGGATTCTTTGGTGTTACACAAGATTAGAGCTGTAGTTGAAGGTTTTCCCACACTCTGCCTTCATAGAACTTGTCTTTATAGTGAAATCTCTGGTGTTTTCTAAATTGTGTTAGTCCTTCTTAAGGCTTACCATGTTCACTACACTACACAATTCCTCTCCATGGTAACTATTTGGGTGCTCATTAAAGGCTGTACTCTGA,False
538,-163,2.6800163,-2.967937,0.0035123443,1.08539,-1.3342758,0.08168532,4.1695657,-3.80066,0.00034548173,-1.8951882,1.6247544,0.97124994,3.5089417,-3.8102577,0.00066225353,0.21149106,ENST00000580438.1,-163,CCCAACAACTCTCAGCATGGTAATCATTGTGCAAATATCATAGAACGTACTTACACAAATCTAGATTAGATGGTATAGCTTACTACAGAACTAGGATACATGGTATAGCCCGGGTGCTCCTAGGTTATAAAGCTGTACAGCATGTTACTATACTGAATGAATACTGTAAGCAACTGTAACAAAGTGTAAGTATTTATACATCTAAACCTAGAAAAGGTACAGTGAAAATATGGTGGTATAATCTTAAATGACTATTGTCAACTATGATCTCGTTGACTGAAATGTCAGCATGCGGCACATGACTGTATAACCAGACTTCTCATCAAAAACAAATGCTGAAAGAAAAACACATCAACTAACCAAGAAAAAAGAAACATATATGTCCACACAGAGACTTCTTTTTTTACACAAATGTTCATTGTACCTTTTTATAATAGCTGGGAACTGAAAACAGCCTGGAACTGAAAACAGCCCAGGTGTCCCTTAACAGATGAAGTCACAAACCACCGAAACATTCAACAATATGGATGAATCTCAAAAACATTATGTTGAGCAAAAAGAAACTTTTTACAACATATAAGTATTGTATGACTCTACTTACATAAAGTTCTGCGCAAGCTAAACTAAGATGAAAACAATCTGAACAATGTTAGGTTCTAGGGGTGGTGTGGGGGGAAGGAATAACTAGGAAGAGGTGTAGGTTCTATACCCTGATAGAACTTTCTGGCAAAGGTGTATACATTTGTCACAGCTCATGAAATGGTATATGTGGTCAACTGTATTTTCCAAAGATGGTCACAATAGAAGCCATTCCACATGCTCTTAACAATGTAACACTGTCATTTTTTCATCAGGTGGTGGAGTCTATGGCCCTTCTCCTTGAATCTGAGTGAAATTAGTGAGTCTTTCAATCCAAAGACTACAGTCATACCTCAACTATCTACAGAGGACTGGTTCCAGGACTCCCATGGATCCCAAAATCCAAGGATGCTTCGAATCCCTTATATAAAATGGCATGGTATTTGCATATAACCTACATGCATCTTCAAATATGTTAAACCATCTCTAGATTACTTATAATACCAAATACAATGTAATGCTATGTAAACAGTTGTTACAATGTATTGTCAAAGACAAGCTCTCCTTGCCAATCCCTGACCAAATGAGAGATTCATGAGCAAAATAAATAGTTGCTGATATTTAAGGCACTAAGTTTGGGGCAATGTATTACACAGCAATAAATAACTGGAACAGCATAGTAAATTCTAGTTAAAAATACTAAACTACTAAGTTTTAGTTAACATACATGCTCAAGTTAAGGGTGTGGTATACTAACAACTGCAACTTACTTTGAAAAGCATAAAAAAAGACACTAGAAGAAGACAGGATGGATAGATGGACAAGATAGAAGACAATAACAAATAGAACAAAATGTTGTGAAATTATATTCTACAATTATTTTAAAGTCTGTGTGGTTTGAAAAATTGTACGATAAAATGAAGAGTGAAATAA,False
539,-43,3.5696304,-3.6896358,0.0007031296,1.4376732,-1.5363567,0.048612997,3.478461,-3.2793972,0.0011603666,-2.7235997,2.5583208,0.9949431,2.1447363,-2.2876117,0.011746914,0.21143329,ENST00000411804.1,-43,ATCAGTCTACGCAAATGTGTTTGGGTGCAATGTACCTGGCAATTTCATGGGGCAGTCGGGAGGACAGTGTGGCTGAAGCACAGTGAGTGAGAGGAAAACAGCAATGAAGTGAATGCAACTGATGCCTCCTCAAAAGTTTGCTACCTGCCAAGACTTTCAAGCATGAAAATATCTTTATTTTTCCCTTTTAAAATTGATGGGTAGGCCATATGGGAGAGAGGGAAATACTGACAAAGAGGGCACCTCAAGAAAAGCATGCCTATAAAAATAATGTGACAAACAATGAAACAACACACAAACAGTTTGACAGATAAGAGAGCAAAGGATCACCACACGCCCGTGATTCTAGAGCAAGTGGTGACTTTAGTGTGTGGCTGTGCTCATGCATATGGACCTTACACAACTGCAATCAGCATCTGCATACCTACACCCAGTAACCTGCTTTCTCTACCTAATATGATATAATGAGCATTTTTCTATATTGCTACATAGTCTTTATAATTACTTTAAATGACTGTATAATATTCCATTCATTATATCACTGCTGAATATTTAGGTTGCTTGTAGTTTTTCCTTTGCTCATTTTTATGAATTAACAAATGTAAAGTATTTCACCCACTACCTTCAAATTATATATACTTGGTCGGCACTTTATTTCCTTCCCGTTCTGCCCCTTTATATAAATAAAGAAAAGTATGAAAGATTCA,False
540,-527,2.0183723,-2.080377,0.016322572,1.4684476,-1.5569531,0.046291463,6.9868236,-6.86415,9.651579e-07,2.8585806,-2.8698792,0.0032415404,-2.518239,2.195998,0.991113,0.21139391,ENST00000575890.1,-527,GTTTTGTGTTCTCATTTATTATCATTTTTTTCTGTACAAATCTATTATTTCTAGATTTTTGTATAACATGATAGACATAAAATTGGTTTATCTCCTCCAAGGCAGTTTGTCTTTTTCTATTCCTCCCCCTTCAACCTGCGTCACAAAAGACCAAGAACAGATGTCGGAAAAGTTTTTTTTTCTTCAGTATTGTTTAAAAGTTTCAATACAAAATAAGTTATAAATAAAAGGCTTGTATGTACAAGGCTCCTCAGAGGGAATGAGTTGTCTTCAACCCCATAGAATGATGTGAGTCCAAGCTGGCTCTAGAGGATCACAGCCCAAGTATCACAGGCCTAGGTTTAAACAGGAAAATAATTAGCTTAAATTGTATTCTAGTCATGAAAGATATCTGATAAAAGTTGTAATCAATGAGAATTCTACACATTAGATGAGGTCTCCTGAGTCCAGTTTCAATTAGTTCAGTAGTGTAGTTTGTCATGATGACCGCCCCTCTTTGGCATTGCTGGACCTCTGTCCTGCAGCCTTCAAACAACTGCCCTGGGAACCATCAGCATCAATAGTCTTCAAGCTAAGATCAAATCCTGTAGATGAACTAATCAAACATCCTCACCATCAGGAAACCACTGACCAGAAAGATTGTATTCAAACTCTTGATAGCCTGGAGCTTTTAGAGCCCAGCAGGAAGATGAGACTCCAAATCTACACAAGATTGAAGCAGGTATGTATCATAGGGGAGGTGCAAACCATGCATGATCAGTACGGGCAGAAAACATGTAAAGACATGATCAGTAAGCACCTGAGTGTAAAACTGCCTCCCGACTCCTGGGTGGCTCAGCCTCTCCACTATGCTAAGGAATCCAGTCTGTCCTTAACCCATTTATGCCAGAGGTTGCAAATTTTTTTGTGTGAAAAATCAGACCTTGGCGATGACCTTGAGCAGTAGGGGATCAATAACTCCCACAGGCTTAGCGTTCCAATAATTAAACAGTAGGCATAAGTGGGTTACTCTTGTTTCTTACCACTTCCACAGGTAATATGTTTGGCTTTCTCTAAAAGACACTGTAACTCTGCTAATAGGCGGTTTGGCATATTCCATCCCAGGACCACCACTTGAGCACCGCCACATCCGAAACATTCCTCGTCTTGTGATAGAGTGCAATCTTCTGTAACCCACCCCTATCTTTCAACACATCCTCAGCCATCTGTCCTGAGCGTCCCTACGTCCTGACCTCACTGGATTCTAACACAATGGTCCTTGATTCCCCCTTAAGTGAAAACCAAAGGTCTAGTGGAACTAGAGCATTCCAAATGTCTACCTTTCCAAATGTTGAACTCAAGACCTACAGAATACAATTTTGTCTTTCCCCCTCCTCTTTTTTTTTTTTTTTTAAGGCACAATCTCGCTGTCACCCAGCCTGGAGCGCAATGGCGCCCTCTCAGCTCACTGCAACCTCTGCCTCCTGAGCTCAAGCCATCCTCCCACTTCAGCCTTCCGAGTAGCTGGGAGTACAGGTGCGAGCCACCACACCCAGCTAATTTCTGTATTTTTAGTAGAGACAGGGTTTCACCATGTTGCCCAGGCATGTGGCGCACGTCTATAATCCCAGCTACTCGGGAGGCTGAGGCAGAAGAATCACTTGAACCCAGGAGGCGGAGGTTGCAGTGATCCGAGATTGCGCCACTGCACTCCAGCCTGAGTGACAGAGCGAGACTCTGTGTCAAAAAAAAAAAAAAGAGAGAACTGATTTCTGATGCCAGGACGACCCTGCTGATTCCACATACTTGGAATCTGTGTTGTTCAGAATCTGTGTGCTCATTCATTCAGCAAACATACAACAGTACCTAGTATCTGCTAGTCACAGGGGCACAAAGATGAAAAAGACTGTCATTGTTGAGCTCACAGTCTAGACATTAGGGAAGGGGTCAAAAAACTAC,False
541,-606,1.7879963,-1.7517228,0.028202984,-1.0510536,0.6296698,0.8430003,5.591448,-5.127734,2.211611e-05,0.9524685,-1.0468624,0.1192732,1.3275961,-1.4044127,0.061110795,0.21032187,ENST00000454935.1,-606,CTCTCCTACCTCAGTCTGCCCTACCCTGGAATGGGGAAAATGCGGACATGCCACTCAGTCCGGCCGCGAACAGTGCTCCAGAACTCAGAGAGTTTTCCAGACGGGTGGAGATCGCGTTCCCTGCCCGCCGAGGTCCCATCGCTTCCCTGCTGGGAAGACAAATGAGGCGCTTTAGCCGTCTCCACGGCCAGCCCCTCCCTCATAACCCGAGATTCTTTGTGGGCTCTTAGTCCATAGCTGCCTTTGAGGTGGTGTAGACCTTGCTAACCAGGACGGCCCAGTAGGCAGAGCTCATTTTTATTCCTGTCTGCAATCGTGCAAAAACGCCTCTTATGGAAAAGCCAGAGCGCCAGGAGTCAGCAAAACACACTAAAGATTGGGCAGTCACTGGGGAGAACACTCAGCCCGCCTGCACCCAGGTGAAATATACAGCCTTGTTGCTCACACAAAGCCTGTTTGGTGGTTTCTTCACACGGATGCATGTGACATTTGGTGCTGAAGACCCAGGACAGGAGGACTCCTTTGGGAGACCAGTGCCCTGTTGTCGCCCTCACTCCGTGAGGAGATCCACCTATGATCTCAGGTCCTCAGACCAACCAGCCCAAGGAACATCTTGCCAATTTCAAATCGGGTAAGTGGTCTTTTCACTCTTCTCCAGCCTTTCTTGCTACCCTTCAATCTTCCTCTCTCACTACCCTTCAATCTCCCTGTCCTTCCAATTCCCGTTCTTTTTCCTCTCTAGTAGAGATAAGGAGACACATTTTATCTGTGGACCCAAAACTCCAGCGTCAGTCACGGACTCGGGAAGACAGTCTTCCCTTGGTGTTTAATCACTGTGGGGACGCCTGCCTGATTATTCACCCACACTCCATTGGTGTCTGATCACCACGGGGATGCCTGCCTTGGTCATTCACCCACATTCCCTTGGTGACAAGTCAATTGCGGGGACACCTGCTTTGGCTGCTCACCCACATTGCAGCCCAGGGCTGCTCAATGCCCCCCGCTGCCCCACCCGCCTTCTCCGTGCCTCTACCCTCTCTTTTCTCGGGTTTACCTCCTTCACTATGGGCAACCTTCCACCCTCCATTCCTCCTTCTTCTCCCTTAGCCTGTGTTCTCAAAAACTTAAAACCTCTTCAACTCACACCTGACCTAAAACCTAAGTGTCTTATTTTCTTCTGCAACACCGCTTGGCCCCAATACAAACTCGACAATGATTCCAAATAGCCAGAAAACGGCACTTTCGAGTTCTCCATCCTACAAGTTCTAGATAATTCTTGTCATAAAATGGGCAAATGGTCTGAGGTGCCTGACGTCCAGGCATTCTTTTACACATTGGTCCCTCCCTAGTCTCTGCTCCCAATGTGACTCATCCCAAATCTTTCTTCTTTCTCTCCTTTCTGTTCCTTCGGTCTCCACCCCAAGTTCCGAGTCCTCTGAATCCTTCTTTTCTATGGACTCATCTGACCTCCCCCCTTCTCCCCAGGCTGCTCCTCGCCAGGCTGAGCCAGGTCCCAATTCTCACTTAGCCTCTGCTCCCCCACCCTATAATCCTTTTATCACCTCCCCTCCTCACACCTGGTCCAGCTTACAGTTTCGTTCCTCGACTAGCTCTCCCCGATCTGCCCAACAATTTCCTGTTAAAGAGATGGCTGACTATCCTGACTTCATCAGAGCAGGCTGGTGCCTGGCCTTCCTGGAATGAGTGGGTGTTCTGACAGGCCCCCAGTTTGTCCCATCTGCACCGCCAAGAGGTCTCCGGGTGGCCAGAGGAGCAAAGTTGCCTTCCAAGTGCCTGTTGGTGCCTGGGAGAACACAGCAGGAGTGTCGTGCGGCCCACAGCGCAGTGCATGGTGATTCCAGGCGCTGAACAACTCCCCTTGACCCTTGGGCCTGCATCTGACTCCCGGCTGCAGAATCAGAAGCTGAGTCCAGGCAACCGCTCGGCCACTCCCGGTCACTCCTCTCTGGACACCCAGTTACTAAAGTCAGCAAAGAAGATGCGGTAATCACCGCCTGATCTCCACATGGTGAACACAACACTCTCACTAACACCTCCTTGACCAGTCAGTCTTCAGCACTGGGGGTGGACAGGCAGGTTTTCTGTGTTTACCAGAATCGCACAGGCTAAGCACAAACATGGAACCAGAGTTCCAGGTGAGGAAACCTCACTCGCAGAAGCCCAGGCTGCACCCCACCAGGTGATGCAGTGCGCCTAGGCTGTGGGTGCTAGGAGCCAAGTGCTAGGGACTCGTCATGAGTGGGAATCCCCACGTTCCTGTCACTGCTGTCAAACAGAAGGTAAACAGTCTTACGAATGTAATTCCTTAGGAAGACTTGTACAAACTTTTATTAGGATATCTATTTATTTAATACTGAACTTTGGCCTACTTTGTGATAAGACTATAAACAAATTGAGGAAATCACTATTTCTCACTTCTGTATTTCTCAAAAAATAATTTTGTTACAGAGTTCAATATACTGTGTACTACTGATCTTCTATTGTGAAAGCAAAGCATTTCATCAAAACAAAGTATTTTAAATTATGAGTG,False
542,-783,-1.3580449,1.456625,0.94346344,0.85581696,-1.5803162,0.080458544,4.397916,-4.043025,0.00021580039,3.6345158,-3.4140306,0.0008679169,1.7380072,-1.9781859,0.023748677,0.20975086,ENST00000564686.5,-783,CACGAGGTGGCTCAAAGGGAACTAAGCTTTGCGTGTGAATTTAGGGTGAGGCTAAGAGCCCTCCAGGCAGGCAGAGGAGGGTGCTGGAGGGAGGAGAGGCCGGTATAGGACCTTCGCCTTGAAGAAAGCACCCAGGTGGATGAAGACCTGATCATTGAAGTTCACCAGTTATTTTTCTCAAGAATGTGAATAACAATGGGATTTGCACTCATTATATTTTTAGAATGGCTTCGCATAATTTTCATGCATCCTGTGGACGATGAACACAAATGCAGCTGTGGCCGTGCCTGGCCTGTGTGTGTTGAACGCGTTCCTGCCGTGCGGGAGCCACCTACCCAGCGGAGCCTCAGAGTCTGAGTTCTCAATCAATAGCGTTTATGGCAGCATTTAGCGGACACAGAAGCACATCTGAAAGTGGAGAGAGACGCGTTTCCCCATTGCTGGCCGAGTCCCACCACTTTGCTCAGCTATGAACACCTGACATCTCGTTTCATTTTCATGCAAAATCTGGAGATAATTATTATCCACAATTCTAAGGCCTTAGGCCCCTCCGCATGAGCC,False
543,-1107,2.0459874,-2.176466,0.014450745,-0.31748855,-0.075066954,0.56031036,5.2479453,-4.793851,4.3539618e-05,0.65603817,-0.64167535,0.21455006,0.3673526,-0.740403,0.24828954,0.20752886,ENST00000437191.5,-1107,ACACCTGACCTCTTCAGTTCATCAGTGGGGTTCACCAGCATCACCCCCATTTTTCATGGGGAGAAACTCAGAAGTGGAGAGAACGTCTGAGGCTACATAGCCAGTACAAAATCGCTTCTTGACCTGCACAACTTTCTGATTTGATGAGTTCAACAGAAACCAACTCAAGGGAGAAGAATAAAGACATTGTTGAACTTAGACTTTGACAAGATGCATATTGGATATCTAAATAGAGATATCAAGAAATGAAGATATGCATTTCCAGTTCCAGAGAGAAATTCACACTGGAAATATAAATTTAGGAATTTTAAAGTTAGTGGTCACATTTAAAGCTGCAGAATACAAAGAGATCACCTGTGTGAGAGAACTGAGTCCTGAAACATACCCGTGTTTAAAGATCTGGGAGGTGCAGAGGAATTATCAAAGGAGGCTGAGAAGGAGCAGCCAGTGAGATAAGCAAAAAGAAAAGCAAGAGATATGGAACTGAACTTCCCTTTGGCAAAAAATTTAGAAAATGATAATGAGGAACATCGATTTCAGCATACCTTAAACCTTTTGAACAGACTTGTCG,False
544,-1234,-2.2409022,2.2550392,0.98896885,1.720174,-2.3454998,0.016862215,4.2035255,-3.7815573,0.00034038848,3.4381468,-3.2868798,0.0011990493,1.6876847,-1.8072748,0.029455995,0.2073653,ENST00000453688.5,-1234,ATGAGAGACAGCAGTTGGCAAGACAGTGAGAGACAGCAAGAGATGGCAAGTGACAGTTATTGTTAAGATGACAAATGGAGAGATGGCAAGAAATAGAGAAGCAGTCAGTGATGGAGGCTGCAAGAGTTGTAACACTAACCAAAGGCTCTTTTTAGAATCATCGTTTTCCCTGGCAGGTGGTACAGCCAAGCAGACAGGCAAGTAAGTGGCCATACTGCTACTGCCTCATGTAGGATCCGGCAGGCTGGTGGGTTATCAGTCCTCACGTGGGACCCTCCCACCATGGCAGCTGAGCACATCCAAGCTGGGGGATCCTGAAGAGACCTTCACCTGGGTGCCACGTGGAAGATTGGCCAGCACCATTTTGACTCCTGTGGATGGCTAAAGTGACCCAGCAGGCTTCCTGAGCCTTAGGCATTACCTGTCATCTTCACTCTTGGAGACCTCAATCCTCAGTTCCAGGTAAAGACAATCCTTGCACAAGGCTTCCAACTCGACCCGCCTACTGACCTGGAGAATGAAAGTGTCCTGCCTCGGGGCCCCTCAGATCAGCACCCAAACTGCACCTGGTCACCTGTCTACATTCAGATTTAGATGAAAGCCACACCATGGAGGCAGCCAGAGGCCCATGGGAGATGTCTGGATTCGCAGAGG,False
545,-1211,1.7525461,-1.9992998,0.02293597,-0.1733185,0.09664652,0.5670843,3.705023,-3.3639426,0.00085038895,2.564144,-2.7779226,0.004763172,0.032081246,-0.20895606,0.44003072,0.2071329,ENST00000562077.5,-1211,CGGCCTCCTCGCTTCTTAAAATGTCTGAGCTCTACGAAGTGGAACTGTTAGCCCTCCGTTTATTGCCTTACTTCACACTGAAATAAGCCAACGTTTATTTTATTTTATTTATTTTATTATTTATTTTATTATTTTTTTTCGAGACGGAGTCTCGCTCTGTCCCAGGCTGGAGTGCCGTGGCGGGATCTCGACTCACTGCAACCTCCGCCTCCGTGTTCAAGCTATTCTACCTCAGCCTCCCGAGTAGCTGGGATTACAGGTGCCCGCCACCACGCCCGGCTAATTTTTGTATTTTTAGTAGAGATGGGGTTTCACCATGTTGGCCAGGCTGATCTCGAACTGCTGACCTTGTGATCCTCCCGCCTCAGCCTCCCAAAGTGTTGGGATTACAGGCGTGAGCCACCGCGCCCGGCCCCCAACGTTTCTTTTTAAGCCTGTCATATCTCACATTAAATGTGTAAGTCTCTGAACTGTAGGGCTTTGAACAAAGGAAAGTTCCATGAGAATACTATATGATGCCAATTTCTACTGTTAGGAACGCGATAACAGAGTGCAGTGGGGGAGAAAATACCGTCCTCAAGATCTGAGAAACTGGAGAGGAAAAGTCACAGGACAACCAACTTCTCTATGACATAGCCCAGCATCTGAGGAAAGTCCTGCAATAGTGGAGGTGGAGCAGAGGGTATGAGCTGGGAAGCAAATGGAGCAGGAGCTGGAGGCTGCCCCATCCACTCCAAGCCAGAGAACAAGCAGAGGCTGCCACAGGAGATCCTGGGCAAGTAATCAGCCACAGCATCTAGATTAGCATGAAGGAAACACTGGCCAAATTAAAAGATGAAACTTCCAAAAGAGTCTCGATCTATTGCCCAGGCTGCAGTGCAAAGGTGCAGTCTCGGCTCACTGCAACATCCACCTTCCGGGTTCAAGCAATTCTCGTGCCTCAGCCTCGCGAATAGCTGGGATTACAGTGCAAAGGGGAAGAGTCAGAAGGTGAATAAATACTCACAGCCGAAGCTCTTCAAAAGACTTCACCGAGTACAGAGGGGAGTTTGGATCCCGCTGCAGGACTTCCACTTGGTTTGTGTTATCAACAAGGTTGCTTCTGATCAGCTTGTTGAGTAAGGACTGGGCAGCTCTGTCCTCTGTCAGGAAAAAGAAAGCAAAGAATTTTAAAAAGTCCTTGAAACCTACCAGGCGTTTACTCTAATTCAACTGCCATTTGTATTTTAAATAATAATGTACTGAACATTCAAATTCAAGGTACGTCATAGTTTTGACTTATAAATTAAAATAGTTTTATTAAAGAAAAAAGTTATGATACATCACCCATTTAGGCCTCATATTCTTTTCCAGACTCTATTCTAACAGCCCTCTTTTCCTGCAGTTATCTATTCCTCCTATCCAGACCCACATATTTACTCCCCAATTTGTACTATATATAAACCTAAAGTAATTAATGTAGCAATCACAA,False
546,-670,3.2565763,-3.2016635,0.0015650995,1.558884,-1.8220645,0.032896206,3.7372737,-3.6950474,0.0005914623,-3.0170405,2.9026923,0.9973213,4.2536025,-4.442296,0.00016724256,0.20650825,ENST00000544499.1,-670,GGATAAACAGATCCTGTGATCAAAGAGTGAGAACACAGCCATAGAGAGCTTTACAAAGGGCATCAGTATTAATGTCAAATGTTACTGAGGCCTCGAGGGAACTAACCAGTCAGAAGCAACCATCGAATTTAGTAATGGACTTCACTCACTTGGTGAAAGCTGTTCCGTGTCATGGTGGCAGAGACACAGCACAGTGGCTGAGAGTGAGCAGGAGCTGTGGAAGTTGAATAATGCCTGAAGGGACCATTCTTTCTAGAGACTGTGGAATGGAATGACTCTCCAGAGCTGCAGATTGAAGGCATATTTTCATCTGACTTTGGTGATTATGTTTCCAATCTCTCTGGGAATAAGGTGTGTTTGGGGTGA,False
547,-189,5.130107,-5.3723783,2.7467346e-05,5.861853,-5.971533,7.258098e-06,-1.1822752,1.202573,0.91566455,1.0137793,-1.2484826,0.094297014,1.8756958,-1.9224048,0.021921962,0.20638366,ENST00000602975.1,-189,TAGCGGGTTATTGCCAAGACTGAAGTGGTAATGTTTAGTAAAAATATGCTTTATCTTGGTTAGTAGGGTAGTAAAGTTTTTGTGAGCTGTGATAAGGAAGTTAAGCAGATACGCTGGGGGCAAATGTGTCACAGTGCAATGTAGCTAATGAGGAAACAGCATTAGGTATGTCTCCCAAGAAAGTATTAGTTTGTGGACTAACTGTGGGAATCTGATGATGATGGGTAATGGCAACTAACATTTGAGTTACTATACCCCAGGCACTGTGCTAAACACTTTACATGGCATATCCTCACAGCTTTCCCATCTAGCAGGGAATATTAGGTACATTTTAGAGGAGAACATTAAGGTTGACTGAGCCAAAGTAGCACACCCAAGGTGTGATACAGCCTGCGTTCAAACCCAGGTTGTCCCATACTCTAGAGACTGTGATGTTAGGACAAAGTGTGATTTCAGAAGATTTGTAAAGAGAAGAAAGTTGTTAGAATCACTTCTCTAAAGCATGCTGATTTTGAGATTGCTAAAATTAGAAACTGTACCAGAATTTACATGACACTTTGTTTGGTTTTGAATTAAGTCATTATGAGGAAGTACATTAAAAAATGTTAAAAGGTTCTTCCTGGGAATTTGTAATGCATTCTTCAGTTCTAATAAATGTATTCTTATATGCTG,False
548,-270,4.1396065,-3.9252338,0.0003143025,0.59032047,-0.8579887,0.19026192,3.4401462,-3.2938733,0.0011883277,-0.8156073,0.7804848,0.8314715,2.6770086,-2.4623866,0.005827079,0.20581262,ENST00000587278.1,-270,ATTTGGAACAAATCTCTCTAGAGATTGAACAGAGCTGCGCCTGGATCCCTCAGCAGTGAGGAGACCTGAAGACCAGAGGAAACACAGCAATAGAGATGAAGTTTCACCATGTTGGCCAGGCTGGTCACAAACCAGCCAGCCTCAGCTGATCTGCCAGCCTCAGCCCCCCAAAATGCTGGAATTACAGGGGCTCACCAGAGAAGACAGGGCAAGGTGAGGGGGATCTCCTAGCAGAGGAAACAACATGCGCCAATCAAGCAAAGATATTTTTGTGCATTCAAGGAACACAGAGAGGAAAGACAGTGGCAGATGGAGACGTATAAAGCAGGGATCCTGTTATGAAAAGCCCTAAAAAATAGGGTATAGAGTTTGGGCCATATTTCAGAGGTAATAAGAAAGCATTCTGCATTTTTAAAGTAAGGTTTAAAAATGTTTCTAATTAGAGATACAGCAAAGTTGGTGTGAGAGGATAAAGACTGATATACATAATCTGAGGAGTTCATGAAAATTCCATGTAAAGCCTGTAGTATGAATTGGTCCTAGGAGACAGACAGCTTCAGGGGCATAGAGAACTTTAAGCACTTTTCCAAGAAGAGTGAAGGGCTGGAGAATAAATTGTGAACTAAAATATATTTTGTGTTTGAGAACATGAA,False
549,-119,-1.5221412,1.5281081,0.95479333,1.400364,-1.6489756,0.045245986,7.572057,-7.43342,3.0423138e-07,8.824498,-8.805037,2.2059208e-08,1.6320668,-1.8952181,0.028545776,0.20571709,ENST00000504409.3,-119,ATTATGTAGAACCATTCCAATCCTGAGTGACAGGATTTGCAAAGACAGCTGTTGGGCTCCACAAACATTTGGAGGAGGGGAAAATGTGAGGTTGGTTGCTACATTCTCCTACTTCTTTTTACTGAAAGGAACAGCTGCGATCTTCACATGTAAGATGAAGTAAACAAAAGCTGACAATGCCCAGCACCATTCAGCAGTAAGCATTCAAATGGATTTTTCCTCACCGCGTTTGCAGGCCCGGCACAGTCTCAGTTCCCCACAGCACAGAGAGGAAGCAAGGTCTTTGCATGCCCTGTTCACTTGGCCAAACATTGCCCTAGATGTGCAATTCAACCCATATAAAGCAAGCGTAATTCAAGAGCCCTGACTCTTTCACCATTTCATGATGGCTTATTACTCGCACACGGCATTGTCAGGTTCCAGCAACTCTGTGTGCAGCAGGCAGAAATGCAGTGTTTATCTCTGACAGGCAAACATTCTTAGGCTCATCGGCATGAGTATCCACGCTGAACTGGCTATCGGGGAAGTAGATCCCTGCATGGGAAAGTCAAGTATCCCCACTGTGTAGAGCTGGTCCACAATGGAGAGGAGGAAAAGTTTTGCATTGGACCAAATCACTGCCTTAGAAGGAAAGAGATTGCAATCCCATTCATTTTTAAGATCTGCAATGGGTTGGGATGATACCCATTTAAAAAAGAAAAAAAAAGAGGTTACCTCTTTGGCCTCTTTGGCAAAGGATATGAACTAGTAATAAAGCCTCAGCATCAAGGCTTGGGAGTCTGGCTCAAAGTGGCTAAGACTAGAAGCATCTTCTAACATAAATATGGCAGCATTAGGAAAATAGCTTGGCCTTTAGAGAGACCCAGATTATCTTCACCTTAAAAACTACCAAGACCCTGGTCCAGCAAGACCACCATCACAGCAGTAAATACATAGCCACCAACTTCACAGAAGGTTTTCCACTGAGACATTGTGAAAACCACAATCCATTACCGGTGGATGAGTCCCAGCTCTCTTACTACCTGGAGCTTCCAAGCAAGACTTACCTGTCCTTTGTTCCAGATTGGTTCCTGGGATCCTGGACCAACACAAAGAGAAGAGGAAAGCCTCAAGGGAAATAAAAGTGAAGGTTTCAGTGATAGTTTAAATATATATTTTTAAATGTTAGCTTTTTTTTAAATACTTCACAGTGATGGATGGAGTATTTCAACCACAATGGCAAAGAATGAATTACCGGCAGTGTCAGAGTTTCTTGTTGCTGTGGGAAGACAGCTGCCATGTTGAGAGGTGCCTTGTGGAGAGGCTCATGTGGCGAGGAACTGAGACTGGCTTCTATCCAACAACCAGTGAGGAACTAAGGCCCTAAAGTCCTATAGTCCACAAGGAACTAAATCCTACCAACAACTACATGAGTGAGCCTGGAATCTGATTTTCCCCAGTGGGGACTTAAGGTACCTACAACCTGGCTGTTATGGGCTAAACTGCATCCTGCCCAAATTTATATGTTTGAGTCTTAACTCCCAGCACTTCAGAACATGGTTTTGTTTGGAGACATAGTCATTAAAGAGGTAATGAAGTTAAAATGAGGTCATTAGGATGAGTCCTAATCCAATAGGACTGGTGTTCTTATATGAAGAGGAAATTTGAACACAGACACATATACAGGAAAGACCATGCGAAGAAGACACAGAGAGGAAACGGCCATCTACAATCCAAGGAGAGAGGCCTCAGAACAAGCCAACCCTGCAGATACCTTGATCTAGGCATCCAGAATTGTATGAAAATACATTTTTGTTATTTAAGCTACCCAGTCTGTGGTGCTTTGTTATGGCAATCCCAGAAAACTAATTAACTAATTGACTGCAGCCTTGCAAGGGACCCTGAACCAGAGGACCCAGTTAAGCCATGTGCAGATTCCTGACTCACAGAACTAGGAGATAACAAATGTTTGTTGTTCTAAGGTGCTAAATGTTGGGAAAATATGTTATGTGGCTATGTTGTTTTGCACATGTGCCACATAATGATGTTTTGGTCAACAACAGACCACACATATGATGGTGGGCCCATAAGATTGTAATACTGTGTTTCTATTATGCATTCTCTATTTATAGATACACAAATACTTGCCACTGTGTTACAATTGCCTACTGTCTTCAGTACTGTAACATGCTGTACAGGTTTGTAGCCCAGAAGCAATAGACTATACCATACAGTCTGGGTGTGTAGTAGGCTATACCATCTATGTTTGTGAAGTACACTCTATGATGTTCACATAATTATGAAGTTGCCTAGTGATGCATTTCTCAGAATGCATGCCCGACATTAAGTGACACTTGGCTTTATGTCTATCATGCATTTAAGATATTGCAATATAGTTAACTTATGTTTTAATACACCTCTTAATTCTGTTTTGATCCCACACCAACCAAGATGCAAAACTAATTTTTTCGCCCATTTCCATAAAAAACACAATTACAATGGGCCTAATGTGGTTTATGTCATTTTCCCTGAAGATTTGTGGTGGTATAGGAAGCAGTCACAGCACCCTGTATAAAGCTCTTCCATGGCCTGCCCCCTTTTCGCAGTCACCTCTATTATTTGAAGGAATGGTCCAACCAACCTCAAAGCTCTGGAAATTTGCCCCAAAATAATTTTACCCTGAAGCCATTGAAGCTTAAGTTTCAGACCCCAGTTTCACATTCCTGTGAGTTCTGCAAGTCACTGGGAGCTATAGAGTCTTCTACGTAGATTTGGGAAACAAGGTGAAAATACCTCAAGAAATCTCAGAAGCCAGGGGCCTGCATCTCCAAGCCTCTGGCAATTTTCTTGTGGTTTCTATCCTCACTCTAGATATTTGCTTTTGAGACTGATTTTGAATTCAGAATTTTATATTCTCTCAAAAAGAGAATTCTCCAAATTCTATAAGCTTCAGGCTCTACAAAACTTGTCTATTCTGCCTAACTAGATTTATCATAGCACGTACCAAAGATGGCCCTGCCTCATGAGGACTTTTCATATCAGACCCTTAGATAATAATATTCCCTCATGTAAGTAATAATATTTCCGCATGTAGTTATGTATGAATAATTTTCATTCATCTATATCATGTTGGCCATAGTCAGTGTCCATGTCCAATTTATTTTTTGTGTCCTTGGTGCTCAGAAAGTTACCAGATGTTCAGTCAGAATTTTATTTAAAATATTTTGATGAACTAGATTTAAAGATAGATTAAATTAATTCCTACACATGATTTAATTTAATGGATAAAATAAGGGACTGAGCATTAGCCTGAACTGTGTACTTGCATTAGCCCTGATGTTCCCCAGAGGGAATAATATGTGAAGAATACTGCATAGGCTGAAAAACAAGAGTTCCCAGCAGACCAATATTCTTTCTTTCTGCAAGCTGTGAGACACCTGGGGAAAGTTCTCCACATTTGGTTTTTCAGCTACTCCACCCATGACTAGAAGGAAGATTTTATTTTATTATTTTATTTTATTGTATTTTTTAACAGTAAAAGAAAAATTATTGTTATTTTAATGAAAAAGAACCACCTGGAAAGTCTAGTGACATTTTTGAAGGCAGGGACCACTTTTTCCAGGGATTTGTTTCCCTATGCTAGTGCTCCATTCACCCTTGCACCACTTCAGCAAAGCACATAGTAGGTGTAGCAGGGAGATGTTAAGATGGAAACTTGGCCCTGACCATAGGCCAAGCCAGGGTGTCTAGTCGGGATTTATCCATAAACATCAATATTTATCACTAGATGATATATTGATTTCTTATCTGCCTCCTATACCTATTGATCTATTTTTCACAGCTTATAGTGGGGAGGGTCATGTTCAGTTATTATCCTTAAACCAAAACAATCTCTTCTTGAAAAATAGGATGCTATGCTCTGATGTTTGCAGAGGCCAGGAAATTCTTGCTCTGAGAGTTCCAGAAAAAAAGATTTGTCCAGATTTGAACTAATTTCAGAAAAACAAAACAAAAACAAAAAACCATCCAAGGTTAAGAGGTGACTTCTGACTCACAGAATGAACAAGAAGGCAGGGGAAAAAATAAGTCCCCCAAGATTCAGGTCAAAGGAAATGAACAGAAGGATGATGGAGTGGCCCAGAGGAGGATCACGTGACAGAAAAGTCAAGATAAATTAGTGGCAGGACAGAGGAAAAGAACTAAAGACCTGCAGGATCCTGAAAGAAAGAATGAAAGGAAGCAGATGAAGATTCTAGAGCCCAGCTGAATAGCCAGGCCGCCTGAGGGTAAAGAGGGAGAGAAAGAGGAAGCAGTGAATCAAATCAAAAAAGGATAGAAAAATACAGAGAAACAAGCCAGGGCACGGTGGCTCTCACCTGTAATCCCAGCACTTTGGGATGACAAGGAAGGCGGATCACATGAGGCCAGGAATTTGAGACCACGCTGGCCAACATGGCAAAACCCTGTCTCTACTAGAAAAATATGGAGGAATGTTTGAGAGATTGTGCACTGCCAGGGGTGAGGACATAAATTTATTTGCTATGTGAATGTTTTTTGAGACTCATCTAGTTCCTTTACAATTTTAATTTAGAATTTCTTTAGCTCCAAATCAGGATCATTAGCTGGGAGTTCTTATAAATCAAAAGCAAAACAAAGCTATTGCAAACAAGTGGGAGTTCTCATAACCTTAATCAGAAAGGCTTGAGTTGCATTTCCAAATCCTGTCTCTAGAGACCATGAGTTTTTAATGATAGTATTTCCATGAAAGCCCAATTGAATACAATCACCACCCAGACCAAAGTGTAGGGGAAATCATAAAGCTACTTTCAAATCCGAGTCTTCTTTGAAATTTAAAATTATATTCCATGATAATGGTTCTCATAAACCTTAATGCAAGGGAAAAAAAAAAAACTACAGCAGAATAAAGAAGATTTAAAAAGAAGCAGGATAGGAAAAAAGACAAGCCAGAGGCTAGCTATATCTTTTCATAAAGCACACCTGGTCTCATAAGCACATGAGAGCTAGGCCCAGAAGTTTCGAGCCTTGGAGACTCACTTCAAACAAATTCCAGGGAAAGACACTCAATTAAGTGTTCAGGACAATTGTATATCCCCAGTGCACTCATGTACTGGAAGTGCTTAAACTCTGCCCTCAGTGGTCAATAAAATGGTATTAAGTCACAGACAACCCATTGCCATTGGTATTGGCTGATGTCTCTGGTAGTTTATGTGATGACAAACATTAGCCTTAACAGCAGAGCCTTCCTTTCTTTGATTTCCGTGTGAAATTCTGTGGCTGGGAGATGTTTATGTTCACATGAACATAACTGTAAGCAAACCATCTTATGGTAGACATCTCTCCAGAAAAAGCAAATTCCATCTTTTTAAATAGAAAAAAAAAACAGCAGCAAAATGAAATTAATGCCTTTGGCTCATTGTGTTGTAAAATTATCCTTGAAGTTATTTCACACTGCCCTAAAAAATCATTGAATTCAGATTATAACACAGCTCTTATGAAGCTGTTAGGCAGTTGCATCTTTAATGAGGCTGAGTAGGTAAGAGGAACAGATACTCTAGATTGAAAGCCATCGCAAAAAATGTGAAACAACTGTATTAAATTTAATTTAATTTAACCAATGGGTGTATTTATTCCCTGCCTTCTTCCAGAAAGGATTTAGGGAGCTTAGGTAATGTGGAGGTCTGAAGGTGTAGATACTCATGAAAGCCTCAGATTAATATCTAGAACATATAATGTGTCCAGATAGTTTTCAATTATCAATGCATTAATCTAAGCTTGGAAAGGACTTTTAAACTGCAATGAAACCTCAACTAGTTTCAAACCTGCATTTTTTAGTAAGCTATTTTGTCATTTGGAGACCCACACAAAAAACCTATTGTTCCTTTAAAAAGGAGAGAGAGAAAAAAAGAAAAACAACCTGCTGGTGTTGCTTTGTTCATCTTATCACCTTATCATTCAGCAGCCTATTCAGGATCAAATGTGGGAAAGTCTGTGTGTGAGATTAAGCCCTATACTCAGCACAGGAATTTCTTGGATAAATGTCTTTCTTAAATGGATAGCTATGTAAAAAACAGAAGAGAAACTCTATTATTACAATGCAGTTGGGTTTTTTTGTTTGGTATGTTTCAAATCTAATATTTAAAATTAAGAAAATTCAAAGCAAACCATCTGTGTGGATGTTTTCATACTCCATTTTTGTGACAATAGCTTGCTTAACCGAGATTATTAGTGGATTCTTTCAATAAGAGGAAGAGAGTACCATCATTAAGATGGTATGCCTCCACTAGCCTTTATTTTTGAGATTAAAGAATGACAAAAATATTTATATATATTTTTTCATTATTAAGACGGAGTCTCACTCTATCGCCAAGGCTGGAGTGCAGTGGCGCCATCTTGGCTCACTGCAACCTCTGCCTCCCAGGTTCAAGCAATTCTCCCACTTCGGCCTCCTGAGTAGCTGGGATCACAGGCACCCGCCACCACACCTGGCTAATTTTTGTATTTTTAGTAGAGATGGGGTTTCACCACATTGCCCAGGCTGGTCTCAAATTCCTGACCTCAAGTGATCCGCCTGCCTCAGCATCCCACAGTGCTGGGATTACAGGCATGAGCCACCACAACTAGCCAAAAAATATATATTTTCTTTAAAAAAAAGTTATTTTCTGCCTAATTACTTCAATATTTCATGAACATTGTGGGGGAAAGAATATTCATACAGTTCTCTAAATATATCAGTGAGTTGAGGTACCAAATACAGAATTCTATTGAATTCTAATTGCAACACTGAAGCAGACTTACTCTAAGATCCTGCTACCTGGACTAACCACAGACTATACCCAGATTCCATCTGCAAGATGTAGTGGAGCCAAACATCACATCACTGAGGAATATTTATTATATATCTTTCTGTAGAGGTGAGAGAGTATTTATAGATATAACAAACAATTGGTCAGATACTACTGGAGATTTGGAAGCTTCACTAGGTTTTTCACTAAATTTGTTGATAGCCAACTCTAAAGCTCATTCTACTACTACTAGCCATCTTCCCTTGGACAATTTCATGGGCATCGCTTCACTGAAAAGAAAAATGAGTAAGTATAATCTCACTAGTACATGAATAACTATTATAAACACAATACTTTCTACAAGGTTTATTACTAATCTATGTCATTTAAGTTCTAGATTTTACAGTATTTTGGAGTGATGAATAAATAGCATGCTGTTCTTCTATAGCTAGCAAACAAGACTCAGCTTTGGAGACAAGAAGAAGGAATACAGGAGATGTTTCCTTGAATGAGTCTTCTTCCTAAACTCTGCTAGAAGTATGTCAGAAAGCGAAGGTTACCTCAGTCTCCAAGTCATGAAAACATGAGGTCTTTCTGTTTTCTAGGGAAAGTATTTCATCATTTCCTAGTGTGGCTTTTTGCACACCCCAGAAGGAGGAAGACAAGCCATCGTGTCACCTTTACATGGTAGTTGAGATGCTTCACATTTGTACATAACATCTTATATGATCGAAAGAGGAACTCAAACTCGACAGGGGAGAATAAGGAAATACATCTAAAACTGACAATTATGTTAATCCCTCAATTCCCTGGGCCCCCAAAATAGTCTCCTCTATTTGCCATTTCAAAATAGCTAATGAGAGGGTAATTGGACATGTAGACACTGAATTTCCACTGCTCATGGTTTCCTTCCCTGGGCTCCCAGTCACCCGGAAGGCCCCGGATTACCTCAAATGTCATAACGGGTTCATCGCATTACGAATTACCTCCTTCTGCCAATAAACTACAAGTTCTTTGAGGACAGAAACTGTGATTTATGGGCATTTGTATCCCCAGAGATTCAAAGAGTGCCTGATACAGAGTGGTGATAGATGATTTTATCATCTTATCATCATCATCCTCATCATCGTTGTACCTAAATAGAGGTTACTTCCTGTTTCTTTTATTTAACAATAACCTATTATAATATATACTATGCATTTTTAATGCACTTTACAAATATTGTCCTCATTTAATCCCTGTAAGGTGAATACTATTATTGGCTCCATTTTGCAGATAAGACACTGAGTCGTGAAAAGGCTAAGTACCTCACACAAGATCACACAGCCAGTGACAGAACTAGGATTTGGCTGGACTCTTAAAGACTCTGGTTTGCCATTTAAAGGTACGCTGAGCTCCACAACACTGCCTTAGAACTTGCTCAGAGCAATTGTCATATTACTATGGTAGGTTTCCCTGTCTCCCTTAAGACTTAAAGCTTCTGGAGATCAGAAACTGTATTGTTTACTTGCAAAATCATGGGCTTAGGAGCCAGAAAGATCTCGATCTAAGTCCTGCCTCATCTGCTTCTTCTTCATGGGATTAGTAGACTGATTTTCCCCTTGCTTAGCCATGCAGTTTGAATGGAATTCACCCCATTCTCAGCTACAACCACGGATCTTGTTTGCTTTAAACCAATCATCACTGCCCAATTTTCTGGCCTTTGATTGATTTAAAGGTGAACACATGACCGCTTTGGACCAATGAGGCTCAGGTGGTATTTTGTGAGGGTCTCTGGAATAGAAAATCATTTCTCTTCTGACAGAACTACAAGGCAAGGCGCAATCACTGATGGTGAAAGATAAAGATCATTATATTAGGAACTGTTGGCTGTCATACTGCTAATGTGAGGTGAGTTAGCCTTAGAAAGAGGATGCTACCTTGAAAGGCAGGGCAGATCTATGGAAATAAACTGAGTTTGTGGTGACATTGATAGCCACTTTAGTTCATCAGCTGAATCCCAATCTACTTGGTTTTTTCAGCTCTGTAAGCCAACAAATACCCTGCTAGTGTTTTAGCCTATGCCAGTTGTTTTTTCTGCTGCTTGTTAATAAGACACATACAGTCTTGGACAAATTATATAAAAATATGAATCTTTGGCCAGGCATGGAGGCTCACGCCTGTAATCCCAACACTTTGGGAGGCCGAAGCGGTCGGATCACAGGGTCAGGAGTTCGAGACCAGCCTGGCCAATATGGTGAAACCCCGTCTCTACTAAAAATACAAAAATTAGCTGGATGTGGTGGCACATGCCTGTTGTCCCAGCTACTCAGGAGGCTGAGGCAGAAGAATCGCTTGAACCCGGGAGGCAGAGGTTGCAGTGAGCTGAGATCATGCCACTGAACTCCAGCCTGGGAGACAGAATGACACTCGGTCTCAAAAAAAAAAAAAAATTCTGAATCTTTGAATGTTATCGTATAGCTTTTTAAAAGACTAGATTAAGCTATGGATGTAAGCACCAATGCATTTTTTTAAAAGTATATTGGATGAATGAGTTAAAGTCTAAGTGAATTCAGCAAGTTTGTAACCCTTGAGCTCTTGTGAGCTCAATCTGCCCTCAATCATCTGAGAATGAACAAAACAGACTCAACCATTTTGTGTCATCCAGATGAATAGAAAGGGCCTGAATATATTCTTTTTTTATATTTTTTGTCATAGGCCCTAGCGTTTTCATCTGCTCAGTTTTTGAGTGTGCTTGTTAGGGCTTTAATGCTAAACTCAATGTAAGCTGGGTTTATGTAATTTAGTGGTTTCTAGACTTAGGCTTCCTAAATGTTCCATTAGACAAGAAGACAAAATATGAAACAAAATAACATCAAACTACCATTAACAATTAGCATTGTCAGAGTCAGTAAAAACTGTTTTGAAATAAAGCAGCTTTTCAGGCCAGTATTTGAGAACTAATGATAGAGTTTTTTTGTAGGCAATGAATGAAGTGTTGTGGAACAAATGTGGATTTGGACTTTCAAGACCAACTTGAACCAGAGTCTTGAATCTGCAACTTTACTAGCTGTGGCTTCTTTTTAATTGATTAACTTTCTTTTTCTGTAAAATGGGAATAATGATTCCTACCTCTTACAAGCGTTGTGGTAGGAGGTATTCCAAATGAGATAAATATGTGAAATCACTAAAACTTCCAGAATACATGGAAATAATATATGTCTGTATTGGCAAATTATGAGTGTAGTAATGAGGGATTTACATGGACACATTTACATTCTTTAGTTCAGACTCCCTTTGACGACACATAACAAACACACACAAGAATATTTGCCCTGTGTCCAGCACTCTTTTGAGAATTTCTCTCTTCTCCTCCTTCTGATATCCCAACCAACCAACCAGTAGGAATGTGCCCTAGAAACTATGTTTTACAGCTCAGTCCACATCTTTTCACCTTACAAATTACTTATTGTTAGTTTCTTGGGAAAGTAAAATTGAGATATTAAGATTCTATGAAATTGGTTGGTGGTATTGAAGACTGTGCTGCTGCTGCTGCTACTGCTCCAGAACTCTAGTGGAGATATTACAAATGGGAGCAGAAAAAGTGAGAAGGTGGTCTGTAGAGACAGAGCACAGCACAGAGGTAGAAAGGTTGAGATAAAGAAACAATGCAGTGAGAGAAGGAGAGAACACAGACATAGAAACAGAGACATAAAGGCACCAGACACGAGAGCAGAGATAATTTAATAAGGCCGTAGTTTCTCTTGGATTTCCAGTTCCTTCTTTTAGTCAATTCTGATATTTAGCACACTGCACTGCACCAGATATCTTGTCGCCTTCAAATAAAGTATTTTTCCCCCTTAAA,False
550,-555,-2.5862205,2.5977135,0.9944253,1.8149396,-2.4458823,0.01391436,4.406417,-3.988508,0.00022596034,3.5763693,-3.4164288,0.0009176303,2.0760436,-2.2081344,0.013597509,0.20461614,ENST00000437643.1,-555,GTGAGCTAAAAGGACGCTTTTGTCAGAGTGGGGAAATAAAAGGGCTTTATGGGAAGGAAGATAAGAACAGATGAGTCAGAGGTTTCTGCTTAATGGTGGTACAGCCAAGCAGACAGGCAAGTAAGTGGCCATACTGCTACTGCCTCATGTAGGATCCGGCAGGCTGGTGGGTTATCAGTCCTCACGTGGGACCCTCCCACCATGGCAGCTGAGCACATCCAAGCTGGGGGATCCTGAAGAGACCTTCACCTGGGTGCCACGTGGAAGATTGGCCAGCACCATTTTGACTCCTGTGGATGGGAAACCCTGGAACAGTGTCTATAAGTCATGAAAAACAGAGCAATTGAAATGGAATCTCACTTGGGACCCCAGTCACTGCTCCAGACTGACCAGTCAGTGGACAAGGCTTCTCGCATTGCTCACCAGCACCCAAACTGCACCTGGTCACCTGTCTACATTCAGATTTAGATGAAAGCCACACCATGGAGGCAGCCAGAGGCCCATGGGAGATGTCTGGATTCGCAGAGGAATAGCTCCATGTGATGCAAACCTTGACTAATGGGAACAGGAAAAGGGAGGAAACCAGGAAGATAAATCTCCCTCCCTTCTCATTG,False
551,-496,4.7002525,-4.9771166,6.268228e-05,3.2105913,-3.3356144,0.0014334947,2.242622,-1.9540396,0.014822706,-4.529982,4.3114843,0.9998554,2.5136724,-2.4790108,0.0067416686,0.2045832,ENST00000604070.1,-496,ATAGTTGGCTGTATTTCTGGGTTCTCTATTCTGTTCCATTGGTCTATGTGTCTACTTTTATACCAGTACCACGGGTACACTAAAATCTCAGACTTCACCACTATACAATTCATCCATGTAACCAAAAACCACTTTTACCCCAAAAGTTACTGAAATAAGTATTTTTAAAGATTTTAAAAAATAGAGAGGAAAGAGGAGGCTATGAAATTCCATAATGGAGTTACAGATGCTTGACATAATTTAGTGGATATTGGATTTAGAAGCTTACATGAATGAGGCAAACCTGAGATCTGTGATATTTGTAAATGAAGATAGGAGTGAACTTACTGCCCTTAGGAGTGGAGGGAGGGAAGGAAGGGAGAAAATGAGAGATGCCATAAAATCTATTACTTCAATGGATTTGAAGTAATCCTTTGAAGCAGGCAGTGAGACTTACTTCATAAATCCATACCTTTTTAATGTGGATTGGAGAGAAGTTGTTGCGCTGTAATACCTCTGTTGCTACTGTGAGAGTCATTGCCAGCCACTATTCTCATGTCAAGCTGCCCTTGAGGAGGTTTCTCTTGACCCAATTTAGAAACAACCCAAAACAAGGTTTGTAACTTAGAGGAATTCTTTGATTCTGTGACAAGGGGTCTGTGACCCTCTTAAAGGGATCAAGTACACAGGAGATAGTACAAGTAGTACTAAATAGCCAGCTTAAAAAATTGGATAGGTGAGATGAGACAGGAACAGTGGACAGAATGGCTCTAGGCATCCCCAAACACCACATCTGGGATAAGGAAATAGTACAATGGAAAGTCTATCCTTGGACCTACTATTTGTCATTCCCCATGGCATGATGGAATATCTAAAATAAAAAGAGTTGCTTTGGAGAAGGATTGCAAAATATTATTTCATAGAAGAGATTTAGAAGAGGGGAAACTCCCAATTACATAAGGTGGGCATTATAGCTTCTCAAAACATTGGTTCCCTATATGGGTCATGAAGATTGATCCCAGTATCAGCCTATGGCTTACTAGGCCAGTTTAACTGAAAGATTTAATGAGCTTGGAAGGATGCTGCCACCTGCACTCTCACTTTGGCGGGTGTTTATCACCAGTGAGTGCGGTCCCTAAAGGAGCAAAAGGACAATAAGCACCCAGTGGACAACAGTGTGGCATTTTGAGTGAAGATAGCAACTGAAAAGGTCATCGGCTTGGCTAGATTGGGCTGGGCTTGTTTTTTAAAAATAAAAAAAAAGTTTTCCTTCATGATAAAAGTAACAGGTGATCATTGTTAAAAAATAAAGTATGAATTAAAAAGTAAATAATATGTATAATTTTATAAGCCAGAAAACTAATTTGTAATATTCAGGTGTATGTCCTTTCATTCTTTTTAAAAATTATGTATATAACACAGTTTTATAACAAAATTGACATCATATTGTATATATCATTTTATTATCTAATTTTTTCATTTGAAAATTCACAAGCATATTTCCATGTTATTGTTCTTTGAAAAATACAATATTAAGTGCTCCATAATATCTTATGGATTTAACAAAGTTTATTTAGATGATGTCATGTTATTGGACATTTTGATTATTACCAAGTTTGCGTATAAAATTTAAATGTAATGAACATCATTGTACATTAACCTTTATGCACATCTGGAATTATTTCTTTAGAATAAGGTTCCAGAATTAAAATTATTTAGTTTGGATGATGAGAGCATTTATTAGAGCATCTGACAGGTGATGCTGAATTTTCCTCAATACAGTTGTGCAAATTGCATTCCCACCAGTAGTGTATAAATGTGAATATCCCTCCATATATTCATCAAAACATGGCCTTTCTAATTTTGTAAATCTCTGCTAATTTAATAGGTAAAAATATACCTTTGTTGCTTTAAAATTTTTATTTCTAATTTACACACAGTAAAATTCACTCTTTTTAGTATATGGTTCTATGGGTTTTGACAAATGCACAGTCATGTATCTTCTACACTAGTACCATACAGAGAAGTTCTGTCACTTTAATAATTTCTCTTGGTGGCTCTTTTTGTATTCAACCCCTTACCCCATACTCAATCTCTGGAAACCATCAATTTATTCTTCATCCCTATGGTTTTGCCTTTTCCAGAAGGTCATATAAGTGGAATCAAGCAATATGTAGCCCTTTTGGTCTGGCTTCTTTCACTTAGTAAAACGCAGTCAAGATTCTCCCATGTTTTGTGGATAATTATTTCATTCCTTTTTATCACTGAGTAGTACTTCATTGTGTGGATGTACCACAGTTTTATTATCCATTCACTAACTGATGAACTTGTAAGATGTTTCTAGTTTTGGTGAATATGAACAAATTTGCTATAAACTTTCAGGTATAAGTTTTGTGTGATAAATGCTCATTTTTATAGGGTAAATGCTTTGGAGTGGGAATGAGTGCCAGACTGTTTTCTAAAGTTTCCCTAGCATTTTGCATTCCAATTACAAATATGTGAGAGTTCCAGTAGCTTTGTATCTTTACCAGTATTTAGTAATTTTGTATTATACATATATATGTATGTAAATATATATATATATTCATTTAAATTTTAATCATTGTTAGAATTTGTAATTCCCCAATGATATATGGTATTATCTTTTATTTGTTTATAATTGACACATAATTATTTATGGGATACATTGTGATGTTTCAGTACATGTGTACATTGTATAATGATCAAATCAGGATATCACCTCAAACCTTATGATGATCTTACAGTTAAAGATGATATATTCTTGCAAAGTGTCTGTTCAGATCTTTTGCTCCCCTTTTTATTGGATTATTCCTTTTCTTACTGTTTTTATATGTTTTTTAATATATTGATACAAATCCTTTGTCAGATACATTATTTGGAAATAGATTTTCCTAGTCTGTGACTTGTCTTTTCATTCTTTGAACACTGACTTTTTTAGAGCAAAAATTTTAATTTTGATACAATTCACTTTATCAATTTTTTTACTTTTGATGTGCAATGTAAGAACACTTGTCTAACCCAATGTCATGAAGATTATATATTATTTTCATCCAGGAATTTTATAGTTTTAAGTTTTACATTTATATCTATGATACTTTTTGAATAAAGGTTTGTATAAAGTTTAGCTATGGGTCAAGGTTCAGTTTTTAAAATATGGCTATCTAATTGTTCTAGTACCATTTGTTGAAAAGATTGTTTCTTTTTTATTGCATTGCTTTTGCACTTCTGTCAAAAAATCAATTGATTATATTTGTTTGGGTCTAATTCTGGGCTGCCTATTCTGTTCCATTGTTATCCATTCACAAATACCACACTTTCCTAATCATAGGAAGTCTTAAAATTAGATAGTGTGTACAACTTCGTCCGTCTCAAAAATCGTGTTGATTACTACTTTGCTTTTCCAGAAATTTTAGAATTGTTGCTTTCTATAAAAAATTCTGCTAGTATATCTGTTGAGTTAGAACTATAGATGAATTTGAAGAAAATTTACATCCTCACAATATTTTGTCTTTAGGCCACAAACATGATATAGCTGTATATTTATTTTGGTCTTGCTTTTTTTTCCACTTTCAGCATACAGATCCTGGACATATTTTATATTTATACCAAATATTTTATATATTTTCTACTGTTGTCAATGGTAGTGGTTTTTAAATTTTCAAACATTCATTACTAGTATATAGAA,False
552,-160,2.6840212,-2.9632936,0.0035145783,1.6931161,-1.9435505,0.02566401,3.5936868,-3.251082,0.0010638797,-2.3085504,2.0412643,0.98725533,3.5942264,-3.8966053,0.00055786734,0.20361114,ENST00000551361.1,-160,GGTTCATGATGACACAGGACCTTGTCTGAACATAATGATTTCAAAATTTGAGCTTAAAAATGACACTCTGAAATCCAGTCAGTGTGCCTCACTAGACTTTTCGATTTCAAGATTTTCTGCAGAAAATGTTTTGAAAACTTTGAATACTTAAAAATGGCAGGTGTAGTATTGCACTTTGCTAGTTGCTCAGATACCCTTTTTTATTTGTATAGATATTCTGAGTTCCTTTTTTTTTCTACATGTTGTACGTTGTCGAAAGCTAAAAGGAAACTTATCCTTGGATCACGGAAGGCAGAGGCATTTGGTGAGATGGAAACAAGGATGTGTAAAAATGAGACGACCACCTCTCGGATTAAAAAAAAAAAGTGCCAGAGTTCTAGGGTTCTAAGTGATGTCCAGGAAGGAGGAGGAATAATATTTATGGAGCATATATTATGGAACACAAATATTCCCTCTGTATACTTGCATTTTTTTCTATCAATTGACGCTTACAATTATTTTTGCAAGTTGGAAAAAAATGCAGTATTAATTTCATTTGCAACAAATTTAA,False
553,-1399,4.0319405,-4.2469473,0.00025375496,4.7950063,-4.734645,7.265965e-05,5.358613,-5.274724,2.4098497e-05,-2.3978126,2.1972609,0.9899996,1.8289617,-1.7303691,0.027670417,0.2036041,ENST00000498655.5,-1399,TTTCAAGACCTTTTAAAGTGAGACCTGCATATGTTGAAAGAGTTTCAGAGAGTGAAGCTGGGTTCTTAGAAGCTGGAATGTCCCAGCAGAATGTAGAAATGCGAAAAATTCGGCACAGTAGTCTAAAGTGCACCCACCACTAGAATTTGAACATCCTAAGAACAGGTATTTTTGTCTCTGCTTTGCTGATGTATCCTCAGCAACCGGAACTGCCTGACATCTGATCCTTTCTGTGAGACACCAGGCTGTTGAGGAAGAATCTATGGCAACATTGTATCTATTAATATACAGCTTCTGTATTTATCAGTCCTGTTTCCATGATTTTCCAGTGGCTCTCAGTACATTCACTAGTCTCTATGACTGTTAATCCAGGCTTTTCTTGAGGCCCAGTTCTGGTGATGATTTCACTTTTGACAGAAGCTGTCCCTCAAAAGCAAACATGCAATAGAAGAAACAGATCTCAATGCCATCCATCTGCAGTTGTGACAAGCAAAAAAGTCTCCAGACATGGCCAAATGTCCCCTGGGGGGCAAAATCACCCCCAATT,False
554,-400,-0.36092913,0.27002877,0.6527066,0.3802281,-0.46762767,0.29988286,4.3980875,-4.238249,0.00017750464,1.3325728,-1.42833,0.05947384,3.1922812,-3.0681672,0.0019067462,0.20282952,ENST00000509938.1,-400,ACCCTTCTGGAGGAGAACACGAATCTTTGGGAACTAGTTCAGGAAGGGATTCTGCATCTTCAGAGCTGCTTCTCTTCCTCTTCCCTGTTCTGACTTCAGGATCTGGACTTACCTCAATTGCTTTTGCTGCTTGTTCTTTTGTTTCAAATTCCACAAACGCAAATCCCTTTGGATCTCCAGTAGACTTATAATGTGGTATACTTATATAAACAACATTGCCACATTTCCCAAATACTCTTTCAATCCAGCTGTGATTAACATTTTTGGGAAGTAACTCCTATTATAAATTAAAAGCAATATTAGAGTTTTTCACAATCAGAATGTCAATAAATTTTTAACTTAATT,False
555,-210,2.5874405,-2.6361694,0.0053589703,1.6217557,-1.7941078,0.031803355,1.0428046,-0.6901574,0.1502091,3.6522613,-3.568302,0.00073085603,-0.7639173,0.7872941,0.82508856,0.20263818,ENST00000591365.1,-210,CCGGCCGCGGGCATCGGCTGCTTGGGAGGCGCGGGCTGCTTGGGGGGCGGCGCGGCGGGGCCCGCGGGCTGCTCGGCGCTGCCGGCCGCGTTGCCCATGGTGGTCCCCACCCAGCCGGCCAGGCGCCTCCAGCCTCGGAAATCCAGCTTTCCGGGGGACGGGGACGAGGCTCCCGGCCCGGGCGGGGGCGAGGGGGCAGCGGCTGGCGGTGGCGGCGGGGGTCTCGGCAGCGGGGGGCGCTCGGCTCAGCGGCGCGCAGGGGCCGGAGCGCGGCGTCCCATCGGGGCGGCCCCGTCCGTGGGACCGGGCGGCGAGCTGCAGGGTTGGGGGAGGAAGTCAGGCTGCAGGCCGCCGGGGCCAGAGGGCTGGGCCGGGGGCAGGAAGCTGCGGCGCTGGCTCCCCCCTCGGCGATTTTCGAACTTCTGCTGTCGCTCCCCGTGCGCGCAAACCGCAGTTCGCCGCCGCCGCCGCCGGGCACCCAGCCCCAGGGGGGCGGGCTGGAGGGAGGGGGCGGGCGCTGGCCGGGGGACCCCCGCAACCATGGCGGGCGGGGAGTGGGCTGCCGAGCCGCTTCACCTGCCGCAGAGGGGGCGGCCGGCGCCGCTTCACCTGCCGGAGCGGGAGGCCACCGAGGCGAGGCCGAGGCGGCGGCGCGCTCGGCGGCGCCTCCGGGTCCTAGAACCGCATCCTCCCGCTCGCCTCGGGCGAGGGATTGGCCGGGTCTGGGTGAAGGGGATCACGGCCTGGGGATTGGAGGGGCACATCTTCTCCGCACCGAGGATCTCAGCGACTGCGAGCACGGCTCGGAGACCCACGGTGGTGCAGCGTTGGGGCGCCAGGGCTGCGTTCCCGTCTCGCGTCCCGGACTGAGAAGGTGGGAACCCCCTTCCAGGCCCCCCACCTTTTATTTCTCTCCTCCCCTGCTTAGCCCAGAGACGAGCTGAGGACGAGGGGGAGCCATCTCCAAACAGGAACTCCTAAACAGGGTGGGGGGCGCGGACGCAGGCCAGTGGAGACCCCCGCCACCTGTCCCACCTCGACCAACCGTGCGCCTGTGCAGGGCACCCCTACAGGTTTTAGAATGGGGGCACCTATGGAATATGGCAGGCTGCGAGAAGCTGGGCCCGCCAAGGTGGTCCCAAGGAGGAGTGGGGGGTTGCGGAAAGGAGGATGAGAGCCAGCCACAAGGCTGGAAAAGGAGTGGGCACCGCAGAGGAGGGAAAAAGAATCTTGACACTGTCACCGCCAGGGATCTAGGGGGGCCTCTTACCTTGGAGAATAACAATCTCTGATGTCTGCTAATTACAGAAATACTTTCAGAGCTCTTTCATTCATCCTGACAATGGCCAGAGAAGGTAGGTATTGGTAGCCTTATTTTAGAGATGGGGAAACTGAGGCTGAGAGTAGGTAAGTAAGCTGTCCAAGGGCACTCAGCTAACAAAGGACAGAAGCAAGCCTCCTCACTGTCTACCTCCAAAACCTACACTGGCTTGGAGTTGCTGTCCTGGCCCTCCACTGCCCATCTCATGTAGGACGGGAGAGTATGGGGGGCTGGGGTCCCATCTATAGCCTGAATTTGAGACTTTCAGTTGCTCCTCTCATTCCCCATTTAATTTGTGGGGATCCCCAACTGACCCCTCCCTACACTTCCAGGGCACTGAGGAGGGAGGGCCCGCTGAAGGAGCCCCGAATTATCTCTAGGCCAGGTCAGGAGCCATTAGTGTCCCCTCCCCTGACAGCATCCTCCTCCTTCTGCCCTCACATTCAGAGCCACTGACAAGACTTTAAGCAAGAGACGGAGAGTTAACATCTAATCTGGAGGAAGACCCTGGAAGGAGCCAGCCCCTTCCCCCAGGCTGACCTGGTTTAAGCCTTTCTTCTGCCAAGGTCACCAGCACCCCAGATGGGTGAGAGATGTGATCACTGGTTTCGTGGCCTGACCAAGGACCTCCAAGATTCTGTGGCAGATGAGAAATGCCTTGGTCCTTGGGCTGCTTGCAGCCTAGCGAGGGACAGACTTTTAACCTCTCTAGGAGAGTGGCTGCTTCAAGTCATCCTATGGGACCAGCTGTTCATGCTTCCTCTTGCCCAGAACTACTTCTGTGAGAGGAAAAGAGAAGGGTAGGAGCGTGCCCTGCAGCTGGAAACCCAAGCCAGGCGGGGAGCCACGAATGCAGTAGTTATCAGACTGTATCTTCAATCCTGGGGGCTTCTCAAGCCATTGCCAGCCACTCTTCA,False
556,-590,4.3523483,-4.4857264,0.00014508079,1.8471085,-2.1634355,0.017800923,1.8858992,-1.9187541,0.021781905,-2.028371,1.5217738,0.97208136,11.709255,-11.752832,6.464647e-11,0.20236185,ENST00000458683.1,-590,CGGGCTGGTCTCAAACTTCTGGACACAAACAATCCTCCACATTGGCCTCCCAAAATGCTGGAATTACAGGTGTGAGCCACTGGACCAGCAGGACTCTAAATTTTGGTGCTCAAAAAACATTTGTTGAGTAAGTGAACCTGAGACTATCAACAAGCATTATTTTAAAATCACTAGCAAAGGAGATTGTAAAATCAGGAAGTATATCTAAGTCACCTCCAGTAGCCGTAACTCTACCTTGTCCAGTAAAAGGACAGTGTACAAATCATGAATTCAAATAACCACCATGCAGGTCAAGAAGATAAAATCAGCAGCACATTCCAGGTCACCCTCTTGTCTCTACCATCCCTTCTCATCTCTCCAAATATGACCAATAACCTTAGTTTTGTCAGTGTTTGGAATTTGTATAAATGTGATTGTACAGAATGTACCCTTTCGTATCTGGTTTCTTTCAGTCAATACTATGCCTATTTTATTTATTCATGTTAATGAATGGAAAAATAGTTCATTTATTTTAACTTCTGTTTGGCATTCCGTTGTGTGATCATTCTACAATATATGTATTTTACCTATAGCTGGTGGGCTTTGTGCGGCTTCCAGAATAGTAATGTTATATATAGTGCTATTATATTCATTTTTGTATGAATACAAATGGTACCTTTGTTTTGTTTTGAATAGGAGGGGATTTACTAGATAAATGGGTTATGGGTGTTTTCAACTTTGACAGACCCTAAAAGTTTCTCAAAGTAATAGTACCAAATTACCTTCTCACCAGGAATATAAGAGGTCTATTTTTTTCTAGGTCTTTGGTGATAACTGCTGTTTTAGCCTTTTAATTTTGTCATATTTGTTGATTTGCTG,False
557,-509,1.9712377,-2.3242717,0.013446359,2.0865517,-2.1379433,0.014421695,5.5738626,-5.3119926,1.8720835e-05,6.216993,-6.53003,2.9109663e-06,-2.1530335,1.908185,0.98306376,0.20219068,ENST00000565861.1,-509,CTACACTGTGTTCACACTAAGCAGATTTTGCTCTTTTTGTTTCTTGTTTTTTTTGAGATGGAGTCTCGCTCTGTCATTCAGGCTGGAGTACAATGGCACAATCACTGCAATCTCCGCTTCCCAGGAGAATTGCTTGAACTGGGGAGGCAGAGGTTGCAGTGAGCCAAGATCGCACCACTGCACTCCAGCCTGGGTGACAGAGCAAGACCCTGTCTTAGAATAAATACATAATAAATAGTATGTATTCTGGCACTTTCGATACAAGGAATTCATGGCTTGGTTGTATGGTCCCAAGAACATATCAATCCTGTGTTAATATAAGAATATTATCTTGTCCTCTAGATAAGCTACCTTACCTTCCAGGCTCACAAACCACAAGTATGTAGCCATACTGAGGCATGGAACAGAAAACTGTATTTGTTTTGAATGAGAACACATTTGCCTTTATCAGACCACAGCTGCCTTCCAGGGTAAAGTCAGGCACTGACTGTTAGCATGGCCCTGAAAGGCAAGGGAACCTTCACATACCTGACATTTGGTTTTAGCTGTGGCCCGAAGCAGTAGTTCTCAACTGGGGGTGGTTTTGTACCCTCTCTCCCCA,False
558,-342,-0.03324437,-0.16547114,0.4669914,-0.055566967,-0.26037404,0.44897646,4.193191,-3.6240687,0.00040256162,1.6367936,-1.6068931,0.03755441,1.3371426,-1.4823539,0.05627966,0.20204088,ENST00000598163.1,-342,GAAGAGGTGCTGCTGGGGTGGTTGGAAGCCGGTGGGGGGCGGGTGTATGGCGGCTAGGCCTGGAAGACCACGAGGACCGCTAGCGCCGTGGGGTCACTCTTCCTCATGCCACAGGTTGCCGAGCCTCGGGGGAGAGGTGGGGTCCCAGGGGCCAACCCTTGGGTGTGTTGATGGCGGCAGGCTAACCCAGCCAACGGGGTGCCACTGCCGGGCAAGGTGAGGAGCAAGAAGATTTCCAGGGCTGGGAGGTAGAGGGCCAGGACCCCAAGGAGAGGGCTTACTGCGAGGAGCAGCCCAGGATGGATAAGGAGTTGAGGCCCCAGGGATGCTGAGCCTGCACAAGTGGAAGTGACTGGCTACCAGACTCTGAAAAACCTAAGTCCTTTAGACTTCAGTGTGCTGAAAGTTCTCCCATTGAGAGCACTTATGCAGTTGGGTGAACTATCTGCATGAAAGTGACATTTGCTCATCTGTCTTTCTCGCTGAAGTCATCGTCTAAAGGATATGTTGAAGCCGACCTCTTCCTCCCCAAAGAGAGCGTGTCAGGA,False
559,-517,2.6626012,-2.508854,0.0056442637,0.4048444,-1.263694,0.15861915,9.5682335,-9.075967,7.997e-09,3.4806507,-3.5380456,0.00089419115,-0.9357947,0.7548682,0.84431136,0.2018938,ENST00000561788.1,-517,AAAAGTTTGATGCTCATTATGTTTACAAAAGCACTGCATTTTTTGAAAAGTGTCTCACTGTGCTATTAGCTCATTTCTTGAGATGTGGTTCTTAGGAAAGAGAAGCCTTAGTAACTTAGTTTAGAGATGGCTTGGGCACTCGGGAGATTTTTTCAATTTCCTGTGGCTATGGAGTGCAGGAGAATGATGCCATTAACTACCAGACCCTTGAGGTCAGCACAGCTCTGGCATCTTCCTGCAGGCAGAACCGTATACTCCTGAGGATTTGAATGCTGTCCTACTGCTGACTCAAAGGCTAATCAATGCATGTGTTAAACTGCATGGACATTTAGCAGACATGGTGATCTGTATATAGCCATGCCTTATAGTCCACAGTGGAGCATACATTTCCTGAGAGCGTAAATCAGCATTCGCCTCCTCCTCCTCCTCTTCCTTCTCTTCTCCCTCTCTCCTTTCTCGTCTTCAGTAGTTATTGAGCATTCACCTCAGTGTCAGGCACCATGAGTACTTTCATGCATCATCTCATTTGATCCCTGCAACTTCACTAGAATGTCAGTTCCACTGATGACAGTGTATTCAGAATTAATTTTCTTTAAGGAAAAAAAAAAGGAATTTCTTGAGGGGCTTTCTACTGTCCAGTACTCAGTGAATATCTGTTGAATTAATATACTCCAATCCCATGAGTTAGATATGATTAGTGATGAGGGACCTGGGATTGAGACATTAGTCTAATGACACTACATTCTAGACCCTGTTGCTAAGCACTTCTTGTATTGCATATCAACTCATTTACTCCTCACAGCAATGTGAGATACATACTGTCCTCCCTGTTTTATAATTGAGGGAACTGAAGCATAGACAGGTTACATAGCTGGTGACTGGCAGATGAAGTGACTTATCCGTGGTCCTGCAGGTGATGAGTGGCAGTACTGTGCTCTTATCACCAGCTCTTGAGCGTGCTGCATCCTCTCATTTGTCGTTGGTCTCCCCTAGTGTTCGGTACTGTGCCTTGCACGTGTTTATACTCAGTAGCTTTTGAATGAAAGACAGACTTACATTGCAAATACAACAGATTTCCGTGTCTTATTAGAAACTGCTTTTCTTGAATTACTACATGTAACTTTTAAATGAAAGATTGGTGAATATTTCCAGATGTTGAAATACAAAAACAGGTGGCTGAACTTAGAAACCACCAAGTGGCAGGTGACTTTGCCTGACATCCGTGTTCACAGACCTCCACAGCCCCTGGTGAAAACCACTTCTTCATATCCCATGTCCGTCTAATTACATGTGTTATTTTTTGTCATTTGCAGAGTCAATGGTTGCAGGAAAGTTTGAAGAAAGTGAATTACATCAAAATCTTGGTATGGTATATAATTTCATCTGTTTTCAAAATACAACTTTTTTTGAACTTCAGCAACTTAGAATGATTTTAGAACTTTAGAATGATTTTCTCCACATTTCAGTGGAATTGTGGCAGCTCCAGTAAAAAACAAAACAAAAAACAAAAACAAAAAAAAA,False
560,-447,3.57844,-3.3567433,0.0009719987,0.70380676,-0.9587363,0.15942092,3.4624221,-3.3185017,0.0011339384,-0.84273744,0.82884836,0.8417871,2.708146,-2.4897661,0.0054977024,0.20176235,ENST00000593438.1,-447,TCCAGAAATTACCAGCCGCCGCCGCTGCGCCCTTTCTAGACAAATCCCACAGCAGTTCACCCGGCTCCCCCAAAACCGCAGAGCTTTTCTTTACTGAGAGGACCCCTTGGTTCCACCAATTCCCCCAAATCCCCGTGGCTCCCGATCTCTCATCCAGGGGGACTAGAAGAAAAGATTTTCTCAGCACTAGAAGAATACTTGGAGCAGCAAAGGTGCCCGTGGTGTCTTTCTACCATTCAAGGGGTGTCCTCCTGAAGGCGTCTGAGAGGGCCTCTGGCGGTTCCAAGGCTGTGCAGCCGGGGAGGAAGGTGAGGAATATCGTGGGTAAGAAGAGGCACCAAAATCACAGAATAGAGAGGAAAATTATTGAGGAAATGTACTTGCCTGTGAGGGTGAAGCTGGCATTTCGAGGTAGAAGGGGACTAGCCTTTTTTGATATCTAATAGTTTAGCATTATACGTAATGGACTCACTTTAGCACTTTCATGGGAGGAAAAACCAATCTGAGCTCTATAAATGTGGCTCTTGGCTTCTCACTGTGCATGCTTTTATGTAGAACCAGAGTCCATCCTTAGATATTTATTCAGCTTGCTGGCACTGAAGCAACAATAAAAAGATGCCTCTAACAAA,False
561,-1101,8.434861,-8.671996,3.7203712e-08,4.430996,-4.5112834,0.00013072553,2.4351485,-2.2218087,0.0094059985,-3.381502,3.1496696,0.9985448,3.6730232,-3.5883346,0.00070166134,0.20175664,ENST00000484550.1,-1101,GGCTTCAGGTTTAAAGGCGCGAGCGCCACCCACGCAGGCACAAGGGCTCCTAGTCGTTTTATTTTTAGCGTAAGGTTTTCCTCTTTAACAAGGAAGTAAAAAAAAAAGTTGTGCAATAAATATTAATCGTCCTTATATGTACTCGGGAACGTTCGTCCTTTAGGTTTTCTCCTGGCGCATGGGCGCCGCCAATCATTTCGGGGCTTATTTTGGTTCTAAAGCCCGGGGCAGCCAGGCCTCCCTGCCTGGCCTCGGCGGGGACGCGGGACCTGGGGCCCCGGACCGGGCCTAACCGCCCTGGCCGGTCCCCACTGATGGTGGCGGTCGGTCCTGATCGTCCTGATGGCAGCGACCAGGCTGGACTCGGGCTGTGCAGGGGCGAGGGGAGCAGGGCGGGGTGACGCCCGGAGAGCGGCCTGGAGAGCGCGTGCTTCAGAAGGCGTGGGCACCCTGTCCCCTTTGCAGATGGGGATGCAGGCCCTGGTGGCGGTGGAGGGGAGATGGGGGCAGGGACGTTGCCGGGCAGAGGAAGCTGGGTGAGTGTGCACTTGGTCCCCTTTGCTCCTCCCTGGGACTTTGGGCTCTATAGGGCAGCCTCCGAGGCCCACGTGCACACTCGGTGAACCACAGTCCAGACACAGGCAGGGCGGCAGGCCAGGGAAGGAGAGGCCAGGTGTTGGTGCATGGAGAGGCCAGGTGTTGGCCTGGGGGTGCTAAGTGAACCCCCAAGGTCGCGGAGACAGTAGGGCAACAGCAAAACGAGCTCTGCCGTCCAGGGCGAGGGCCCGGAGTCCTCCCCAGGGGTGGGCTGCAGAGAAGCCCCTGTCCAGGCCCTGCTCACCTGCAAAGTGCTCCCGAGCTCCTGTGCCCCCAGCAGCAATCCCAGCCCCGCTGACACCCAAGCTTGTCACCCGCTGGGTTTCTTGAGGTCTGAGGACCGTGGCTGAGGGTGCATGGGCGCTGGGATGGAGGGGGATGTCCTGTCCCAGTCTGTGCTTATTAATTGTTAAAGAGGGCAAGGCTGCTTTTATTCAAGGTGGGGGGGCTGCTAAAGCGAGATGTTGGGTTAGGGGAGGCAGATCCGGCTCAACTCCAGATAGAAAAAGTGGGAATTGACAGCCCAGGCGTAGGGTCGGGAGTGGAGAGAAAATTACTAAGAGGAAGGGTCAGGGGCAAGGCGGGTTCTAGCTGCATAGACAGGATTTTTGCTGAAAAGGCAGGCAGTGTGGTCACAGACCGAGGGTGGGAGTTGAGGACTTTGATCAGGGACCAAGAGTAGACGATTTTCACTAAACCGACTCAGCAGGATTCTTGCTAAATCGGCCGAAACCGGCCAAGGTCAGGGACTGGTCACAGGGAGGGCTCAGAGGAGCCTGACTCGAGTGTGGTCAAAGGAGAGAGTCTTTGTCATCTTTTAAGAGGCGAGAGTGACGTATTAGTGAGAAACGGTGAAGGGATCAAGCTCAGGCCAGCAGCCCCGAGTTTGAGATGAGGACAGGCTGGGTCCAGGAAGGGCTGCAGGAATAGGGGGCACCTGAGCCTGCAGAAAGCGGGGAGCCCAGCCGCCAGAGCAGGCACCCCCAGGCAGACCTCAGTGTGTCCTGCCCTGTGGGAGTGGCAAGGCCAGACCAAGCTGGATGTGAACCAGTCCCAGAACACCGCCTAGAATTTGGATTGTAATTTGTTATCGATGATATTGCTGCTTGGTCTCTCTCCTCTTCCTCCCCACCCCCACCCAAGATGGAGTCTGGCTTTGTCCCCCAGGCTGGAGTGCGATGGCAGGATCTCGGCTCACTGCAACCTCCGCCTCCTGGGTTCAAACAATTCTCCTGCCTCAGCCTCCCAAATAGCGGGGATTACTGGTGCGTGCCACCACACCCAGCTAATTTTTGTATTTTTGGTAGAGACGGGGTTTCATCATGTTGGCCAGGCTAGTCTCAAACTCCTGACGTCGTGATCCGCCCACCTCAGCCTCCCGAAATGCTTTGGGATTACGGGTGTGAGCCGCCGCGCCGAGCATGGCCATCGTGGCTACATCAGTCCCGGCTAATAGAGATTTTAGCACACTCAGATTCTATTGGCTAATAAGATTTAATTATAATTCTGGGGTATTTAACAATGTCGTTATACAGTCTTCATTGTTGCAAATGGAGAATGAAATCGGGTGCATGTGACACTAATATGACCTGTTCATGCTCTGTCACTTAAACGGAGTTAAGTAACATAGCCCTGAGCAGGAAGACTCCTTCCCCACTTCTGTCCAGGAGCTCCTTACTCGATTCTGGGGAACAGAAAGGCTTTCAGCGGCCAAGGGGAGTGACAACAGCCAGACATGAGACACCTCCTAGAGCCCTTTGGTGTTACCCTTTCCGGTCCATCAGCCACAGTGTCCACCCCAGGTAGCTGGGTCCTGAGTTCACCGTCTCAGGACATTTTTCGACCTGGTTTGTCTGAATTATTATTATTATTGATCATTGAGACAGGGTCTCAGTCCATCGCCAAGACTGGAGTGCAGTGGTGTGATCCTGGCTTACTCAGCCTCCCAGGCTCAGGTGATCCTCCCAGCTCAGCCTCCTGCGTAGCTGGGACCACAGGCAGGCACCACCATGCCTGGCTAAATTTTTTGTATTTTTTGTAGAGACCAGCTCTCGCTATGTTGTCCAGGTTGGTCTCAAACTGCTGCCTCAGCCTCCCAAGGTGCTGGGATTACAGGCATGAGGGACCAAGCTCAGCAATCTGAATTATTTATGCAGAATTTTTTTTTCTCTAGCTGGAAGAGCTGTTTATATGCACGTTTCTTTGGGGGCAACTCTTCTCCATTGTCACAGATTTTTTTTTTCCAAGCCATTCCTGGGGGATTCCTGGGAGCCATGTGGGAGAGGCGTGAGGAAGTGAGACCTTCACCCCGAGACAGGTCCTGACACACCCTCTGGTGCCTCTACTCAAGTGAGAAGTTTGGCTGCTGTAACTGACTGGGAAGCTTAAAATAACAGACAATCATCTCTCACATTTATGGGGACTGGGAAGTCCAAGACCAAGTTGCCATCTGGGGAGGGCCTGTTCCTCACAGCGCCTTCCAGCTCAGGCCTCGTTTATAAGGGCACTCAAGCCTTCCACGACAACGGGTCCTCATGACTTACTCACCTCGGAAAGCCCCACCCCCAAGACCATCACATTGTGGGTGATGGCAGAGCATAAGGTGCCTTCCCCACATGCTCGGGTTGGCCCAGCGTCTCACGCTAGCAGCTACGTGGAATAGTTATTTTTTCTGGAGAACTCTGGGACCCCTCTGATGTCTTGGAGCACCCACACAGGCCGTTCACTGTGCACGCTGTGAGGCTGTCGTCTTGGAGCACCCACACAGGCCGTTCACTGTGCACGTGGTGAGGCTGTCCTCTGGGGAGTTCTGCTGTTGTATGGGTTCTGTCTGTGTCAATGTCCCAGCGGGAACGCAGGGCACACTAGCGTCATCCCCAGAGGGCTTGGTAAGGGGACTGTTTGCAGAGACATAGGCAGAGGGCTGGAAAACTACCAAAAAAGTGCAGTGTTCTGGACCTAATAATAGCAGAGCTATTCTCACCCTGGTCTGAAGGCAGGAGGGGAGGAGCAGTTAATGGATTCTGGAAGTCAGGTTGCACAGAGTCACCTTGAAAGATGCCATGACCTTCACCGAGGGCCAGACAGAGACTAAGATGACCCCATAGGAGAATAAGACCTAGACCTCATCCTCCTGCCTCCTGCCAGTCCCTGCCAGGGGTCGCCAATGGCAAAACAGGACTGGAAGCCAGAGGCCATGGAAGCCCATGGATGAAGTCCACAGGCCAGCCTCCCCGAGAGCAGCCTGGACGGTCCGCAGGAGACGTCTCCTGTCTTAGGCGTCCCACGCCGCGTGCTCCTGTTCAGCCCTGCCGAGGTGGAAGCTTGGAGTGGCTCACGGTGGATGCATTGACGCTGCAGACGCCAGCAAGTGCTACAAACCAGAGCTGGCCTTTAACTCAGACTGATGGAGAAGGTGTTAATAATGCAGATTAGACTTAAAAGTGTTGAAGCCATTGCACTGTGAACAGCAAAAAAATTGAAGAACTCTTCTGGCATTTAAAAACAATTACTCAGTTCAGCAGAGAAGTCACTGACAAACGAGATCACACTGACTGCTTTGTCGTTTTGGTTTTGTCTTACTCATTAATGCAAATAAGAACATTCACTAGCATCTGTGTCGGGCCTACCCTCCCTGGTCAAATACAGCTACAGTCTCCCTGCAGAAACGAGTTTTCCAGAAATGAGCCGATGTTTTCTGCGAGAATCAATTGGTCATATACAATTTACAAAAATGAGTACTGTATACTATATTTGTAAACTGTACACTGCAGATGCTTTATTTCACTGAAATTTATAATACACTTATCCATGTATATGCATGCATGCATTTTTGTTCCTGAGATCCAGCTGTGAAATGTTTACCAGCACATAAATTACCAGCACATGCTCTTTTTTGTTAACCTACTAGGTAAAATCTTCATTTATTACATCAAATTCTTGTAGTTTTTGTATTGCAATTATGCAGATATTGATTATCGCAGTATTACTGCAATTATACAGATACCACAATTTCAGATATTGATCAGCGTGTTCAGTTGGTTTCTAAGGAGGTTTACTTACCTCATGGTACACCTAGTTTGCATAGTTTGATTATATTTAACTCTTATGCTAATTGGGGGAAGTCATTGATTTATTGGACAGATGCACCTGTGGTCTTCCCTGAGCACATCCTGGCCAAGGATGCTGCCCCCAGGAGATTTGAGAAGTCCTGTAAGGATCATATCAGTATTTTCAAATACTTATAGAAAAGCCAGAGGGATTGACCCAGAATTACCAATATAAGCTTGACCCTGAGATAACAATGCCATTTTATGTTTGCATGCATAAAACCAATGCAAGAGGCTGATGACTCCAGATCCCTTATATAAGCCAATAAAAAGTAGTTTCATTTTTTATTTCATTTAAAAAA,False
562,-671,3.6221845,-3.5815582,0.0007432438,2.0543046,-2.3598602,0.011959893,4.986745,-4.941291,4.8785154e-05,-2.5594447,2.4223988,0.9931853,4.5303054,-4.714382,9.661421e-05,0.20120676,ENST00000536517.1,-671,CTTGCCGCAGCACACTCTCTAATCGAGCTGTAACACTCGCCACTGCCGTCCACGGCTTCATTCCTTGAAGCCGTGAGACCACGAACCCTTCGATTGAGAAGAACCTTCGGTCGGAAGAAGACTTCTCGTCTCAGTAACAATAACAAGAAAAACAGCCTAGACTAGACGCACATCAGGAAGACAGTGTCGGCCACAGCCGCAGAATAAACATGTGGAGAAGGTCATTGATCACCTTGACTGAAGCACTGCAGACAAGATAAAGACAGCCTGATGCAGAGGAAGATTGAGGACTAAGGGGCTTCATCCACAGATGGCATTTTCCAGACAGGGTGGCTCTCTCTGTTAGCGGGCAGGACCTTCTGTTACTTGGATCATTCTATAACAACATTTAGAAGCAGTGGAATAAAATTGCAAAATGAAA,False
563,-1411,6.4085035,-6.5473757,2.362284e-06,2.9955664,-3.0219095,0.002429891,3.8446372,-3.8472536,0.00045630586,-4.134476,3.8100944,0.9996456,3.0024104,-3.2359993,0.0019491516,0.20089667,ENST00000508156.5,-1411,TAACAAAGGAGACACACAGGGGCTCCTCACGTTGGCTTTCCAGGGTTTTGATGAAAATCTGTTTCCTCGTCTCATACAATGTGGCTGTACAGGAAGCATGGTGATGGCATCTGCATGGCGCCTGTGGAGGCCCCAGGGAGCTTTTACTCATGATGGAAGGCACAGAGGGAGTAGGCACATCACATGGTCCGAGGAGGAGCAAGAGAAAATGGGAGTGGGGATACTGCATAGTGGATGGATTAGTCTGTGGTTCCTGGGATCTTCTGTGTATTCTGTTGAAGCTCAATAATCACATTACTGCGGACCTCCAAAATTTTACAAAGGACTGCATAGCTTTGGATTCACCTTGAAAACATCCCCTCTGAACATCAGAAGTCCACTTGGTCCCCGAACAGTGTATTAACTTCTAACATTTCTGACTTCCAGTCATGGAGATTTCAAAACCAATTGCATATAGCAATGAAGCTTTTCACTTTTAATGGAACATTTAGGAGAAGGGCGGCTTTTCCTATTTTCT,False
564,-1138,7.58605,-8.052406,1.6154915e-07,2.1873188,-2.4868183,0.009247265,4.0207915,-3.6066513,0.0004866674,-2.637322,2.5213814,0.99428374,3.8930192,-3.851188,0.0004330573,0.20089018,ENST00000415513.1,-1138,GGCGAAGGTCTGCAGCTTCACTCCTAAAGCCAGAGAGACCACAAACCCACCGGGAGGAACGAACAACTCCAGACGCGCGGCCTTAAGAGCTGTAACACTCACCGCGAAAGTCTGCAGCTTCACTCCTAAAGCCAGCGAGACCACGAACCCACCAGGAGGAACGAACAATTCCAGATGCGCCGCCTTAGGAGCTGTAACACTCACCGCGAAGATCTGCAGCTTCACTCCTGAGCCGGCGAGACCACGAACCCCACCAGAAGGAAGAAACTCCGGACACGCCGCCTTTAAGAACTATAACACTCACGGCGAGGGTCCACGGCTTCATTCTTGAAGTCAGTGAAACCAAGAACCCACCAATTCCGGACACAGCAGGATCCCACCCACAGAACCGCCAGGTGCACAGCTGCATATCCTCAGGGGAAAACTCCCCTCCCCTGCCACCTTACTGATAGGCTTCACTTCCCAGAGAACTTTCCCAATCCTGTGCAATGCCTGAGTGGTACATTGTATTCTATGAGAATGGCGCCCCCGCCTCCAGAGTTGTGCAACAAGACTTCCATGAATCAAAGCCCATCGCTGGCTGCCTCCTCTAGCCCTGCATAGCCCAGAAGCTACAACCTCAGCCCAGATTAGCAGGCTGAGGGGTCAGGAGGCTGTCACTGGAGCTGTTGAGCTCATGAACACG,False
565,-435,1.4178426,-1.5411935,0.049311172,0.4230448,-0.7210802,0.24156381,-0.26848885,0.27778506,0.6332707,5.262729,-5.450579,2.2246393e-05,1.148989,-1.2938094,0.07996678,0.20082693,ENST00000563105.1,-435,AGCGCCCCGCCAGGCTGTAATTCCGCGGGCCCACGTGACCTCCGGGGCCGCGCCTTCCGGACGCAACTCCACTGGGGCGGAAGTTGGTTTTGTGCGGCTCTCAAGAACTAAGTTTGTGCTGTGCTGCGGGATCCCCAGGGAGCTTCCTTATATCTTCGGCAGGACCCCTTCTTTTTTTCTTGAAGATTGATTTTGCTAGAAGTTATCCTGTGATGGGACTCCCTAGGGGAATGGAGGCACCACGTGGTTAAGGAGTTTGTGCGTTGCCGCCCACATAGTGTGGGCAGCTGAGGCGCCGCCCGGATCAGAGCCGCAGGGCGTCTACTCTGTCACTTTCCCAACCTGACTTTTCCGGATTGCTATTTCAGACGGCGGTTGCAGCAGCCGACCTGTCTCAACTCCACCACTGTAGTCAGAGAATCAAAAGCGGTCTGAGTTGCGAGGTCATTGGGGAGGCCCCCACCCCCACATTACCAGTGAGGAAACTGAGACTTAAAAAAGTGACCTGACCTGGACACGGGATTGCCTGACATCAGAGCTGGATTCTTAAGTTCCTGTTAGTGTTAAGGCGCTGCTCAGACTTTTAGTAAAGGTGAGCGCCATCTACTGCCAAGTCTCACAAAATATTCGCAAAATTTGATACGGTTATCACATGGTAAAAATTAGACTTTAAAAGTTGTATTTAATGCTGTGTTTTCAGCTGTTGTACACTTATGTAATTTTAATTATGCAAAGTTATCCTAATAATATAGGAATATTAATTGCTTTCGTGAGGTCTGTCTTGATGTGCCACGATGACTTTTTTGATGTGCCAAAAAAGATGACTACATAGTGCTTTTACCTTTTTGCTCAAATAGAAAGATTTTATTTCC,False
566,-1304,3.60648,-3.570992,0.000763013,2.1049008,-2.4163706,0.010758188,5.040299,-4.9908085,4.400748e-05,-2.49986,2.3703854,0.99238694,4.4293494,-4.6160855,0.00011791426,0.20081401,ENST00000542248.5,-1304,ATGTAAGCATAAGATACCCAAGCCAGAAACAGCAACCCTTCCAGGTCCCCTTCCCCCACGTGGAAGCTTTCCTTTCACTTTCGCTTTAATAAATCTTGCCGCAGCACACTCTCTAATCGAGCTGTAACACTCGCCACTGCCGTCCACGGCTTCATTCCTTGAAGCCGTGAGACCACGAACCCTTCGATTGAGAAGAACCTTCGGTCGGAAGAAGACTTCTCGTCTCAGTAACAATAACAAGAAAAACAGCCTAGACTAGACGCACATCAGGAAGACAGGTACCCAGCATAACCCCATTGAAGAGCTGTTCCCTGGGACCTGGAGAGGAACACAGCAGGCTGCCATGCCCACTGCACCTGCAGCCGCAGAATAAACATGTGGAGAAGGTCATTGATCACCTTGACTGAAGCACTGCAGACAAGATAAAGACAGCCTGATGCAGAGGAAGATTGAGGACTAAGGGGCTTCATCCACAGTTAATCCCGTCATGTATTGACCCGGAAACATCATCTCATTTGCCTATAAGACAGAGAGAGAGAATGATAGAA,False
567,-121,11.466086,-11.719385,8.5246796e-11,4.3927283,-4.5329623,0.00013291197,2.9823823,-2.798881,0.0030753291,-4.440106,4.274483,0.99983585,6.3248763,-6.2489796,3.4613224e-06,0.20060952,ENST00000528549.1,-121,ATTATTGTACCAGGGCCCGCCGAGGCACGAGGCACTCTATTTTGTTTTGTAATCACGACGACTATTATTTTTAGTCTGATCAATGGGCACAATTTCTAAGCAGCGCAGTGGTGGATGCTCGCAAACTTTTGCGCACCGCTGGAAACCCACTAGGTTGAGTTGCAAAACGTACCGCGTAGACGCCCCTGGTGGCGCCGAGAGAAGAGCTAGGCCTGCCCAGCACAGAGCCGGAGAGCGTCGGGCCTTCCGGAAGGGTCGACGAGATGAGTTCCTACTTGACCTCTGAGCCGAGGTGGGCCGGAAACCGAGGCCTAGGCCCCGCCGGGGCTGCAAGGAAAAGGGGAAACTCCGAGCGTAGCGTCTTTTCCTTGTGGTTCCTTTCTCCGGCATCCCGGACTGCGGGCCCTGCAGCCACCTGGACCGGCATTCAAAGGATTCTGCAAGTCCAGCTTCACAGACTGGCTTTCCCAGACGCTCCGAAGCCCGCACCACGAACAGAATAAAGGAGAGACGAGAGATCGCAACTAGATTTGAGAATCCTCGTTCTTTTCCCCAATCGTTCGGGCAGTAAACTCCGGAGCCGGCTACAGCGCGCATCCTCCCTTCCTCCTTTCGGAGAACTGTCGCTTTCCCGAAGCTGCTCCCAGCTGGGTTTTCTCCCGAAGTTTATTTTTCTCATTTTGCAAAATTCCTGCCCTGATTTTAATACTGCAACAGGACAGCAGAGGTTCCTCTTTAAAAAGTCAAAACCCAAACCAAAGGGGCCCATTGCTGTTGATAATTTTTTTCTTCACCTTCTCCTTCCGTTTTTAAGAAAGACACTTCCAAAACTACCCATTGTTTTCCTCTCAAAAGAGAACTCGCTTTAAAATGCATCCCTTTCTATTTCTCTCCGGATATGTCCCCACCTGACCCGGTGGCAACTTGTGGGGCGTGGGGGTAGTGAAAAATAGAAGTGTGGACGGGGCTGGGAAAATGAATAAGAATTATAACAATAGAAATGATGACAAAACTAAACTTTGACCAATTCAATTTGCAAAAGAAAGGGTTGGTCTGAGGGTGAGACATTCCCTGGTTTCTCAAGGGGGTCACTTTCCCTCTCACCGAGTTAAATCTGGCTCTGTTATATTTTTTCCAGGAACACAGTATGTCTCTTCCCAATGTTTTATTCGGTTTCTGGTTTCCCCACTTTTGACCGGAAGTATGTGGGAAGAATACTGGCTGTTATTATTATGATTATTGAGTGTCCAATACTCTCCTCCAATATTTCCACCAAGAATTATTATCGCTGCTCTCCTCATTCATGTTAGTGTTGCTTTGTGTGCTTTAGATGACAATCGTCCTCTTTACTCTCCAAGTTTGGAGGGTGAGGGTTTTTTGTTGTGGTGGTGGTGGTTGGGTTCTTCTTTGTTTTTGTTTTTTTGTTTTTCCTGTTCGGGGTAATGAAATGAGAACTGGAAGAGAGGATATCATTTCGAGGCCCAGCTGAGAAGGATCCCAATGCGAAAAATTTACACACTTCAAAGAGCAGAAAGGTGGAAGCGAGTGGTGCTTGGACACAAGGATGCCACTGTTCTTATCTCCTCCAATTTGGGAAGTGCCCAGCCTAGAAAGGTGAGGGTCCCATCTGGGAGACCATGGAGTACCCCCAGGGTCACACTGAGCCTAAGAACTTCAACCATCCTGCAGGTCAAAACCCACTGATAGGTCTCCCAAAATGTTTGGGGTAGGGGGAAGAAACATAGGGCATTCCAGGTCTGTAACCCTGCAAGAGAGAGACTCAAACTAATATGTCTAGGTCTGGGGTGAAGGTGGGGGGCCTGTCTGGATACCTCCTCCCTCAATTGAAGGGCTCGTTGGAAACATAGGAACCCACTGCTCTCTGGGACTCTGGAAAGACAAATTTTCTTTGGCAAACGGAACAGTGTCGCGCTGTCGACAGAGCAGACTATTTTTCTTGTTCCCTCACAAGGTGGGGGTGGGGGGAAAGAAAAGGAAGCAAGAAAGAAAGGGAAATTAAATCCACACGTGTTAAGCTCGCTCAAAGGGCCAGAGTCAAAACCAGAGATGAAACTTCGACTCCAGTTCTGGCTGCCCGCGGGCCTCTTTCCAACCAGCCAGGCCTCACAGAGCAAGGCATCCCCACTGGAGAGAATTCGATCTGATGTTTCATAAAGCGCTTTATTTAAGGAGAAGGGGCATGGGTCTGTCTCCAAGTCTGTGCTGCAGAAATCCAGAATTTGTAGCGGCAAAGAAAACAAAGGAGATAACAATTGTAATCATAATGACCCTCTTTATGAAAACTCATCTTGATGTCCTCCAAATCAAAACAACAATTCAGGCAATATTCAAGCAATGGCCAAAATCATCCAGGCCATTAAATCATCCAGGCCATTGTTTTACAAAATTCCTAAGGTCTGATCAGGCTTTCGGACTTGGGCCTAGCTGGGTCAAGAGAACCTGAAATGCTGTTGTCAAGAGACTCTGAAATCACCAGTTTAATCAGGACAGCTAATCTCTACATCCTTGAGGCCTCTCTTTTGGGGAGAGACTTTCTTGAGAGAGGACACTACAGGACTCAGCTACAGAGCTCTGCTATACATGGGTGGGAGTGGAGGCCGCCACCCCACCTGGAACTGTGAGTGAAAACTCTAGTAATGATCTTGAGGAGGTGAAGGGAGGTAGGTGGGGGTGTGGGTGATGAGGGAGGCCAAACCCCAATCTGGAAGGATCTGTCACTGAAACAATTGCTTGGTCGAGACCTCTAATTTTTCTTCCTCTCCAGCCAGTCTCCTGTGGCTCCCTGGTGCTGGGTTTCTGGCCTTTGGTGACATCCTAACAGAAGGGTCCGGAAGCAGGGACCCCAGACACCTTGCTCCCTCTCCCAAATCACACCCAAAACATACTGGGGTGAAACAACTGACAGAGGGTCTCTGTGGTGAGCAACTGACTGAAGTTTCCAGTGGAAAAGTTCCTGACGATTGTTTCCGCAGGGACCTTGAATTTCCTGGTCACCATGGCGACCTGGAAGTCCCACCGAATGCTCTCAACAATGGGGTACCCCGAGGACATTCGTGCAATTGGCTGCGCAGTCTGAGGCCTGAAAAGCGTTTCTGCCAATCGTTCTTGACTTTCTGGAGCCTCCTTAGTGGGTTCAACGGAGCAGGGATTTTTAAAACTGCCCCCTTTTTTAAACAGGGGAGAAAATTGAGATTTAGTACCAGGTGGGTTCAGGTCCTGAGCAAAAGCCCCATCTTTGAATTCAGAATGCTGACCCCAGGGCCGATCGTGTAGAGCCTATGGTGTATCTTAATCGAAACCCGTGGCCCAAACATCTCAGCCAGGAACCTGGGACTTTAGGTGTCACTTAATCTCTTCACACCTGTTAACTACACCTATCTGCATAGGAGGCTCCCCACATCAGTCCAGGCAACTTTTTTCTTTGCCTGGGGCCATTTCTTCTAAATGGAAGGAGAAAAGTCTGAGCATTAGAAATTGTGGCATTAATGTCTGCAAGGGCTAATGGAGTGAAAAGAATACATTATTCTCCTTTTCTTCTTAGAAAAAAATTTCAATTGTGGATGTAATAGAAATACCATTAAAATAATATTTCTGATTGC,False
568,-705,3.4375262,-3.5356832,0.0009357656,3.240632,-3.5162919,0.0011614504,4.052833,-4.15438,0.00027260545,-3.8931644,3.5894344,0.9994375,11.859468,-11.91016,4.75315e-11,0.20036146,ENST00000500036.2,-705,ACTCCTTCCCTGCCTTTCCTACCTATCACTCTCGTGCTGAAAGTTGGAGCTCCTTACCCAAAGACTGGGCGGAAAGGGTGACCGCCCTGGACCCCTGCCCGACTTCCCGTTAGGCCAAGCCGCTGTCCTGAAAGGGGATCGTGTCCAGGCCGGCTTCCTGGAGACACACCTGCGCCTGCACACACCCACCGCGGTCGCGTCACCAGTGCCGCGGCCACGTGGACGAAGACCAAAGTCTGGAGGGAATTCCCTCAGCCACAAAGCGATGGGAAAGCGGGACCCGGTGGAGACCAGAGTCTTGCTATGCTTTCCAGGCTGGTTTTGAACTCCTAGCCTCAAGCGATTTTCCTGCCTCAGCTTCCCAAAGTGCTGGGATTACAGGCACAAGCCACTGCACCCGGCCCTGTTGTTGTTAAGAAAATTACAAGTTAAATCTTGTACCAGTGAACAAGGTTTGTATAGATGATTTTATTGTCTTGAAATTTTATTTTATCTCACTTTAAAAAAATAGAAGCATATTAGAATATACTTTGTTCTATACCCAAATCTTGTGTTAAACTCTTTAAAAATGTCTTTTCAGTGTTTGGTAAAAGCTGCAATGAGTCGTACAGATGTATATTTCACATTAATTATTAATAATTATAATTTAGAAATGTTAATTACAGTCATTTAAAGGAACTTCAACAAACTAATGGTTATTGAAGTTACATTAAGAATATCTATAATCATGAAGAGTAGTGGCCTAATACAGTAATGAAAGACAGATCTTTAAATTTAAAAAGGAAAAATGTGATTGTGTGTTTTCGTACGTTATTAAGTTGTAGACAATATACCAAAACATACATCAGAGGACATTCACTTATGGCCATAGATAGTAGCTAATGCCAGACACATCCTCCCACTAGAAACAACTAGAAATACACAAGATAACTGATTCTAGACATTTGACAACAAACATTGCAGGGCAGTGATACTTGAGAGAAAGGAAACACAATGTGATCTGCACGTCCTCTTCAGCTTTCTGTCTGGGGACACCAAGTAGACTAAAAGGAAGTGGAATCCAAGGAAGTATGGAAGTCTTGCTGAGCTGAAGAAATCTAGATAAAAGTTTAGAGTAGTTGTCATCCCTGAAATTTGTAAGACAGAATACCACAAAGAAAGGAGTATGCAGAAGAAGAGGACAAAGAAGATTTCACAAGCATTCCTGTGTAGCCCATGTGCAGGATAGGACTTAATGAGGCCTAGCAGAGAATGGTTGCTATGAACAAGAGAACTGGGCCAAGATATCATAGACTGTGCAGTACTGCAAACACTGGAATACTGTCCCAGCCTAAATGGAGAGACCTTACTAAGCACCTCATCCATTCAATTGAAATTCTAAAGAGGATAGACCTTAGGAGTAAATACCATGTCCCAGACAAAGGGCCATGTCTCAGGACTAAGGATAAAACTGACATAGAATAAATAATAATAATACATAACAAAACAAAGCCTAGCAAGATCAAGAGGATTTTTTAGTAGTTTAATAGCCTGATAGAATAAACCTCAACACCATTTAAAAGAAGATAACATAATCCAGACTCTCTGTAACTCCTTTATAACAATATTCAACAGGAGGTTAAAAAATATTGTACCTGTAAAGAAGCAGAAATATGTGACTCATAATCAAAATAAGACATGGTCAATAGAAGCAGAATCCAAGATGACCCAAATGTTGGAATTAGCAGATGAGGTCTTTAAAACAGCTATTATAAATATATGTAAGGATGCATGGGAAAAGATGAATATGTGATTAAACAGATGAGAATGATCAGCAAAGAAATAAACCAAATGGATATATTAGAAATAAAAAGCAAATATCTGAAATGTAAAATTTATTCGATGGTTAGAGCAGTTTGGAGATGGCAAAAGGATGGGTGAATTATCTCTAACAGAGAGCAATAGAAATTATATAATTTAATAACAGAAAGGAAAAGATTGGAAAAAATATATAAACAGCCTCAGTGAACTCTGGAACAACCCTGCAAAGTTAGTATATATATAATTGGAGTCCTAAGGCTAAGCATGGTGGCTCATACCTGTAATCCCAACACTTTGGGAGGCTGAGGCAGGAGTTCAAGACCAGCCTGAGCAACACAGTGAGACCCCCATCTCTACCAAAAAAAAAAAAAAGCTGGGCATGGTGGCACATGTCTATAGTCCTAGCTACTTGGGAGGCTGAGGTGGGAGGATCACTTAAGCCTTGAAGTAAAGGCTGCAGTGAGCTCTGATTGTACCACTGTGCTCCAGCCCGTGCTGGACAGAGTGAGACCCTATCTCTAAAGTAAAAGATAATAATAATTAGAGTCTCAGTAAAAGAAAGGAAAAAGAAAATGGGGTAGAGTGAAATTTTTAAAAAAATTCTCTAATTTGGTGAAAAACATCAGCCTACAGATTGAAGAATCAACAAACTCCAAGCAGAATAAATACAAAAAATAAAATAAAGAAAGAAAACACACCAGCTACACTGTAGTCAAAAGGTTAAAAACCAAAAATATAGAATAAATGTTGAAACAGAAAAAAAAGTCAATGACATAAGGGGAACAATGCTATGAATCACAGTTGACTTCTTACTAGAAACAGTGGAGGCCAAAAGAAATGGAATGATGCCATTAAAGTACTGAAAGAATAGAGCAACCCAGCTTTTTTTTTTTTTTAAGACCTTGTTTGGCTCAGTCGCCTAGACTGGAGTGAAGTGATGCAGTCACAGCTCACTGCAGCCTCAACCTCCTAAGCTCAAGTGATCCTCTCACCTCAGCCTCCCAATTAGCTAGGACTACGAGTGTATGCCACTATGTCCAACTAATTTTTTTTTTTTTTAGAGATGGGGTCTCAGCTACGTTGCCCAAACTGTTCTTGAACTCCTGGGTTCAAGCAATCCTCCTGCCTTAGCCTTCCAAAGTGCTGGGATTACAAGTGTGAGCCACCACACCTGGCCAGAATTCTAACATTTTCTCAAAAATGAAAACAAAAAAGACATTTTCTGATAAACAAATGCTGGGAGGATTCATTGTAAACTATATTAAATACTAATAGAAGAATTGGGGGCGGTGGTGATGGAAAATGATAGCACAGGGAAATCTAAACTACAGAAAGTAATAAATAGCACCAGAAATGGTAAGTAGACGTGTAAATATAAAGAACTTTTTTCTTCTCATTTTTTTAAAACAGACTATTTAAAGACAAATATATTGTAGGACTCTCAATTCATGTAGAAGTAAAATACATGACAGCAATAACAAAAAAGGACAGAGGGTTTTGTTTGTGTGTGTGTGTGTGTGTTTATTTTAAGCAATGCTTTTGGAGAAAGAAAAAAAGGACAGAGTTAACAAAATTGTACTATTGTAAGATTCTTACATTTCACATGAAGTAGTATAATATTAACTCTAAACAGACTGTTAAGGTTGTGCTGACTACTATGGTAGTCAGTAGCCACAAGTGACTAAATTTAAACTTAAATTAATTAAAAATAAATAAAATTTAAATTTCAGTCTTCAGTTGTACTAGCCATATTTCAAGGTATCAACAGTCACAGGTAGCCAGTGTCTACCATATTGGAAAGACATAGAACATTTTCACTACTAAAGAACATTTAGTTGGAGAATGCTGCCCTATAGCAACCATAAAAAAAAAAAAATACAGACATATAACTTTAAAATCAATAAATGAATTAGAATACTAAGAATATTGTATAAACCAAAATAAAGCCATGAAGGAGGAAATGAGAAACAAACAAAAAATGAGACAAGCAGAAAACAAATAGCAAGGTGATAGACTTAAATCCTACCAAATCAATAATTATATTAAATATAAATGAACTAAACAGTCCAAAGAAAAGAAAAAGATTGCAAGGATGAATAAAAAGCAAGATTCAAGTAAGAGCTTTGGCATGAGATGCAATGCATTTTAAAGATCCAGATAGGTTGAAAGTAAAAGGAAGGGAAAACATAGACCAAGCAAATCTAAGAAACCTGGTATTGATATACTATTATTATACAAAACAAACTTCAAGTCAAAAAGAATTATCAAAGTTGAAGAGTGACATTCCTTAATGAAAAATGGTCATTTCATCATGAAGACATAAAAAATATAAATGTTTATGTGACTAAAAAGCTTCAAGTATAAGAAGCAAGATATGAAAATTAAAGGAACAGGCCCAGCACAGTGGCTCATGCCTATAATCCCAGAACTTTGGGAGGCCAAGGTGGGAGGAATGCTCAAGCCCAGGAGTTCGAGACTAGCCTGGGCAACATAGTGAGATCCTGTCTCTACAAAAAAATTTTAAAATTAGGTGGGCATGGTGATAGACATCTGTAGCTGTAGCATCTGTAGCTACTCGAGAGGCTGGGGCAGGAGGATTGTTTGAACTCAGGAGGTCAAGGCTGCAATGAGCTGTGATCAGATCATGCCACTGCACTCCAGCCTGGATGACAGAGTGAGACCCTGTCTCAAAAAAAAAA,False
569,-1296,4.677824,-4.880384,7.061422e-05,2.1935344,-2.531467,0.008792705,7.3126183,-7.2199287,4.881967e-07,-2.392637,2.3027687,0.9909456,3.0528831,-3.1745741,0.0019705757,0.20035598,ENST00000545226.5,-1296,GCGCCGCACTCCCCGGCACTCCCCGGCGCTCCCCGCGCCGCGCGCCCCGCACCGGCTGGAGGCCCCGGCCCCCCGGCGTTCCCTCTCCGCGCACCTCCCGGCCCGCGCTAGCAGGTAGCAGGCAAGAGTGTGGTTATCGTTGGACCAGGATTCAGGATCTGACTGAGTAGCTGACTCTTAATCCAGTTTGTGTTGATCACCAGGAGGATCTGGACCTCAGTATTACCACATCTAGAGCTATAATCACATCCCTGTTAAGCCTTCCTGAGATCACACCAAATGTCCTTGATGGGAATTGTAAACAACCCTTACTTCTGGTTTCTAATGATATTCCAGGAAAGGAGCCTAACTAGAGTCAGTGATATGCCAACTCCACCTTTGCCTTCCACCATGTTTGGAAGCTCCCTGAGGCCTCACCAGGAGCAGATGCTCGTCCCATGCTTCCTATAAGCCTGCAGAACTGGAAAAGAAAGCTGGATAAAGTATTTATAGAAGATAGAGGACCTGTGGTGGCTCATGCCTGTAATCCAA,False
570,-704,6.6685524,-6.786184,1.434437e-06,4.3788104,-4.4597497,0.00014501039,2.7977784,-2.9161134,0.003288952,-3.1925871,2.9496462,0.99785453,8.931615,-9.017534,1.6024451e-08,0.20025799,ENST00000554086.1,-704,ATCACTCTCGTGCTGAAAGTTGGAGCTCCTTACCCAAAGACTGGGCGGAAAGGGTGACCGCCCTGGACCCCTGCCCGACTTCCCGTTAGGCCAAGCCGCTGTCCTGAAAGGGGATCGTGTCCAGGCCGGCTTCCTGGAGACACACCTGCGCCTGCACACACCCACCGCGGTCGCGTCACCAGTGCCGCGGCCACGTGGACGAAGACCAAAGTCTGGAGGGAATTCCCTCAGCCACAAAGCGATGGGAAAGCGGGACCCGGTGGAGACCAGAGTCTTGCTATGCTTTCCAGGCTGGTTTTGAACTCCTAGCCTCAAGCGATTTTCCTGCCTCAGCTTCCCAAAGTGCTGGGATTACAGGCACAAGCCACTGCACCCGGCCCTGTTGTTGTTAAGAAAATTACAAGTTAAATCTTGTACCAGTGAACAAGATTAGGGATCGTGATGTGGAGCTGCACTTCCTGGTTCCAAATCCTGGCTCTTCCCCTCATCCCTGGGTAAGTTGAGGGATGAGAGCAAGAGAAGGTTGATCCTGACTCAGATCTCTGCATGGGGCATGTCACTGATGACGGCGGCATTCCCTGAGAGAGGGAACACTAAGTTTGAAGTTGGGCATAGTGAGCACTATTTTGGATGAGTTAAGTTTAGAAGTGCCTGAAGACATCCAAGTGGAAGAAGTGGCTGCATGGACTGAAGATACAGACTGGGAAACGTTAACACCATCAAGGAACTGGAGTCCTGGGCACAGGTGAGACTGCTCAGGGGAGTTGTAGAAGGAGAGGAC,False
571,-1295,3.9397657,-4.13624,0.00031081372,3.0920572,-3.4072828,0.0015021719,6.1515794,-6.052741,5.0087415e-06,-2.651933,2.5507321,0.99452823,2.6376042,-2.810466,0.004286152,0.20012648,ENST00000500276.6,-1295,CGCGGGGGCGCCCCCCTCGGCCGGGCGCTCGGGTTTCAGCCGCCGCTCCTCCGCGCCCCGCCCGCGCCTGGCCCGCTCGCCGGCGCCGGGAGAGACCTCGTAACGGAACTGGGACGCCAGCGCTGCATTGTGGGAGCTTTTAAAGCGGCGGGGAGCTCGGCGCGACCCTCGGGCCCACCGGGCCACGCTCGCCCGGCCCGCGACGCCCCCCCGCTGTCGCCTGGCCCGCGACGCACCGAGGCCTGAGGACCCGAAAGCCGGGCGCGGGGAGATGACCGGTGGCTCGTGACGGTCCCACGGGCAAAATCTTCCATCGCCCGGGGCTGAGACTTGTCAAACTGCCCTCTACGGTCACCCGGAAAGTAGGAGGCTTTTTCTGCAGAGGGGAAAAAAATCAAAAAGAGCCGTTCCATCCCCCCTCCAAGGACTGGGTTTGAATTGCTTTTCATCTGCAGTGGCTGTGATTCAGCGTCCCTCTTAGCAGCAGGCAATGACAGAGGCAGGAGAGGGGAAAAAAAAAAAGAAAGAAAGAAAAAACACAGCAAATGAATCAAACGGACGTAGCAGGCAAGAGTGTGGTTATCGTTGGACCAGGATTCAGGATCTGACTGAGTAGCTGACTCTTAATCCAGTTTGTGTTGATCACCAGGAGGATCTGGACCTCAGTATTACCACATCTAGAGCTATAATCACATCCCTGTTAAGCCTTCCTGAGATCACACCAAATGTCCTTGATGGGAATTGTAAACAACCCTTACTTCTGGTTTCTAATGATATTCCAGGAAAGGAGCCTAACTAGAGTCAGTGATATGCCAACTCCACCTTTGCCTTCCACCATGTTTGGAAGCTCCCTGAGGCCTCACCAGGAGCAGATGCTCGTCCCATGCTTCCTATAAGCCTGCAGAACTGGAAAAGAAAGCTGGATAAAGTATTTATAGAAGATAGAGGACCTGTGGTGGCTCATGCCTGTAATCCAAGGTGGAAGGATTGCTTGAGGCCAGAAGTTCAAGACCAGTCCAAGCAACATAGCAAGGCCCCATCTCTACAAAAAATGAAAATAAAATTAGCCGAGCGTGATGGCTCATGCCTGTAGTTCTAGCTTCTAGAGAGGCTGAGGCAGGAGGATTGCTTGAGTCCAGGAGTTCAAGATTACAGTGAGCTATGGTCACACCACTGCACTCCAGCCTGGGTGATGGAGTGAGACTGTCTCAATAAAAAGACAAAAAGGCTGGCCAGGGGCAGTGGTTCATGCCTGTAAACCCAGCACTTTGGGAGGCAAAGGCAGGAGGATTGCTTAAGCCCAGGAATTTGAGATCAGCCTGGACAACATGGTCAAGGAAGCTTTTCCTGATCCACTAACTAAGGACAATCAAACCCTTCATGATCTAGAATCTGGAGACTGTGTCTTCTGGGAATAGTATCAGAGAAAGACTGCCCTTACTGCCCACATGTAGCAAAACTTTGAGACGTTGAATTATGGGTCCATAATCTCACAACTCAGAGGGGCACCTCTAGACTCTTGGAACTGTATATCTATTGGAGACTTTAAGGTAAAGCTGAACAGAGAGACGTTTTTCTCCAGAAGCAGACAGCACCATAGTCATGGACAGCTTTCCCAAGATCACAGATCAAGACTTCTCTGCCGTCATGAGACTCATAACCTCTTAATTTTTTCTTGCTTATGCTTCTGTGAACAATAGAATTGGAAAAGGGGTGGTCCCGCGTGCACCCATAGGGTATACTTTTATTTGTGGAGGATTTTGCTGCCAACCTTATACATGGGCAAACTTATGCCTTCATGGATGGAAGATAAAGGGCTAATATGGGTTAGAAATTTTAATGGTACCTTTGTTTCTCCATAATCATTCAGAAACAGAACACTGGTCCACTCTTGTTAACCTACATCATAGGTTGAAGAGAACATTGCCAGGAGGCCTTCATCCTTCCAGATGGGCACCATTTGTTGGGTCTTTTTCCGTGGTATGAAGAAAATGAAGCAATGATTAGAAATTGGTCCCTCGGCCGGGCACAATGGCTCATGCCTGTAATCCCATCACTTTGGCAGGCCGAGGCGGGTGGATCACCTGAGGTCAGGAGTTTGAGACCAGCCTGACCAATGTGGTGAAACGCCATCTCTACTAAAAATACAAAAATTAGCTGGGTGTGATGGTGCACACCTGTAATCCAGCTACTCGGGAGGCTGAGACAGGAGAATTGCTTGAACCTGGGAGGCAGAGGTTGCAGTGAGCCAAGATCACCCCACTGCATTCCAGGTTGGGCAACAGAGCAAGACTCTGTCTCAAAAAAAAAAGAAGAAAGAAAGAAATTGATCCCTCATAATAGGCTGTATAGCAGATTCTACTGCAAAGGCTATGGTTGCACAACAGACTTCTTTGAATTTGCTTGCTAAACTTTTACTGGATAATACTGGGATTACAGGTGTGAGCCACTGTGCCCAGCCTCTCCTGTTTAACTGTATTCATTCTAATGTTTACTTACTTCTTTAATTTGTAAAATTGGGTCACTTAGAGTTTTTTTAGCCTATCTTGCCATTTAGCCACTGTTACTGATAATTTGGATGGAAAAGAAAAATAAATTATATCACCTCTC,False
572,-420,11.740595,-11.999272,4.896731e-11,4.955115,-5.1245046,4.192361e-05,3.525962,-3.3343077,0.0010475327,-3.8535607,3.6566665,0.9994529,7.0972643,-7.031579,7.3100614e-07,0.20010862,ENST00000453876.1,-420,TTGGGCAGTAGCGGAGATGAAGAAAAACCAGCACACTAGATGGTAAAGGAGCAGCCAACAAGATGCTCTTTACAAATATTTTTTAACTTCTTAAAATATCTCATTGAGGATTCCGTTCCAAGATGGCCAAATAGGAACAGCTCTGGTCTGCAGCTCCCAGTGTGATCGACGCAGAAGACGGATGATTTCTGCATTTCCAACTGAGGTACCTGGTTCATCTTACTAGGACTGGTTGGACAGTGGGTGCAGCCCACGGAGGGTGAGCCGAAGCAGGGCAGGGCATCGCCTCACCTGGGAAGCGCAAGGAGTCAGGGGATTTCCTTTTCCTAGCCAAGGGAAGCCGTGACAGATGGTACCTGGAAAAACGGGACACTCCTGCCCAAATACTGCGCTTTTCCAAAGTCTTAGCAAATGGCACACCAGGAGATTATATCCTGTGCCTGGCTCGACAGATCCTATGTCCATGGAGCCTTGCTCACTGCTAGTGCAACAGTCTGAGATTGACCTGCAAGGCAGCAACCTGGCATGGGGAGGGGCATCCGCCATTGCTGAGGCTTGAGTAGGTAAATAAAGTGGCTGTGGAAGCT,False
573,-360,9.034086,-9.231393,1.1678924e-08,4.7615995,-4.8955617,6.396172e-05,3.8129559,-3.6110427,0.00059640215,-4.4559946,4.3301077,0.9998472,5.1925793,-5.1609616,3.1878706e-05,0.20010789,ENST00000444381.1,-360,CGGGCGTCGGGGCTTCGGCGGGCATTAGCAGCAGCTGAGAGGCCTGTGAGAGGTTCTGGGGCGCCACCGCAGTCATTCTGTTCAGCGGGTATAGGGCTCCTCTAGGCCCAGTGGGTTGCTGGATTTTTAACAGCCACAAGAAACCAACACTAATGCAGTGTGAGCCCCTCAGCTGGTCTGTACTGGGCACTGATTAATGCCTACTTGGTATGAGACACTTCCAAGCCATGAGCCGGCTCTACCCCTCTTCCTGGAATGCCTTCATCTAACCTCTATTCCTGCCATTATCCTTCCACATTCAGCTCAGATATCCCTTCCTCTGGGAAGCTCTCCCGACTTGACAGAAATAACTTCTCCCTCGTGTGCTGTGCAGATCCTGTGCAGACTCCAACTGGGTCCTTATGTAATTATGCTTACGGTCGGTCCACCTGCCTCTACACTGTGAGGGCAGGAACTGTGTCTTGTTCCTTGCGTGTGGCTTTGGATGCAAAGCAACGTACCTGGCCAAACTGGCATTGAGGAGATATCTGTTGGATTAAGTGACTCGAGGTGGAGCCTCCCCAAAAGGAGAAGCTAGGCCTCTCTTCCCCATCACCTGCCTCACCATGTCTAATAAGATGTCCACTTTCAGCCGCAAGAGATTGTTCTCTTCCTCCAACTGCTGGTTCCGCCTGCGAAGGCGCTGAACCTCCCTCCGGTCCACACCGCCACTAACCCCTGTCTCTGGAGGAAGGACAGAACCAGTTAAAGGGGGATTTCCTCCTACAATCTTGTTTGACAAAATGGCAGGAAGTGCAGCTCACCTGCTATCCACTGGCCATTTTCAAACTTCAGGCTTTGCCCTGCCAGGTTCATAGTCGGGGATCCGTATTCCAAGCCCAGCTCCACCTCCCGGGTTGATCGATCCAACTGTGGGCGAGATGCTATGTGACAACTTCAGCAGGCCCGGAACACGCCTTCATCCCAGCTCCTCTTCCGCCAACAATATGACCCCAACAACTCATTTCTCTAATCATTACTTGGCACCTTTAATGATTTTTTTAAAGCCATAAAATCAAATGATGTACAGGAAAAGTTTAATTGTGAGATAAAAAATATACTGTTTTATACATTAGATGTTTTCCAGAAAAGCTATATATACTGAAATTTATAAATTGAATTATTTTATACCTACTTGACACTTAATAGTTTAAGCAATCCTACTATAAACTGTTAATCAAGTGAAAAATTCTTTTTAAATGTAATAGTCCCCCAAGTTATCATTTGCTTAATATGGAGCTACATATGTTGTGGAAAAGACATAAAATTCTAACAATTAGGAGGAA,False
574,-1297,4.283208,-4.481743,0.00015608546,3.342362,-3.6695993,0.00090022886,4.479113,-4.381706,0.00014181875,-2.7212055,2.625259,0.9952577,2.708249,-2.867059,0.0037759964,0.20004635,ENST00000535436.5,-1297,ATTCAAAGCTCGCGTCCCTTCAAGTTGAATCTTCCGGCTTTGTGCGATTTACCCTCTCAAACTTTCTAGTTTGCAAGTCAGAATTACTTTGAACGTCCCCTCTTCTGGACTCCCCTCCCCAAAGGGACTGGCGGCAAAGGAGAATAGAATGCAGATGGTTAATAGTTCAAATGAAATTTAAAAACCTATAAACCAATATTTTTTTAGAGGAGAAAAGCGTTCACCAAACCGCCACCCGGCAAGCGAGCATCCGATTTCCATCCGGAGGAAAAAATATTTTAAAAACCAGACATAAAATTCCCTTTGCAAGAAAAGTGGCCTCTAAACTCCCTTGCCAAGGACACTGGGAGGAAGCAGAAAAGCAAAGACCAAGCTCGTACTTTTCAGTCCGCGGCTTGTGTGCCGCGAGGAGAGGCGCAAAGGGTGACACACCAGGAAAGCAGGTAGCAGGCAAGAGTGTGGTTATCGTTGGACCAGGATTCAGGATCTGACTGAGTAGCTGACTCTTAATCCAGTTTGTGTTGATCACCAGGAGGATCTGGACCTCAGTATTACCACATCTAGAGCTATAATCACATCCCTGTTAAGCCTTCCTGAGATCACACCAAATGTCCTTGATGGGAATTGTAAACAACCCTTACTTCTGGTTTCTAATGATATTCCAGGAAAGGAGCCTAACTAGAGTCAGTGATATGCCAACTCCACCTTTGCCTTCCACCATGTTTGGAAGCTCCCTGAGGCCTCACCAGGAGCAGATGCTCGTCCCATGCTTCCTATAAGCCTGCAGAACTGTGAGCCATAATAAACTGTGAATTATAAATTGCCTTTATAGCAATGCAAATGGACCAGTACAGATGGGATGCTGGGAAGACAGTTGTTTCCACCTTCAGTAAAGTCCGTGGAACACAGTTGTGACTATATTCTAGGCCAGCCAAGATGCTTGTACTCAGAAAGGAGTGGTCTCAGGACCATAAGAAAGTGAAAAAATAAAAATAAGAAAATAAAGAAGGGATTGTCAATGAATCAGAATTCATCAAGGTCAAAGTCTTAGGAAATTCCTTCATGAGGAAGTCTAGGGGGGCTATGGAAATGAAATTTTTAAACAAATAGGTATGTGGTGC,False
575,-1102,12.164836,-12.440722,2.0603536e-11,4.9460206,-5.119492,4.2519187e-05,3.5001523,-3.2973855,0.0011152757,-3.4415421,3.2306654,0.99873596,7.746473,-7.673519,2.0099363e-07,0.1999788,ENST00000492208.1,-1102,AAACAGATTTCCATAAAGAAAAGCTGCTTTAGAGTGCTACACTGTAAGAGGGGCCGGGCAAACAAGAAGGGACGGAGGAAAGACCACCAAGTGAGAGGCACAGGTGTCAGGACACACAGAGAGCCCGAAAACGAGGCAGAGTTTGGCTGCTGTAACTGACTGGGAAGCTTAAAATAACAGACAATCATCTCTCACATTTATGGGGACTGGGAAGTCCAAGACCAAGTTGCCATCTGGGGAGGGCCTGTTCCTCACAGCGCCTTCCAGCTCAGGCCTCGTTTATAAGGGCACTCAAGCCTTCCACGACAACGGGTCCTCATGACTTACTCACCTCGGAAAGCCCCACCCCCAAGACCATCACATTGTGGGTGATGGCAGAGCATAAGGTGCCTTCCCCACATGCTCGGGTTGGCCCAGCGTCTCACGCTAGCAGCTACGTGGAATAGTTATTTTTTCTGGAGAACTCTGGGACCCCTCTGATGTCTTGGAGCACCCACACAGGCCGTTCACTGTGCACGCTGTGAGGCTGTCGTCTTGGAGCACCCACACAGGC,False
576,-361,9.60379,-9.826379,3.6440573e-09,4.5799146,-4.713285,9.2039605e-05,4.887937,-4.6516857,7.193877e-05,-3.638755,3.4548738,0.9991703,4.934062,-4.8553066,5.604113e-05,0.19987807,ENST00000412067.1,-361,GCTGAGAGGCCTGTGAGAGGTTCTGGGGCGCCACCGCAGTCATTCTGTTCAGCGGGTATAGGACTTTCATTCATGGGACTGTCCCTGATTCCCAGCCATCACGGGGAGGCTCTACCTTCAAGTGTTATCCAGAATCAGACCACCTCACCTCATCTACTGTGGCCTCCCTGGGATGGGCCTGGCCTCCTTCAGTCTGTTCTCACCACAAAGCCACCAGAAGGATCCTTTTATTTTTATTGATTGATTGATTGATACGGGGTCTGACTCTGTCAGCAGGCTGGAGTGCAATGGCACGATCTCACCTCACTGCAACCTCTGCTTCTTGGACTCAAGCAATCCTCCCACCACTGCCTCCTGAGTAGCTGGGACCACAGGTGCACACCACCACACCCAGTTAATCTTTTTGTATTTTTGGTAGAGATGGAGTTTCACCATTTTGCCCAGGATGGTCTCAAACTGTTAAGCTCAAGCAATCTACCCACCTCAGCTTCCCACAGTGCTGGGATTACAGATATGGGCCACCACGCCCAGCGCCTTTTAAAAGTGCAGTTGGATCATAGCATTTATCTGCTCATAACAATGGCTTTTGCTTCCCCGCTCACTCAAAAGAAATTCCTTCTTCACTGCAGAACTGCCCCTCCTACCACAGGATGTTTAGGGTTCCTGGCTGCAACCCCCAAAGGTCCTAATGGTGCTGGTCATGGGGGGATCCACACCATTGTGACAACGAAATATGCC,False
577,-482,12.862156,-13.127179,5.1638737e-12,6.9389706,-7.0054994,8.7900935e-07,4.70205,-4.5346355,9.739037e-05,-3.7013452,3.4949026,0.9992512,5.2963357,-5.2188187,2.7121574e-05,0.19987532,ENST00000431813.1,-482,TGCTTAGGGTGCTCAATATTTATTTTCTTTTTCTTTTCTTTTCTTTTTTTTTTTTTTTTTGAGATGGAGTCTCGGTCTGTTGCCCAGGCGGGTGTGCAGTGGTGCGATCTCGGCTCACTGCAACCTCCACCTCCCAGGAGAACATTCCCAGTCTGCCTTTCACTGAGTTTTTACCTGTTCACTAGAACAACAAAAGGGAACCCGATCGGGAAACTCTGCTGTCAACTAAGCAAACTCTAAATTTAACATTTGGGGGACCCCCTTGGAGAGTAGTTGAGAGCTATGTGCTCCCCTTTTCAGAAAAATGCTCTCAAATACTCAGTGCATAAGCCCACAGCCTTAGCAGGTTCCCAGACCTTAGGTCAGCAATCCTGTTCTAAGGCATACATCACGAGCAGCATTTTGATTTTCATCTGGGGAACTTATAGTTCATAAAGACCTACTGATCCATTAAAATTTCCACTTGATTTTGCCATTAGTAATCTCTTAAACAAGTCCAAGGAAGCCAGAGGAAGTTATTTCTTGAATGCTTTTATACTAGTGCTTTCAAGAGTTCGTGTTGCTGACTCCAGTTTTTAAAATTATTATTCTCATCTTCTGCAATGCCTCGAGGCATGTTTTTAGCTGAATAGCAATAATTATGGGATTGTGCAATACTGGAAGAAGCAGTAAAAATAAAATGTAATACTAAAAAAAAAAAAA,False
578,-178,3.0915124,-2.9104226,0.0024678549,-0.56570446,0.34947023,0.7140579,2.367876,-2.234563,0.0099278,0.86401474,-0.8947176,0.14694917,1.0889944,-0.87597185,0.12293059,0.19926667,ENST00000560248.1,-178,GGGTCGGGTTCAACTTATCAGGTATTTAACAAACAATACTGTTAAATAATTAACAGCATTATTCCAAGGCATTTGGACCATTCTGACCAGTACTCTGCTGTTTCTTATTTACTATAAGGGAATTTTACCAATATCTGTAGTTAAACCTCTGAACCTCTGTTTTCAAGGATTAACAGATATAGTTGGATTTATTGGCTACATTATAATTGCATCATTTAAAACATTTATTTTCTTTTTATAGCACTTTGGGAGGCCAAGGCGGGCGGATCACAAGGTCAGGAGATCGAGATCATCCTGGCTAACAAGGTGAAACTCCGTCTCTACTAAAAATGTAAAAAATTAGCCGGGCGTGGTGGCGGGTGCCTGTAGTCCCAGCTACTCCGCAGGCTGAGGCAGGAGAATGGTGTGAACCTGGGAGGCGGAGCTTGCAATGAGCCAATATCACACC,False
579,-1064,7.9262886,-8.1262245,1.06778074e-07,6.3741627,-6.1646028,3.5849412e-06,3.7750103,-3.9854472,0.00042607987,-2.5655122,2.531693,0.99392337,3.7196946,-3.619172,0.00064936455,0.19900051,ENST00000457253.1,-1064,GTCCGCGCCTCGCTGGGCTCAGCACCCCGGCCCCCGGCGGGACGGAGGCTCGGGTCCAAAGCAGTGGCTGCACCGACACGAACCCGTCTGCGTTTCTCCACCTGTCTTCCCTCGCCACCTGCATCTACTATGGTCTCTAAATGCCTCGCTTTGTACTTTGTGGCTTTCTGGCAGCCCTTTAAAGCAGCGGTGAAAGAAAGGAGAGAGTCAAGACACGGGAGAAAATGTTTCATCCCGGGTTCTTCTAGTGGTGCCCGCCTTGACACGACTCGGGGGACTGCCTAAGCAAAAGGTGGAAAAGATGGAGCTGGAAGACAAAGACGGCTCCGGATTCCAAAACTTCAATGGCGTCGCCAAATTGACGAGCTCATTAACCTTTGGAGTATTGTTATTTAAAAAGTAGGAAATAAAAGATAAATGTGGAAATATTTAATAAAAGAAAAACGTAAGCTCTCAATTTTCTTTATTACTTTTTTTTTTTTGAGACGGAGTCTCTCGCTCTGTCGCCCAGTGGCACGATCTTGGCTCACTGCAAGCTCCGCCTCCCGGGTTTACGCCATTCTTCTGCCTCAGCCTCCCGAGTAGCCGGGACTACAGGCGCCCGTCACCACGCCCGGCTAATTTTTTCTATTTTTTTGGTAGAGACAGGGTTTCACCGTGTTAGCCAGGATGGTCGCGATCTCCTGACCTCGTGATCCTCCCGCCTCGG,False
580,-1108,4.4843206,-4.2626505,0.00015891675,0.59751594,-0.8684696,0.18755357,3.6645398,-3.5077026,0.00076701096,-0.7164892,0.68098825,0.8017833,2.9963622,-2.752043,0.0031777297,0.1986881,ENST00000518046.1,-1108,CAAAAATCCGTTCGGCGGCATTTTCTCTTCAAACCCGCCCGGTCGGATGTGGCATTTGAAGAAAGAAGGCGTGGGTCAATAATCAACCCGCACTTTCTCCTCCAAACTGCTGACGCGACTCTCACCGCCTTCTCAGCTAAGCCAGCTGCCGGGAAGGCCAGCTCTCCGAAAAGGAAACGCCAAGACATAGAAAACCACGCTTTTCCCGTAGGAAGAACCGATGATGAGCCCTGATGAAAGAAGGAAGAAGACCCGCTGTCTGCGAAGGCCTAAAGGTTAGAAATACAGCAATTTTTCTCATGCCGAAGGAAAGGCAAAATGGTCTAAGAAACTGCAAGAGTGTGATACAAGTTTTCCTCAACAGCGAGCTGGGACTGGCGACAATTTCTTAACTCACAGCCTCCGCAGTCGCCTTAGTCGAC,False
581,-56,4.1043196,-4.299012,0.00022406915,-2.0809798,1.6075469,0.9756014,7.0194197,-6.7844334,1.0117249e-06,8.732666,-9.012697,1.9646567e-08,2.1155534,-1.934881,0.017116727,0.19858864,ENST00000429227.1,-56,GCTGGGCGCTCTGGCGGTGTGCGCTGAGCATCTGTCCCAGTGTCAGGCACATTTTAGGTGCCCAACAAACATCTGTGGAATGAATGAATGAGTGCTGGCACCACCTATAAGCACACAGTAAGGATAACCATGGAGAGAATATGCCGAGCCTTTTAATCAGCCCAGAAGAGCGCCTTCTGTGTTAAGGCGAAATGCCAGAATCCCAAGGAACAGATTCACCACCCAGGGGCGGGACTCAGGGACTGCTGATACTGAGGCTGCCCTGTGGGTTTTCCTTCCAGATCCCTTCTTGATTTGCCCAAAAGAATTTCACGTTTTGTTTCAGTTAAGGAGAGGCCTTTCCTTACTGCTGACTTTAAGGAAACTGGAAATTGTGCTTGTGGGGGAAGTGGCTTTGGAACTTGGGGCCTCTTTGGGACCTGGTAGGCAATGGGGTTTGGGGGCAAGTTTGTGGGACATGTGTCTGAACAGGAAGGAAGGGAGGAGCAGTGGGGCCAGCCAGGAAGCAGTGCCGAATGCAGATTTCTCTTCTTGTGCAGCTTTGCTTAGAGTTGAACATTACTTCCCAGAGATAGATTGACCCCAATCCTGCAGAGATTGGCTATCCTGCTCTTCAACTTATTTTTAGATATATGGTCTCACTTGAATCTCACATCCAATGAGGAGTTCCTGACCCCTCAATTTAGCTCCACCTGGCATTCCAGAGCAATTCAAGGACCTGGTAGGGCTACTAGCAATCCACTGCTACATATAGGGGAACAATGAGTTTTAAAGCTGCTCAGAAATCTGTGATTCGAGTATCAGGAAATCCTTGACTCTTTATCAAATGTGAAGTTGCTGATTTAAGAAATAAAGTTAAGAAACAATA,False
582,-721,3.8314474,-4.1358314,0.00034650092,1.990815,-2.2690368,0.013927673,4.7320075,-4.3672266,0.00011173893,-2.0008452,1.7611618,0.9772906,4.4015813,-4.7039595,0.00011103641,0.19835751,ENST00000447911.6,-721,GACCCCAGAGGAAGACGTGCATTGGGTCCGCTGGCCCCAGGCCAGTGTCTCTCAGCCATGTGCTCAACACCTGGTGAGCTGAAGCTCAGGCCCTTCCTGGCATCCTGGTCTCCTGCACTGAGCTGTGGTCTGCAGCGGCATCTGGCATCCAGGCCAGCCTCCTTGGTGGGCCGTGAACTGAATGGTGGCGCTGGCCTGTGCCCAGTATATCTGGGTTCGGTGGCTGAGAGAGCTTTTGTTGCCCTGTGTCCGTGACGGGCCAGTGTTCTGCATGCATCCCATCACATGGATCCATGGAGGATGTTGAGCCCAGAGGAAGACTTGCACTGGGCCCAATGGCCCCAGGTCAGCGTCCATCAGCCAGGTGTCCAGCCCCTGGTGCACTGAAGATCGGGCCCTTCCTGGTGCCCTGGTCTCCTGCATTGAGCTGTGGTGAGCACATCCGGATCCTGCTGGATGCGTGTGCGGGGAAGGGGGTGCCCTGGGTTGGGTCAATGAGAACCTTATATTGTCCTGAAGAGAGGTGATAACTTAAAAATCATGCTCAATAATAGGATTACGCTGAGGCCCAGTCTAGGTGAGAGGTTTGGAAGAGGATGCTGGGATTCCGAGGTCCCCAGGAGGGCCCCTGTATTTTTGGCTGGAGACCTGGAGGCCCTGAAGGGCATCTTGTGGGTGCCCAACCCTGTCTCTGCGCTCCTCCTTGAGGCAGCCCAGGCTCCCTGTGCAGGCTTGGTGTCAGCCCTCCAGTTCCCTGGGTTTGAGGCACATGGGAAGCTCCTTTCTGAGCCCCGTTCTCCTCTTGTGTCTTT,False
583,-1233,-1.7912338,1.8063383,0.9733401,2.4807534,-3.129155,0.0036480487,4.79643,-4.3892975,0.00010248126,3.645428,-3.5116594,0.00077871437,2.238357,-2.2809513,0.010779106,0.19772968,ENST00000434244.5,-1233,AGAACCTAGCTTTCCTGCCTGCCCCCAGGGCTAATCCAGAGGTGGGGGAGGGGCTAAAGACACTGGGCTCTGCCAGGGGCCTTGGATGAGCTTATCATGGAACATAAGAAAAATAAAACAGATGTCAGCCTGTGTATGAAGAATTCATCCACAAGATTTGAGCAGACCGAAGACTGTGAGACTTCCTCCCCACAGTGAGCTAAAAGGACGCTTTTGTCAGAGTGGGGAAATAAAAGGGCTTTATGGGAAGGAAGATAAGAACAGATGAGTCAGAGGTTTCTGCTTAATGCTCACTCTTCAATTCTTTCCCGAGCAAAACCAAGAATCTTCTTGGGCTAAGCCCCAATTTGGGGTTCACCTGCCTTGCAGCAACATGGCACCAAACATGCGGCAGAAGAGAGAAAACGACAGCATGAGAGACGGAGAAAGAAATGGCCAGTTGGCAAGGTGGTAATGAGAGACAGCAGTTGGCAAGACAGTGAGAGACAGCAAGAGATGGCAAGTGACAGTTATTGTTAAGATGACAAATGGAGAGATGGCAAGAAATAGAGAAGCAGTCAGTGATGGAGGCTGCAAGAGTTGTAACACTAACCAAAGGCTCTTTTTAGAATCATCGTTTTCCCTGGCAGGTGGTACAGCCAAGCAGACAGGCAAGTAAGTGGCCATACTGCTACTGCCTCATGTAGGATCCGGCAGGCTGGTGGGTTATCAGTCCTCACGTGGGACCCTCCCACCATGGCAGCTGAGCACATCCAAGCTGGGGGATCCTGAAGAGACCTTCACCTGGGTGCCACGTGGAAGATTGGCCAGCACCATTTTGACTCCTGTGGATGGTTCCAGGTAAAGACAATCCTTGCACAAGGCTTCCAACTCGACCCGCCTACTGACCTGGAGAATGAAAGTGTCCTGCCTCGGGGCCCCTCAGATCAGGAATACCAGATAAATGACGTTGTGCCCTTCTCAATGATCACGTCAGGAGACACATGGACGTCAAAGGACTCGGACACCGGACTCGGACACCGGCTTCCCGTTGCAGGTCTGGATCTTCTTCACAACCACGGCCCTGGTGGAGCTGGTGCGGCTGAAGGAGCTGGCGCCCATGCCAGAGCCAAAGCTGGAGCCCAGACCGTAGCTGAGGCCGGGGCTCGTGAGGCCCCCATAGGCCGAGCTCAGCGCACCTGCATAGCTGCTGGTGGTCTTCGTATGGATACTCCTGTTCTGCATCCCAGACTCCAGCCGGCTCTCCTCGCCCTCTAGCAGCTTCCTGTAGGTGGCGATCTCGATCTCGATGTCCAGGGCCAGCTTGACGTTCATCAGCTCCTAGTACTCACGCAGCTGCCGCGCCATGTCCTGCTTGGCCGGCTGGAGGGCGGCCTCCAGCTCGGACAGCTTGGCGTTGGCACCCTTAACTGCCAGCTCCTCAGGCTGCTCGGCATCTGTGATGGCGGCCTCCAGGGAAGCCCTCTGGCCTTTGAGGCACTCAGTCTCAGCCTGGAGCCCACTGATGTTCCAGTTTATCTCGGAGGTCTCAGTCTTTGTATGCTGCACGTCATCCCAGTGCCTCCCAGCCAGCGCCTGCAGCTTCTCATACTTGATCTGGTACATGCTCTCAGCCTCAGCCCGCCTGCGGTTGGCGATCTCGTACTGCGCCTTGACCTCAGCGATGATGCTGTCCGTGTCCATGGAGCGGCTGTTGTCCATGGACAGCACCACAGACGTGGCGGAGATCTGGGACTGCAGCTCCCGGATCTTCTCTTCATACAGCCGCCTGAGGAAGTTGATCTCGTCAGTCAGCCCTTCCAGGCCAGACTCCAGCTCTAACTTGTTCATGTAAGCTTCATCCACATCCTTCTTGATGAGGACAAATTGATTCTCCATCTCTGTACGCTTATTGATCTCATCCTCGTACTTGTTCTTGAAGTCCTCCACCAGCCCCTGCGTGTTGCCAAGCTCCGTCTCCAGCTTCAGCTTCTCCTGGCCCAGAGTCTCCAGCTGCCGCCTAAGGTTGTTGATGTAGCTCTGGAACATGTTGTCCGTGTTGCTCCCAGCCGTCTGCTGCTGCTGCAGGAGGCTCCACTTCGTCTCCTGAATCTTGTTCTGCTGCCCCAGGAACCGCACCTTGTCGATGAAGGAGGCAAACTTGTTGGTGGGGTTCTTGATCTGCTCCTTCTCCTGGGTGCGCATGGCCTGGATGTTGAGATCCACCTCCTAAGGGGGCTCAGCAGACTCTGGTTGACTGTGACAGCAGTGATGCCTCCCATGCCGCTGGTCCCACCATAGCCTCTGCCCAGGCCAGCCCAGAAGCTGCTGCTGCCCAGTAGGGAGAAGCTCTAAGAGCTGATGCAGGCACTGGGCCCACTCGTATAGGAGCGGCATAGCAGCATTTTTACAATAATCCAGTAACCCTGTTGTTCATCAATAGCATAATTGAGAAATATATTGTGATATATTTATACGATGGAAACTATTCAGCAATGGGAATGACTGAACTACAGCACTATGAATCTTATAGATTGAGTATACGAAGCAAGATACAAATTACTCCATTTATATAAATGTAAAAAAAAAAACAAAACAAAACCTAGGCAGCATAGCCAAACCCTGTCTGCACAAAAATGTAAAATAAAATTAGCCAGGTATGGTG,False
584,-153,11.148272,-11.398623,1.6143895e-10,10.008676,-10.266469,1.5653685e-09,7.7954154,-7.2554607,2.9072825e-07,-1.9435376,1.7260258,0.97514594,2.7479692,-2.921468,0.0034379454,0.19571683,ENST00000554032.1,-153,CCCATTGGGATGTTCATTAGAACTCTGAAAACTACAGTTCTCCCCTTTATGAGGACTGCACCACAGCTCGCCCTCTCCTGGGTTCCGCCTGGTTGCAGAGTGAGCCCATGGGACAGCCCTCTGAAATTATACTGCTTACAACCATGCTGAGTCTGCAAGGACTTCGTCCAAGCCTTTCCGTCCAGGACCTCAAACAGATCCAATCACAAGAAGAGAGATTTCAGGAAAGAGAAAATTATTCCTATCATCGGGGTTTTTGAAGAACATGAAATGACTGGGAAAATAATCATGTTAAGTGGAAAAAAAAAAGAAATCTATCTGTTGTAATTTTCAAATAATTTTTAAATAAATTTGAAAAATTAAGAGAA,False
585,-978,1.867243,-1.8840594,0.022948151,-0.099405706,-0.29820576,0.450463,3.559912,-3.3727314,0.00097446854,0.71477807,-0.71541035,0.19306934,0.4114958,-0.38577634,0.31060937,0.19561286,ENST00000492922.1,-978,GCTCAAGTCCTGCTGCATGAACTTTCTGATGACTGCCTATGTTCACTCAAGGCCTTTGGTCTCTACAATTAGCAGGTGGCAAAGCCAGCCAGGCCTGTGTTCTTTCCTTTAGGGCAGTGAGTGCCCTCAGTCCCTGGCTGGGTCCAGAAATGCCATTCAGAAGTCAGGGAGTACAGTCAAAAATTTTAGAAGTCCACTTGACATTCTATTGCATTGCAGCTGATCTGGCACTCAAACCACAAGACATAGTTCTTCCTATTCCTCCCTTCCTTTCCTAAAGGCAGGGTAGCCACCACCACCTCAGGCCACAGTGAGTACTGCCAGGCTACCACCAATGTTCCCTTAAGGCCCAAAGCCTCTTGTCAGCTTGTGATGAATGCTGCCTGGCCTGGGACTTGCGTTTTCAGGACAATGGGATCCCTACTGGCCCTGGGCAGCTTCATAAATGCCAACCAAAAATCAAGTCCTAGAATCAGGGATTCTGAAAGTTCGCTTGGTGCTCTACCCACCTCTGGCCTTGCTGGTACCTAAGGGGCAAGAAAAAGTCCCCTTTAATTTTCCCTCTACTTTTCCCAAGAAGAAGGAGTTTTGCCTCTTAGCCACCACAGCTAGTAATGTGCTGACCTCACCTAAATCTAGCAAGTCTATGAGGGTCATCCAAGGCCCTTGATGTAGTACCTGGGTATGGCTGCTGGTTATTCAGAGCCCAAAGGTTTTCAAGTTTGCAGGCGATAAATCCTGCCAGCACATGGTTCTTTTCTTCAAGGCAGCAGGTTTTTTTCTGGCCCAGGGTGTGTCTAGGAATGTCTAGGAGCCAGAGACTGGAAAGGAGGCTGCAGGATTCTGACCAGTGCACTACCTTGCTGTGGCTGAGCTGGTGCCCAGGATGAAAGACAAAGTACTCCCTATTCTTTTCCTTCCTCTCCTCAAGCAGAAGGATGGGGTCCCTTTTGGAGCCATGAGCTGTGCAGTCTGGTGTTAGCGGAGTGATAATGCCAGAACTCCTTTGGCTGCCCCAGCTGGTGTCTCAGTATGTTGCCTGCCCTCCCCACCCCAGTCCACTGTCCCTGGGCCCCATTCAGCCCTAGGCCTCACCTAAGAGTTACAGTCCTGATGGCCTAGGCTGCCTTTCAAGTTTTCTTAGACACACAGAGTGCGGGAGCCCTTAGTTGCCAGGTTTCCAAACACTGAAGTTCCAACCACTGGAATCTGATTCTCCTCTGGCTAGGGCTGGCTTAATTGATCACTCTGTGGATCAGCATTAACTGCACTTGGTCTGGTTTTCCTTTCTGCTCTAACAGGACAGCACTGAGTTCAGTGCCTCACAATTGCTGTGTTCTCTCTCCCGCAGAACCCAGAGTTGATCTCTGCAGCATGCCATCACTGCTGGGGATGAGGAAACGGTGATTTCAGGACTGTTTTTTCTGTCTCTTCAGTGCCTCTTTCAGTGATCTGAGGTTAAAACCAGAGGGACAATCAGTGGAGCCTTCTTTCTGCCGTCTTGCTTTACTCTCACGCCCAAGAATCAGAATTCAGAACTTTTAATAAGAAAAGCTTTCAGAACTCAGGAAGGACAAGGAAGACATTCTGGTTCTCCATGCTTAACATTGGACTGTTTCTTCAACTGAGGTGCATAGCACTGACTAATCAGGGATTATCATAGATAGTTTGACTTGGACTACGCCGTTCATTCAAATTCTTTATCTAGACAATTTAAGTACTAGCTGATTTGGCATGAAAATCTGGCAAAGTATTTTCTTGGTATTCAATTGATTTTTATTCTGCTTGGGTTAGCAGTTTTATTAACCAGTTAGTCTCTTCATTAAAGTTCTGGGAATTCTTACCCAGTTCAAATAATATCATTCTAAAGTTCTCAAAAACCTGTATTCAAGAGTGCTTCTGAGGGCCTTCTCCATCCTTTCATGAACCTCCTTAAAGATACAATATTCCAGGATTTTGCAAGCTTGTAAAGTTTTCAGAAACTGCCTCAGAATTAAGCAATTTACTGTGGAAATGACTTTAAGTTGTCATAGTCAGACACAATTGACAAGAAAATTTTATTTATTTATAGGCATGAGCCACAGCGCCTGGCCTCTAAAGCTAATTTAATAAAACTTTATAAATGC,False
586,-1220,0.45682025,-0.698314,0.23955254,-0.36592567,0.2512718,0.64958084,5.8968973,-5.573037,1.0439176e-05,1.2206522,-1.1261644,0.08731915,3.4035006,-3.4284866,0.0010775499,0.1955081,ENST00000577537.5,-1220,TTTTTTTCTCATCCAATCAAGACATGCAGTCCAGGAACCTCCGTGGGCATTACCGCAGTATATAAATGATGCTGAAGCGGAAACACGTTTTTTCAAGTTCCTGTATTTTTATGTGGAGTTGCTCACTGCCCAACGTAGAGGACTAGGAATCAGGAGTCGGTGGCCGTATGCTGGAGGCTGGAGCCGCGGGAGCGCGGCTCGCCTCGCTGCGGTTGTTGGCAGTGACGGAGAGAGAGCAGCGCGGCTGGAGCAGGACATTGTATTAGTTTCCTGCAATAAAATATTTTTACAATGTCAGTTTGTCGAAACTGCTGGACTGTAAACTATTTCTAATCGAAACCTGAAATTGTGTCACAACATGGCTGTATTACGATTCCATGTCAGAGGAAGGATATATACGTGCATCTGGTAGTGGCTTCCAGTTGTTGCTGTCAGATGTTTGTTTGGGAATGCATTCAGAAGAGCTTATCAAGGACTTGAGTACAAAACAAGCATTTCCACAAAAAAGCAGTGACACAAATCACTATGTAATATAGTTAGCCTTTGAACAACACGGATTTGAACTGCAGGGGTCTACTTATGAGCAGATTTTCTCCCACCTCTACCACCTGAGACAGCGAAGACCAATCTTCCTCTTCCTCCTTCTCCTTAGCCTGCTCAACTTGAAGACTATGATGAAGAGTTATATAATGATCTACTTGCATTTAATGAACAGAAGTCTAATGCCTACATTTAAAGGATAGCCCGGCCCCCAGTAAACGCGGATTCCTGCTCGTGGCCTTCTACGCCCATTACTGGAGCAGCAGCCATCAGCGTAGACGACGACGAAGTCTCCCATGTAGGAAAACGTGTCTCTGCTAACTGGAGGCGCCGGCTTCACCCTCGGCTTCATGTGCTTGCATATGGCTCTGCGCTTTCATCTCCATCTCCATCCAGTGGCTCACGGAGTCGCTTGCTGGCTTTCGTCTCTGATTCTTGTCCATGTTGATTTTCCTGCCCTTCTGAAACTTCCGGGCTTGCAGATTTCCTGACAAAGTCCCAGGTCTCATCCTCTGTGGCAAACTTCTTAAATCTGGCAGCAGGAAACCGGTCCACCTGTGCTTTGCACTCATTCCCGGTCAGAAAGACCCCGGTCTTGCCGCCCCTCCTCACGGCATAGAACATCCCGAACCCGTGAGAGCAGCGGCAGGGCAAGGCGGCCAAGGCGACTCTGCGGCCAGGAACAGAAGCCGGCTCATCGCTCACTCCCGGCACCAGGAAGCATTTCGACTCCCAAGGAACCACTAATTTTACAAAGAGAGTTGTCCTAAACTGTGACAAATTTTCCAGTACTTAATTCTTTTTACAATTCATTCGTTTTTTAAATGACAAAATTGTATATATGTTGTGTAAAACCTTTTTAGAAATAGGTAGATGGTGGAATGATTGCATTGCGCTCAGGAACATATGCATACTTACTTTTTGTGGTGAGAACCCTTCTTGATTTTCAAGAATACGATACATTAACTGCAGTTACCATGTTGTGCAATGTATCTCTTAAACTTATTCCTCCTGTCTAACTACACTTTTGAATGATTTCACCGTCTCCCCAAACCCCTGCCTCCCACCCCCGGTAACCTCCATTCTACTCTCTGCTTCTGTGAGTAGAAGCAGGAGGCTGGAGAATTGCTTGAACTCAGGAGGCAGAGGTTGCAGTGAGCTGAGATCGAGCCGCTGCACTCCAGCCTGTGTGACAGAGCAAGACTCTCAAAAAAACAAACAAACAAACAAAAAAAACAGAGAATCCAGAGGTCAGACATTCCTTTTAGTAAGGACTCCAATATGGTTTCTCACCTACTCACTCCAACAAAATTGCTCTTCTCAAAGCACAAACGATATTGTTAAATTATGAATTAAAGCATAATTCCTCAGCCTTTGTCTTAATTTATGTATCAGCAGCATTTGACACAGGTGATCTCTCCTTTTTGCAAAACTTTCTTTGATAGAATTCCAGAACACTTAACCCACTTTCCCCCCGACATTTTTGATAATTACCCCTAGTCCTTTTTTGCTGTTTTTTTCTCACCTTTACTACTTTTTAAATGTTAGAGAAGCACTAGGCTCAGGACCTGGACTTATCTTTCTTTTATTTACTTTCTTACTAATTTTTGTGTCATTAATTTCCTGATATTTCATATTATACCTCAACACTAGACTACACCCAGCACCGTCTGACTTCTTCACTTGGGTGTCAGCCAAGAATTTCAAAATGAAGTTCCACATGGAGCCTCCAATACTCCCCAGACTTGCCCTTCCCCTATCTGTTTAATGGCAACTCCCATTTTATAGTTTCTCAGCTCAATATTCTTGATATCCCCTTTTAGTTCTCTCTGTATCTGTCTGGTTCTCATTCTCTATCTCTCCATCACACACACACACACACACACACACACACACACACTTTCAGATCTGTTGTGTATGGAAAACCTGCCAGCTTTGCCTTTAAAGTGCAGTAATTCCAAATGGTGTTTTCAAATTCACCTTCCCACCCTCACCACTTGGTAACTACACTACTTCCCTCACACGGTCAGGGCTCTACTGCAGACATTTCTTGGAGGAAATAATGAGAACTATTATAAATTCTTATTTCAGGCACCCTCAAAATTATAGGCTAGCCATATTCTATATGAATTTAAGCTTTTATCATTGCCCTTTTTTTCATTCCAGTCTCTACACAGCAACCACAGTATGCAATTTTTTAGAATTCCAAGCCGCATCATAACACTTTTTTTTTTGAGACGGCGTTTGGTTCTTGTTACCCAGGCTGGAGTGCAGTGGCGCAATCTGGGCTCACCGCAACCTCCGCATCCCAGGTTCAAGCAATTCTGCCTCAGCCTCCCGAGTGGCTGGATTATAGGCATGCGCCACCACACCCGGCTAATTTTTTGTATTTTTAGAAGAGACGGGGTTTCTCCATGTTGGCCAGACTGGTCTCGAACTCCCAACTTCAGGTGATCCACCTGCTTCAGCCTCTCAAAAGTGCTGGGATTACAGGCGTGAGCCACCGTGCCCGGCCAACGCTCCTGTTTTAAAGTACCTGCGCTATTACTTCTTTTCTCCCTCATTAGAATTTAAGCTTAACAAACCTGGGTAACTTTATATACTTTTCCACTGATCTGTCTCCATGAGCTGGAGATCACTTAGTGTAAGGTAAATGATCAATAAATGTTTTCAAATAACAGAATCAATTATTAATAGTTTTCTTTCTTTGAGTATACATTTAGACTTTCAAAAATCAAGAAAATAGATTGGTCAAGAGATTTCCATTTGTTTTGATTTTGTTATCCTTTGATTAGATTAGCTGTGTTAGTATAGATTTCAGTGTGGGAAGCTATAAGCATTTCCTAAATTTTAAAATGAAAGGCATGGGATTTGAATATCCATTCCTTTTATTTAAGGAATAAAGACAAGCCTAGCTTTTAAAATATATTTTATATATGTAAACTATCTAAATTTATTTTTCTCTTTATCCCTGAATACTTTTTCAAGTTATTCATCTCATTTTAAAAAATCTACCTCGATAACATTTTAAAATACATATGCAACTTCATTAAGAATATCTTTGTTCCACTGAATAGCTTGTCAAATAATACATTAGCAGTACAATTTCCTCATAATTCTTAGACTTGTTTGATTAAATTTATAGATTTCCTACTCTCAACTAATAAATTCATTCAAGTATAATACA,False
587,-477,5.4328985,-5.2679453,2.2525413e-05,-1.8951346,1.7787434,0.97525024,11.36305,-11.213476,1.5672529e-10,4.9242024,-5.0092006,4.8524027e-05,11.013488,-11.278673,2.0827537e-10,0.19506426,ENST00000534006.1,-477,TCTTTTGTTGGGGAAGGGTGGCATTCTGCTGACCACAGCACTCCAACCAAAAGCCAAAAACCAAAGCAAGACTTACTAACGCATATCAAATAAATTAAAGATGTCCCTGGCTGGCATCCTCTGGGAGGAGGGCGGTCACCTGCCTCAGTCTCCTGGCGGCATCATTCCAGTGTTACGGGCATCATAGCTGCATGGGTGTTATTACAGCTTCATTACCACACGTCTCAGGAGAGAACACGGTGTTCTAGGATGGCATTTCTTGCACAACTTTTTGTTTTCCCTGGAGTTAATAATTGCCTTTTTTTTGGTTTGCCTA,False
588,-9,7.1413155,-7.23154,5.7272695e-07,3.1354542,-3.256537,0.0016721173,-1.7261455,1.8171252,0.97189415,5.866278,-5.928062,7.547096e-06,4.1427474,-4.20738,0.00023631057,0.19476214,ENST00000451828.1,-9,ACCTGGTGCGCGGCTCCGGACCTGGCGACCCACGACCGGCTGGTCACTTGCTGCCACCTCGCAAAGGCGCATCTCTAGTTCAGTGGCCATGTGCTCATTTCCACTTACCTGGCAGGGGAGAGACCGTGGTCACGAAGGGGGTTCTCCCAGAGTGAAGCTTCTTCATCTCACTCTAGAGTTGCTGATCCCTGTGATTTCCTCCATGTGGGAAACGGTGTTTGTGCTAGAAGAGGCTGCGCTCTTTACCTGACATAACGGGGTTCAAGACTGACAACGCCTCACGCCCACCCGAAAACGTTTACATGGCTTCCTTGTCTCTTTTTTTTTCTGTCCTAAAGTCGCCTCATCTTCACATCCCCTCTTTTTTTTCTTCCACACTCGAGAGTGTCTCTCTCTCTCAGTAAAAGCTCCACCAAATATTTGAAATATCTCAA,False
589,-382,1.0194567,-1.0437803,0.112721644,0.8245386,-1.1860055,0.1181003,2.53221,-2.0909712,0.009725977,1.4959184,-1.2410767,0.060825326,-0.41432524,0.29960173,0.67126834,0.19452831,ENST00000417557.1,-382,TAAAGTCTGGAGGGTGCTGAGGCAGCAGGGGGCTGGTGTATTAGCACTGCCCTGAGCGTGTGCACACCTGGCCAGGCTGCAACAGTGCCCAGGCTCGCCCTGACTTTACTCTGAGATCAAAGTGGACACTGACAGCAGGGAGAAGCCAGGCAGCAGAAGCAGGCACTTCCAAACCTGCGAAGGCCGGGGATGGGGCTTCCTGGGCCCCCTAGAGTGCAGAGATGCCTGGGTCTGCAGCCATGGTTTGGGTGGCTGTAGCTGCGCCTAGGAGAGGGGCTTCTCTCTGCTCCCGGCTTCCAGGAGCACAGGGATGCCTGGGTCTGCAGCCATGACTTGGGCAGCTGCATCTGTGCCCAGAGGGGTGGGGCTCCTGCCTGCTCCATGGAGCAGAAGGCCTGGATCTGCAGCTGGGACTTGGGTGGGGCTTCTGCCTGCTCTGTGGAGCAGGAGGTCTGGGTCTACAGCTGTGACTTCAGTGGCTGCAGCTGTGCCCAGGAGAGTGGGGCACCCATCTGCTCCCGGCCCGAGAGCACAGGGATGCCTAAGTCTGCAGAGAGCTACCACCCAACTCGGAAGGGGCAGGGCTCCTGCTTGTCCGCAGCTCCTGCCAGTTCCATGGAGCATGCAGCCCTGGCTGTGCCTCCCTGCTGCAGCTGGCATGATGGCACCAGCCACTTTAGATGGACCGTGGTGTCATCACTGAGACCCTGTCTTGACACAGCTGTCAGGACACTCTCTAGCCACACTTGCCTTCCTGCTGCCAGTGCCGCCGTGGCTCAGGTGGCTGCAGTTCCTTGAGATGTCCCAGTGGGTCCTGGGTGAGCCCATCCAGCTGATGGGCCATGAGGCAACAGGCAAGTGGACAGGCCAGCACTGTCCCCCTTCCTCTTCTTCTGCCCCTTCAACTGCAGGCTGGAAAATTCATATGTTACCAGGAAAACAGCCGGCTACCCAGGGCTATTTACCTCAGGGGCCAAGCTTCCCGTGGGATGAGATCGTTGGGCTCAGAGAACGTGTTGAGCAAACACAGTACTTTCTGTGAGCTGGGTTAGGCTTGTACAGACTCCAGAGTCCCAAATATGGCTTCATCCACAGTGTCGGAGCAGCAGCGAGGGCTCTAAGACCACCCAGCTCTCTTCCTGGCTATTTTTTCCATGCTACTCATCCCAAAACTTGATCTCACATTGCTCTGTTTCTTTCTCTGCCTCCATGCTTGATGCATTTACTTAATCTTTCGCAGGATGGGTCATTACTTTTTGCAATAGCACACTCAAAGGTAATGACCAAGATAAATTGAAAAGAGGATTCAACAGTATTCATTGTAAGATTGAATGGGATATAAAATACGTAATCAGCACTTGTGAGGAATATCACTAGATTCTCTTCTTCCTACTCCCCCTCCTTTTTTTTTTTTTTTTTTTTTTGCATTAAAACCCGGGAATTTGATGTTGATTGTGGCCTAAATGTTAAGCATATTCTGGATTTTCTACACCGTTCTGACACCACAGGTACTTGTTTCTTTCTCAGAAGGCAGGTGAAGCTCAGCTGTGTGGGGCTGTGCTTGGTGGCAGTGTGGGAAACGTGTGGAACTCACCATGGTGTTAGCAGCTTTTACTAGCCGTTTGCTTGGAAAACAGTCTCCGATCTGCACTTGCACACCCACCACGATGCCTTCTCCCCATGGCTCTGTGGACACCAGGAGGTCAGGGCACAGAGGACGTGCGACTTGTGCTCCTGTCTTGCTGCACAGTCTAAAGACCTCACGTACGTTTTGAATGTTCAACCACTATTAGAGTGAGAAATGGCATCCAAGATGCTTTTACTGAGGAACATTGACAACTGGAAAACAAATCAAGCTTGGATTCCAGGGAACACTGTCCAGATTTCCTGTTTTATGAATTTTACCATTCACTCTTAAGGCTGTTAGGTTTGAATAACTTGATAAATGATCAAGAGAAAACCATGCAGCATTATGTTCACTGCCAAGTAATATGGACGTAGAGGATGGCAGAATTCTGTAAAACCACTTCTGGAGTTCAACATTTAACCGAGCACATTTTACTTACCTGTTACCAGTGTGTCGCTTGGAATGTCTTCTATTAGGCATTTCTCCTCACGTTCCCCTGCGTGGAAATAAAAGGCAGTTGAAAATGGAAAACCAAAAC,False
590,-514,8.78213,-8.941974,2.0068711e-08,1.944652,-2.4047294,0.012750133,3.6102989,-3.8082407,0.00059966504,-1.9108986,1.2219127,0.9582261,5.273263,-5.49102,2.1140831e-05,0.19431941,ENST00000568179.1,-514,GGGCATTGATGCAGTAATGCCCTTCTTCACGTTGATGTGTTCTGTTTACCTCCCAGAGGCAAGGTTGTCAGTGAGCACAAAGGATCATCTAATTGGACCTGGCATGGAAATTTGGAATGCAGTCCTGCGAAGTTTATCATCTCCATTTATGTCCTGGAAAAGGGAAGATTTCTTTTACATCCTGACCTGGTTTCTGTACCACTTACTTAACAAATAAGCATTTAGAGAATGTCTCTCATATATGGTCTCTCAGTAAATTCTCTAAGTAGTTCTGGGAAGTAGACATTATCTCCATTTTTAAAACTTCTTATTTGAGATGTAATTTACATACCTAAAATTCACCCAATTAAAACATGCAAGTCAGTGGTTTCTAGTGTCTTTAAAGAGTTGTGCAACCATCACCACTATCTAATTTTAAAACATTTTTATCATTTCATACCCATCAAAAGTCACTTCCCCTTGCTCACTCCCCCAACCCCTGGCAACCACTGATCTATTTTTTAATCTCTATGGATTTGCCTATGCTGGACATTTCATATAAATGGAATTATACAATATGCGGTCTTTTTTGTCTGGCTCCTTTCACTTTAGCATAATGTTTTTGAGGTTTGAGGTTTCCTTTTTATGACTTCATTCCTTTT,False
591,-300,5.4403143,-5.4833145,1.8026876e-05,4.4566054,-4.6775293,0.00010790685,1.3269316,-1.2073463,0.07348983,-1.0439206,1.0931365,0.8944531,3.9923577,-4.1453037,0.00029223473,0.19367222,ENST00000412297.1,-300,ATGCAGCCCAGTATCCTGCCCTAAGTTCCAGAGGACCATTTTCCACATGAAAAGTCTTACGGATAGACAAACTTCCATTCAAGCCAATGTCAAGTTTTCATTGCAAGAAAGTAGCAGCCGTGTTTAAGAGTTCGCTCCAAATGCTCATCTTCTTCTTCGGCCCTGGATGTCAGACAAACAGGACAAACAGGAAACAAAATTATTTTTCTTCGTGGAGGGCAGAGCAGCACTCCCCCGTCGCCCAGTATTTGGATCCCCAGCGGGAATGGGGAGCACCAGGCCAGTGGGAGGCTGCCCCGGCCCTCCCGCGACCTCTGGATTGAACTTTCCGCACACTTCTCGGCCCCTCGGCAGGTGGCCCAGCCTCGACCCGACCCCACTGCCCACTCACTGCTT,False
592,-811,1.6399364,-1.6823373,0.034814924,1.0851597,-1.2911185,0.08499958,4.369475,-3.9317586,0.00024814895,-0.41661516,0.28721187,0.66903573,0.7473189,-0.80558544,0.17466718,0.1927531,ENST00000447070.1,-811,ACAACCCTCGGGGTTAAAGAGCCTCCTCGAGGAAGAGGCTGGGACACAGCTGAAAGAGATTGACCCACAACCACTCTAGGGGCCATCACCTGCCCTTCTTCAGTCCTGGGCGTGAAGGTAGATTTCTCCCCTAGCCTGTGCGGGAGAGGAGCCCTGGTTTTTCTAACAAGGACTACTGTAGGTTCGCCGAGTTCGAGGGACGCTACGTATGCAGCGCCTACGCCCGGACACAGGCTTCCGCGTTACCGACACCGCGTGGGGGAGGAGGGCAAGACCCGAGGCTTGCAGAGATGGGGGGTGCACGGTGGCCACAGTAGGGAAGGTGCGGAGCATGATGGTGCTCTGTAGGAGCGCAGACGCTGAAAGGCGCGCTGCTGTGGCTGGGAGAAGAGCGGAGCCAGGAGTTTGTTCCCAATATCTTAGTGCTATGGCAAAAGAAGGGGGAGGAGTAATTGTGGGGCCCCCCACACACCCGCTGCGGCGATACACTCACCCTCGCCAAAGTCCTTCCGGAAGTCTAAGTTCGAAGATGGCGCCGCCTGTCTGGTCGCGGTCTTATGACGAAATCTTGTTAGCTGCTCTTCACTGACGCCCCCACCCCAGTGCACAAGAGATGGGGTCTCGTTATGTTGACCAGGCTGGTCTTGAACACCTGACCTGAAGTGATCCTCTTGCCTCAGCCTCCCATAGTGCTGCGATCACAGGTGTAAGTCACTGAGTTTGGCCATTATTCCATTTCTGTACACAAAAACCTTTCTCATTCTGTGCTATAACTAGTTAGCATTTAATTGGGTGGATGTGGTATAACTAGTGCCTTGTTGATATTGATGCATATTTACATGGTTTTGCTGTTATAAACAATGGTCCCTTGCTATTATAAATCACACTGCTATAAGTAACCTTGCATCTAAATTACTTCAAATGTGTAACTATATGGGTAGGATAATTTCTAGAAGTGGAATTGTGAACCAAAGTTTTAGGTGCATTTGTAATTTTGATTTATAACCAATCTTTTCACTGATCTACTTCTCTGCCTCTAATTTCTACTAGGTGTTTGTTTGTTTGTTTGTTTGTTTTGAGACAGGGTCTTGCTCTGTCACCCAGGCTGGAGGACAGTGGTGCAATCACGGCTCACTGCAGCCTCAACCTGCCACCTCAGCCTCCTGAATAGTTGGGGTGTGTGGCAGGTGTATACCACCACTTCCAGGTTTTTTTGTTGTTGTTGTTTAATAGAGATGAGGTCTTGCTATATTGCCCAGGCAGGTCTCACACTACTGAGCGCAAGCGATCCTCCTGCCTATGCCTCCCAAAGTGCTGGGATTACAGGTGTGAGTTGCCATGCCTGGCCCGGTTATCTTTCTAAAGCATAAAGCAACCCTGTTGATCCTCTGCTTAATTTTGATGATTAAGTAGTATGTTCAAAATATAGAAATCCATGTATTGATAATGATCTTTTAAAAAAAGTAAAAGCCAAAATATCAGCTACTCATCCTACACCATTGAAAGTAGTGACCATTAAACTGCTCTACCTCTACCTCCACCTCTCTACCTCTCTACCTCTCTACCTCTACCTCTACCCACGGTCTCCCTCTCTTTCCATGGTCTCCCTCTCATGTGGAGCCGAAGCTGGACTGTACTGCTGCCATCTCGGCTCACTGCAACCTCCCTGCCTGATTCTCCTGCCTCAGCCTGCCGAGTGCCTGCGATTGCAGGCACGCGCTGCCACGCCTGACTGGTTTTGGTGGAGACGGGGTTTCGCTGTGTTGGCCGGGCCGGTCTCCAGCCCCTAACCGCGAGTGATCCGCCAGCCTCGGCCTCCCGAGGTGCCGGGATTGCAGACGGAGTCTCGTTCACTCAGTGCTCAATGGTGCCCAGGCTGGAGTGCAGTGGCGTGATCTCGGCTCGCTACAACCTACACCTCCCAGCCGCCTGCCTTGGCCTCCCAAAGTGCCGAGATTGCAGCCTCTGCCCAGCCGCCACCCCGTCTGGGAAGTGAGGAGTGTCTCTGCCTGGCCGCCCATCGTCTGGGATGTGAGGAGCCCCTCTGCCTGGCTGCCCAGTCTGGAAAGTGAGGAGCGTCTCCGCCCGGCCGCCATCCCATCTAGGAAGTGAGGAGTGCCTCTTCCCAGCCGCCATCACATCTAGGAAGTGAGGAGCGTCTCTGCCCGGCCGCCCATCGTCTGAGATGTGGGGAGCGCCTCTGCCCCGCCGCCCCATCTGGGATGTGAGGAGCGCCTCTGCCCGGCCGCGACCCCGTCTGGGAGGTGAGGAGCGTCTCTGCCCGGCCGCCCCGTCTGAGAAGTGAGGAGCCACCCCATCTGGGAAGTGAGGAGCATCTCCGCCCGGCAGCCACCCCGTCCGGGAGGGAGGTGGGGGGTCAGCCCCCCGCCCGGCCAGCCGCCCCGTCCGGGAGGGAGGTGGGGGGGTCAGCCCCCTGCCCGGCCAGCCGCCCCGTCCGGGAGGTGAGGGGCGCCTCTGCCCGGCCGCCCCTACTGGGAAGTGAGGAGCCCCTCTGCCCGGCCACCACCCCGTCTGGGAGGTGTGCCCAACAGCTCATTGAGAACGGGCCAGGATGACAATGGCGGCTTTGTGGAATAGAAAGGCGGGAAAGGTGGGGAAAAGATTGAGAAATCGGATGGTTGCCGTGTCTCTGTAGAAAGAAGTAGACATGGGAGACTTTTCATTTTGTTCTGCACTAAGAAAAATTCTTCTGCCTTGGGATCCTGTTGATCTGTGACCTTACCCCCAACCCTGTGCTCTCTGAAACATGTGCTGTGTCCACTCAGGGTTAAATGGATTAAGGGCGGTGCAAGATGTGCTTTGTTAAACAGATGCTTGAAGGCAGCATGCTCGTTAAGAGTCATCACCAATCCCTAATCTCAAGTAATCAGGGACACAAACACTGCGGAAGGCCGCAGGGTCCTCTGCCTAGGAAAACCAGAGACCTTTGTTCACTTGTTTATCTGCTGACCTTCCCTCCACTGTTGTCCCATGACCCTGCCAAATCCCCCTCTGTGAGAAACACCCAAGAATTAGCAATAAAAAAATAAATTAAAAAAT,False
593,-1100,1.4438624,-1.3554206,0.05736293,-1.3503562,0.71389365,0.8873796,3.3379655,-3.0390904,0.0016972349,2.2589743,-1.9698513,0.014360269,3.3894157,-3.6046944,0.00091642805,0.19234328,ENST00000437615.1,-1100,AGACGCATCGACTGCTCTCCTTGTGCCCCTGCTGACATTCCCAAGAGATCAATATCCTGTAAAAGCCTGAAGATTGCTTCCTTTAAATGAGTCTTATTCGGAAAAACTTAAGATTTGATCATAGATCTATTTTAAGAAGTGCCAAGTTAACTGACATCGATGCCATCGTATCTGGAGTCCCTAGGAAATCCAGGGGGGGACAATGAACCGTAGGAAGACTCGGACTCGGGTCTGCCTGTAGCACTCGGAGCCTGCAAGGCAACACAGTTATTGAGTTCTATTAAAATTACTTGGTGTGGCTATAAACCAAACCACACCCCTGTAGCCAATGCGAAGAGCTTCCCGTAAAAGCCGTGCGGTGGGAAGGCCTCTCGCTGTCTCCTCTGCGCGGCAGGCAGACATGGACGACACCGAGGCGTGAATTCAGCCTGCACCTCCTAAAGATGAGCTGTTGAGGGCGATGGCCACAGCAAGTCCGCACCAAGTGCTCTTTAAACATGAGTGTTTCTTTAAACAAAGAACCTTCCCGGCATTGAGGTCTGATTAATGATGCCCCGGCACCTCCTCCCTCACTCAGGGATCACTTCCCTGCGGCGCGTTCCCAGACGCAGGCTTCCCTCACGGAGGCGGGAAGATTTCAGGCGCTGTCTGTTCTTGTCTTTTGTCAGCACGGACAAGGATGGAGACCCCACTGGTCAGGCGAGCCCCGCGGTCCCTGTTCCTCACTTCACCACCTGGGGAAGCCTGATCCCCATCGATTCGCAAAGGAACAAGGAAAGAACACGTTTTACCTGGATGGATGGTCCCCCTCACGGTGGCCTTGGAACCCGCTTCAGCGGGAGAGGCAGCGCCTCACTCACGGCTCCCCCTGGCCGCTGCTTTACCAGGGAGCGCCACCCCGTGCCCCGCCAGAGGAAGTGCAGGCGCCAGCACAGCACGGGCCGAAAGCCACACTGTGGGACCCGCAGCGCAGCTCCAAGAAATCCAAAGTCCATTCACAAGAGGAGCTTCTCCGCCAAATCGTTGAAAAATAAAACGAGAAATGAGTCGCCACCGGTATCCGCTTTAGTCAGCCGTACGAAAACGCAACCCGGTCAGCTGCACTTCTGCTGCCAGCCCTCCTCCAGTCAAGCACCGGCCTCGAGAAGGGCAAAGGGCAGGTAGGAGTTCCGACGCATGCGGCCACGGGGCGGAGTCACAGTTCAGAGGCCTCAGCTGAACCTGAAGTTATCCTAAGCTCGAGCCCCAGAGTGAGGACTCGGGGTCAGGCATCCGATTCCCCATCAGCTCCTTTACTAAAGCTGTGCAGAGAATCCGAGGCTATGAGTGGGGGTGGGGGAAAGATGTACAGGATGCTTTGGTTTCACTCCTGAGATACGAGAACGTCCTCTGAACACACATGCAGATAGCTGGACTTCTAGACAGAGGAAATCCAAATCGTTTCTTTCCTCCCAGCATAAGGGAACGGTCCGGTAAGAGCTGGTGTTTATCGATGCTACGTGCCAGAATGGGGCTGAGCACGGCGCCTCACTGTATCCTAACGTCTAATGAGGCAGGGAATGTCACTGTCACACTCTGCAGACGAGGAAGCCATGCTGTCAGCAGGTACACATCTTGCCACAAAACCAGTAACCTGTGGCACTGAGATCGCACACCGGTCGTCCACTGCCAAGTCCGTGGCCTCCTTCTCTGGGGTTTGCCTGCCTCTTGATGGCGGCCATGCCTCTGTCCTCTCGCAGGGGCTGGCTCTTCCAGTGGTCACTACTTTTTGGTTGCAAGCAGCAGAGATTCCCTGGAGGGCTTGTTGAAAGCACTCACATCAACGGAGCCTCAGAAAGGGAGCTGAGGCCATGCACGGCCCTGCAGTTTCTCCTCAGGCTTTGGTTTGCATCCCTGGCCTGACTTTCCCTCAACAAGTCCTGCTATCTCCACAAGGCGGCCAGCCCAGCCCTGTCCTCACCTTCCAGCCCCAGCTGAGCAGCCCCTCCCCACATCATCTTCAGCTGCTGCCCAGGCTCCGCAGAGCAGGTGTCCACCGCCCATCCAGCCATTGTGTTTAGAGGGCAGAGCGACCTGCCGGGACCTTGACAACACCTGGCCCCACCCACACGTCCTGCAATATTCACTGAGGAATGCACAGCAGCACATATGTGCCTCATGTGTCCTGCTGTGATGCAGCGAGTGGCACACAGCATTATTGTGTCAATCATGTGTCTTGATGTGATGCACTGGTTCAGACAGTATCATGGATGCAGTGTTTCTTTAAAACTGTCAAATTTGAGGAAACAATCTAACAAAAGCCAATTGATGAACATTCTGTAAAGGTGACATAAATACTTCAAAAATGTCTCTGACACAGAAAGAAAAAAAACAAAAAGGGAGCTATTCCAGATTTTAAAAATAAAAGATATAGTAACT,False
594,-672,-1.638179,1.5671337,0.96103376,8.595542,-8.69776,3.087557e-08,5.514819,-5.1800156,2.2661177e-05,6.745196,-6.7224183,1.4160835e-06,6.649286,-6.5851984,1.7878701e-06,0.19221194,ENST00000509760.1,-672,TTTGAACACCGCCTCCCACCCCGCGGGAAGTGCGGGCTTGGTTTGTACCGCGGTGACCCCCGCCCCCTCCGAAGCCGCAGAGCCGGGGCCTCGCGCCAGCAGGGCTGGAGATGCCTTCTTGGCGGCTGAGTTTATTTATTATAGGAAGTCATTCGCTCGTGGGGTATTTATGTGATTTGGCGAGTGATGTGCCCGGCCAGCGCCCTCCTTGGCTGCAGCCCCGCAGGAGGACCCGGAGTAGGGTGGGATGGAGTGGGTCGTGGGAGGAGCGCGTCAGCGCCTGCCCGGGGACCCCCAGCTCCCGCGAGGACACGGAGGCGCGCACGCCGCTCGGTTTTCCTGGAAAGTGGAGAAGGAGCGTCCTGGGCAGGTCCTCTGAGCTCATCCCCCCTCGGATTGGGGCGGGTCTGTGACGGGGTCACTTAGGACACGACGTCCCCCCGCCATTCCCTTCCCCCGCCCAGGGCGTTCGCGGTGGGCGCCCACCGCCAAGCCCCACTGTTCCCAAGGATGCGCCAGGTGCTTCCCGTAGCGTCCTGGGTTGACCCTTAAAAAAACAGCACCCCTAGGAGGTGGCCGGCCCTCTCCTCCCAGGGTCTCTCCGGGTCACGATCTTCCAAAGTTCGGAAACTCGCAGGATCGCGTGTGCAATCTCCCGCTACCTCCCGGGGGGCCGGGGAGAGGTCAGAGGAGCGAGTCCCGCGTCCACCGGCCTCGCTTGCCCCCTGCCCGTTTGAGGATAGTTCCAGGGAGCAGGGTGGAGTGTGCGGACATCTTTGGAGGCAGTGCTGGGGCTTCCCGCGTTGGCGGCGCTCCACCCGGCGTGGGGGGCGGCTGCACGGGCCCCCGCGGTGGGGACGCTGCGCACGGGGCAAGGTCTCCCTAGGAAGCGCCCGGGAAGGAGATGGGGCCCGCCAGGAACCCCCCTCACTGACCAGCTTTCTGCACGCCGTGCAGGAGGGGGCCACTTCCTCGGAGAGTATTGGCTTTTAATTAAAACAAGCCCTACAATTTTTACATCGGGCTGCCACACTTGTGTATCCCTTCTTCCTTGAATTTAACCAGGAGTGAGCAGTGGACAGCTTCTTCCCTATGAGAAGGAGGTGAAGCAGGACCTGAAATCCCGTGCTCAGCTCCCACATGCCCCGTGTCCAGGACAAGTCCTTTGCTGAATCAGCGGCAGACACCACCCGGAGCCCTGCGGGAGCCTTTCCCTGTTCTTCCAGCATGGATCTGAAACTCCCTTCCCACTTTCTGCAGCCTCCCAGAGATAGTTCAGGCTCCAGCCTCATGTGATAGCATGAAGAGAAACTGGTTCCAACAGCTGTGTGCTCTGCTGCCCTCATCCCAAACAACAGTTTAAATGCACAATTACGCTTTTCTCTAAGGCCCAAAATAGGATAGGAAAGATCGTTTTGCTATCCCTGAATGCCTGTCACCCTTGTTTCGTAAGCAGGAAGTCAGTCCCAGAATAGTTGTTCTGCTCCCTCCCTTCTAATAAGTGCTGCGCTGAGTGTGCTTGCTTTGCCAGATGGTTAAAACAGAGCAGGGGATAGAAGGACAGATGTCTTCACCCTCATGGAGTTCACCTTCCAGTAGGAGGAGGCGATAGGCCGGGGTCTGCACATGTGCGTGCTACAGCCTGTTCCACGGTGCGTGGCGTGCGGGGCAGTAGAGACAGGATTTCACCATGTTGGCTAGGATGGTCTCGATCTCCTGACCTTGTGATCCGCCCCTCCCTCAGCCTCCCAAAGTGCTGGGATTACAGGCGTGAGCCACTGCACCCTGCCAGAAAACTCATTCTTCTACTCCATCCTACAGTTTTCCCTAAGAGAGAAACAATAAAACGCCACCACGACCAATGGCAAAAAGCTGGCACCCACTCCACGACTTTTCATATCTACACGTTTGTACAGCTTTATTTTTAAGCATTCTGAAATTCTATGCAGGAGAGACCCCAGCTAGGTTTAGGGAGTCCTAGGGTTTGTGGAGTAAATGAAGTTTCTCCCTAGAATTAGGGAGGGTAGAGACAGGCAGAGAACTGACAATCCTAACAGCTGCTGTCCTCAGAGCCACTGTTTCTGAGAGCTGCTCGCTGAGTGCTTCTAGCGAGTTAAATGGTGTTCGCCCAAAAGACCTGTTCACGTCCTGATCCTGGGAACCTGTGGCTGTGATCTTATTTGGAAAAAGCTCTACATTACGTCTTTGCAGAAGTAATCATGTTAAGGATCTTGAGAGGACGTGACCCTGAATTATCCGGCTGTGCTTGACATCCAATGACTGGTGATGTTGTAAGAGAAAGACGGAGGGAGATGTAAGATATGAGAGAAGGCCACGCCGAGACTGGAGTGATGTGGCCGTGAGCCGAGGAATGCCTGGAGCCACCAGAAGCTGGCAAAGGCAGAAGGAGCCTCCTCTGGACCCTGTGGTGGGTACGCAGCCTGGCAGATATATTCATTTTGGACTTCTGGCCTCCAGGGCTGTGAGAGAATACATTTCTGCAGTTTTAAGCCACGCAATCTGTGTCCCTGGGAAGCCCAAATAGGGCGAGACCTTTTGCCAAGTGGTCTCCAAGTGTCACGTCATCGAATCCTTCTCCCGGGCTTGTGCCATAGTCTTTCCACTTTAGAGAGGAGGAAACGGAGGCTCTGGGGCACAAAGCCAGTCAGTGGCGGGGCCTGACTTTCAACCCAGCCTGCATGGGGTCAGAGAACCCACTTTCCCCGTGGGGCCTGCGGCCTATGCTAAGGATGCTTGTTCATCTCTCCTGGGCCCGGGAGTGGTTCTTCTGGCCTAGAAGGCAAGAGAAGCCAGTCTTTCGGTTTCAAGGTTTCCCATTAGTGGAGTCAAGCAAAAATGGTGTGTTGCGCTTCTTCCTGAGCTCAGCCTGGGAGCACGGCCTTAACATGCTCAGTGGATCCCAAGACGGCAGCATGGCGGTGCCAGCCTGGCAGCCTTAGCTCCTTGCAGCTGTGCTTGTGAAGGGAGCAGTGAGTGGCTTCCCTCTGTGACCACCTTGGGTCCTAAGTTTCACTGGGGCTGGGATCCATGCGTCTTGCAATTGGCTAGGAATTTCCCGGGCTTTCCCTCCCTTCCCTGTTCAGGGCACTGGGTGTGAGGCATTGCATCCGTTCTTCTGCTCACCTGCTTCCCCCTAAGAGTGTGAGCTGTATAAAGGCAGGAACCAAACAGGAGCCTCCACGTGTTCCCAGTTCAAGGGCAGTGTCCCTTGTGTGTTTCTTCAATAATTCAGTGGATGACTTATTCTGCACGGACACTGCACACACTCGGCCCTGCCGTCTCCGGAGCTGGGAGGTGTGGAGCTGGCTCCTGACCTATTTACACACTGAGGAGGGATGTGGAAAACAGGAGGAGTCCCAGGGCTCCAATGCAAAGAGGAGCCTCTTCATTCCCTCTGCCGTGGCCGTGCAAGGGACAGCGCCTTGTGGGATTGTGTCCTCCACCCAATTATCCTTAGCATTAGTTTGCTAAGGATAATGGCCTCCAGCTCCACCCATGTCCCTGCAAAGGACATGATCTCATTCCTTTCTGTGTCTGCATAGTATTCCATGGTGTATATGTACCGCGTTTTCTTTATCGAGTCTATCATTGATGGGCGCTTCAGTTGATTCCATGTCTTTGCTACTGTGACTCGTGCTGCAATGAGCATTCGCGTGC,False
595,-988,0.11533421,-0.36525732,0.38211247,-0.0003748536,-0.29266658,0.42744288,0.91267085,-0.8121265,0.15125425,5.842131,-5.983915,7.311565e-06,4.154385,-4.4119196,0.00019037866,0.19220147,ENST00000417704.5,-988,ACCCCAGAACCTTTGCTGTCTTGGGACGGATCACCGCTGCAAGAGGGGAAGTTGCTACTGTGATGAATTCTGCCATGTGGCACCAGACTGCCACCCAGACCACAGTGTCCTCTGCAACCCTGGTAACTCACATACAGGCCCGATTCCACCTACAGCAAAGCTGGATGCGATGGCTGGCAGAGGCAAACCCTTTGCCTGCACTTCAGGCCAAAGCCGGGATGTGGCCTAGATGGTTCCTAAGGTCCCTGACAATCCTGAGATCTTGCATCTTGTCTATTTCAGGTCAAAGCTTCTCAGATGACCAAGATGGTGCTGCAGATGGTGCTGAGGATGGAGAACCCACCAAGCCCCGCTAGGAGCCACCTAGACTGGATGCAGAGCATGGTTCAGTGAGTTCTCCAAACCAGCCTCCCAGGAATGCCATTCAACATGGCTGTGAGGAGAATAAAGAAGAGAGCCTGACTCCTCTCCTGAGGCCCCTTCCCCACCCTGAGCCAGCAGGATCCACGGAGCAGAGGTCATCTGTCCCCAGCTTGGCCCACTGAGGCCAGCATGGCTGGGCCCAGGATGCTTGTCTCTCAGCTCCCATCCTGTGTACTTCCACATTGGTTTAACCAGAGGAAAACCGAAATCTACAATTGTCATAAACACATTTAAATGTGCGTAGAATCAGCCATACAAATTGTGAAACATA,False
596,-1140,1.5092533,-1.5744641,0.043783914,5.0962906,-5.3396125,2.935837e-05,4.8913307,-4.7961206,6.205351e-05,1.8724178,-1.7006257,0.027303867,-0.9811655,1.0968785,0.88875085,0.19198601,ENST00000587899.3,-1140,GGGGCTCCTAGAACCCACTCTCCCCAAAGGCGAGTTTCCCAGGCGCCGCTCGTGCTGTTGCTGGAAAGCGAGCTCGCTGTAGACCGGCCGCGACACCATGTAGCTGCAGCTGTACTCGGGGAGCTGCGGCGGCTCCGACCTGCCGCCTGGCGCTGCCATGACCTGCGAGCCAGAGGACAGCGAGGAGGGAGGACACGCGACATGATCTCATTCTGTTGCCCAGGGTGAGTGCAGTGGCACCTTCATGGCTCATTGCAGTCTCGATCTCCCAGGCTCAAGCGATCCTCCCACCTCAGCCTCCCAAAGTGCTGGGATTGCAGGCGTGAGCCACCTTGCCCAGCCCATTCTGCAATCTTCGGAAGGAAGTCACTATATGCAGCCTATGCTTGAGGAGTGGGGAGTTGAATTCCACATCCTTGAGGGCAGAATACCTAAATAAATTATTTGGAATTCTTCT,False
597,-162,2.8999193,-3.1907444,0.0022587918,1.4202789,-1.6892821,0.042714596,4.3717985,-4.005622,0.00022994961,-1.295389,1.0161533,0.90982854,4.3292117,-4.646982,0.00012636694,0.19103165,ENST00000553149.1,-162,GTGGCTCTCCATGCCTACCTGTGGTCTCTTGGACACCCTTGCAGAAGATGACTTCCTGGGAACTCTTCTGGGAGTGAATGTTATCAGCAAATTCCCAAAACAACACCCCTTAGACAAAAAGCCTCCTCACCTATGCATTGCCTAGACCACCCACTAAAGATGGTGACCATGGAGGAAGACTTGTGTTGGGCCCAATGGCCCTCGGCCAGTGTCCGTCTGCCAGGTGCCAGCCCCCGGTGCGCTGAAGCTCAGGCCATTCCTGATGCCCTGGCCTCCTGCACTGAGCTGTGTGAGCTCTTCTGCCCAGGCAGGCCCCCTGGCATTGACCGGCATAGACAGTGAGCCTGGAGGAAGACTTGCCCTGGTCCCACTGTCCCTGGGCCAGTGTCCATCAGCCAGGTGCCCAGACCCCAGTGCGCTGAAGCTCAGCCCTCCCTGGCACTCTGGTCTCCTGCACTGAGCTGTGTGAGCTCTTCCGCCCATGAGGGCCCCCTGGCCTTGAGCAGCATAGGT,False
598,-500,4.0678167,-4.114271,0.00027953935,5.085693,-5.2841372,3.1363634e-05,-1.2644738,1.6981463,0.95085657,5.308657,-5.641402,1.7556673e-05,6.085212,-6.4090347,3.7481389e-06,0.19023776,ENST00000549796.1,-500,CGGAGGCTTCACCCTCCGCTCCACAGGGTCGGCAGCAGGGCGGGGCCTCCGGAAGCTCCGCCCCACGCTTTCCCGGGGCGCATGCGACGTGGGGCGGAGCGTCTGGAAGCTCCGCCCGTCGCACTGTAGAGTCGGCCGAGGCGCACGAGGTATTTTTCACGCTCCGCCCCTCTGCAGGCTAAAGTGCGTGGGCGGGAAGCGGTGGGCAGGGTGCCATCTGGCTCCGCCCTTCTCCTGTGGTGTGGGCCAGGCGGCGGCTTCCTCCTCCTGCAGCAGCCACAGGCTCCACTCTGATCCTTCTCCCGCGGCATGGATCCTTCTCCCGCGGCGTGGATCCTTCTCCCGCAATCTCCGTGCGCGTCCCCAGTCAGTACCCGCAGCCTCCCGACGCACCCGCTGGCTCCAAGCCTCCCTACCCCAGGTTTCCTGGCTAAGAGAGAGACAGAGGGAGAGAGGGGGAAGAGAGAGAACAGGCAATGGGAGGTTGATGGTGAGAGCTTATTGAAAGACAAGAGGGAGGAAACCCACATCCTTCATTCCCCATCCATTCATTTATTGCCTTATTTATTCCATTGAATCTTCACAGCTCTAGAAAAAGTGTGCTACAATTATTCCCTTTATTAAATGAGGTCACTGAGGCACAGTTTAAGAAATTTGCCAGCAGGGCACAGTGGGTCACTCCGGTAATCCCAGAACTTTGAGAGGGGGAGGAAGGTGGATCCCTTGAGCCCAGGAGTTGGAGACCAGCCTGGCCAACATGGCGAGACCCCGTTTCTACAAAAATTAGCCAAAATTAGCCAAACTGGCTCACACTTGTAGTCCCAGGTACTCGAGAGGCTGAGGCCGGAGGAGCGTGTGAGCCCAGGAGGCAGTGGCTGCGCTGAGCCGTGATTGTGCCACTGCACTCCAGCCTGGGCAACAGAGTAAGACCCTGTCTCGAAAAAAAAAAAATGGAAAAAAGAAAAAAAGAACTGGCTGGGAGTGGTGGCTCATGCCTGTAATCCCAGCACTTTGGGAGGCCGAGGTGGGTGGATCACCTGAGGTCAGGAGTTTGAGACCAACCTGACCAACAAGGTGAAATCCCATTTCTACTAAAAATACAAAAATTAGCCAGGCGTGGTGGCAGGTGCCTGTAGTCCCAGCTACTAGGGAGGCTGAGACAGGAGAATAGCTTGAACCTGGGAGGCAGAGGTTGCAGTGAGCCGAGATTGCACCACTGCACTCCAGACTGGGCAATACAGTGAGACTCCGTCTCAAAAAAACAAAAAAAATCCTACCACATGTGCTCCACCAAGCTCTGTCTCCAAGGTGGCCTTGGAAGCCACATGGGGAAGGTGGCAGAGACTCTAGGAGCCTGAGCAGAAATCCAGATGATTATGAAAAATGCAGACCTACCCATCCTTATTCACCTGGGACCACCGTGAACTATATCATAAGAAATAAACCCCTATTGTACATA,False
599,-28,-0.35934067,0.18951052,0.633869,0.93088496,-1.2223555,0.1040288,0.9320965,-0.4053917,0.20792344,2.9118507,-3.22364,0.0021599873,3.5345173,-3.7375393,0.00069419964,0.1897351,ENST00000436033.1,-28,CCTGGGCAGTGGGGAGTGGTGAGCTCCATTGTGTACACTTGGAAGCAGCCCAGAAAGGTGAAGACCTGTTCGTGAACTCCAGAGGCCATTGGAAGCATGGAAGGCTATGGCTGGCACTCTTCCTCTTTTTCCAGTTCACTGAGGCAGATGGGAGGCCCGGAGGAGAAAGAATGAAGGAAGGCATTTCAGCCCGAGTAAACTCCCCAGGCCCGCTCTGTGCCAGGCAGTGTTGCAAGCCTCGGGTAGGGTGCTTCTAGCACGGTGCTTTGTGCACAGTAAACACTCCAGCGGCTGTTGACCAATGAATGAATGAAGATTGTAGGCTCAAATATTCAAGTTATCAAAGTGCAAAGAATGAGAGGTTGTTTGCACTGGACTTCAAAAATAAATAGCCTGGACCTGTACTGTCTTACA,False
600,-909,3.865628,-3.913405,0.00041824172,-0.09909308,-0.31229964,0.44689938,4.7904124,-4.3382635,0.00010849744,1.0942262,-1.0826684,0.10184463,0.31035268,-0.12916964,0.39185482,0.18822512,ENST00000418430.1,-909,ATCGCTGCGGCCGGGATAGGGCGCCGCCGTTCTGGCCGGCTTTCTCGGTGCCCTGGAGGACCTGGCCGGCTCCGCGGGAAGCTGTACTCAGAGCGCGCGGCCGCCCTCTGGCAGGGAGGAGTTCGTTGCACTTTTGAGGGTTCTTCACGAAGACATCCAATACATAGAAAACAAGTAACAGCAACAGTAACGAATTTTTAAATATTAAAATTGCTGGGGAACACGACGGATCCTGCAGCTGCTCGGCTGTCCCGGTCGTCAGTGACGCTAGGGCTCCGCACCGTACCCTGCATACCGTAGGTGCTCACGAAACGTTCGTGAGTTCCCTGCTCTGAGGAAACAAGCTTAAAAACTCAGAATCTAAGGTGTGAGTCTCCGCAAACCTGCTTGTTGGGCAGCGTCCCCCGCCCGGGCTAGCCCTGCACGCCCCACCCCGGAGCCACGCTTCTCCAGCCGGGACCCCTGCCTCCTTCCAGGCTATTCTCGGAACCGCAGCCAGAGGGAATTTTTTTTTCCTTTCCTGAAACGTAGAGCAGATCTGGTTACTCTTCTGCACAACGCCCTAAAATCTAGGGCCCTTCCCATCCCTCAGAATTTACATCTAATTCTCAGCTCCCCTCCGGCTTGCTGTAGCCATCCTGGCTTTTGTTTAGCACAGCACTTACTGTTAGTGACATTATATTGTATATTATTAACATATTTGTGTTTTACATCCCTCACTAGACCCCCAGGAAAGAGGCTTTGATGTGTTGCCTGCTGCAAGGCTGGCTGCATAATTTGTGGAGCTCAGAGAAAAGTGCGGAGCTTCCTTGTTCAAAAAACAGAAAGAAAGTGCCTCTGAGGTCATAAAATATAAAACTTTCTCTTTCCTCTCAGTTTCTCTCTTTTCATAGTGTTTTTATGTGTTATTTAATATCATTCCAAGAAAAATTTAGATTTAAATTGTTAGCATGAAGTTCACCATCCATCTTTACGTTGTGCAATGCCAGTTTTAAATACTAATATAAGTGCACTGATCTCATATGTGGAATCACAGAAATTATGCAATTTGTACTTCATAGCTTATACATGCATATAGATTTTGTTTTTACCAGAACCACGCTGGTAAAAACAGATGCTGCACAAAGTGAACTTGCCCGTTTTCATCGCACTTTACGTGCACGAATTCTACCTCTACTCTCGACCTGGGACTCACCGATGCGTAAGGAAGGACTGAAAAGCAAAAGAACTATGGACTGGCCTTTTGGCATGATCAGGTGTCTAATATAAAGAAGTGCATGAATAAGAAAATATATGATATGAGTGATGGTTAATACTGACTGTCAACTTGATTGGATTGAAGGATGCAAAGTATTGATCCTGGGTGTGTCTGTGAGGGTGTTGCCAAAGGAGATTAACATTTGAGTCAGTGGGCTGGGAAAGTTCGACCCACTGTTAATCTAGATGGACACCATCTAATCAGATGCCAGTGCAGCTAGAAATGTAAAGCAGACAGAAAAATGCGAAAAGAGAGACTGGCCTAGCCTGCCAGCCTACATCTTTCTCCCACGCTGGATGCTTCCTGCCCTCGAACATCAGACTCCAAGTTCTTCAGTTTGGGACTTGGACTGGCTCTCCTTGTTCCTCAGCTTGAAGACTGCCCATTGTGGGACTTGTGATCATGCTGATTCAAGGGGGCCCTGCCCCGCATCCTTCCTGCTCTACCGGCCATCGCGACGCCACCTTCCATGAGCTCCATTTCCAGGACTGGCCCATCTGGGCATCACAGTCCCAACCACAATGCGTGTTTGGTCCTTGGGGCTTCCTGGATAACTTGGAGCTTTGTGAGAACTCCAAAAGGATTTCTTCTGAAGAACCAAACCCATGTTTCATAGGCGACACGCAGTTTGCTCCTTTCAACATGCACACAAAACACACATGCATGAAACAGCAAATGAGAGCAGCCTCGGCATGATCTGAGAGTCTGCCAGTCCCTTCCTCACCAGAGCAGGGCTCAGAACCATACTCCTCACATCCTCGGATTCTGGGGTGCAGCCCTCAGGGACAGCTTGGGGCTGAGGCCAGAACACAGTTGGCAGGGCCCAGAGCTTCTCCCCTGACCCCACCTAGCACGTGGCTCAGAGCCAGTGGGGCTGGCCAAGGGTTGCTTTTCCAGTATGGTTTGCTCATTTTCTTTTGCTGCTCTTGTTCTCGCTCTCACCTGTACTCTCTGCTCTGTCCCTGCTCCTCAAGGGTTTCAAGATCAAGATGCTTATTGTCGAGAACTGTCTTCCTTTCAAAAATGGCTTACAGTTCTGGCCTCCAAATGCAGGATTTTAGCTACACTGCCACATCATTCAAC,False
601,-359,8.467326,-8.639313,3.72118e-08,4.0020537,-4.2020593,0.0002734514,4.3493977,-4.0898514,0.00021616572,-1.4264755,1.3053687,0.9388797,5.8203306,-5.89205,8.191704e-06,0.18787551,ENST00000431924.2,-359,AGGTTCTGGGGCGCCACCGCAGTCATTCTGTTCAGCGGGTATAGGGTTCTTGGATAAACAAGCTCTGACGATCATTCCCAAACAAGAGTTCAAAAATGTTTTCCGCAATAGCAATGATATGGACGGAAAGGATGCCCTCCTGCACTGATGCCTCTGGAGGACCACACTTTCCATTCAGAGACACGCTCAGCACTCAACTCATGCTGCACACCCGGCCGACCCCAGTACCGACACTCACAGAATGCAGGTTGGAGAGAGATGCCGACTTCCGAGGAGGTGTCTTCTTCGGACTGAACGTATTCCCAAAGAAAGGCATCTTTGGCCTGATGAAAGCAAAGCCAGTGCTCCCTTCTCCTAGGGTCAGAAAAAGTCAGGGGTACAAGCAGCTGGATCACTGACCTTATGCCATTGTCTTCAAATCTTGAAGACATACATTTTATCATGTGGCTACTAACGATCCTGGTGCTATGGTTTGAATGTCCCCACCAAAACTCATGTTGAAATTGAATTGCCATTGTTTAACAGTATAAGGGGTGACTGGGCCATGTGAGCTCTGCTCTCATGAATGGATTAATGCCATTGTCATGGAGTAGGTTAGTTTTCTCTGGCGTGGGCTCCTGGCAAAAGGATGAGTTCTGCTGCCATGCTGTCTGTCTCATGCACTTGCTCACCATGTGAGCCTTCTGCCTCACACAGGATGACCCTCACCAGATACTTGCACCATGCTCTTGGACTTCCCAGTCTCCAGAACTGTGAGCCAAATAAACTTCTTTTCTTTATAAATTA,False
602,-134,2.7103631,-2.7378592,0.0042855046,2.4815235,-2.7150846,0.005504837,4.1338944,-3.8612735,0.00033697402,2.4670928,-2.2705662,0.0086830715,-1.2214096,1.2259355,0.920367,0.18783548,ENST00000548322.1,-134,GAAACCCTGCAGTATAACCTTGAAGTACCATCACGGAGAGAAACAGTGCCATCTCAGGGCCAGTGGCGCAATGGATAACGCGTCTGACTACGGATCAGAAGATTCCAGGAGCCAATGACCAATAGGCCAGAGCACTGGAGACTTTCTGGAAGAAAGAGGTGAGCAGAAATCCCCGGATGCCATTTGATTTTCTTGGGATTCTAATCTGTGGAACCAAGAAGTGAAAGAAAACAAAAAGATGAATAAACAGCTGGCTGCTCCAAGGACACTACCTTATGTTCAAATTTCTGCTGTCCACAAGCTGGAAAGGAACCTCAAGGATGACTTTTACAGAGGGCCTATACCACACATCCTGGGTCCCAAGCTCTTACACAAGCTTTATGGACAAACAGATTTACAAGTGCCAAAACATGTCACATTCTAAGCACACATGTGTTTCCACTTGCTCCAAGCTGTCCAAAAGGAGCATCCTAAAAAGAGAACTTTCCAATTCACTGAGTCTAAACAAGAGGATTCTCCACCACCACCACCATTATGCCAAAGTTAAAACTGAGCTGCAGCTTCCCAGTTATGAGTGAACTGGGGGAAAAG,False
603,-115,4.033965,-4.0599303,0.00030530468,1.691003,-1.9183742,0.026355296,3.358866,-3.147373,0.0014918594,5.071409,-5.013336,4.1709274e-05,-1.0648103,1.234088,0.90878576,0.18739599,ENST00000553176.1,-115,GGGTACCGGCCCCGACACACACACACCTGAGGACTCCCCACCCCTCGGTTCCTTACCTCCTATCTACGCCACCCAAAGAAAAAGAGTCGGATGGACTGGGTGACCCAGGGAGGGAGGGTCTCCTGCCTAGCGAAGAGTCGGGGTCTCGAGTAGGAGCTCACACCTACTTAGGAGGCGACAGCGAGGCCTGCGGAGGAAGCAGTTGAGGGAAGGCAGGTGTGACTCCAGGCTCTGCACTGGTTCTTCTTGGTTCCTCCCACCAGGCCCTTTGTTCCTCATGTCCCCATGTTTCTCTCCCTCTGCGTCTTAGCACCTTTCTTCTGTTCAAAGTTTTCTGTAAATTTTCTCTTTTTTTCTTTCTTTCTTTTTTTTTTTTTTATAAATTAATTTGCTTTCAGTTCCA,False
604,-723,2.8903527,-3.1879966,0.0022867164,1.5063523,-1.7579268,0.036817167,4.771619,-4.3960447,0.000104349165,-1.2017256,0.9341831,0.89434457,3.7489953,-4.06877,0.00040235827,0.18679103,ENST00000452731.5,-723,GTGGTGAGCCCGGAGGAGGACTTGCGTTCGGCCCGCTGGTCCCAGTGTGTCCGGAATTGGTGGGTTCTTGGTCTCACTGACTTCAAGAATGAAGCTGCGGACCCTCGCTATGATGATATGGAAGAAAAGCACTCTTTGGCCTGTTGTGACTGGGACAGTTGACAGCACCCAGGTGTCCTTTAATGAAAATGCTCTTGACACCAATGCATCCTAGCATCACAGCTTCAGGAAGCCTTCTCAAGTGTGCATGGGGAGTACTATGTCTTTCATCAATAATGAAATCTTCTGATTTGTAAGACATGCTGCCAAGAGATGTGCCATTCTATTATAAAAGATCAGTAGCTTCCTTTACCGACGTGTATATTCTATCTAGAACATTGAGCTATGGAAGACTCCCACCTAAGGGAATTAGTTTTACACCTTCAGATAAAGACTGCTGAGAAGAGCACCCTCTGGTGTTGTCACAGAGGCAAGTGCTACCGCACAGGCATGCTGCAGTGAATTTAACTGATCCTCTGTCCCTGCAACCGTTGTTTAAGGATGCTATTCTGAAAAGACTGTGGAGGAAGAAAACCCTTTACCCTGTTGTTCAGGGAGAAACTGACACCACTCAACTGCCTGGCACTGAAAATGTGGCATCCAGTCCACTTTACCATCAGTGTTTAAGGAAACCATCTCTGATAAGGATGACTGAGGAAGAGTACTCTTTGGCTTGTTGACACCAGCACAGCTGACACACCCAGATATCTGTTTGGTCTCCTGTGAACTTTCAACCAGGATTTAAGGATGCCACTCTGGTTAAAAGCTGAAACAACTTCAAGGAAACTTCAGGGAAAAGAGAAGGCCTGGAATCTGATCCTCCACTTCAGAGAACAGGGGTCAGCTTACTGTATGATTAAGTAACACAAGGCACAGTAGCCATCTTTTTCATTATGTTGCAACACTGATCACGTGCCTCGATAAAATGGCTGATTCAACAAGATGATGGCAACACGAAGGGGAGACTTTGGATTGTCTATTTAAAATCTAGGTAATAAGTAAGTAATTAATAAAAACTCTATCTT,False
605,-518,4.0990114,-4.0496645,0.00028903436,0.69677866,-1.0142711,0.1530276,5.168693,-4.892626,4.2697848e-05,7.1099606,-6.8299465,8.830289e-07,-0.7402423,0.51830673,0.77877617,0.18642727,ENST00000568764.1,-518,CCTCATGTATCACTGAAACAACCAACTGAAAACCATTGAGAGGCTCATGGTGAAAGAAGACAGACAGTGTAATTTCCCTGGAAACTCAATTTTGATTCAGACGTCCACAGCATCTCATTTCTGCCTTTAAAAAATTTCAAGAGTGACATTTTGGCATGACTGGACTCACAGGTGGAGAAGTGTTGTCTTTTCCCTGCATTGAGATAGCATTGCATGGAGATCCTTGTACTCTTCGAACAGAGGCTGCAGATGGACACAGGATCTGCTCAGGGAGATAAGATCACCTGCTAATTCTGCTTTCTCCATCAGAGTCTGAATGATCAGTGATGGGGACCAGAGCTAGGTTAGGTCTCTGGAAACGCCCTCTGTCTGAGTCCGGGAGATGGATGATATGGGTAATGACTTGCTGCTTTATCTTCTCTCCATCTCCTTACAGCAGCTCCAACTACTGACTTTTATTGTGTGGCAGCTAATTGTAGGATTCTATTTCTGTAAAGAGAAGGCAAGAGAGGAATGCAGTGTCCACCATCCCTGCAGCCCTTTGGCGCCTTCCCCCTCCCATTACCTTGAAGTAGAGGGAAAGGGGACGACAGAAGAACCCTTAGAAGTAAGACTTTTTCTGTCTCTGATGCCACGGACCTTTGAAATATTTTTTTGAAAAGAAGGCCTCCCTTGGCTGATACCTTCTGACTGTTAGTGAATAAAGG,False
606,-10,6.329668,-6.4773684,2.7414073e-06,3.010232,-3.1378984,0.0021329152,-1.1896367,1.3434049,0.92642593,5.0264664,-5.1195054,3.9232287e-05,5.601509,-5.679235,1.261332e-05,0.18572268,ENST00000457856.1,-10,CACCAGCCAGTCAGCGGAGCCTCCTCACCTCCGTTGCCAGCGAAGGCGCTCGTTAGGCCTTGGGAAGAGGCGACCGGAGGCGATGCCCGCGAATTTGTTAGGGGGGGGAGAGACCGTGGTCACGAAGGGGGTTCTCCCAGAGTGAAGCTTCTTCATCTCACTCTAGAGTTGCTGATCCCTGTGATTTCCTCCATGTGGGAAACGGTGTTTGTGCTAGAAGAGGCTGCGCTCTTTACCTGACATAACGGGGTTCAAGACTGACAACGCCTCACGCCCACCCGAAAACGTTTACATGGCTTCCTTGTCTCTTTTTTTTTCTGTCCTAAAGTCGCCTCATCTTCACATCCCCTCTTTTTTTTCTTCCACACTCGAGAGTGTCTCTCTCTCTCAGTAAAAGCTCCACCAAATATTTGAAATATCTCAACCAGAAAGACTGCAATAAATACATTATTTCATTCGTGGAAGGTACAGACCA,False
607,-999,2.6968124,-2.9920716,0.0033719586,0.628549,-0.8367914,0.18765189,5.0664554,-5.1002045,3.842898e-05,-0.5970839,0.43515632,0.73735,5.758647,-5.8133593,9.426218e-06,0.18568434,ENST00000512932.5,-999,GCTCCTCCCTCCGCGTTGGAGGCGGAATAGTGGGTTTTGCTGCAACCGGTTTATTTTCCTTCTGTTTTCACCCATTCTGGCACAATCTGGCGCCATCGTCCTTCTTGTGAGGCCAAGCCTGAAAATGCGAAGCAGAGAGGCAGGACCAAAATTGAGGCGAATCCAGGAACCTGCCAATGGGTCTCCGGGTGCGGTCTCTGAAACTGGAGGATATCGGGAGGAAAGGCTCTCCGATGCGGAGATAATGGGGAAGCTCTTGGCATGGTTGGCTGTAGGTATGTGATACCGGAGGAGCAGGAGTCAAATAGGATACGCCGACTTTTAATTCAAGGAACCCTTTTCTGAAACACTTTGCCACAATGAAGGAAATAAGGATCTAGTTTGAAGCACTAAGAAGAATAAGACATCAGTTTGAAAAGAGGCTCTATCAGAACAACACGAATTCTGCTAAAATTGAAGCAAGAACAAACATCAAATATATGTTGACACTTGGGTGGAAGAATGGTGAACTAATTGATGCTTTATGAAAAGTTGATAGGGACAGTGCTCCAAAGAAATCAGTTTACAAATGGATAACTCGTTTTAAGAAGGCATAAGGTAATGTTGAAGAAGAAGCCCACAGTGGCAGATCATCCACATCAGTTTGTGAGAAAAAAGTTAGTTCATGGCGTAATTGAAGAAAACCAACAATTAACAGCAGAAACAACAGCCAACACCATAGACATCTCAGTTGGTTCACCTTACACAATTTTGACTGGAAAAGTTCAGCAAACTTTATACCTGATAGGTACCAAAACCATTGCACCCAGATCAGCTACAGACAAGAATAGAGCTTTCAATGGAAATTTTAAATAAGTGGGATCAGGATCTTGAAGCCTTTCATTGAAAAATTGTAACAGGAGATGAAACATGGCTTTACCAGCGCAATCCTGAAGACAAAACACAAAGCAGTGGTTACCAAGATAAGTAGT,False
608,-8,6.1785746,-6.3234067,3.7192617e-06,4.1598897,-4.2951126,0.00021278793,-1.113281,1.3304672,0.9201031,4.8912525,-4.9567914,5.2847707e-05,2.4679494,-2.5012374,0.006900844,0.18545465,ENST00000438002.1,-8,AAACTCGATTCACCATCGCCAGCCACGGGAGGACTGGGAGGACCTCCAGAGGAGGTTAGGTTGACTTCATGGTAACTTTAGATCCTGAAACCTCCCAGGATATTTCTTGTCTTCCCTTTGATCGCTCTTCCGCCTACCCAACAGGACAGGACTCGACGCCTTTCTTTCCTGGCAGCAAGAGGTCCGTTGCGGACAAGACCAAAGTGAGCAGCTGGTTTCCCCTACGTGTCCTTCCGGGCCTGGGCGTCTCTGGAGCTCAGGCTGACCCGAGACCTGACTCCCGGCCAGTGGGACCAGCAGGAGCCTGGAAGAGCGCGCCCACCGGGGTGGAGGTTGGTCGCCGGGGGTCGAGAACCGCAGTCAAACCCTCTTCTTCCCCGGGCACCGCGCACCTGCCCCCGGGGATGCCGAAGGAAGTGGCCCATAAAGCTTCTCTGCAACCGAAAGAGGCCTGAAGCTCCAGGAGGGCCGAGAGGAGCCTCGTTGAGCGAACCCAGCCCTCTGCCTGGCTGGCCCTGGTCAACAGGCTCGGAAGAGGCTGATTTGGAGGACAGAACGGAAGAAAAGACCTAAAGGTTTCGAATCTCATGATGTAGAGATGTTAAAAGCCTCCAATCCTAAGGTCTGACTGTGCGGGGGAGCGAGGGGGTCTCAAGCTGGATGGACCCCTGAGCCTTCATCTGGAGAGTCCTCTGCACAAGCTCAGACAGCAGGACAACGCGCATCAGTGGTTCTCAAGAGGGGGCAACTTCGCCCTTACACGCCTCTCACCTCCACGCTGGGACACTAGGTCACGAATGGGGGAAGCGGGGAGGGAGAATGCTAACCCCCTGGCATGTATCTAGTCAGCAGAGGCGACGGCTGCTGCTAAACACCTTACAATCCACGGGAGGGCCCCTCCCCTACCCCGAAGTAGCCATTCCGCAGAGGTGGAGAGACTCTCGTGTAGCTCAATGCCCACGCACTTAGCCGATGGGAAATTACGAATTGATGACCAGTTGGCTCTTGGATCTGAGGAAAAAACTCCAGAGTCAGAGGGAACTCTCGAAGTTTTGCCCGGAGCAAACGGAAGGGTGGCTTTGCCATCGCCTAAGATGGGAAAATGGCAGGTGTCACAGGTTGCAGGGGAAGGTCGGAGACCAGCTGAGGGCCCCGGAGCCTTCCTGGAAAGAGTTTCCCATCCAGCCCGTCTCGGTTTCCGCATCCGTCTGATTCCTTATGATGTTGAGGGTGCTGGCGTCTGGGTCCTTTATGATGCAGAGGGTGCCCCCGTCTCACCCTGGGCGCCTCCGCGCTCCCGCCTCCTCCTGGCAACCTGGTGCGCGGCTCCGGACCTGGCGACCCACGACCGGCTGGTCACTTGCTGCCACCTCGCAAAGGCGCATCTCTAGTTCAGTGGTGAGCTGCGGCCGGGTCGCTGCAACTCGCTCCAGGCCTCCGGACTCGTGGCCTCGGTGTCCCTCGCGGAGCCCTCGGTGTGTCGCTTGCAGGCTCTTTTTTTGAAGAAAGCAGGGAGGGAATGGCCTTGTGAGAGACTCCAGGAGCAAAGAGCGACCCTCACAAGGCCCAAGTCCTCCCAGAGCTCAGGGAAGCTGTCGCTTCTGACAGAAGAAGGGAGACAAAGCTCCCTCCTGTGTGTCCCTGGTGGTCTAGTGGCTAGGATTCGGCGCTTTCACCGCCGCGGCCCGGGTTCGATTCCCGGCCAGGGAATTGTTTTACACTGGCCGCCCTCCCGCAGGAATCTTCCTTCACTACGCTGTCAGCCGGCCTGCTCCAAGGGCCAGAAGCAGAACAGTCTCCGCAGCGGGGTTAAAGCCGGGCGAAGGAGGGCAAGTGCTGGTGGACCACCTCTCACGACACACCGTTCCTGTTTATCTCAGTGTCCGTCATCCGCGGGAGCAGCTTTAGAGAGCGACTGAGCGTCTCGCTCCGGTGTACACAGCCCGGCAAAGATGCCAGCCCCCGTGGAGCTGCACCCAATAAGCCCACCTTCTTTCCCGTCGCCACCCCGGAGACGCCCATCGGGCTGAGCTGCGAATAACTAAGAGAGAGGCCAAGCCAAGTCGTGGCGTTTGTGGCAGCCCCGGACACGGGCACCAGCCAGTCAGCGGAGCCTCCTCACCTCCGTTGCCAGCGAAGGCGCTCGTTAGGCCTTGGGAAGAGGGGAGAGACCGTGGTCACGAAGGGGGTTCTCCCAGAGTGAAGCTTCTTCATCTCACTCTAGAGTTGCTGATCCCTGTGATTTCCTCCATGTGGGAAACGGTGTTTGTGCTAGAAGAGGCTGCGCTCTTTACCTGACATAACGGGGTTCAAGACTGACAACGCCTCACGCCCACCCGAAAACGTTTACATGGCTTCCTTGTCTCTTTTTTTTTCTGTCCTAAAGTCGCCTCATCTTCACATCCCCTCTTTTTTTTCTTCCACACTCGAGAGTGTCTCTCTCTCTCAGTAAAAGCTCCACCAAATATTTGAAATATCTCAACCAGAAAGACTGCAATAAATACATTATTTCATTCGTGG,False
609,-1079,1.1668986,-1.16924,0.088173866,3.396618,-3.2106864,0.001348646,4.399819,-4.237214,0.00017738096,-0.17803207,-0.05330828,0.53114057,0.2289077,-0.58899957,0.30620807,0.1854097,ENST00000586030.5,-1079,GAGGTGGGCAAGTTAGTTGCTCCAAAAACAAGATAAAATGATTGAGTTCTTTTCTCAAGCGGGAGTCGGAGTTTATCTGCTCTGAGAGCCCCAGCAGCTACTATTAATGAGTGTCTGGAATATGTTCCTGGCATTTCACCTACCCTCTCTCCAATCCTTCCAAGAAACTCACAAAGCAGGGCTTTTTCTTGAACTTCTCTTCCTCACAACAGTTAAATCATCCATTTAAAGATGTCAAACAACCTCCGTGTTCTAAGAACTATTTACTGAGCTCTACGGAGACACAGCTACAAGCACCACATGCTGGACCCCTGAATATGGAGGGCCAACTACACTAGAAACACACACGCTAGCTGAGAAAGATGGTGGCTTAAGGGGAAAAAGAAAGAAAGGGGAGTAGAAATAGAAGAAAAGAAATGAGAAGGAGAAAACAAAGGAGAAGGAAAACGAGAAAAGAAAAATGTAGGAAAAAGTTGTAAAGATCACCAGTTTGTAGTAGAGGCCCACTCTCGGAAGGTTTGGTAAAAAGTTGTTTTGAATCATAATGTTGGCTTTATTGGCATGTTGAAACCATTTACCTCTGTAATTTTCCATTTGTTTTCCTTTCCAACTACCACTCCTCCTGCCTGATAAATAAATACCATTGCAAGA,False
610,-195,16.758821,-16.6424,3.1191302e-15,12.482654,-12.6433325,1.2243988e-11,8.1304655,-7.8550196,1.1418051e-07,7.8769794,-7.6316257,1.8394938e-07,-1.2808617,1.1177489,0.91672134,0.18334433,ENST00000562570.1,-195,GGGCTCGGGGGCGGGGAGGCCCCTCCGGCGGGGCGGCCCTGGGTGGTCCGGCAGAGGCGGAGGCCGCTCCGAGCCTGTGAGCCCTGGGCGCCTGCGGAGGCGGGGAGAGGGCGGGGTGTGCCGCCCTGGTGGGGACCGCGGGGTCGGAGAGGGGACATTGCCCCCCCCGAGGCGAACGTCCAACCGCGGGTCCGGGTCCCCGCCCAAGGCCGCCCCGCGAGGTGGCCTCGGCCCGGCCGTCCCCGAGGGTGGCTCGGATCCTTTCAACCAGCGCGCTGGAGGCGAAGGGGCTGCGCCATTCCGGGTCAGGCAGCCAACGCGGGACACGCGCGTCTCCGAGCTTGCGGCCCGCGAAACCCGGGTGACCTACCGCGCCGGTGCCCTCAAAGCCCCCACGCCCGGGCCGGTGGCCGCTGCAGCCACTGAGCCACGCGGTCTCCCCGGCCCGGTCGGCAGAAGGAGCTGGTCCGTTACTAGAAAAGTCCAGATGCAAAGTCGGGGGTCGTGCTGCCGCTTCCTGCCAGCGCACCGCACCCACCTGGGGCCGCCACCGACCGCACAGGACGCGCCTCCTACCCCCTGTTCTGGCCCGGCCGAGAGCTGGTGCCCCCAGCGGCCGCCCGCCCCCGTCCGCAGACCCCGGGGCCCTTGCTGCTTTGCATTGGGAACAACCGGAGCCAGGCCCGGAGCTGAGGGGGCCAGGGCCTTTGGAGGAAGCATTGGCCTCCAGGCTGAAGAGCAAGGGCCGTGTCACCTGCCCGGAGGGCGGTCTCATCTCTGCAGCCAGGTCAGAGGAAGCAGCGGTGGGGAGACGGAGTGCGCGAGTTGGGAGGCTCCACGCATCGTAGGTGGAGAGCTGGCTGCCAGCCTGGCCTGCCCTCTCTTCCCCGTCCCACCATCTCGCTTGGCTCCGGCACCTGCCTGGGAAGACCCACACCTCCGTCTGCAGTGCCTCTTCCCCCTGGAGGCCCTGCCCTCCGCTCGGGGTCCCCGCATCCTTCCGTGGCCCTCAGAGCATCGCCTGGGGCGCCCGCGGAACTCATCTGTTAGGCCTGGGATGCAGGCAGGCAGAAGTGGGGGTTTAAGTGGAAGCAGTGAGGGTGGGGGTCCGGTCCAAACTGTGCCACCTTCCACCCCCTGCCCCTGGGAGAGCAGACATCGCCCACTCGGGCTCACAGTGCCATCCGGGTGAGGACCTCCGTGGAGAGCTCTCTTTGCCAAAGAAAAGCAGTTGCATTAGGTCTGCGAGCAGGCAGGGTGGCCTCTTCCTGGCTCCCCATCCACCAAGGAAGCTTCAAGTCCCTGGGACACAGGTGGGGAACTCCAGCACCCCTGGAGGAAGGGAGACTGAGGTTGGGGAGTGGCATCCAGGCCCTGACTCTGGGGCACGGTGGTCTGTGCAACTGAGACCCTGCCTCAGGCTCCAACAGCGCCTGCTCCTTTCCCCAGGTTGCAGTGATCACCAGGGGAGGTGCTGGGCGTGCAGGCTGCCACAGGAGGGGTGGGGAGGTGGGGAGTCTCTGTGGCGGGGTGGTGGGGGCCTAGGCCAGTCAGCTGAGGACGTGTTGGTGCACTCCCGGGAGGGCGGTATGTGGGTGAGGATCCCCATGCAGAGTGGTGCCCACAAACCCCCCTTCCAGAGTCATCTCTGGTCCACCTTGAAGTCCCCAGGAAAATGACCTCGTCCTCCGCGGGTGTGAGCCACTAGGCCTGAGAGGACGCCGGGACGGAGCTTTCAGAGAGGGAGGTGTCGGGATGGCTTGAGGGTCACCAGGTATTAATTAAGCACTTGCTGTGTGCCAGGCACTTTCCCACACAGGATGGAGCCGGGCCACCCTCACAGCTCCTGCCCTGCAGACGCTGGCCTTGTGGAGGGAGGCAGGCAGCAGGAGCAGTGCTTTCTGGGCCTCTGTAGCCAGAGCTGGCCCTGCTGCAGCTTACGTCTGCCTGCAGCCCAGACGTCCTCCTGGTCCTCCTGATGCCCCCGACCTCCACGGAGGACGAGCATTTCCAGCCCAGCCCTCCCCATCTTCACCTCGCACTCCCCTGACACACTGGGAGCCTCCTGATCCGTGAACCCGCGCTGGCGGGAGTAGCTACTGACCGCTGGGGACCCCTGCCCAGGCTGTTCGCATGTGGAAAGGATTCAGGGAGCAGGCGATGCCCAAAGCGTGGAGACCAGCACTGCTCTCTCCCCAGTGACAGGTGCACGCCCAGATCACGGATGTGTCGGGAACAGCTGTGCTCCTGCTGCTCAGCGTCCGTCACTCCAGGCTGGGAGCGGGTCCCCAAGCTTCTGGCTGGGCCTATCCGTCTCCACTCTCAGTGTGGGGGTGGGGGGCGCCAACAGCACGCATTTGCTCTCTGCACTTCTCGTCTGATAATGGGCAGAGGGTCCTTCTGCAGCCCCAAAACATCCCTAGGCAGGAGCCCTGGGGCCCCAAGCAGCCAGGGAGGTGAGCACCAAGGACCTCCCAGAGAGCGTCACCTTCCGTCGAGGGAGGCCCAGCCTGGGGGCGGTGTCTGAGACTTGGAATCAACGCTTCCGTTGGTGGCAGTAAATCCTGTCCCTAACCCTGCAGTACAGCTGTGCCGTGTACAGGAGGGTGCTGTCTGACGCCAGACACCTGGACTACAGATCGCAGCCTGATTCCTGGTCATTGCTCCACTGAACCCCAGACCCCAGCCTCGTTCTGGGCCCTCATCCCCTAGATCCAGGGACCCCAGCCCCATTTCAGCCCTTGGGCCCTTGTAGGATGCGAGGCCCTGGGCCCCAGCCCCCAGCCCATCCGTGGCCCAGGCACTGGGGGGCTGAGGTCCTCTGAGAAGGGACACAGGGCCTGGGGGGCTCTCTCAGCCCATCAGCAGGAGAGGACTGACTCCAGAAAAATCAGCGTTTGTACCCACTCAGGCTGCCAAGACCTGTGTCCGTCCTTCCAAGCTCAACCTTCAGAGTTCATGAGGCCCCTTGCCCAGAATGTCCACAGAGTTCATGAGGCCCCTTGCCCGGAATGTCCACATTTGAAACCTCCCAACACCGAGCCCCATTTCAAGTATAACCAGGAGGGAAAATGGTGCTTGAAATAAGCATGCCACAAAGGAAAACCTGCTTTCTCGAAATGGGCCCTGGCCGCCCAGGCCCTGACCTCCCCGGCCAGGATGGAACGTTCCAGAGACCCATTAGTGCCAAAGGCAAATGAAAACACACCCTGTGAAAATGTC,False
611,-554,3.802338,-3.8365207,0.0004811459,-1.0610803,0.81367326,0.8670073,4.987422,-4.954833,4.8096408e-05,1.6749438,-1.4825265,0.040797938,4.3590293,-4.721384,0.00011386151,0.18168966,ENST00000439057.5,-554,GAGGTTCGCGCTGGTGGAGCACCCCAGCTTGCAGGTTCAGCGTGGGTGTCTCTCCCGGGCACATCGAGCTGTCTAGAGGAACCCTCTTCCCCTGGCTTCACGGCCCAGAGGACGCACGGCTCTCTCCCCTCGAGAGCGTGTTTCGTCGCCCGCGCGGGGAACGCAAAGTGCTAGGGTAGTCACGGCCACTTCACGCCGAGGGACATCTCATCTCGCCCTCCAGGTCGTGAGCGCACCCATTCCGCTCACTGAGGCCGAAAGCTTCGGACCTCCGTGGGCCCTGAGACTTCAGCGTTCCATGTCTGCTGTGCTGTGGAACCCAGAGTGCTCTTGCCTGGATGGCTGAGAATCCCTTGGACCCTGGAAGCACCTACTCCATGATGGCCCGCAGGAGGACCAAACTGGAGACAGTCCTGGCTCTGAGGAAACAGGAAGGAAGGAGGGTGAAAGGAACGTCCACCTGCACACAAAGGAAAGATGAAAAAGAGTCACCTACCATGGGACCTGGCAAAGTACTTCAGAACTTTTATTCCTTCCAGAAGCAGTGTATCACAATAGATTGAATCAAGAAGTGACATTAAGGCCAGCGCGGTGGCTCACGCCTGTAATCCCACCACTTTGGGAGGCCGAGGCGGGCGGATCACGAGATCAGGAGATCAAGACCATCCTGGCTAACATGGTGAAAC,False
612,-1223,0.483168,-0.7300771,0.22912733,-0.3113348,0.20152369,0.6254763,5.4014444,-5.0584087,2.866362e-05,1.5009471,-1.415823,0.051330764,3.125956,-3.1825774,0.0018173922,0.18155609,ENST00000577860.5,-1223,GGAGTTGCTCACTGCCCAACGTAGAGGACTAGGAATCAGGAGTCGGTGGCCGTATGCTGGAGGCTGGAGCCGCGGGAGCGCGGCTCGCCTCGCTGCGGTTGTTGGCAGTGACGGAGAGAGAGCAGCGCGGCTGGAGCAGGACATTGTATTAGTTTCCTGCAATAAAATATTTTTACAATGTCAGTTTGTCGAAACTGCTGGACTGTAAACTATTTCTAATCGAAACCTGAAATTGTGTCACAACATGGCTGTATTACGATTCCATGTCAGAGGAAGGATATATACGTGCATCTGGTAGTGGCTTCCAGTTGTTGCTGTCAGATGTTTGTTTGGGAATGCATTCAGAAGAGCTTATCAAGGACTTGAGTACAAAACAAGCATTTCCACAAAAAAGCAGTGACACAAATCACTATGTAATATAGTTAGCCTTTGAACAACACGGATTTGAACTGCAGGGGTCTACTTATGAGCAGATTTTCTCCCACCTCTACCACCTGAGACAGCGAAGACCAATCTTCCTCTTCCTCCTTCTCCTTAGCCTGCTCAACTTGAAGACTATGATGAAGAGTTATATAATGATCTACTTGCATTTAATGAACAAAATTGAAGTTGAAGTATAAGGAGAATTTTTACATCACCCAGGTTCTAATTTGGAAGGTTTCTAACAGCCCTCTGTCCTCTTCTGGTGCTCACTGTGAAAGAATTTGCACCCTGCAACACTAAGTGTTTGTGCTAGAATCCACTTCTGATGTTGGCTGCTCTGACACAGCTTCCATTCGGCAGGGTCTCACTCTTGTCGCCCAGACTGCATTGCAGTGGGGTGATCTCGGCTCATTGCAACCTCTGTCTCCCGGATTCAAGCAATTCTCCTGCCTCAGCCCCCC,False
613,-483,1.9879482,-1.9808908,0.018544946,-0.7690507,0.41204223,0.7651443,5.084839,-4.635805,6.0027724e-05,1.3457965,-1.4732866,0.056301624,1.2722528,-1.3544946,0.06743671,0.18149753,ENST00000416066.1,-483,GTGTCTGAATGAAGAGTGCTTGTCAATGATCAACTCTTGTGGTACATCAGGGAACTCACATAGGTGAAAAAACCCATACTTACCTTGAGTCTGAGAAAACCTTTGGTAGAAGCTCCTGTCTTATCAGGCCCCAAAAAACCTGTTCTGCAGTGAGAGATTTAATTGTGGTTCTGCCAAGGAAAGAGAAAATACCTTTTAATCCCAGGGAAAGGATTGCAATCACCACATTATAAGCATAACCTGAGGTTGGAGAGGACCACTTGGGAGCCTGTAACCAAAACTAGAAGGTAACTTCTGGGATGGACGGAGGTTCCCTTGAAGCAGTGCCAACCTAAATCTACCTCAGGTAAGTAGTTAGATTAACTTTTTCAAGATTTCAGACCAAACAAGACAACTTGTATTCAGTTGATGTATTCCTATGCTTTAATGTTTTTGTTTGCCCTTAATTATTAAATAAACATTTGTTCTGAAAAA,False
614,-720,2.4925349,-2.7706623,0.0051520416,1.6036483,-1.8784407,0.029826172,4.8875356,-4.5405245,8.0428574e-05,-1.0901822,0.8098514,0.86989534,4.171387,-4.439991,0.00018198983,0.18102719,ENST00000546682.5,-720,GGAGATGGCAGGAAGCCCTGGACATACATGGTGTGGGGGCTCCTCCAGAGGCTGTTGGGATCCTCCTGGATGTGGTGTGGGCATGGAAGGAAGGCCAGTGGAGACAATGGATGATCTTGTTCTTAGCAGATCACTGGATGTGGCAGGGAGTCCTAGGACATGTGTGGTGTGGGCTTCTTCAGGTGCTGGTGGTGTTGGCATGAGGAAAGGAGGTATCTTCGAGGGACAATCTTCTTCTTGTGCGATCCTTGGAGATGCCATGAGGCCCCTGGACACATGTGGTGTGGGCTCCTTTGGAGGCTGTTGTATCCCTTCTGAATGTGGCGTGGGCATAGAAGGAAGGCCAGTGGCCACGAGGGACAATCTTGGTCTTGGGAGATCCTGGAAATGATAGGGAGTCCCTTGATATGTGTGGCATGGGCTCCTTCAGGTGCTAGTGGATTCCTTAGGATGGTGGTGTTGGCATGAAAGGCAGGCTTGTATCATGAGGAATGATTGTCATCTTGTCTGATTCTTGGAGATGGCAGGAAGCCCCTGGAAACACATGGTGTGGACTCTTTCACAGGCTGTTGAAACCCTCCTGAATGTGAGGCCAGAGACAGGCAGACAGCAGATGTATTGCAGGGAGCTGGATGACATGGCCCTTGGAACCTGTGCACATGCCTGCCTTTCTGATGCACGTCCATGTTTTCTCTGCACCTCCCCGGTGGTGTTGGTATAAAAAGCAGGCTTACATCAGCAAGGGATGATTGTCGTCTCATGCGATCCTGGGAGATGGCAGAAGTCCCGGGACACATGGAGTGTGGGCTCTTTCGGAGGCTGTTGGATCCCTCCTGAATGTGTTGTGGCCATGGAAGTAAGGCCAGTGGCTACGAGGGACAGTCTTCATCTTGGGAGATCCCTAGAGAGGGCAGGGAGCCCCTTGACATGTGGAATGTGATCTCTGTTGGGTGCTGGTGGATCCCACAGGTGGTCTGGCATGGAAGAAGGCCAGAGGCTGCGATGGATCATCTTTGTCTTGGGAGATTCCTGGAGATGGTGGGGAGCCCCTGGGCACGTGCAGCATATGTGGCGTGGGCTTCTTCAGGTGCTGGTGGATCCCTCAGGATGTTCATTGTGGAACCAGCACAGATTTTCATACGAAAGTTATTTCTTTTTAACCTCAAAAAGTGACAGAATGGAGTGTATCATGAAAAAGTCTGACATCAAAACCTCAAAATGTGATATTGATTGGGTGAGATAGAATTCCATGGAATTTCATTGCCAAACCAGTGAAGTGCTAATTTTGACATTTGTACCAGCTAACGTAGCTGTGAAGAAACACACCAATACACTTCTAAGGACAGCATAGACCAAGATCTAGGTTTCATATGGATGAATTTATTCTTCCCTTTGAGGCAAGACAAGAAGGAAAGAAAGTATTGGGAATAATGCTGCCCTCCCATCCTCAAGGGCCAGTGGGAACTCTAATATTGATTGGTTTTCACAGAATTCCATGGACTTTAACTGCTGAACCAATGATGCACTGATTTTGTCACTTGTACCAGCTAACGCATCTGGGAGGCAACAAAACAATACTCTCCTGAGGTAACATCGAATTTTTAGTAAATTCATTTTTGTGTGTTGTTTTTATTATTTTTTTAAGTAATTGAGAATTTCATTAGGTGTGCAAGGAGTCACTTAATACAAATAGTATTAGGCATTCAATACTCTCATGAGATATCTGAGCCTTCAGTTTCTTTTATTTTAACATTTTACATTTTTCTCAACTTTAACATCAGAAACATCCTATAAGTGTAATAAAATTCTTATACTTTACATATAGTTACATAGTAAATCCTCCTGTCTTATTTAAGTTTGAAAAATGAACATGTATACTTCTCATTCCCATGTATATAATCTCTTCCCACAGAATGAGGTGGACCAAGAAACTGGGCTTCATACGGATGAATTTATTTTTTTCCCTGTGTGGAGACATAAAGGAAAAGTATAGTGAATAATTCCGCCTCCCACCCACAAGTCCCCATGGGAATTCTCACATGTTAAAAAGCATTTTGTCCTGAAAATAACAACAATTTTTCTTAGGGAATCAGGACACTCCAATGACAGTGAGACTCTGGCTATGCCAGGCAGCCATGGGCTGGTCATTGTGCTGCTGGTCTCCATGATTGAATAGTGTGGGTCATTGGTGACAGATAGCTATGTGCTCAGTGTCTGCCACATATCTCAGGTTCAAAGTCCCTTTTATAAATGTGCCTGGATGGATGACGACTTAAAAATGAATCTCGTTGGAATCTGAGCAAAACGAGTGAGCAAACCACTTCTGTGCAGTTCTGTGAACTGAGGTCAAGCACAGGGACCATGCCAGGCAAACACGTGCAGAGAGTTCAGTTTGGTCAGCAACTGGTACCAAAATGGCCTGTGGTATTGGAAAACAAACCCACTCACATAGCTTACAGCACATGAATTGTACAGAGGTCTGTATGTGTTTGTATATATTTATATATGTTTGTGTACATATATCTTTGGGGATTATATGGCATTTCTTTCAGTGTTTGGCTGGCAGTGTCCATACTCTCATAGTAAACAGAATTACACAAGAGTAGAGGGAACAGTAGGAAATGGTTTTGCCTACCCTAGAGTCTTTTATACATGTTTTTAGGTGCTATAATCTTGTGTGTGAGGTCAGTCTCTCAGGTTCATTAGATGGACAGTGTAAAAGGTATTATGAGGTTTTACATATTATTTATCTATTAAGTAAAAGAAATATATGGAAATTGAAGAGTAGCTTTTATCTATTAAAGAAAAGAATGTATGGAAATTGAAGGGTACTTTCTATTTGTGGAAAGTCTTAACATTTTAATTTCCTTATTGATCTTGTCACAGAAGTTGGAATTTAAGTTTTGCCTGTCACTCAAAGAGAAGCTTTTTAGACATTTGATTAAGGGATTCTAGTAGATGCTATAGTAAACATTTCTAATTGTAAAATGATTAAATTTGCAATTCATAGAGTTTTATGTGGATTTCATTGCCTGATATTCATTATTTTTATTAGTGGGTTTCATAGATGTTTAAAGGGAGATCCTAGTTTTATTGTGTGATACTAAGGGAGGCCTTTTGGTCTTAGAAAACTGACTTTCAGTACTACCCATTTCCAGGGAGTGAGCATAATTTTTATTCTCATACCACATGGGCAAGTGAATATCTATGGTTTATTTCTTATAACTCGTCATTAGTAATTATGAAAGTAAGAAAGTTGACAAATGAAACTCTTTTAATTATGAGGGTTTCATTTGTCGACTTCCTACTTCCTCAGTGTGCTTTGTGTATTGGAGGTAATACTGGAATTGCATGGAATTCCTACTGCTGCTCCAGTAACCTGCTGATTTTGTCACGTGTACCAGATTCGTTGTCTGGCAATGAGAACAATACACTTCAGAGGTAATATTGCAATTTTTAGTAAGTGCATTTTTCCTGGGTTCGTTCTATTATTTTATTTTAGCAAGTAAGATTATAATTGGTTTTTCAAGCAGTCTGTTAATCCAAATGGTGTGAGGCCCTAATAATCTGGTTAGTCATCTGAAGTTTCTGTGTTCTTTGTACAGTATTTTTATACTTCCTCTGTTTTCAAATAACATTAGGATACCCTACTAGCAAAATAATTTAGTATATTTTATATACTTGTGCATAGTAAGCCTGTTGTATATGTACACTATTTGCATGGTTGGCAAATTACATTTGCACTTTTTATTTTTCTATAATTTTTTCCTATTTTCAAAGGTTAATGTGGACCAAAAACTAGATTTCATATAAAAGAGTTTATTCCTTCTACTTGAGGTGTGACATGAAGGAAAGTAATGGAAATAATTCTGCCCTCCCATTCTCAAGGGCCAGGGGGAATTCAAATATTGAACGGAAGTGATTTTGGAATTGCATGGAATTCTCACTGCCATCCCAAAGAAATGCTGATCTTGTCACTCTTACCTGTTTCATTCCCTGGGGGCAGAACAAAAGGACGCACTCCAAAGATCGGCATGAACCAAGAACTGGGTTTCATATAAAATATTTTATTCTGTCCTCTTGAGATGTGACATGAGAAAAGTATTGAGAATACTTCTATCACCTCATCTTCAAGAATCCGTAGGAATTCTCCCATGGTGGACTTTACGGTTAACCTGAACAGGTCTTGGAAAAAGGACTTTAAACATTCTCCTGTTCTGTGGAATAAGTATACTTTTTTCTGGACATACACCTTGTCAGTGAGTTCCATGTGATACTAGAGTTGCATAGATTTTTAACCTTTACGCCAATGAAGATCTGAGGCAAACATTGCCCCTTTTTTAGAAGTTTGCATTTGTCACTGATAACTGTAATAATTGATCTTGTTGAAAAGCCTGGGAAATGAAGATCTGATATGTCACTTTTACCGGCTTCCTCAACTGAAAAAGAATACAATGAAACACGCTGAGAATTTTTGTGCTTTCTCAGTCTTGCTGATGATCTTTCTATGGGCCTGAAGCGTGGAGAGTGCCAGAGAGGCTGATCCTCAGCAGTGTGGCAGAGGAAAGTTGGGTGCGACTAAGGGGTATGCGGTGCCCACATGCCACTGGGTCCTCAGCAGTACCACCTGGTGAGCGTCACTCTTGAGAGCTGAGAGTAGGTGGGAAGCAGCTCATGGTGAGAGGGTTCAGAGGCCGCCTTTCCCTCTCTGCGCACTGCCCAGTTCTTCTAGTCACATGTCCCGGGACAGTACCATACCTGTGTGTGTCCTGCCTGCATTGCTGTGACCACTTTTAGTGGAATCAGGTGCAGTGCAGCTCTGCAGCTTCTGCAAATTGCCACGCTCCCACTCTCAAGCAGGTTGAGTGCTACGAGTGATTTTTAGACCATTTGTTTATTCCCTTATCATGGCTTTTTGTGACTTCTTCCTCCCCAGTCCGTTGGGTCACCTTTAAAGGTAAAGTAATCCTGAGGTGGTTGAATTTACGGAAATGCTATGCATTATTGTGAATGGGATGTTCACCGGGCCAACATCTTCTTGGAACTTTGAGCAAACTGATAGTCTGGTTGCACATTTGATTTGTCTGGCAGTAAATGTTGGACAGTATTTGGACTGATGGAAGCTAGAGACAAACACATTGACTATTGTTGAATAACACTGGAAACATCTTAGGAGAGCAGTACATTAGCTAATTTAATAGGTACATAAACTGAATCCCACTGTCTTGTGCTTGACGGACCAGCAGACACATATGCTTGTATCGTTCTCATGTTTCTACATGTTTACCCTATTCCCACAGGTCAACAAAGACAAGGCACCTAGCCCCACATGAAACTTTATTCCTTTCCCTTTTGAGATGTGACATGAAAGAAAATAACAGAAATGATTTTTCCATCCCATCCTCAGGGACCAGTGGGAATGAATTTTACCATCCCACCCTCAAGGGCCAGGTCAGGTCGCTAAGCATTTTGTCACTAAAATATTGCCCTTTTTTAGGGATTATGTAATACTCTATAAGGCACTGTCTGTGCTGGGCAGCATGGAGCCTGGGTCATTGCTGTGTTGGGGGCTTGGTCTCCATGACTTAATAGGGTGTATCAGTGTGTCCCAGAGAAGTGTACTCCAGAGTGCTCATTTTCTTTCATGTTTCTGAAGCAAACAGTGCCCCCTTTTTTAGAAGTTTGCATGTGTCACTGATAACTTTAATAATTGATCTTGTTGAAAAACCTGGGAAAACAGTGAGTTAAATAATAACTTCTCTGAACATGAGGTCCAGCCCAATTACCTGCCCTAAGCAAACTATATGGAAGGAGAGTTCAGTTTGTTCAGCTATGTGGTCCCAGCAAGGACTGTGGTACTGGAAAACTAACCAGCTTACATGCACTAGAGAAGTAGAATTGGACAGTGATCTGTAGGTACCCAGTTTGGAGATGAAATTGCAACTCTGAGTTCTTGATTGGCAACATAAATACGTTGATAGTAAACAGACCCTGGGGAATCAGCACTTGAGTTGTGAAAAGCGGGAAATAGCTATGCCTACACTAGAGCCATTCACACTTTTGCTGGAGCTGCAATAATCTTCTAAGTCATGCTTGCTCTCGTGAGGGCAATGAGATGGTCACAATCCAAGGAGAGTTGGGGTTTTCACTTTTCATTTCTCTATTAAGTGAAAAAAGTATATGAAAATTGAAAAATAGATATTACTTATGTAATCTTCACAGTATAATTTGCTTGCCAAGCAGTCACTGGGATTTAATCAGTTTCTTTGTCTTTCGTTTTTCTCATAAGCTGAGAGAGTAATTTTGTGTGCACAGAAGTACTGTCTTCAGCTACATGCTGCATTAAACATTCCTAGATGTGAAATGATTAAATTTCCAAGTTTTTAAAATGTGGATTTTTCTGGCCACTTTTATATCTCTTCAATGGGTTTCTAATGGATTTAAGGAGAGAGCCTAGTCATGATGAATGGTGTTGTGTTGGGTATGCTGAGGAAACTTTGAGACCAATGTTTCAGAAAAAATTATTTCTATACTGTCATGTTTCAAGTACCGAGTATTGTTCTTGTCATACAGATGGTCCAGTGAACATCTCTGGTGAATTCCTTACAACCAACCTCTTGTTACTAAATATTCCATTAGGAATGTTTTGTTTCTCAACTCCCTGATTTCCCCTTTATAGATTGGAAGTGATATTGGTGGAAGACAACATTTTGCCGCTTGGAATTCTCACCTCCACACCAAAGAAGTACTGTTTTTGTCATTTGCACCAGCTTCTTTCTCCAGGAAAGATCAAAACGATGCACTGCAAGGTTAACATCCAATTTTTAATACATGTAATTCCCTGGATTATTTTTGTTGTGTTATTAAATAACTTAGAATTTTTTTTACAAAGTCTGTTGAACCAAACACTGTAAGGCATTAATAACCTGGTGAGTTATTTGAGGCCTTTTTTCCTCTCCTAGAATTTTTGCACAATTTATATTTTGAATAATATCAGAGACATCCTAGTAGAGTAATGAATTAGTACATTTTATATGCAGATACATAGTGAAGCCTCCTTTCTTATGCATATTTGACAAATGGACATGTATATTTCTCATCTTCCCATATTTTTACTCCATTTCCACAGGTCATGTAGACCAAAATGTGAATGTCATATGAAAGAGTTTAAACATTGCCCTTGAAATATGACAGAAAGTATCAGAAATAATTATACCATTCCATGCTCACAGGCCAGTGGGAATTCTCACAGTAAGCATTTTGTCCAGAGAATATTCTTCTTAGGGAACTATAACATTCCAATGATAATGGTAGTCAGCCATGTGGCTGGATCATCGTTCCTGTATCCTGGTCTCTATGACTTAGTGTGGTGATGGTGTCATTGTGTCCAAGTGTGACAGAATTGTTAGTGTGTAGTGTCTGTCTCCTATCTCAGGCTCACAGTCCCTTTTATAAACATGCCTGGATTGATGATGGCTTCAGTATCTTTTGGAAATCTGGACTGAGCAATAGAATTGCTTCTCTCAAATTGATTTCAAGTCATATAAAAGGCCATGTTACACATATATTGTTAATCTGAGGGAGGCTGTGATCATTTAAGTTGTATTTTATAAACACTAGGACCACCAGTAAGAAAACAATTCAAAAAATATTAAAAGAACAACCAAAGAATTAAAATAGAATAACCGAAAAGATCTGTTTAACACAAAAGAAGGCAGTTAAAGATGAACAGAGGAACCAATAAGACATATAGAAAACAGATAGGAAAATGACAGACATAAACCCAGCCATATGACAATTATATTAAATTTTTAAGAGATTAGGAAATTCCGTTGTTTTTTAAACATGAGCAACTATACGCTGTCTACAGAAGAGACACTTTAGAACAAAAGATACAAATAGTTGGAAAGTAAAAAGATGGAAAAAGCTATATCCAGCGAATCCAGAAGAGAGCAGAAGTGGCTATTCTGACATCAGAAAAAAGAGACTTTAAGATAAAGTATTGCTAGAGAGGAAGAAGGATAGTATTTAATGATAGAAGGGTTAATATGGAATATGTAACAATTACAATCATATCAGCACTAACAACAGTGCCCAAAACTACATACACTGAAATTTAACATGATTGAGGGGATCAATAGGCAATTCAACAATAAAAGCTTTTGTTCATACCCTCTTCTTAATCAGTGATAAGTCAATTAGATAGAGCATCATTGAGGTTACAACATACTTCAGCAATGTTGTCAACCAATTTGACCTGAGATAGATAGATAGACAGTTAGACAGACAGACAGACAGACAGAGAAAACTTCACCCAACAACAGAAATACAAATTATTTTCAAGCATACCTGGAACATTCTCCAGGATAGAGTATATGTTAGGCTATAAAACTGTACTCAATAAATTTAAGATTGAAACCATGTAGAGTATGTTGTGTGACCATAGAGGAATTAGAAATCAACACAGAAATAAATTTGGAGGTCACAAGATATTTGGAAATTAACACACTTTACAGAGCCCATTGGTCAAAAATATATATATTAAACTAGAAAGGCCGGGGGTGGTTGCTTACACCTGTAATTCCAGCACTTTGGGAGGCGTAGGTGGGCACATCACTTGAGGCCAGGAGTTCAAGACCAACCTGGGCAACATGGCAAAACCCCATCTCTACAAAAAAATACAAAAAATGAGTTGAGCATGGTGGTGCATGCCTGTAGTCCCAGCTACTCAGGAGGCTGAGGTAGGGGAATCACCTGAGCCCAGCAGGTAGAAGCTGCATTGAACCAAGATTGCACCACTGCATACCAGCCTGGGCGACAAAGTGAGACCCTGTCTAAAAAA,False
615,-57,9.375502,-9.543684,6.074382e-09,6.21403,-6.342634,3.5213466e-06,7.007736,-6.606037,1.2235249e-06,-1.1696575,1.0353345,0.9006969,3.1839266,-3.2696645,0.0015723798,0.1804548,ENST00000439562.1,-57,AGGAATCAGAAATAAGCAATAGCAGCATGGATTTCTGAAGTACTGTTGAATAAAATCTGTTCTCCGCCTTGTAATTGTTAAGTGATCGGGAGGCTCTGCTGCTTGAGGTCTTGGATCACCAGATCGACCGTTGTTTCCTTCTGGTGTTTTGGAATGAACTAATGGAGGAATCTTTCGGAAGTTGAGGCTTTCATCAAAAACACGATCAACCAACTAATGGGACGAAAGCAAACCTTTATGAGAACACAGTAATTTGAAAAAGTACCAATATTGGCATTACAATTTTTATGATTAGACAGAAGTTATTCCATTCTCAAGTAGTAACAGAGGCACAACATCTTCAATAAACCAATTACTCTTTCTTTTTATAAGCACTTCAAATGTATTTCCTTTATAAAATCGAGATTCATCTACACAGGTTTTATTTTCAAAATCCAAAATATATAACTATGTTAAATTTAATTCTTCCATGGATAAGATTTTCTCCAAATGGAAAACAGATGGTAAATAGAAAAAAAGCTGAGCCATGTAGATGGACAATGAGTTCATTTTACTCACATTGCCTTACCAGTGTAAAATAATGTTTCTTTTTCTTTTAGTTTCCTATCTTGTTTTTTCCTCCCCAAATCCAGGTGTCAAATTTCTTCACAAGATACATAAATTGCAAATTCCAATTAAGTTTACAAAAGGAAAA,False
616,-440,9.401656,-9.561897,5.8107608e-09,0.65822923,-1.1032876,0.14660046,5.6882706,-5.84562,9.792434e-06,-0.88237154,0.20515168,0.7479151,5.832185,-6.086403,6.6653083e-06,0.17890641,ENST00000442176.1,-440,AAACTAAATCTTTTGTTCACCAGCTGCTCAGCTTTTCAGTCTGGGTCTGAGCTGAAACCTGCTGCAAGTCTGACGGTACCAAATTACATATATATCTGTCAAAATGATGTAGGACCTAAAGTCTCTCTGTAAGTTGATCCTTTTGACCCCATGATTAGGAGCTTCACAATGTGGTACCACACCTGGAAACCTCCAGAACAAGATCTCAAGGAAACACAGGAAATTCCTGAAACAGCAAAACCCCCTATGTGAAGACGTCTGTTATTCCTTTGTGTATCAGGAGCATCACTGTTAATTAACTGTTGATACACTTAAAACAGCTTGGTTGGCAATGTCCTTTTTGAATAAAGAAGAGCCAGGTGTGTTTTTCAGGATGAACTAGACAATGCTGTCACAAGTTTACCTCTACATCTTATTGCCTTGGAAAAATTTCCTGCATATCGTGGCACAAGATGGTTGGCTCTCCAGGCAGCAGTTGGCGTTGTGAATCAGTCATCTCAGCATGTGTCTCCAAGATCCCACAGCAGGGGGAAAAAGAGGTGGAGGGTCACATGCCTGGTGTTACATACTTTGAGGCAGAGGTGGTAGGTGCCATTTCTGCTCACAGCTCATGGACCAGAACAAAGCCATGCATACCTGAGAGAGGACCAGAAAATATTCTGAAGCAGATGGCTATTTGGTGAGCAGTAAATGTTTC,False
617,-1141,1.4132322,-1.4776092,0.052608162,4.3532853,-4.60753,0.00012832509,4.7028213,-4.609417,9.0303976e-05,2.0345109,-1.8543193,0.020058692,-0.70640767,0.81948787,0.82140493,0.17885809,ENST00000591896.5,-1141,GGGGCTCCTAGAACCCACTCTCCCCAAAGGCGAGTTTCCCAGAGGAAATGACATTTGAAGAGAGACTAAAGGATGAGAAAAAGACAGCCTTCCTGGAAGAGGAAACAGCAAATGCAAAAACTCTGAGTTAGGAAAGAACTTGATGCACTTGAGAAACAAAAAGAAGGCCGGCAAGACTGAAATCCACATAAGTCAGACCCGGGCACAGCAAACTGGACGTCCTCAGTATATATGTGGCAACTGAAACCAGGCATTTAGGACATGATCTCATTCTGTTGCCCAGGGTGAGTGCAGTGGCACCTTCATGGCTCATTGCAGTCTCGATCTCCCAGGCTCAAGCGATCCTCCCACCTCAGCCTCCCAAAGTGCTGGGATTGCAGGCGTGAGCCACCTTGCCCAGCCCATTCTGCAATCTTCGGAAGGAAGTCACTATATGCAGCCTATGCTTGAGGAGTGGGGAGTTGAATTCCACATCCTTGAGGGCAGAATACCTAAATAAATTATTTGGAATTCTTCT,False
618,-175,3.0599284,-3.2211745,0.0018678397,-0.99933493,1.0310967,0.88395536,3.0446274,-2.591851,0.0035527353,2.941761,-2.8666315,0.0029932656,3.6238046,-3.8560112,0.00056404324,0.17858665,ENST00000560359.1,-175,GAGAGGGGAAAGAGGGTCTGATTTTTTAACGAAGGGAAAGAAAATATGCCATTTCTAGCGCTTCAGCCACACAAAGAAAGCGGCGGAATGATCCGCTCTCGGCGACCGCAAGTCCCGGCTCGCCCGGCGCCTGCGCGGCAGCGGGGGTGGGAGCTGCGGACGGCCATGTGCGCGGCGGAGAGGCCGGGTGGCCACCGAACCTTCCCGCCTGTTCTGCGGTGGGTAGGAGTTTGGAAACTAATGTTCCTGTGCTAACCTTCGTGTCTCTGTGACATGACTGTTGAAAGACGGAGAGTGCGGAATCTTTGGAGTTTTAAGCTTGCCAACTGTGCGGCCTAGCAGAATCCTGGGAGACGGAAGGACAGCCAAGAGGCTAGGATTTACCTTTAAGTGTCCCTAGATTCAACTAGGCAGACTGGGACGGGAGACGCTGTGAAGGGGCGTCTGGGCATGGCTTTCCCAACCTAGTAACTGCAACTTTTAGCATCCTACATGTAGGACTTGGGAATATGTGAGACAGCGCCAAGAATTTAATCCAGGAGAATTGACAAGCTTAAATGAAATCCATATTGCCCACTGATTTTGTGCAGCTTCAGATAAGTAATCTTTCTCCACTTAGCCTTTTGTAACAATTGATGTAATAAAGGTTTGTAGTCTTTGTGTAATTTATTAAAGCATTGTGCCTAAAATAGAAAAAAAGCATAGGAAC,False
619,-237,4.2833414,-4.1745725,0.0002121692,0.99929726,-1.544077,0.07287286,4.8922935,-4.8504095,5.8718175e-05,1.6684397,-1.5104452,0.039968096,-0.66794026,0.58828944,0.77837634,0.17829764,ENST00000579580.1,-237,GAGAGTCGGTGGAAGGACTGGGTGAGCTCATCGCGGGCGTAGCTGAGCGAATTGGGCACGTGGTTGTGGCCAGAGCACCGACCCTTCTTGGGGCTCTTGCATTCTTCATTCCAGTCGGTTTTCACATCACGGACAGCCCGTGAATACTCATCGATGTCGAACTGTTCTTGGCAGATACCTAGCCAGTGATGGACCAGGGTTTCGGGCCAGCTCTCTCCCTTCACCAGGTGTTCTGGGAGGCTGAACTTGGGGACAGTCAAGTGCAAAGGAAAGTGCATGGGGAGGATCTTGTTGTTCCGCAGCACACAGCAAACCACCACCGTCTTGGTCTGGATGTTCACAAACTTATAGCGGTGCCCCTCACGGATGAAGTGGAGGTCGTATGGGTTTCTCGGTGGAGGGCTTGGCACAGTCACATTCACAGGAAGCCTGGTTTTCTCCACAATGTTGCGGATGGTGTGTTCGCCCTCTTGCATCTGAAGTTCCAGGGGACTTCGGGTGCTAAATCTGCCCTTGCACTGGAATGGAAGGCTAATGCTTTCGTTGGTCCGGTGATTCATACAAATGAGGCACGGCATTTTGCCTTTTCCCAGCTTGCTGATGGAATTGAGCTTCCCAATCTTTTTGAAGATTGTGTTGAGTCGTGACTTTTCCTTGAATGTCTTTGCATAAAGGATTTCTGCCTGCCCCATTAGAATCTGATAACAAAAGCCCTGACTTGTGTTTATTCTGACTCAAAAAGTATGTGGATGGCAGAAAACAAGAGAAATAA,False
620,-768,4.013276,-4.114064,0.0002952655,2.693316,-3.3115172,0.0024607305,7.244922,-6.7915077,8.017803e-07,5.1669545,-5.2972684,2.8538645e-05,-1.1656643,0.8978135,0.88730234,0.17801753,ENST00000453722.6,-768,AGGGCGCGCAGGCGGCGCGGGTGCGCGGTGCGGCGCTGGTATCCAGAGGACGCGGTCACCGCCTCTGGCATTTGTCGTTCTGCGCTTCTCCGCAAGGACCCTCTGTTAGGCAGGCGCCCACCGTAAGCCTCCCGGGCCTTGTGAACCTGCAAACCCAAGTCTGAGAGACGATCCGCCTTCAGCGCTTTCCAGCTTGGCAGAGAGGCTTTCCCGGCGGGGATCTTTGGTTGGCGCTGGCGATGCGCGGGGAAGAAAGGCGAGGAGCGGCGTCCAGGCTGGGTGATGTCCCAGCACGAGTAGGCGGGATGCGCTCGCTTGGTCCTCCGGGCGCCCGGTCCCTGCCCGCGTCGCGCGCCCACCCCTGGGGACGAGAAGGCGGCCGCCTGAGGACCCCCGCCCGCGACCTCCGCGAGTCTGGAGCGCAGAGGACAGGGTCTGGCTGCTCTTTGGCCTTGGATGGAAAGTGGGGAATTGGGTGGGGGGCTGCGGACCCCTTAACGTGGATTACTTGGTGTGTATCAGCTGGGCTCAGAAGACCCACGACCTCTTCTCCATCCGTGGATTGATTTGTTCTGCTTAACAGCTGGGTCGCCAAGCTGGAGGTATTTTTCCCTCTCCACCCTGGTCTTCTCCTGTAACGTGTGGCCGCCTTTTCCAGCACGGCCTCCTGCCTTCCTGGTGCACTTTTTGGAGAACGTGGTGGAATCAGAGGTTTCTGGCTGACTCGGTGGGTGCTTTGAACCAGGAAAGGACAAGAAAGAGGTTGGAGTACAGTGGCATGATCTCAGCTCACTGCAGCCTCGACTTCCTGGGCTCAAGAAATCCTCCTGTCTCTGCCTTCCGAGTAGCTGTGATCACAGTTGTATGCCATCATGCCCAGACCAGATTTCGCCATATTGCTCAGGATGGTCTTGAACTCCTGGGCTCAAGTGATCCGCCTGCCTTGGCCTCCCAGAATGCCAGGATTACAGATGTGAGCCACTGTGCCTGGCCTGAAGTCTAGTAATTTTTAAAACTTTGCATGTTATTCTGCTCATGAGCCAAGTTCGGGTGCCTGTGGAACAGCTATATTCCTCAAACTAGATATGCACCCCAGTCCCTGGGGATTCTGTCAAAAGGCAGATTCACATTCAGCAGGTCTAGGGTGGGGGGCCTGACATTCGGCACGTCTCACAAGCTCCCAGGCGATGCTGATGGTGCTGGTCCCTGGACGCCCTCTTGAGTAGTAAGGAACAAAAGGACTCTCCCCTGTTCTTTTCAGCTACGTAGCCCAGTGGTTCTCCACTTAGGCTTCACACTGGAATCATCCAGGGAGTTTTAAACTATAGTGATGCCTGGCGGTGTCTTACTCGCAGAGCTTCTGGTTTGATTGGTCTAGGTTGCAGCCTGGGCAAGGAGATTTAAAAACTTCTCAGATGGGCCAGGCATGGTGGCTCAAGCCTGTAATCCCAGCACTTTGGGAGGCAGAGGTGGGCGGATCACGAGGTCAGGAGATCGAGACCATCCTGGCTAGCACGGCGAAACCCTGTCTCTACTAAAAATACAAAAAATTAGCTGGGTGTGGTGGCGTGTGCCTGTGGTCCCAGCTGCTCGGGAGGCTGAGGCAGAAGAATGGCCTGAACCCGGGAGGCGGAGCTTGCAGACAGCCGATCGTGCCACTGCACTCCAGCCTGGGCGACAGAGCGAGACTCCGTCTCAAAAAAAAAAAAAAAAAAA,False
621,-521,3.0474184,-3.1011493,0.0021319846,2.337995,-2.7636461,0.006049925,4.491915,-3.9955037,0.00020600192,3.1209087,-3.2275188,0.0017464402,-0.9366287,0.9465677,0.8679778,0.17562243,ENST00000594398.1,-521,GGTAAAACTGCCCAGGCCCCGGGTATCAGGATCATACTCAAACCCCAACCCCTGCCCGCCCCAGCCAGGAGGGGAGACGGTTGGGAGTGGGAGGCCTCGGCGCTGTTCTCTGGATGCAACTGAGATTGCCGCTAGAGGGTGACGCCTGGGTCGGAATCCAAGGATTTGTGAAGAGGTGACCCAAATTTCAAGACAATGTTGGATGCAAACGGATTTGCCAGCAACTGCATCACTGTCAAAACCAGCTCTGCCCGTGTCTTCCGAAGATACCAAGTGAAATACATGTAGATGGGATTTACATCTGAAAAACCAAGTGAGAAACTGAAGACCAGAGAGGGTGAGTGGTTTACTCAGTTTGGCACAACTGACCCCAACCTAGCCCTCCATGAGGACTGAGCGCATGAGAGATCCTGAGCCACAGCCGCCCAGCCCTGCTCCTCTCGAATTTCTGACCTACAGGAACTGCAAGAAGTAATGAAAGACTGCTGTTTAAAGCCACTGCATTTTGGCATGATTTGTTATGCAGTCGTAGATAACCAGAAAACATCGGATTTACATTTTAAGGTAAACTTTTTATTGAAACATCACATACACACAGAGAC,True
622,-812,1.5868211,-1.6270626,0.038646586,1.3160628,-1.5337995,0.054688435,4.591858,-4.152233,0.00015937503,-0.22101441,0.0908694,0.577345,0.65291864,-0.70138365,0.20516789,0.17520146,ENST00000453289.1,-812,CTTTCCGGCCGGACTGCCGCGCCTGTGGCCGGAAGAGCCAGCTAGACCAGAGAGTCTGTACCTGCAACCCTGGCGGCGTCCGAGCCCAAGGCGGAGTCTGGGAGACAAAGAAGTCCTCGCCGCCGGCCGCTGGAGGATTCTGCCAGTAGTGAAAGATGGGGTCTCGTTATGTTGACCAGGCTGGTCTTGAACACCTGACCTGAAGTGATCCTCTTGCCTCAGCCTCCCATAGTGCTGCGATCACAGGTGTAAGTCACTGAGTTTGGCCATTATTCCATTTCTGTACACAAAAACCTTTCTCATTCTGTGCTATAACTAGTTAGCATTTAATTGGGTGGATGTGGTATAACTAGTGCCTTGTTGATATTGATGCATATTTACATGGTTTTGCTGTTATAAACAATGGTCCCTTGCTATTATAAATCACACTGCTATAAGTAACCTTGCATCTAAATTACTTCAAATGTGTAACTATATGGGTAGGATAATTTCTAGAAGTGGAATTGTGAACCAAAGTTTTAGGTGCATTTGTAATT,False
623,-1213,1.89675,-1.9003966,0.021942426,1.8303457,-2.279779,0.016140927,5.338033,-4.869404,3.689353e-05,2.6014564,-2.6962483,0.004978158,-0.7782954,0.8144929,0.831008,0.17482129,ENST00000599749.5,-1213,ATTTGGCCCCGCGGCCCCGTTTTCAAAGCGCAGGTTCCGATTTCCCGAGAGATGGCAAAGGCCCTGGCAGGAAGTTTACAGGGTTTAACGTAAACAAGTTCTGGGGGATTCTTTAATAATAATAATAGAGAATTCCGCGTGCGCAGGGCGGGAGGGGGGAGTTGGCCTAATGCCCCTGTGGGCTCGGCCTGCCGCCGCCGCGGGGCCTCTGACACTGCGCGCCAGGCCAGGTTCCTGAGAGCAGACAGCGCGGGCTGGGAGCGCCGGCAAGGGCGGCCCTCGCGCACCTGGCTGCCAGCCCGCAGGGGGCTCGCACGCAGACCTGCCCTTGCCACCTCAGCGCTCGGGTGCGGGCTGGGGGCGGTGGAGCCACGAAAGGTGGTGCCGAGAGCGGAGCGCAGGACAGCGCAGGAGCCCCGGCGCATCGCGGCGCGCACAGACCCAGGATTTGTGAAGAGGTGACCCAAATTTCAAGACAATGTTGGATGCAAACGGATTTGCCAGCAACTGCATCACTGTCAAAACCAGCTCTGCCCGTGTCTTCCGAAGATACCAAGTGAAATACATGTAGATGGGATTTACATCTGAAAAACCAAGTGAGAAACTGAAGACCAGAGAGGGTGAGTGGTTTACTCAGTTTGGCACAACTGACCCCAACCTAGCCCTCCATGAGGACTGAGCGCATGAGAGATCCTGAGCCACAGCCGCCCAGCCCTGCTCCTCTCGAATTTCTGACCTACAGGAACTGCAAGAAGTAATGAAAGACTGCTGTTTAAAGCCACTGCATTTTGGCATGATTTGTTATGCAGTCGTAGATAACCAGAAAACATCGGATTTACATTTTAAGGATTTGGTGCATGGGATGGGCTCAGTTGGGCAGTTCTTCTGTTCCATGTGATGGTACTGGGGCTGCAGTCATTCAGAGGCTCAACTGGGCTGAACGTGCAAGGTTTCTTGCTCACGTGGCCATCAGTGGTGCTGGCTGCTGTTGGGAGCTCCACTGGACTTCTGTCCAGAGCTCCTCAGCTCACCTCTCTGTATCCTTGCCCTGTGGCTCAGGCTTCTAACAATACAGAGGCTGGATTCCAAGAGGAGGGAATTAGAAGCGTTCAGCCTTCTTAAGACCAGGATTCAGATGTCCCAGACTGTCACTGTATTGACCGGAGCATTTACAGGCCAGCCTAGTAATTTTTCCATCTTGGGCAGGAATGGGTGGCATATGCTGGGGGTAGGGGTAGCATTGTTGGGGATCATCTTTGGAGCTGTGTGCCAAGGAGTAAATTGCTGGGCTGCTTTCTACCTGAGGAAGTCCACTATGCTTGCTTGTGGAGAGTGGATTGTGTGCTCAGAGTCCACAAGGATTTAAGAATCCGAGCCCTGCTGCCCTTGCCTCAGCCTGTGCATTAGGGCCCGGTGGTGAGAGCACTGAGCCATTGTGAATCAAGGCCCCTCCCTCGACCTGCATACTAACAGGCCAGAAGAGCTTGCTTGATTTTGGTCCTAGGCTCCTGCCTGTGGGTTGGATTCCAGGGGCACTCTCTCCTCCACAAACCAGACGGTGGCAGGTACATCCCCTCAATGGAAATTGCCCACACTTCACCCTAAAGACAGATCCTGCTGTTCAGCAACAATGTGAGTGGCCCACACATTTGTCCAGCATGAAACCGTTTGCAGATTCCTTTCCAGTACACAGTCCCGTCAGCCGGTCACTTCACGATGACAGCTCCTCGAAGCACCTTTTGGTTTGCAGTTGTGTAGCTTAGAAGTAGGAGCCTGCACGGCTTCAGGAATTCACAGAAGGAGCACACTTTGTGCTTGGAGAAGTTAATTATAGGAATATCCTGCAACCTGCTGCTCTGAGCCTGTGCACCTGGGGTGTTTCCCTGGAGGTCCTGTGTATGAGGATACTCATCAGCATGGGGTTTGGGAAGCCTAGCAGTGGAGACAACCTAGGTGGTCCTCTCCAGGGGAGTAGGTAAGAGCCCTACAGCAGTGAAAAGCATTGAAGGAAAAGTGTGTTCAGCAGTGCTCTTAATCTGATCAGAGCAGCCTGAACACATTCTAAACACAGGGCATTTAGAACTAGGGTAGAGGCACTAGAGCACCATAGATACAAACTCAGATTCTGAAGGTAAATGCCCAGGTTCAAATCCAAGCCCCCTCGCCAAGTGACCATGACTCCCCCGAGTCACCTGACCTCTGTGTTTACATCCTCAAAGTTAAGTAGTCAGGAAAGGGGGCTTGGGGCTTGCCACATGGATGGTTGCCACTCTCCTTTGCAAAGTGTAGTCCCCAAAAACAGGTGGAAGAGGGAAGGGTCCAATTAGAAGGCCGAGTACCAGCTGCCATGAATATGCCAGAGCTGCTGGCTAGTGATAAATAACTGAAACCCAGGGGGACAGCAGAGCTTGGGTGACCATACATTCTAGGAAAGAAAACATGCCTGTTGTCCTGGCTTTTTATCCAGCTTAGACAAAGATGGGCAAAGAAAATAATTTAGAAAATGGTAGAGATGGGCACAGAGAAAGGGCACGGAGGGAGGCACAAACAGAAGGCCAAGTGATGGTGGAGGCAGACATTGGAGAAATGCCTTTACAAGCCGGGGAATGCCAAGGATGCTGGCAACCCTGGGAGTGGGAAGAACCTGGAACACACCCTCCGTCAGAGTCTCCAGAAGGAACTGGCCCTTCATCACCTTTCGGACTTCTGGCCTCCAGAACTGGGCAAGAAAATGTTTCTGCTGTTGGAGGCCATCCAGCTGGTGGTCATTTGTTATGGTTGCCACAGAAAACGAATATAGATTTAGACATCTAATTTGCATATATAGATATGCATGTGTATTT,False
624,-954,3.274827,-3.2342596,0.0014876234,1.0873431,-1.2579609,0.08743977,5.271613,-5.1446457,2.9940791e-05,-0.65023375,0.6448877,0.7850128,7.03246,-7.233394,6.374089e-07,0.17479415,ENST00000506039.1,-954,ATAATTCAGCGGCAACGCAGCTGGGGCCTGGCACACAGGGTCCCTGTGATGAGGAGGGGCTGCCCCTGCCGGAATGCACCAGAGGCTGCCACCAGGGAGAGAGTTACAAGGACCACTTCCGTGGACCTGGCAGGTCCTAGGGCCCCCTTTAAAATTGTGCCTGGGGAGAGTCCCTGGCGCTGCTCCGGAGGATCATGGAGCCCGACTCTACTCACAGGGGAGACCACACAGCTTCTGCGGGGCAAGACAGCTGAGGAGCATGTCAGGACAGTGCCATCTGCCACCAAGGCAGCTCCAGAGAGTGGGACAGCTGTGAGAGGCGGGACCTGTCCAGGCTCCCTGATGGGCACTCACAGCCCCCTTCACCCTCAGCGAGGCACTTGCCCCAATGAAAACTGAGCAGTTGGACAATCTGATGTCTTGGAGGGTCCAGAGTCTCACTCTGTTGCCCAGGCTGGAGTGCGATGGCATGATCTCGGCTCCCTGCAATCTCCACCTCCCAGGTTCAAGCAATTCTCCTACCTCAGCCTCCTGAGTAGCTGGGATCACAGGCACACACCACCATGCCCGGCTAATTTTTGTATTTTTAGTAGAGACGGGGTTTCACCATGTTGGCCAGGCTGGTCTCCAACTCCTGACCTCAAGTGATCAGCCTGCCTCGGGCTCCTAAAGTGCTGGGATTACAGGCGTGAGCCACCGCGCCCGGCCATAGGGCATCCTCTTAATTAGAGTGTGAGGCCTGCGGATATGGGCTGGGGAATAAGTTGATGCTGACAGAAAATAACTTAAACCATTGAAAGGAACAGGAAGTAAACAGAAGCAAATATTTACCGAATCCCTGGTGAGAAGGAACTTTCCAAGAATAAAGGGAAGGATGAGTTCACTTTGACTGTGTGGAAGCTAAATTCTCAGGTGGCTCAAAGGAAAACATCAAGCTAAAAGACAAGAAATGAGGCGGGTAAATTTTTGACACTAACATGACAAAAAATTAATAGCATTAACACGGCAGGAACTTATCTGAAGCAGCAACACCAAGGGCAATGTGAGTGAACTGCAGACAAGGCAACCCGGACGCCATGGGACACGCCACAGAGCAGGCTGCCTTGTCCCCACTCTGCCTACATGTGAGACCCACCAGACTCACAGTGAACACATCCCAGCCCCTCCGGCCGGGCACCACGGAAGGCCCTCCCTCCTCCACTGAGGGCAGGGATCACAGGGCCAGGTTTTTGTCATCGGACAAGGGGTGTCCCAAGTCATGAGATGCTTAACCCATGAATGCCCCCTCTTGGAGTCTATGCTAATTAAACACGTAGAGGGGCGGACTTCACTCTGCCAGCTCAGATAATGACCACAGCATATTTATAACCACAAAGAGGTGGAAACAGCTACACTATCCAACAGTGGGGAAATGTTTAAGTCAATGCTGGGAGAGTAACACCATGGACCAGCCCCGAAGAGACATCTGTGGTGAGTGAAATGCACGCCATACAAGCCCAGAGAGACTGTGAACTTGGAAGAAAGAATAGGTGCACACAATAAGACTGGGAGGAAATGAACAAACTATCATCGGCCATGAGGTTCTCCTTTACTTACAATAAGTATATGCAGCACAGACATGAGAAAGGCATTCCTGGAGTGTGAAGCCCAGGGCAAGAGGATGCGGGTGTCCTGAGCAAGCAATAATGCCAGCACCTTCTGCAAGGAGCTCTGCTGGGCCACCTCTTGGGCAACAAACCATCCTGGGACATCTTGCAGACAAGGAAACAGGCTTCAGGAGGCAATGGTGCCTCTTGAAGGGCAGGGCACACAGCCACAGGGCCACCTTCTGCATGGCTCCCACCGCAGCTGAGTCTCCAAGGAAGCTGGGTTTTTACAGGGGCAGGTCCTCAAGGTGGATACCCCTTTGCTAAAGGCTCTGCCCCAGCAACCCACAAGCAGCCACTTGCCCTGGGCTCCAGGCGGCTGCCCTCCCCTTGCTGTCCTCTGGACTGTTTAGTATGCAGAAGGACCAGCCCTGCAAGGCCACCATAAATCCTGCCCCTGTCCTACAGCAGATCAATTGCCAATCGGCTCCAAATCCCCTAGATGTCTCAGCAGCTTGGCCCAGCTGTAGGAGCCACGGCCATGGTTGGCTCTAGATGCTGCTGGCTATATATATTGAACTTGAAGCATCGGATTACATGTTTGTTCAATAGCAATAAACTCCCAAAGTTTTATGGGGTCAT,False
625,-1207,2.742931,-2.9258084,0.003440338,-1.094837,0.50258666,0.831658,7.2115602,-6.705323,9.0359515e-07,2.1724186,-2.0751646,0.014097174,1.7597868,-1.9706085,0.023421625,0.1745236,ENST00000443373.1,-1207,TGCTGTGTTCCTGGGAAACCCAAGCAACCAGAAGTTCATCCAATTATTTATTTGCTTCGAGTCATCCGGATGTAAAAGTATGCAGCTATCATATACTGGTGAAGACTCCTTCCATGTAAACATCCACATACTCTGGGGAAACCTGCTGCCAAAGTAGGAGGATTCCAAAGGACCTAGAGGAAGAAAAAGCTACAATATGGAAGACACCTGAGTTTCTGAAGGACTGTGTGGAGCACTTCCTTCTGCTGATGAACATGTGCTATGAAAAATAAACTTATTTTGTTTAGCAACTAA,False
626,-1253,6.1003895,-6.1710668,4.6835207e-06,5.0541844,-5.2752647,3.265602e-05,4.7799416,-5.051445,5.3735304e-05,-0.9896667,0.8407837,0.86181533,2.4844408,-2.2249885,0.008929464,0.17416719,ENST00000433505.5,-1253,TAATCAGGCAGCCCAGCGGTCCCTTCAAACCGAGGCAGGGAAGCTCTACGTCTTGGGGGCCGCATGGTGCCGAGAGCGCAGACCAGACCCGCCCCGCCTCTCCGTGCCACGCACGCGCTCGGCTCCGCGCTTAATGCAACGCGAATGAAATTTGGTGCCATCACTCGGATCAGGGGACCTCCCTTGGGAGATCAATCCCCTGTCCTCCTGCTCTTTGCTCCATGAGAAAGATCCACCTACGATCTCTGCTCCTCAGACCAACCAGCCCAAGGAACATCTCACCAATTTTAAATCGGATCTTCTCAGCTTAGCGGCTGAAGACTGATGCTGCCAGATGACTTTGGAAGCCCCCTGGACCATCACAGATGCCCAGCTTTGGATAACTCTTACAGTGGAGGACAGGAATATCAGGTCTCTGAGCCCAAGCTAAGCCATCATATCCCCTGTGACCTGCATGTATGCATCCAGATGGCCTGAAGTAACTGAAGAATCACAAAAGAAGTGAAAATGGCGCGTGCCTGCCTTAACTGATGACATTACCTTGTGAAATTCCTTCTCCTGGCTCATCCTGGCTCAAAAGCTCCCCCACTGAGCACCTTGTGACCCCCACTCCTGCCTAACAGAGAACAATCCCCTTTGACTGTAATTTCCCACTACCTACCCAAATCCTATAAAACGGCCCCACCCCTATCTCCATTCACTGACTCTTTTTGGACTCAGCCCACCTGCACCCAGGTGAAATAAACAGCCTTGTTGCTCACACAGAA,False
627,-1109,4.0781374,-3.8600392,0.00035672923,0.5200342,-0.77222764,0.21547021,3.4088113,-3.2686088,0.0012574389,-0.31762558,0.2866438,0.6466325,2.6609573,-2.4495022,0.005997129,0.17394279,ENST00000523364.1,-1109,ACTCACTTCACCGGCCTCCAACTTGGCCTGCGCTGGGACTGATACTGTGGTCCTGGTCACCAGAGCCAAAATAGGGGGAAAGCTGGCTTGGAAAAAGCAGGCAACCAAGGGTACACACCGTTAGCCAATATTTGCAAGGCTGTTGGCAGATTAGATATATCTGTACTCAAACACTGCAATCTGATTTCTCTGTCAAAAGTACACTTAACATTTTTGTCCCATTACTTAAATCTAGTGGATTTTCTACTCAGCATCAGGAAAAGGAAACGCCAAGACATAGAAAACCACGCTTTTCCCGTAGGAAGAACCGATGATGAGCCCTGATGAAAGAAGGAAGAAGACCCGCTGTCTGCGAAGGCCTAAAGGTTAGAAATACAGCAATTTTTCTCATGCCGAAGGAAAGGCAAAATGGTCTAAGAAACTGCAAGAGTGTGATACAAGTTTTCCTCAACAGCGAGCTGGGACTGGCGACAATTTCTTAACTCACAGCCTCCGCAGTCGCCTTAGTCGACAAAGAGAGCAGCCCACGCAGCGGCCGCCGCGCCCGTGCCCGTGGCCTTTACTTGCTTTTGCCCTGAAGTTCAGTGTAGTGGTTTGTTTGGGGCTTGCAGGAAGAAACAAACACACTCCCTCTGACTCTCCACAACCCATCTTTGCCTTCTGCAACCGCTTCTCCTGCCCATCGCTGGTTTTGGGGTAGGCTCTTTGTCTGCCTGAGGCCCCGCACTCGCAGGGCAAGAAGCTTAAAGGAATCCAACTCCAAACTCCTCCGAAGTTAAATATTGACCAGAACCTCTTTCAACAGGCCGCGGTTGCCAGGAACCGTGGAGGGCCAACTCCTCCCAACCGCCCTGGTGCAAAGTCCCACGCGGCGAAGAGTTTTGGAGCAGCGCTTACCTAGAAAGATGTTTAAATTCTGAACCAGGAATTGTCTCCAACTCCAGGCGCTCAGGGAATCGCCTTTTCCGGTGTCCAGGCGCTCTGCAGAC,False
628,-782,0.36703992,-0.35760742,0.32637045,-0.3997785,-0.24466482,0.5387009,5.6212015,-5.2581587,1.8842813e-05,4.896333,-4.6343575,7.258417e-05,2.645392,-2.9324024,0.0037666557,0.17378588,ENST00000568911.5,-782,TTCTAATGTCACAACTTCCAAAGCTGTCGGAAACCTGCATTTAAGTGCACCTGTCAAAGTCCTATGGTTGATTATAAAACCACCTTTTAAAGAGGACCAAAACAAGACAATTGTCTGTGGATGACAAAAGTCTTAGGCCAGCCACTATTAAAGTCAAAATTGATAATGAAATTTGGTTATTTCTGTGGCATATAACAATGTTATGTAACAATTTTCACTATTAATAACATACACTAAGTCATATCAGAATTATAGAACTTTCTTATAATTTTGGAACACATACCAATAACATATTTATTCAAATACAGCCCAAAGTTAGCCAAACATTATTTCATATTTGACAATGCTTCCTGTATGATTTTTATACCAAATAAGCCAAATCTCACCTTTACATTAGTGTACTATTAATGCTAAACCCTAATCTTAATAAAACCTTATAGACAAATGTATTTAATCTTAATCAGTTTGACCATAAGGTAAGATTCTTTTTTTGAGACAGAGTTTTGCTCTTGTTGCCCAGACTGGAGTGCAGTGGCACAATCTTGGCTCACTGCAACCTCTGCCTCCTGGGTTCAAGCAATTCTCCTGCCTCAGTCTCCTGAATAGCTGGGATTGCAGGTGCCCACCACCATGCCCAGCTAATTTTTGTATTTTTAGTAGAGACAGGGTTTCACCATGTTGGCCAGGCTGTTCTTGAACTCCTGACCTCAGGTGATCCACCTGCCTGGGCCTCCCAAAGTGCTGGGCTTACAGGCATGAGCCACCATGCCCGGCCCCTAAGGTAAGATTCTTATACCTTTTATAACCCTTTACAATTTTTTTTTGTTAAAGAGTGGATTATAAGCAGGATTTTGCTTTAAGAAAAACCTGTTATGTTTTTATTCCTATGTTTAATTTACAGGAAAACTGAATAATACCCCTTTAACTTTAGCCAATGTCCATACACAGAATTTCTTTTACAATTAATTTTTTACAAACCTTCCACAACTTGTTCAAACCTTTAGCTTGATCCTAACTTAAAACAATACTTTAACCCTTTAATCTAGGCAGAAACATCCACATTCCCATGACTTCTTATAATCTTTACCAAAAGTATATTCTACTTTCCTTTTCGCCTTGGGTGTGGAACTATTTCTTGCGTAGTCTCAAATACAGTGTTAGCTTTTAGCACCTTTTGCTTTTGGTGAAAATCTTGGTAAGTCAGGGATTTTTCATTATGTGCCAGGTGTGGGGCCTAGCCTGGGACCCACCAGACAGAAGTGCAGATGAGGGCAGACCCTCCCGCATGGCTAGGGTGTGGCTCTCCACATGTCCCCAGGCCTTAGCTAGAATCTAATGTCCCCAAGCTAGGTAAATTGGACAATTTTCAAAAGTCAAATAAGCAGTTTATGACCTTAAAGCATTGAGTAAACTTCATATCCTACCTGCATAATTTAGACCAAATGTCTTTATTTTACCAATAATCTTTAAAACTTTTTATTTCCCAAAGATTACTTCAGTCACATGAGCTAAATAAAAGTTATTACACTATTTACTTTTCTGACAAAATATTTGATTTAAGCTGTTATTGTAATTAAACCAATTAATCAAAACTCTTTTATATTACACACACAACACATATAAATAGAAGACGAAGGACTCATCCCCTAAGACAGGAATTGGGCCCTAAACACGGGCCGCCATTGTGAAAAAAGAAAGCACAACCACATGGTTACAAGTTCAAGCTCCCAGGGACCTACAAGACAAGAGGGAAACCTCATCCAGTTTCGTTTTTTTTTCAGGGACCTGTAGCAACGTTTATAACTGACCAGTTTGCTGGGGCATCTTGAACAGTGGGCTTATAGGAGTCCCGCTCTCCGTGGTGGTTCCCACATCCACTCAGGGGTGTCTGGGTTCTCAGGGACACCTGCTTCTTGCTGGGCACCGTGGCCTGGACTTACCACCTGGCCTCCAGGGTTCAGGCCGTGGACATCTGCCCTGAAGTAGCCTGTGGGGACTGTCACGCCACAGTTAATGTCCTGGGTCCTTGGCATCAAGTCTGTAAAGCTGTCTTTGCTTTCTCAACAGCACTGTGTGGGAGTTGGCTGGGCCTCGGCGACTGTTGCCTGTCTCTGTCGTCACTAGGATGTTAGCGGGAAATGGTGGCGTTCTCTCCACGCAGTTGCTGCTTTGCCTGTGGATCATGTTTTTCTTCTCCCTATTGATCAGCACACATCACAGATTTGATTTGAGACGGAGTCTTGCTCTGTCACCCAGGCTAGAGTGCAGTGGCGCGATCTCGGCTCACTGCAACCTCTGCCTCCCGGGTTCAAGTGATTCTCCTGCCTCACCTCCCGAGTAGCTGGGATTACAGGCACCCGCCACCGCACCCGGCTAACTTTTGTATTTTCACTAGAGACAGAGTTTCACCATCTTGGCCCGGCTGGTCTCGAACCCCTGACCTCGTGATTCACCTGCCTCAGCCTCCCAAAGTGCTGGGATTACAGGCGTGAGCCACTGGGCCCAGGCTATTTTTTAATTAAGTTAATAGTAAGTTATAAACAACACATTATAAATAATATAAATTACAAATAATACATTAATAAATTAATAATACAATTTTTTTAATTTTAATTTTTAACATGTTAGGCATTGAGGTAAGTACAGTGGATAAACACCCATCACGCACAGAAAAAAGGAATGAGGAAGGCACGTTTGCCACACATCTGCTCCCTGCTCTGGGAGCCCTCCCTGTTCCTTGTGGTTTAATCTTCTAGAACTCTGATGGCGGCATTACTGTGAGTTTTGCTTCTCCAGAAGGCTTCTTCTTAAAGCTTTCTGAGCACTGGTACTCACAAAACTCTCCCCTGGTGAAATGAAAACACACACAGGCGGGAAGTGAGCCAGTTCTCAACTTGAGTGGCTTCTCCCCAATGCATGCTTTTTAAAACTTCCAGCGTTTTCTAATCAGATCTGGGCAATATTGTGGCATCACCTCCTGCATCCGCCTTTACCCTCCTCATCCTGTTCTTTGTCCTAAAAAAGGCTGTGGGACCAGCCGGTCTCAGAGCCCAGGTGGAGCCTCAGCTCCCCTGCGACCTGTGCTTTTCCGAGGGTGCCGCCTGGCAGGGCCTGCGTCAGGGTCACCCTGGCAGGACCAGAGGTCAAAGGTCACCCTGGCCAGACCAGAGCCTCGGAGGTCCCTGGGCTGCAGTGAGGGAGATCAGAGGTCGTGGGCTGGGGCCAGCCAAGAAGAGTTGGGGGCAGCAGGGAGCACAGTCTGGCCCTTGACATTCCCACCTGCTTGTCTGCTCCACAGGACAGTGGTCAGGAGGGCCCGGGAGTGAGTGTGCAGGGTCCTGGGTGGGCTCCACATGCATCTCATGGGGCAGCAGGACCCCGATGAGGGCACCCACAGGGTGGGAGGGTGGAGAGCTCTGCTAACCAAGATGGGGAGGCCCGGGTCAGGGCCAGCTCTGCCTCCGAGGCTATATCCAGCAGCCTTCGGCCTTGCCATGTGAGCTCGTGGAAGCCCATGCAGTGTGTGCCCCTCTGGTTGTATCTGGTGAGGCCTTGTACAGGGATGAGCTCGGACCTGAGTTTCAGTCAGCAGAAAAATAAGTTTCTGGAGGACTTGATTCTTTTCAGGGCATTCAGTTCTGTGTTTCCCCTGTACCCAAGATGAGATTTCTAATACAGTGATGTGTTTAAAATTAACCATATCTCCAGGGCAGCATCCAGCTGTGAGCCTTGGTGAAGAAGGTCCTGGAGACGGGAGTGAATGGGGTGGGGCCATCCTTGGACACACAGGAGGTTCCTGGGCCCTGGGGATGTGTCCGTGGGTGCTGAGGAGATGAGGGGTGCATGCTGTCTGGGTTCTTTTCTCTCCGCTCCATCTCTTGCAAGGTGAGGAGGGGTCTGCTGTTGATTCCTGTCCTGCCTGTGGTGCTGAAGCTCCCCTCAAGCTGGGCTTTCTCAGCAGGGAGAGTTTCTTCATTGCTTGTAGAAGTTTATGCTTCCCTGCTTTAGTCTGGGCAAATTGCTCCCCAAAGGACATGAGAGCTGAGGCTGTGTTTTTAGAGATAGGGAGCAGCTACAGGGACTTAGCTTCTTAATGAATTAATTCACAAATCTCAGCAGCTCCTGGCGATAAGATATGCAGAGCTGATGGCAGGGAGGACACGAGGTGGCTCAAAGGGAACTAAGCTTTGCGTGTGAATTTAGGGTGAGGCTAAGAGCCCTCCAGGCAGGCAGAGGAGGGTGCTGGAGGGAGGAGAGGCCGGTATAGGACCTTCGCCTTGAAGAAAGCACCCAGGTAAGGCTGGGCAGTGTTGGGAGAGAGCTTTAGTTGATCTTTTTGTTTTTGGATGTTTTCTGATGGTCCTCTATGGCTTTGGAAAATGGAGAGAAGACAGAGAGGCGTAGGCACTGAAGGCTGCAGCTGTGATTGAGGATCACGACGCCTGTTGGGGCTGCTCACCTGCCTAGGCCTGGGTGAGGAGGTGCTGGGGCCTGGCTGCACACACGTTCCTGCCCCAGAACTCAGTTGGGGGCTCGGAGCAGGAGAAGCTGCACACGGTGGATGAAGACCTGATCATTGAAGTTCACCAGTTATTTTTCTCAAGAATGTGAATAACAATGGGATTTGCACTCATTATATTTTTAGAATGGCTTCGCATAATTTTCAGTTGGGCGTGGTGGCTCACGTCTGAAATCCCAGCACTGTGGGAGGCAGAGGCGGGCAGATCACGAGGTCAGGAGTTCGAGACCAGCCTGACCAACATGGTGAAACCCCGTCTCTACTAAAAATACAAAAATTAGCCAGGTGTGGTGGTGGGTGCCTGTAATCCCAGCTACTCAGGAGGCTGAGGCAGGAGAATTGTTTGAACCCAGGAGGCGGAGGTTGCAGTGAGCCAAGATCATGCCACTGCACTCCAGCCTGGGTAACAGAGTGAGACTCTGTCTCAAAAAAATAAAAATAAATAAAAATAAACAAATTAATTAATTTTAAAAAAGAAATGACCTATTTGGAAACCAAATTTTCTTTTTGGAAGGCCCCCATTTTGTGTTCAGTGAAAAATTAGTTGGCAAGACATGGACTTCTAATCAAGTTATTTTTGTAGTTGTGCTCAGAATATCTGTGGAATATTAGCTGACGCAGAGTAGATTTTTCACGTTAGATATTGGAATAAAGAGAGTTGCTCCTTA,False
629,-513,0.9702519,-0.7456482,0.1524,1.9080149,-2.0303268,0.019108256,2.690757,-2.6503036,0.0047679446,-0.40328482,0.38553146,0.6875771,3.0749655,-3.07569,0.0021275473,0.17319617,ENST00000564147.1,-513,GCGCCTGATTCGCTTACCGCTTCCGGGGGAGGAGACGCATGGGCCAGTGCCCGGGTGGGCGGTCCGGAGATGGACAGCCGCGCACCAAGGCCCGCCTCCACCTGTAGGGAAAGTAAAGTGCTACTCGCTCGAACCCGCCGGGCGAAGGAAGCACTTCCCATGCTCTCCCTGTCGCCGTGTCCGGGCGCGAGTCATTTCCGTCCCGGGCGCCTGTTTCTTTAGCTGCCAAGTGGAGCTACGCTGAGCTCTCTCCCCCCGGGCCTCGCCCCTTTCCCGGGCATGAGCTCTGGTGATGCGCCCGGGTGCCCCGCTCTCTCCATTGTCCAGGGGCCGGGCCGCAGCACCCTCCTTGTCCGAAAGCGCGTGGTGCGGCTCCCGTCTCAGTCTCGAGTCGGGCTAGGCAACCGCGTGACTCAGTTCCCGCCACGCTGGAGCCCCCTCCTTCCTGCTGGATTATTCAGTTTCTCAGTCACTTATTCAGTTTCTCAGTCACCTCCCTGGGAGAGTTTGGGAAACCTCGTCTAGGGTGCAGC,False
630,-718,3.0732515,-3.376157,0.0015789602,1.7679857,-2.028481,0.021957017,4.4690757,-4.1029444,0.00018929406,-0.9606,0.6832986,0.83806473,3.645842,-3.9498022,0.0005023836,0.17245848,ENST00000553134.5,-718,CCTACCATCAGTGAATGACCTGTTGCAGTGCTTTCATTGAAGTGTTCTTCGTTCCCTCAGCAATATGATTTTATAGCTGAGGTGGTACCAGTTTAAGAAGTGAGAACTTCTTCACTGACTGAAATTTGCATATCAATCCAAATCATTGTGCTTATTTACTATTTTTGTAGACGTCATTCTTCAAAAGTGCTGCATCTTCAATAGTCAAGGAGGACAAAGACATCTTTCCTGCAGGTGGTGACCATGTGGATAATAGGATCATAGACAAATGGTGGTTCCATCTACAGCATCACCGAAATGCTGTTGTTACTGCTTCTTTCTGGGATCTTCTTGCATCTTTGCTTCTAAAGGGGCACACCTTTTATAGAAGTACGTCCAGGAATAGAAGTGACCTGCTTTTTCGCAAGTAATTGCCTGGAATGTTTTTATGTACTTCTCTGCACTCTCAATACATTTCATGCTTCCCTCTA,False
631,-1226,0.21642691,-0.4674986,0.33538574,-0.003024459,-0.13509455,0.46703038,5.9328637,-5.622964,9.579956e-06,1.481126,-1.4108397,0.05255216,2.977745,-3.0257401,0.0024640418,0.17148837,ENST00000423473.6,-1226,CCCAGATGTAGGCAAAGCGTCCTCCATGTGTTCCTGGAGGACCGTCCCAAGTCCTTCTCCATTCTCCCAACCTCTTGGGCCTGGTCCCATTCCAGGTCTTGCCCAAGTCTTTCTGATTGGTGGGACTTAAATCACACCCAAAATTCCAGCTGCAGGAGAGCTCTGAGATTTCATCTTTCCAACCTCTGTGTGCTACGTGGGGGTTGGAGCACTTGCTGACAAGCCTTGCAACCACCATTGACAGGATGTCCTCCACCTTTTCAATCTGATTTGCTCTTTGCCATGCAGACCTGTGGATGAAGAGCCAGAGTCCTCCAAGGTGAAGCTGGACTGAATATTTCTGTCCATAAGACTATTAGAATCCCCCAAAGTGGGATACCAGTGAGGACCTCACCAGCAGCTGCTGTCTCTCCAATGCAGGGCAAGGAAGGACTGTGCATTGAGTGTTTCATGCTGCGGTGGCTCCTCCAGTGTTTCATTGATGGGAGTGCCTCATGAAGCTTTCCTGGAGCACCATCTGGGAGTTTCAGGAGCGACTTTTTCAGAGCTGGGCCCCGGAGGACAACGTGGTCCTCAGGAACCTTCAAACCTCCGTGAAGGAACTCACAAGGAAACACTGGGACCTGCCACCCCCAGTGCAGGCAGTCTGCACCCCGGAGCCTGGCCCAACAGCGCCCCGAGTGCCCTAGTCCACTATGCCAACATGGTACCCGGAGGCTTCGAGGCCCTGCCTGCTGCACCACCCGCCTCCTGGAGGCCTTGTTCTGCAGCCTAGCCCCTGCCGCAGCCACAGCAGGCACCACTGCCAAGTGCCTTCCAGCCGGGCTTCCCAGAGGACA,False
632,-299,-0.9974775,0.675571,0.8419819,2.2349882,-2.2294958,0.011379644,3.2486818,-3.0432696,0.001847724,5.749421,-5.589764,1.1897317e-05,4.748649,-5.1494465,5.0267772e-05,0.17105429,ENST00000440698.1,-299,AGGCCCCTGCTAGACCCATGGAAAGCTGTATGGAGATTCCACTTCTCCGGGGTTTGGTAGTGATTGGGCGGGGATACCTGAGAGGGTGCCAGGAAAGGGTCCAGCAGTCAAAGAGAAGGGGCCAAGGAGTCGATAATTATGATGAGCTCTGGCTTTACTTGTGCACCTTGGTCTCCTGCTCGGAACCCTTGAAAAGAAGCTGCAGCTTTTCGAGGAATGCAGGGGCAAGCAAGACTCACACAGGCACTGGCATTCTTCTAGATCCGATGTCCCTTGCCCCACCCCTTACTGTGGCTCTGCCTTGGGTAATCACAACAAATCTTCATGACTTGCCTAGGCTGTGCCAAAAAGATGTAAAAGGAACCCACCAGGGTAAGATGCCAACTTGCAGACGACGATCAACTGTGTCTGACAAGGTTGTTCTGGAATCATAGTTGAAGAAACAGTTGGCTAGACTCTAACAGCTGTTCACAATTTCTCGTATCTCTCCTGATGGAGGACAGTGTTTTTAAAGTGGCTACTCCAAAAATAATCACACAAGGCAGGATTTCATCTATCCCTAATATTCTCAGAAGGTTCATCAGTGGCATGATGACAGAAAAAGTGCTACAAAAGCCATGTGAAGAAGTACATGTTTGCTTCCCCTTCTGTCATGATTGTAAGTTTCCTGAGGCCTCCAGAGCCATGCTGAACTAAACCTTGTGATTACATTGAGCCTACCTGAATGATCCAGGATAATCGTCCCATATCAAGGAGAGCAAAGTGAATAGTGTGATTTGCTTAGAGGACAATGCTGCTACAAAAACCTGTTCCACTCCAAGGCCAACTGCAGTTTTGAGATGTTTGAGTTGCTCCCAGTTTTATGCTACCATGAATGAGAGGACGGATCCAACATTCAAATGGTCTTGGGTCTGCATCTTAGCTCGGCCACTGGATAGCTGTACAACTACGGAGTCTTGCTCTGTTGCCCAGGCTGGAGTGCAGTGGCGCGATCTCGACTCACTACAACTTCCGCCTCCCGGATTCAAGCGATTCTCCTGCCTTAGCCTCCCGAGCAGCTGGAACTACAGGCACGTGCCACCACGCCCAGCTAATTTTTTTGTATTTTTAGTAGAGACGGGGTTTCACCATGTTAGCCAGGATGGTCTCAATTGTTCTGGAGTCTTTCTCTAATACACTACATACAATCCATAGGCAAATTCTGTTGGCGTCACCTTCGAAATCTACCCCAAATCTTACTATTTTTACAGCACTTCAACCACCAGTACCTTATCAAAAACCACTTCTATATTTCTTGTAAATTATTGGAACAGCCCTTTACCTGGTCTTCCTGTTTCTGCCTTTTGCATCCCTTCTTCCTTCCTCTCCTCCACACATACCACTAAAATCGCAGCATTGCAACTACAGTAATAAATACATCACTTCTCTGCACAAAAGCTTCTGGTGGCTTCCCCCCTCACTCAGGAAGTCTTTATAGTACTCCAGAAGATCACTTTCTGGCCTTCCCTGTTGGGCTCATTTTCTATTTCTACCTTGCCCACTCTGTTGCAGCCACACTGTCCTCCCTGCTGATTCGTGAACACACTGACCATGCTCTTGCTTCAAGAACACTTACATTGCTGTTCCCTCTGCCAGGACAGTTCCTCTAGTATCCACTCACCTCATTCAGTTTCTGCACAAATGTCACTTTTACAATAAAGTCATCCCTAAAGAACTAATTTAAAATTGTACCCTACTAAATAGAAATCCCCTTACCTCACTTAGAACACTCTAAAAGTGCTCTAAAGGACTAAATTAGCAATTTAGCCCTTTAGTACCCCACTGATTAGCAATCCCCTTACCCCACTTAGAGAGTGCTCTACTAGTACTTTAGGTAGTACCATCTAAACAGTGATGCCACTGTCAGACTAAAAATCACCATCATAGGTAGATACATTAATTTAAATCAGATAAACGTAATCATCTAATTTGAACATTATATTTCATCTACAATATCCACTTATTCAACAGGTATTTATTGACCATGCTGTACAATTTTCTAGGTGCAGAAGATACATCACTTAACAAAGAAGATCACTACACTTGGTTACTTGGAGTTTATATTTGAATTGGTAAAATATATGGCAGAAACTGAAAGTGCTGAGAAGGACCAAATTAGTAATGAGTAATTTAGCCCTTTAGTGCCCTACTGATTAGCAATCCTCTTACCCCACTTATAGAGTGCTCTTCTAGTACTTTAGATAGCAGCATCTAAACAGTAGCATCTAAACCCCTTGGGATTGCTAATTACCCTACTTTAGGAGGTAATTACATGAGGATGGTGAAGCCTTTATGGAAGGAATTAGGGTCCTTATAAAAGCACTTGAGGCAGTGGGTCCACTCTCTTTTGCTCTTCCACCATGTGAGGACACAGCATTCAAAGCACCACCTTGGAAGCAGAGATAAGGCTCTCACCAGACACCAAACCTGCCTGCCCCTTGATTTTGGACATCCAGCCTTCAGAACTGTGAGAAGTACATTTCTATTATTTATGAATTACCCAGTCTGGTATTTTATTATAGCAGCATAAAGAGACTGTGATAGAAGGTATGAATTTTTGTTCTAAACGAGGACTGGGGGTGGTAGGAACTTGAAAACAACGCTAATATAACAAATCAATTAGATTGCTTCTAGCTATTTTATTTTTCTTTCATTAATTAGTAATTCCAATCCAGTTCTGGGTGTGAAGTTCTACAGGTAAAACATGTTCCTTTTAGATATTTTCCTCTGAAAAGAATTGGGGAAATATTGCAAAGGAAAAGGAAAAGGGAAAGGAGTGATTCTGACATTTATGAATTTGTGATATTATGTACTGAAATTATGACCTGATTGTATATTTCTCCCTAGTCTGCATATAGGGAGGTTATTCAGCCCTTCCACCTTCTGCCATGGGATGGCACAGCAAGAAGGCCCTCATCAGATACAGGCCCTTCAGCCTTGGTTTTCCAGTCATTAGAACTCATTGCCATCTATATTTTCACTCCTGAGAAGTTTGAAAATTAAAAAAAAAAAAAAAGATCATCAAGAATAAGGGATGAACCACAAAAAGAAAGAAAGGCTGGAAAAAGGTTTTACAGATTTTTAAGAAATATAACTCATTTGCCTGAGCATTCTTTCAACATCCTCATTTTAAGGTTACTTCTAAAAAGAAGAAATGATTTTTAATATTTCCTTCATCTGGAGAAATAACTGTCGCTGTTCGGTATTCACAGACTTCCTGCTGAGGACTGCTATCGCAATAAACTCTGGTCTCACGATAGGCAGCCATGATGAGAAACGGCCCCTGCATAGAGATGGTTTGAACTGTGTGGCTCCCTCCTGCCCCATATAACCATCGCGAGAAGAATGTAACAGCGGCCCTCCATTAGTGAACCTTTTACCGTGATTCCCGAGTCATAACCCCGACCCACCTTGAAATCTACTGCTGGCATTTTCTCGTCATTGGTTTGACACATGAATTAGCAGTTTAAGACTTTGCCTCCCTACTAACACCAACATCTTATTTGTATGGCTCTGGCACTAGTTCCTGCCTCCTTGTCCTCTAACTCTAATCCCAGTTATCACCCTTAATTCAGTATGCTCTTGGATCTCTGGTTAAATCTCTTAGAACTTTCCATTCAAAATAACATACTTTATACTTCAGAGCCACCCTTAGGTTTGGTACTTCTACTATGTCCATGAATTGAATTTTTGCATCTGTTTCTCTATATATGTATTTTTCATTTAAAATATTTGTTCTTAAGTCGTATAATTTACCTGGTGAAAGACCATACAACAGTACTTGCATGTAGTCTCCCTATAACTGATGAACGTGCATGTTTCTTTTCTCCGATAAATTTTATGTCAATTTTACTACATTATTGAAATTCCCCCAGCGTAATGTGATAAAATTTATCAACT,False
633,-250,6.3630123,-6.196127,3.51264e-06,12.73524,-13.191511,5.4973764e-12,0.9090811,-0.54037833,0.19008477,5.450209,-5.3174515,2.106956e-05,-0.38588512,0.2854101,0.6617932,0.1703805,ENST00000600056.1,-250,GGACTCCAGCCCTGCCCCAGGCTCCTGTGTGAGAGCTCCCTTGCAAGGCAGCTCTGAGGGCTGTGGACGGCCACTCGGTGGAAGTGTCGCCACCCACGCCTTTCTGGTTTGACTGGAAAACAAGGCCCATCCCACCTATCAGGATGCCTGAGAGAAGGATCTGGCCGGATTCTGCAGGCCGCCAGGCTCCCAGGCTGAGCCTTCCACCTGCTCAGGCGAGAGTGGGGGTGGGGCAGGTATCTCCAGGTGACAAGCAGGCCTCCCTCAGGGGAGGGAGAGAGAGGTCACCTCGGCCTCTCACAGGCATCTCAGCTAAGCAGGTGCAGCCTGGGCTGATGGCAGGGTGGACAAGGATGGGCTTCCGAGAGTCTGGCCTTGCTTGCCCCCAGTGACGGGAAGCTCAGCCCCTCCACTGTCGTCATGAAGCTTCCTCTTGGAACCTGGGCTCGGGCTGTAGTCTGGGCTTCCTGGCCCATGACATCTCAGAGTGTGGGAACAGGGTGGGCCTCAGTCCCGCCCATGAGTTGGGCGTCAGATGGGATCCCCCTGGCCTCCTCATCGCTGCCCCCATCCCCGCTGTCACACTTCCCACTGGGTCCCCACGGCCTTCCTGCCTCTGGCCCTTTAAGGCCCAGGCAGGAAGCCCCTCCCCATTTAGGGCAATAAATGGACACGTAAAATGGC,False
634,-819,2.2096903,-2.2462754,0.011475875,3.664157,-3.8632765,0.0005378282,1.4640554,-1.2725031,0.06085028,-0.58782685,0.6068847,0.7675827,2.3465676,-2.3729558,0.008840575,0.16985746,ENST00000429952.5,-819,GGGCCTTACCCCGCCAGGCGCCGGAGTCCACGCTCCACCGCCGCTGAGGGGCGTTCGGGCGCCACCGAGCAGCCCAAATTGAAACCCCGAGAGGCTCGGGACTAAAGCTGAAGGGGCAGGTAGAGGGGCCGCCCGGCGGTCCCAGACCATCCTAGCAAATCTGGGGCGAGGGAAGGGTTGTCAGTTGGCCGATTGGGAGCGGCTTCGGGAGCGAAGGAGCTGCTTTTCGGCGAGGCCCCTCGGGAGTGAAGGTTCCTCGAATCAAGCGTAAACTGGGGCCCCCTCTGGGATGGTGTAAACTTATTCAGCTTCAAATGCAGCCCAGTATCCTGCCCTAAGTTCCAGAGGACCATTTTCCACATGAAAAGTCTTACGGATAGACAAACTTCCATTCAAGCCAATGTCAAGTTTTCATTGCAAGAAAGTAGCAGCCGTGTTTAAGGGCTTGTTTCTGGCTATGTTAAAGGACCATCCTCTGAGGAAAGCAGAGGAGAGGAACTCCATTATCCTTACAGTGAAACGCAACCACTGCAGAAAAACTCCACTGAGTTCGCTCCAAATGCTCATCTTCTTCTTCGGCCCTGGATGTCAGACAAACAGGACAAACAGGAAACAAAATTATTTTTCTTCGTGGAGGGCAGAGCAGCACTCCCCCGTCGCCCAGTATTTGGATCCCCAGCGGGAATGGGGAGCACCAGGCCAGTGGGAGGCTGCCCCGGCCCTCCCGCGACCTCTGGATTGAACTTTCCGCACACTTCTCGGCCCCTCGGCAGGTGGCCCAGCCTCGACCCGACCCCACTGCCCACTCACTGCTTCTCCTGCGCGTCCAGGTCCCTGACGAGCGCATCGCGCTTGTTCACCAGGGCCACCAGCTCATCTAGCAGAAGCTGTTCGCGTCGCTTCTGGGCCTCGGTCTTCTGCCAGTCTGCAGAAGACGGGAGGCTAGTTACCCACCGGCAGGGCCTCCGAACACCCGGCCCCCCGCCCTCCCCTTCCCGCCTTTTCCAGTTTCCTTATATTTCTCAGCAAACCACATTATAGAGCCACTAGCTAGTGTTTTCTGGGGAGTTTGGCTGTTGTGGTGAAGGCTTCCTCGCTAAAAGTCTACTTCCTAAACAGGTCCTGTGAATGGAGATGGCTGCAGCAGTGTTGGAACCTGCTTAGAACCAGGTGTGAACTGGTGGCTAGCCTGAGGTGCGCACCTGAATCCAGCCAAAGTGGGGGAGGGGAGCTAGAGGCCCAGAAGAGGTTGGCCCAGGGGTTGGTAGTGGGGGAAGTGGGTAAATGAGGAGGCGGGAAACAGTGATGGGCGATAAAATCATTCTGAAAAGGCTAGAGAATCTGCCTGAGAACCTATCCTCCTCCCCCACCCCCACTCTCACCCCAAACAGCCCATTCTTCGCTAATTTCCTCTTCGCTCTATTTTAGCAGTTGGATGTATCTCACACTGGGCGCCATATGCTTCACAATAACTTTAAAAGTAGTGAATCGGCTAATTAGCATTTTTCTTTGAAGTAAAAAATAAATTTGCTCTGCAATATTACACTGCAGCTCTCGATCGCATCACAGCCAGTTTTCTTTTGGAGACGTTTGCTGGGTGGTTTCAAATCAAAGCACTTTTGCAAAGGAAAAATTACATATTTCTTTCTGAAACCCTATGTTAAAGGTTGGAAAACCCGATGGGCAGTGCTCTTTCCATGGATGGGGGGCGTTTTTTTTTTTTTTTTTTGAAGGTTTTAGACCCCAATAATATATTTCCTAATCTTTGCTGGTCTGATGATTTCCTTAAGATGAGCAGCAGTTTCATTTAATAGAAACAGGACCAAATCGAACATTTAAAACACTTTTGAAACCAAAGCCAACTGCTCTCTGGCCAGACTGTAAGGGCTTGTAGCTGTCAATCAACCCCCAGTCTACCCCGCCTCCCTCATTAGGAAGGTAAACAATGAAAAGAAGAAGTAGATGATGAGGCAGATAGCAGAACAAATGAGGACCTAGAGGGAAACAGGACACCAGCTTAAAAAAAAAAAAAAAAAAAAAAAAAAAAAAAAAAAAAAAAAAAAAAAAAA,False
635,-332,1.4363811,-1.4367588,0.05349744,4.7414556,-4.890902,6.5567976e-05,4.7736244,-4.52882,9.1192705e-05,5.9650064,-5.9882784,6.4380065e-06,-0.5934752,0.67641157,0.7807234,0.16687681,ENST00000425481.1,-332,ATTCTGCCCACATGGGCAGAGTTGCAGGAAGGGACTTCCAGTAGGAAAGATCCTCCTCTTATTGCTTGGGGTCAGGGGCTGGAGGGCAGATGTTCTCCAGCTGATTCCAGGCTCCTGTCCCGTTTACAGCACACTGGGTCCAGCCCCCTGCATCCTGGAAGGCCCAGGTTTCCCCACTCCCCTTAACTCTCCCTGCCTGCACAAGGCCTGGGCTTCACTCACCCTCTTCCCTCAAGATGGGCATCTTGGTGATGATGCAGCACCCTGGGGAGCCCACCTGTATTCTCTTGGCCAGGTGCCTGGAGTGCAACACAACATGTGAGAGTGAGAATCTTCCCAGACCGCCTGCTATGGACTGAATTGTCTCTCTAACCCCCAGTGTGGTGGTATTTGGAGAAAGGCCATGTGAGGACACATTGAGAAGGCACTTGTCTGCAAGCTAGGAAGACAGCCCTCACCAGAAACCAACCCTGATGGCACCATGATCTTGGACTTCCTGCCTTCCAGCAAATATATTTCTCTTGAAGCC,False
636,-397,3.7467406,-3.8718324,0.000491001,7.791223,-7.7356734,1.8061526e-07,6.0360937,-5.7584934,7.545232e-06,-0.74329996,0.8429811,0.8300922,8.670227,-8.664407,2.9625426e-08,0.16611817,ENST00000508286.1,-397,GCCCCTTTGTGTGACTAAATTTGGCAAGAATATGGATCTGAGCCAGTCTTTCCACGTGTGCTCCCAGCTCCCAGCTGAGAAGGCCAAGGGTTCTCTTCCGGATGCAGCCTTTTTGAAATTTATTCTTGGCCAAAAGAGGAAGATAGTTCAAGGATTCTATCTTGCTTTTGGGGGGCAATGGAGAAACCCTGAAAACACTTAAGGAAAACCTGAGGCCTTCTATAAGAAAATAAACTCCCTGAAAGGGGAGGCAGGGCCAAGGAATTTACTTATTTTTATAAATCTCTTTCCTGGGTGGATATGTGCTCCAGGAAAGTACCTGATTGACAAGATCTACATCCAATGCCCAGAAAACACATCCTACACAGGCACAGTGAAGCGTGGAGTTGAAGAATTTTCCAGTGAGTTCCATCAAAGTAAATAAACCAACCTAGAGCATCAGGA,False
637,-1080,1.2134774,-1.2175605,0.08083632,3.41195,-3.2256708,0.0013084263,4.4465714,-4.282851,0.00016172967,-0.062990576,-0.1699746,0.47327948,0.3099109,-0.6638463,0.27413222,0.16594365,ENST00000450998.5,-1080,CAGCAAACCTTTCCCTGCTGTGAGGTGGGCAAGTTAGTTGCTCCAAAAACAAGATAAAATGATTGAGTTCTTTTCTCAAGCGGGAGTCGGAGTTTATCTGCTCTGAGAGCCCCAGCAGCTACTATTAATGAGTGTCTGGAATATGTTCCTGGCATTTCACCTACCCTCTCTCCAATCCTTCCAAGAAACTCACAAAGCAGGGCTTTTTCTTGAACTTCTCTTCCTCACAACAGTTAAATCATCCATTTAAAGATGTCAAACAACCTCCGTGTTCTAAGAACTATTTACTGAGCTCTACGGAGACACAGCTACAAGCACCACATGCTGGACCCCTGAATATGGAGGGCCAACTACACTAGAAACACACACGCTAGCTGAGAAAGATGGTGGCTTAAGGGTAAGCATGGAAAGAGGCAAGGAGGTGAGGACAGCAGGACTGATAGATAAGCTGGGGAGGCCAGAGCTCCACAAGGACATCCATTTCACTTATCAGAATCTAAAAATAAACACGTTGAGATACTAGAA,False
638,-863,1.2030656,-1.2179365,0.08158514,0.8364843,-1.2198566,0.11341323,2.461394,-2.016458,0.011230235,1.5098183,-1.5694284,0.043971468,-0.17639244,0.103274524,0.56946456,0.16393292,ENST00000419736.5,-863,CTTAGTCGTGTGTACATCATTGGGAATGGAGGGAAATAAATGACTGGATGGTCGCTGCTTTTTAAGTTTCAAATTGACATTCCAGACAAGCGGTGCCTGAGCCCGTGCCTGTCTTCAGATCTTCACAGCACAGTTCCTGGGAAGGTGGAGCCACCAGCCTCTCCCTGCCCTAGCAGATGCTAATCCAGCGTGCGTCCTGGCAGAGGTTGAAGGGGGCTCCTCAAGTCCCAGGTCCAGCTTGGTGTGGTTCAGCTACTCGAGAGACATCTGCTGCTAATGGATGAGCAGTCAACCTGGACGCAGGAAATCATTTTTTATTTGGGGCAAAGAGGCAGAGGAATGGAGCTCAGAGCTTTTAGAGAATATGGGCCAGAAACAGGAAGGAGTCAGGACCTGATAACGGGAACCAGCGGACAGTGAACGCAGTGGAGGGCCACTGGGGCCGGAGCAGCCGAGAGATTTCAGGAGAATAACTGGGAGATGAAACAGGAAGCTCTATGACACACTTGATCGAATATGACAGACACTGAAAATCACGACTCATCCCCCTCCAGCACCTCTACCTGTTGCCCGCCGATCACAGCCGGAATGCAGCTGAAAGATTCCCTGGGGCCTGGTTCCAACTGCCCACTGTGGACTCTGAGGCCTCTGCATTTGCGGGTGGTCTGCCTGTGATATTTTGGTCATGGGCTGGTCTGGTCGGTTTCCCATTTGTCTGGCCAGTCTCTGTGTGTCTTAATCCCTTGTCCTTCATTAAAAGCAAAACTAAAGAAAACA,False
639,-1142,1.351717,-1.3908513,0.060507745,4.194327,-4.4516435,0.00017580306,4.8663187,-4.8064213,6.29731e-05,2.2662108,-2.088479,0.012683489,-0.48798966,0.58125633,0.74445355,0.1635767,ENST00000449741.1,-1142,TTTAAACAAGCTCCCAAGAAGGCAACAGGGACCCACTGTACCCCAAGAGGCACTCCAAGTTTCCTTCAGAGAGGAAAAAGAGAGACGGGGCTCCTAGAACCCACTCTCCCCAAAGGCGAGTTTCCCAGGCGCCGCTCGTGCTGTTGCTGGAAAGCGAGCTCGCTGTAGACCGGCCGCGACACCATGTAGCTGCAGCTGTACTCGGGGAGCTGCGGCGGCTCCGACCTGCCGCCTGGCGCTGCCATGACCTGCGAGCCAGAGGACAGCGAGGAGGGAGGACACGCGGTAAGCGAGGACGATCGGAGGGGAAGAGCGAGGAACAGAAAGAACGGGATCACCTGTTAGCTGCAGCCAGGCCCCCCTGCACCGCGAGTCTGGTCCGCGTCCTGCAGCCCTCGGCGCTCGCGACAAGCGCCCCACGGCGCGCACGGCCAGCCTGCAGGGGGGCACCTGAGAACCTTCGGGTCTCGTGGCCTGCACCCGCTGCCCGGGGTTCCCCAAACTTGAAGCGAGTAAGCCCCTGCTCTGGGGGCTTCCCGAGTTCCACCCAGTCCCCTATGGCCCGCAGCCAGGGCGCTGTCCGCGT,False
640,-494,6.7585554,-6.840199,1.2420392e-06,2.0218563,-2.396535,0.01191005,4.710265,-4.4242516,0.00010786559,-0.7526132,0.65170765,0.80286866,8.113963,-8.388924,6.805921e-08,0.16297758,ENST00000433061.1,-494,CCGGAACCTGACCTGAGCTGGGGCCTGTGCTTCCAGCGGGTGGTGGGGGGCCTGGTGTGCTGGCATCAAGTAAGCCGACTACCTCGGCAAAGGCTTAGGGACAAGAGACCAGCAGCCTGAACTGGCTGGGGCATCCGGAAGGCTTAGATCTTGTGGCCAAGAGTTCAGACCGTGGCGAAGTGGAGAGTGACATGCAGTTGGATGGCGGTGACTGCGTGGTATGGAAGAAAATTCAGCTGAAATTTGCTAGAAAATGAGTTGTTTTGGAAAGAGACTGTAGAGAAAGGCAAATGGAAGAAGAAAGCTTCTGTGCCCCCACAGATACCGACTGAAAAGTGTTAGCATGAGCAAAAGTTCCTATCTAATATTATATGCTTTCCTTTGCTCCCAGCATTCCACAATCACGGGCTACTTCAATTCTGCCTGCTGAGCTGATTTAATAATCTGGAAGAGGATTATTCTCCCCCATCTGGAAGAGGATTATTCTCTATAATCCCAGTTAGAGACACAATGACATAAACATCGCTGT,False
641,-1452,-0.8070185,0.67093986,0.814264,10.997066,-11.086636,2.5654884e-10,11.44533,-11.6418495,9.405145e-11,7.9805427,-8.188867,9.49981e-08,8.472933,-8.330438,5.0395123e-08,0.16285284,ENST00000428922.5,-1452,GAGTGACTTCTCCCCAGATTTTTGTATACCTGACTCTGTTTCAGCATCCGCTTCCCAAAGAATGCAGTGTGAAGCAGGAGCTTATGTGAGAAGAAACGCAGGGAGACAGTTCAGTCACTGCAATCTTCATGCCCATCAGTTTCTTGTGAGAAGAAAACAAGAAAACAAGGACTGAAATCCACACAGGAAGGTGGCAGTGAACTCCACAGACGGACCTGGACGCCTCAACACTCCTGGCCTTACCTCCCTTGCTGAACGTCTCAAGTTTCTCTGCGTTCAGGTAATGTATAGGAGGGTTATGAGGGCAGAGAATTCCTAAGCTCATTAGTAAATTGCTCTTCAGAAAGTGCTTTGAAGCAAAGCTAATTTCCTTTCCCAATATGAGAAGATTTGGCCCTACCAGAAAAAGGAAATGATTTGAATGTGCGCCAAAAAATATGTTTTCTTTCTTTTCTTTGTTGAACACTCATCGGGAGTTACTCTTATTAGTTCCGCATTTTTATTGCATTT,False
642,-722,3.5213668,-3.8153448,0.0006507644,2.0738773,-2.3796349,0.011503746,5.1748433,-4.8192186,4.5668214e-05,-0.8240162,0.5609255,0.79978347,5.111481,-5.436987,2.6232961e-05,0.16240197,ENST00000424208.5,-722,CCTTGGTGGGCCGTGAACTGAATGGTGGCGCTGGCCTGTGCCCAGTATATCTGGGTTCGGTGGCTGAGAGAGCTTTTGTTGCCCTGTGTCCGTGACGGGCCAGTGTTCTGCATGCATCCCATCACATGGATCCATGGAGGATGTTGAGCCCAGAGGAAGACTTGCACTGGGCCCAATGGCCCCAGGTCAGCGTCCATCAGCCAGGTGTCCAGCCCCTGGTGCACTGAAGATCGGGCCCTTCCTGGTGCCCTGGTCTCCTGCATTGAGCTGTGTGAGCTCTTCCACATGGAAGACCCCTGTCATTGACTGGCATAGGGTTCAGTGGCGGAGAGAGCATCAGGTGGCCCACGTCTGTGATGGGCCAGTATTCCACATGGATCTCATCACATGGGTCCATGGAAGGCGAGCATCCCTGAGCTGGCACACCCCACCTTCTGCCAGCATGGAAGGATGGTGAGCACAGAGGAAGAATTGCGTTAGGCCCTTTGGCCCCGGACCAGTGTCTGCCAGCCACGTGCTCAGCCTCCCGTGCGCTAAAGCTCAGGTCCTTCCTGTCATCCTGGTATCCTGCACTGAGGTGTGTGAGCTCTTCCCCCCAGCAGGCCCCCTGGGATTGACTGGCAAAGGTGAATGGTGTCTGTGGAGGAAGACTTGCCATTGGGTTGCTGGCCCCAGGCCAGTGGTTGTCATCCAGGTGCCCAGCCTTGGTGCACTGAAGCTCAGGCCCTTCCTGGTGCTCTGGTCTCCTGCACTGAGCTGTGTGACCTCTTTTGCCCGGCAGACCCCCTGGCATTGACCAGCATAGATAGTGAGACTGGAAGAAAACTTTCATTGGGCCCGCTGTCCCGGGGTGAGTGGTCATCAGTCAGGTGCCCAGCCCTTGGTGTGGTGAAGCTCAGGCTCTTCCTGGCGCCCTGGTCTCCTGCACGGAGCTGCGTGAGCTCTTCTACCCAGGCGGGCCCCTGCCCTTGAGCGGCATAGATGGTGACCCCAGAGGAAGACTTGCGTTGGGCCCACTGGCTCTGGGCTCAGCCCCTGGTGAGCTGAAGCTCAGGCCCTTCCTGGCACCCTGGTCTGCTGCACTGAGCTGCGTGAGCTCTTCCACCCAGGTGCAACCCCCTGGCATTGACCAGCATAGGTATTGAGCCTGGAGGAAGACTTGAATTGGTCCCAATGGTCCCAGGCCAGCATCCATCAGCTAGGTGCTGAGCCCCTGGTGCACTGAAGATTGGGCACTTCCTGGCACCCTGGTGTGCTGCACCGAGCTGTGATGAGCACATCCGGGTCCTGCTGGATGCATGCGCCGGGAAGGACGTGCCCTGAGTTGGGTCGATGATGAGAACCTTATATTATCCTGAAGAGAGGTGATGACTTAAAAATCATGCTCAATAGGATTACGCTGAGGCCCAGTCTAGTGAGCTCTTCCCCACAGGTGGGCCCCCTGGCATTGACTAGCATCGTGAGCTCTTCTGCCCAGCAGCCTCCCTGGCAGTGACCAGCATAGATGCTGACCCTGGAGGAAGAATTGCACTGGGCCCACTGGCCCCGGGAAAATGTCCCTCAGCCAGGTGCTTAGCCCCTGGTAATCTGAAGCTCAGGCCCTTCCTGATGCCCTGGTCTCCTGCACTGAGCTGTGTGAGCTCTTCAGCCCAGGTGGGCTCCCTGACACTGATGCGCATAGATGGTGAGCCTGGAGGAAGACTTGCATTGGGCCCAATGGACCCAGGCCAGTGGCCATCAGCCAGGTGCCCACCCTGGTGTGCTGAAGCGCGGGACCTACCTGTTGTCCTGGTTTCCTACACTGAGCTGAGTGAGCTCTTCAACCCAGGCGGGGCACCCTGGCATTCACCAGCATAGACTGTGAAATGGGAGGAAGAATTGTGTTGGGCCCAATGGCCCTGGGCCAGTATCCGTCAGCCTGGTGTCCAGCCCCTGGTGTGCTGAAGCTCATGCCCTTCCTGGTGCCCTAGTTTCCTGCACTGAGCTTGTGAGCTCTTTTGCCCAGAAGACTCCCTGGCATTGATCGGCATAGATGGCAGCGCTGGAGGAGGACTTGTACTGGGGCCGCTGGCCCCACATCAGTGTCCGTCATCCCGGCGTCCAGCCCCTGGTGTGCTGAAGCTCAGGCCCTTCCTTGTGCCCTAGTCTCCTGCACTGAGCTTGTGAGCTCTTCTGCTCAGGCGGGTCCCCTGGCATTGACCAGCATAGATGGTGGCCCTGGAGGAGGACTTGTATTGGGGCCACTGGCCCCACGTCAGTGTTCGTCAGCCTGGCATCCAGCCCCTGGTGTGCTGAAGCTCAGGCCCTTCCTGTTGCCCTAGTCTCCTGCACTGAGCTTGTGAGCTCTTCTGCCCAGGTGGTCCCCCTGGTCTTGATGGGCATAGATGGTGAGCCTGAAGGAAGACTTGCATCAGGACCAATGGACCCTGGCAAGTGTCCGTCAGCCAGGTGCTCAGCCCCTGGTGCACTGAAGCTCAGGCCCTTCCTGGCCCCTTGATCTCCTGCACTGAGCTGTGTGAGCTCTTCTGCCAAGGGGGGGCCTCCTGGCATTGACCAACATAGATGGTGAGCCTGGAGGAAGATTTGCATTGGGCCCAATGGCCCTGGGCCAGTGTCTGTCAGCCAGTTTCCCAGCCCCTGGTGCACTGAAGCTCAGGCCTTTCCTGGCATCCTGGCCTCCTGCACTGAGCTGTGTGAGTGCTTCTGCCCAGGCAGGCCACTTGGCATTGACCGGTATAGATGGTGAGCCTGGAGGAAGATGTGTGGGACCCGCAGGCCGAGGGCCAGTGTCTCTCAGCCAGGTGCTCAGCCCCCAGTGGGCTGAAACTCTGACCCTTCCTGGCACCCTGCTCTCCTGCACTGTGCTGTGATGGTGAGACTTCTGTTGGGCTTGCTTTTCCTGGGCCAGTGTCCATCAGCCAGGTGCTCAGCCATCGGTGCGCTGAAGCTCCAGCCCTTCCTGGTGCCCTGATCTCCTGCACTGAGCTGTGATGATGAGCTCTTTCACCTAGGAGGGCCCCTTGGCATTGACTGGCATAGATGGTGACCCTGAAGAAAGACTTCAGTTGGGCCTGAAGGCCCCGGGCCAGTGTCCATCATCCAGGTGCTCAGCTCCCAGTGCACTGAAGCTCAGACCCTTCCTGGTTCCCTGGTCTCTTGCACTGAG,False
643,-520,2.5120986,-2.534527,0.006389904,2.02742,-2.4528487,0.011203432,4.2324343,-3.7489674,0.00034164335,2.647867,-2.7762306,0.004389689,-0.6539968,0.6631271,0.7887028,0.16220549,ENST00000597578.1,-520,AGGCCAGGTTCCTGAGAGCAGACAGCGCGGGCTGGGAGCGCCGGCAAGGGCGGCCCTCGCGCACCTGGCTGCCAGCCCGCAGGGGGCTCGCACGCAGACCTGCCCTTGCCACCTCAGCGCTCGGGTGCGGGCTGGGGGCGGTGGAGCCACGAAAGGTGGTGCCGAGAGCGGAGCGCAGGACAGCGCAGGAGCCCCGGCGCATCGCGGCGCGCACAGACCCAGTGAGAAACTGAAGACCAGAGAGGGTGAGTGGTTTACTCAGTTTGGCACAACTGACCCCAACCTAGCCCTCCATGAGGACTGAGCGCATGAGAGATCCTGAGCCACAGCCGCCCAGCCCTGCTCCTCTCGAATTTCTGACCTACAGGAACTGCAAGAAGTAATGAAAGACTGCTGTTTAAAGCCACTGCATTTTGGCATGATTTGTTATGCAGTCGTAGATAACCAGAAAACATCGGATTTACATTTTAAGGTAAACTTTTTATTGAAACATCACATACACACAGAGACGTCCACCAATTGGCTCGATGAGCTTTCTCAAAGGAAACACATT,False
644,-407,-0.39314866,0.49385256,0.70827097,1.8660783,-2.7122047,0.010168069,3.8667152,-3.4954655,0.00063440995,2.8113325,-2.638909,0.004276897,1.0447623,-1.3406832,0.084289305,0.16152793,ENST00000508745.1,-407,TTCCTTCCTACTCCCTCCCACACACCCAGGAGCTCCAGCCTGTTATGGGATGGGCATCCTACCAGGAACCAAGGATGCTAAGATGTCCTCCAAAATGGATTGCCTCATATCTAGTACCCGCCTGCTGCAGGCTTCTTCATCTAGTTCCTCTGGGGACACACTGTGCAGCTAATTCATCCAGGCAGATTCACTGGGAAGCTGTTGCTCATGAGGGTATTTCTGAGACTTTTTTTTGTGACCTTGCTGTATGACTGGTGTAATGAAGAATCTCCAGGTGGAGAAATGATCCTGAATTATCCAGTGGGCCCTACATGTCACCACATTGCGATCCTTCTAAGTAGGAAGCAGAAGATCTGACACATGCAGGAGAGGGGAAGGCAATGTGACCATGGAGGCAGAGAGGGGAGTGATGTGGCCACAAACCAAGGATTGTTGGCAGCTGCCAGTGGCCGAAGGGGCAATGAATGGATTCTCCTTTGGAGCCTCTGGAGGGAGAATGGCCCTGCTAACACCTTGATTTTGGCCCAGTGATACTGATTTTGGACTTCTGCCCTCTAGAACTGTGAGGGAATACTTTTCTGTTGCTTTA,False
645,-1158,5.6130342,-5.741564,1.171536e-05,7.4462857,-7.584451,2.966428e-07,10.68613,-10.594956,5.724556e-10,-0.7047533,0.65718555,0.7960746,2.708096,-2.794323,0.0040603443,0.1600294,ENST00000523225.1,-1158,CAGGACTCTGCCTGCCAGTGAGCCCCAGATCCAGGGACTAAGGCAGCAGGGGTGAAAGCAGGCAGCAGGAAGTACCTCACCTTTCAGGATGGGGGCCGCCATGACAGACGGCGGGATCCGGCCAGCTGGCCTACGCGGTGCTTGCGAGCCTGGCGGCGCGCGCGGGCACTGGGCATGCGCGGGGTGAGCGCGCCGCCGTCACCGCGCTCCGCTGAATCCGCGTTTCCGGGATTTCTCTGTAGTGACTTAGAAGCTACCCGGCGCCTCATCTGGGCTCACCTGAGCTGAGGATCAGGAAGGGGAGGGGGCACAGTCATTCCCTCGCGGACGCGGCGGGACCCCAGCGGACGGCTTTGTGCGGACTTTCGGCACCGTTATGCCCCCCTAGCCCGACACCACCTGGGGCTGGCGCGCCACGTTACTGTTCAGGGCCAGACGCACCGCCCTGCCTGCTCCGGGGAGCCGGACCTCCGATCCCGGGGATGGGGGACCCCGAGACCTCAGACCCAACGGAGGGGACTCTGATACCTCAGACCCCACGCGGGGACCCCGAGGCTTCAGACCCCCACAGGGTGACCCCGAGATCTCAGACCCCCGCAGGAGTACCTCCAGACCTCAAATCCCCAGTAAGGGAATGAAAGAGACTTCGGATCCCTGAGGCAGCAAATCCCTGTAGGGGCATCCCAGGACTCAGGTCACCGCGGGGTGAACCCAGACCTCACATTCAGGCAATCCCCAGGACGCCGATCGGCTGGCACTACCCACTGTCCCGGCCACCCCCCCTGGAGCTCAAAGGCTTGGCCCTCCAGCTGCTCCACCCTGCCGGCAACCAGGCTCAAACCTGCAGCCCGCGGATCCCCTGCCCCGGAAGCAACCAGATTCGCGGGAGGTTACCTGACTGATCCAAGGTGATACAGCTGGTAACTGATGGAGATGTTGGTAGTGAAATTCATGTACTTTTAGTTCTTTCTATGGAATCTAGAGGTAGAATACATGTAAAAGAATATCGACTACCGT,False
646,-123,6.9928694,-7.037468,8.066805e-07,5.072558,-5.3429914,2.9962042e-05,8.08244,-7.748747,1.332302e-07,-0.71664965,0.6554177,0.79771394,4.748905,-4.808368,7.068023e-05,0.1595631,ENST00000602988.1,-123,CAGCATGTTCCTACTGAAGAAACTGGGAATCCTCGGCAGGTTAGTAGCAAGCAGAACTTTAGAGTCCCTTGAAGGAAGGTTGAAGTGATGTTTGGACTGCTGAACTGCAGAGTGAACCTGGGAATGAGATGCACTGACACCCTCATCAGTGCTTTCCATCAGTGTGCAAGACTTAGCTATTTCTCAAAAGAACACAGCTTCCTCTCACATGGAATGTCCTACCATTGGGGATGTAACCAGAAGCCTCTGAAGCCTACTCAGTTTTTTAGGTGAAGATCCCAGATTTTTGTTTGTCACAACTCTCATGGTTACATTTATAGGTAGGGAATCCAGCCACTTCAGTCCAGTTTCTGAAAATTCCTGGCTAGGTTATTTTTCAGAGTTCCATTTGGACATTTTACCACCTCTTCTGATTGTGGACAAGACAGTGAAGGCATTGATGAATGTGTAGGGCTTTACAGCTTTATTTACAATCCAATCTGGAAATGATGGACTCCTGTTACAAATAGACACACTTAATGTACCAAATCTGGAAATAAAATATTTCAGAAGT,False
647,-995,2.9385812,-2.835764,0.0030966115,0.3490621,-1.079644,0.19330038,6.3700647,-6.019497,4.1617877e-06,5.471272,-5.558096,1.6218082e-05,-0.34318674,0.06469649,0.6005802,0.15939951,ENST00000514109.1,-995,GTCACCCTTGCTCTACAGCCAAACATGCAGGACTCTAGTAACCCGCGAAATGATGGGATAGCGTTGCAAATCCTTAAAAGAGTCTTAACGGCCTATATGACAATTGCCTCAGGTTGCCCGAGTTGCCCACGACAGCACAGTGCCAGCAGCCCACCGACCTCTTCTCCAGCATTGGGTCCACATTCCCAGAAATCCTGGCTGACATTGACTTCTCCACTGCAACCATCGAGTTCATTGTCTCCTAAACCTTGCCATGGAGGCCTGTGGCACCTGAGCCAGCCATTATCATCACCAGCACTTCCATGAGCTACAAGCTGGACCCACTGCAGTCCTCCTGACACACTGAAATCAGAGCCTGCACACAGAGCAGCAGATGCTTCAATGTAAAGGTCATTTCCAGGTCCTTGACAGGCGTGCATCTGGGCCAGATCCATGGCAATAACCTTCAGGTTGAGGCTAGAGGGCTTCAGATGGGCAGCTTCGAATGACAGGAGCAAGGCACAAGAGGCCGGAAAGGGAGGGTGACATTTTCAGCATCTATAAGATCAACTTTAGAAACATTTGGGGGTTGACAAATTCCCATCAAGCTCTGTGGATCTTGTACAACTGCTCACCACCGGCTTCTCATCAGCACATGATTGGTGCAGGGTTCTGAGGATGATTTTGAGATGTTCCCTGATGTGGTCTTGTGAGGAGATTTCATGACAGATGGCAGGAAGCTTCGTGGAGAGATTTCTGAAGACACTCCTGAGCTCCCAACACCGGGCAACTCTCTTCCAGAGGATA,False
648,-473,0.706686,-0.8933967,0.16797006,4.980605,-5.0083356,4.5902678e-05,3.3739183,-3.0651212,0.0015953918,-0.22585778,0.2731346,0.62222254,2.62818,-2.867477,0.00408778,0.15918434,ENST00000518591.1,-473,ACTTTCAGGACTGCAGGGGAAAGGGTGGACACCCAGCCTCCCGCCAGGAGGATACAAAAATACATCAGTTTGCAAACCAGAAGAAGGTCCTCACCAGAAACCAACTATGCTGGCACCCTGATCTTGGACTTCTAGCCTCCAGAACTGTGAGAAATAAATGTGTGTTTATAAACCAGTCAGTCAGTCTATGGTGCTTTATTATAGCATCTGGAACGAGCTAAGACAGCTGCTAAGTAGCATTCCATTTGACAAGGAAGACTTACCATTCACACTACTTCTGAGTTCAATGAAAGAGAGGCTCGCAATAGAAAACTTATACAGTACTTTCTATGGTCAGTTGTGATCATAAAAAGAGAGTAAGAAGAAAAACAACTCTGAAAGACAAGATTTGGTTTCTCTCTTTCATTGTACACATAAAATAAGACTTGACCATCTGGAAAAAGGAAGCCTGAGAATGAATATATAAGAAGAGGACATAAAATGGTGGAAAGAGAAAGCATGGTT,False
649,-1085,1.1194286,-1.1226132,0.09603814,3.4222364,-3.234993,0.0012830525,4.50459,-4.3426666,0.00014375495,0.018818468,-0.2540541,0.432202,0.33395493,-0.68637353,0.26496342,0.15892608,ENST00000585945.5,-1085,GGGCAAGTTAGTTGCTCCAAAAACAAGATAAAATGATTGAGTTCTTTTCTCAAGCGGGAGTCGGAGTTTATCTGCTCTGAGAAATATTGATGTTAAAGAGGAAACTAACTTTCTGAACCATTAAATGTAATATCATTTATCTCACCAAATCCCAAGATAGAGCCCCAGCAGCTACTATTAATGAGTGTCTGGAATATGTTCCTGGCATTTCACCTACCCTCTCTCCAATCCTTCCAAGAAACTCACAAAGCAGGGCTTTTTCTTGAACTTCTCTTCCTCACAACAGTTAAATCATCCATTTAAAGATGTCAAACAACCTCCGTGTTCTAAGCCAGACCATCAACTTAACTTGTAAAACTACCAACTGTTGCTACACACAGGCAAAGGAATTAAACTTGGTAGCTGATCATTTGATTACATCTATCAGTCTACTGGAGGGCTTCAACGCAGAGTAGGTGGAATTCATGGTTCAAATCAGAGTATTAATGGGATCTGTTTGCACACCAATACCTGATCTCCTTGGCACAAATACAGAGCTGATTCTTAAAGCATGTCCCCACAATAAAGCTTTTCTTAAT,False
650,-935,0.3029163,-0.42191225,0.32633057,2.8899112,-3.2714047,0.002105035,0.5386385,-0.2506801,0.31231502,0.8017452,-0.96831155,0.14553528,3.4860873,-3.75256,0.0007177671,0.15740074,ENST00000456917.1,-935,TACACACACGCAATGACCCACGAGAAAGGGAAAGGGGAAAACACCAACTACCCGGGCGCTGGGCTTTTTCGACTTTTCCTTTAAAAAGAAAAAAGTTTTTCAAGCTGCGCGGGCTTCCTGTGCGCGGCCGAGCCCGGGCCCAGCGCCGCCTGCAGCCTCGGGAAGGGAGCGGATAGCGGAGCCCCGAGCCGCCCGCAGAGCAAGCGCGGGGAACCAAGGAGACGCTCCTGGCACTGCAGATAACTTGTCTGCATTTCAAGAACAACCTACCAGAGACCTTACCTGTCACCTTGGCTCTCCCACCCAATGGAGATGGCTCTAATGGTGGCACAAACCAGGAAGGGGAAATCTGTGGTTTAAATTCTTTATGCCTCATCCTCTGAGTGCTGAAGGCTTGCTGTAGGCTGTATGCTGTTAATGCTAATCGTGATAGGGGTTTTTGCCTCCAACTGACTCCTACATATTAGCATTAACAGTGTATGATGCCTGTTACTAGCATTCACATGGAACAAATTGCTGCCGTGGGAGGATGACAAAGAAGCATGAGTCACCCTGCTGGATAAACTTAGACTTCAGGCTTTATCATTTTTCAATCTGTTAATCATAATCTGGTCACTGGGATGTTCAACCTTAAACTAAGTTTTGAAAGTAAGGTTATTTAAAAGATTTATCAGTAGTATCCTAAATGCAAACATTTTCATTTAAATGTCAAGCCCATGTTTGTTTTTATCATTAACAGAAAATATATTCATGTCATTCTTAATTGCAGGTTTTGGCTTGTTCATTATAATGTTCATAAACACCTTTGATTCAACTGTTAGAAATGTGGGCTAAACACAAATTTCTATAATATTTTTGTAGTTAAAAATTAGAAGGACTACTAACCTCCAGTTATATCATGGATTGTCTGGCAACGTTTTTTAAAAGATTTAGAAACTGGTACTTTCCCCCAGGTAACGATTTTCTGTTCAGGCAACTTCAGTTTAAAATTAATACTTTTATTTGACTCTTAAAGGGAAACTGAAAGGCTATGAAGCTGAATTTTTTTAATGAAATATTTTTAACAGTTAGCAGGGTAAATAACATCTGACAGCTAATGAGATATTTTTTCCATACAAGATAAAAAGATTTAATCAAAAAATTTCATATTTGAAATGAAGTCCCAAATCTAGGTTCAAGTTCAATAGCTTAGCCACATAATACGGTTGTGCGAGCAGAGAATCTACCTTTCCACTTCTAAGCCTGTTTCTTCCTCCATATGGGGATAATACTTTACAAGGTTGTTGTGAGGCTTAGATGAGATAGAGAATTATTCCATAAGATAATCAAGTGCTACATTAATGTTATAGTTAGATTAATCCAAGAACTAGTCACCCTACTTTATTAGAGAAGAGAAAAGCTAATGATTTGATTTGCAGAATATTTAAGGTTTGGATTTCTATGCAGTTTTTCTAAATAACCATCACTTACAAATATGTAACCAAACGTAATTGTTAGTATATTTAATGTAAACTTGTTTTAACAACTCTTCTCAACATTTTGTCCAGGTTATTCACTGTAACCAAATAAATCTCATGAGTCTTTAGTTGATTTAAAATAA,False
651,-998,2.70485,-2.607699,0.0049051684,0.21175838,-0.94368255,0.23949668,6.496698,-6.135002,3.2667867e-06,5.984615,-6.0716004,5.8083083e-06,-0.21246803,-0.06409007,0.5370266,0.1562875,ENST00000511571.1,-998,ACCAAGATCTGGAAGCCCTCCAACATTTTCAAAACAGAACTGCTTATTAATATAGAGAAAAAGAAGCAGCATCAGGATAATAAACACCCAAACAGCTGACAAAAACCCAACTGCCTCTGGAGATACTTTTCTAAAACAGCCAGAACAGGAATGCTGCTGGAAGAGCAAGAATGAAAATCATCACATAAATTTGGGCCATCCTGGTGATGTCAGGATCCACTTAAGAGCAGGAAGATGCTGTCAGTATTGAGAAAGATGGCCCAGCAAGGAAAACAGCACAGCATCAAGATAAGGATTCCTCTTTGAAGAAAGCTTCCTGCTGACTCAAAAGGATTTTTCTTCTTCTGAACTCCTATTATGGGAATGGATGAAATCACTTACAGAGCCACAGAAGGAAACAAAGCAAAGCCAGGATCATGAGTTGGATTATCTGGAGGCCTAGGCCAATGGGGAGTTATTGCTTGCAGTCACTGATCAAGCAAATAAACTTTTCCTTCTTTCTTATGAAATTTATTTAAGAAGCTGAAATTACTTAAATGATAATGAGTTGTGAGAAAAGAATTGTAGTAGATATTTGTTCTCTATCCAAATTGCACTGAGTGGGGAGGTGTACCCATACCCCAGCTTCGAGAATTGACTGATAACAGTTCACACCTGCACTTCTCCAGAGAATTGTCCTTGTCTGACCTGAGCACCTTGTTTAGTAATGTCTGGTAGGCTATGCTCCACCTTCCCTGGGCAGATCCACTGGTCTAAGACAAACAACCCAACCCTCTAATTTCTGGGAAGAATCACCTCCGTGATTAATCTAAGCTCCAGATCTCCCAGAGAA,False
652,-486,-0.37659287,0.34638876,0.67326325,1.923612,-2.7202861,0.009528461,7.2405076,-6.7229805,8.624502e-07,6.3361545,-6.345161,3.108661e-06,1.0676986,-1.2181923,0.09229822,0.15501878,ENST00000567068.1,-486,ACATCCAAGTATGACAAGTTAGTGGGACCAATCTGGGGAGGGAAGCATCAGGAGAACAGGACAGACCCACAGAACTGGGCCCACCTACCCTTTCTTTGGGTGTGCCCCGGGGCAGCCTCCTTGCTCCTGCCTTGCTGACACTGCCTGCTCCCTTCCTTCCAACCTCCTAGGGGGACGGGCTCAGCATTTCTGTTGTTAGGGGCGGGAGCTTTGTCCTCACGGCCTGGCCAAAATGGAGCCTGCAATAGGTGCTTATACTTATAAAGACCCGCTAGATTCAGTGCAGCTGTTAGCAAGTGCTGGTCCCAACAGACCCCTCCCAGTGGGCAGAGGCAGGGCCTCCAGGAGAGAGCAGCATCCATCCCTAAAACAAACCACCTGGCTTCCTCTTACTTCTCCTCCCAGCCTCTGTCCAGTCCCCCAAACTCGGACACGGTCTCTCGCCTGGGCTTCCGCTGCCTCCCTGCCTCTCACCCCTCCACCCTACCCTCCATCTCCATAGGTCTGGAAGGAACTTGGAGAGCCACAGAGCTGACGTCCAGTCACCTATTGAAAGCAGCCCTTATCGGCACCCTTCCCTTCTTTCCATCCTAAGGCCCGCACCTGACCCCTGCACCTCAGGACCAGGCTCTGCAGCCTCCCTGAGCCCCTGTCCGACCCCTGCTCCCAGGACTGTTTGTATCTGTTGTCATGAGACAGGAGGAGGATGTGCTATTTCCCACCACCCTTGTCTTGCTGGCCCCTCTGCCTGGAATGGCCTTCCTCTGCCCAGTGGCAAACAGACTTTCAAGGTTCAGTTCCAGTGTCCCCGCTGCAATCCCCCAAACAGAGTGAGCGGTTCCTTCCATCTACTTCCAAGAACTGGAAAGTTCCTGTCTTGTCGCGCGCACTGTGGGACCACAGCATTGGTTCCCACCCAGCTGTGCGTTCCTGCAGGGTCAGGCATGTGCTGGGTCCACGTTGGCACAGAGCAGGGGCCAGCAGGTGCTTGCTGTGAATAGGAACGTTTAGCAGAACCCGGGAGAGGAGACAGTGTTACCACACTTGCTCTCCACTTTGCCTGCGGGTGCCTTTAAGAAGCACAGATTTCTAAACCTTGCCAAGCCGATCCGCTGAACACCTCTACATTCCCGGCTGCCTTGTTGGCTCCCTGGGACACGGCAGCTGTCCTGTGTCCGTAAACAGATAATAGCTCCTCCGACTCTAGGTGTCTCTCCATGGCCCTTTGTGGCCAGGCCTGGGCTGCGTACCCATGGGCACCCCCTCCCATTCAATCTCACAGACAGGACACCAGGCTGGGCAGTCCTCACCAACACCCCTCCAGCCGGCTAGCCAGCCTCCTTTCAACTCTGCATTGCCCTGAGTTTGTGTGGGGTTGTTGAGTTCCCAGCAGGTCCTCCGGATGTGCATGTAGGTAGTCAGGGGAATGGAGTGGGAGGATAGGAGCCCAGACACTTGAAATGGTGTTCCATGCCTTTCTAGACCCCAGGCCCTTTCCTGCATGATTTTATCAGCACATGCTCAATCCTTCACAGTTTACAAAGCACTTCTAGATCCATCCAACCCACCAAGGATGAGGATCACTGGCACTCTGTTTTCCCAGGCAGGGAAGTGGCTTCCAGGAGGCTTAGTGACTGACCAAGGTCTCGAGGTCTCGTGCTGGTGAAGTGCAGAGCCAGGATCCACCTGAGCCCCCCGGCTGGCTCCAGATCCCACACTCCTTCCTCGGCACTTCCTCGGTTCTGCACGGTGCCTCAGCACTCCCCAAAACATCCCATTTTGCAGGTGTGGAAACCCACGTCCCGCAGAGGCTGGGTGTTTGCTCCACTCAGTTCTGGGGACTTAGCTTGAGGCTCTCTGATCTGTTCTCCTGCTGAGCACCCCAGGAAGGGCTCCAGGTCTCCCAGCCACTTAGTGAGAGTGGCAAGTCCTGTCTCACTTGATCTTTGGGAGCATAAGACGAGATCACAGAAAATGTCATCAATGTGAAAGTGTTTTGTAAACGAAGGCGCTGCTCAAACGTAGTGTTATCTTCAGCCTGGCTACTGGCTTCCTACAAAGTGTGAAGGGATGAAGGTAAAAGCTCTTTCTTGAATAATGTTATCCATCAAGACAGATGAAACCACACTGGTCAGCTCCTCCTGCCCTCCCCCCAACGCCCCACCTCCCCTTCATTCCCACATGTTTAAAGACATTCGTAGGCTGAGAAATGATTCCTGCTGCTCCTCTGACACCCGGAATGTGCCTTGTGATTGGCAGAGTGTCCCTCCAGAATAGCTTAATTTTTTCCCCATTTCTTGACTAATGTCCTCTACTCCTTGGCCCTGTAATTGAGAATTGGGCTTGCAATGGCCAGCACACGAGCATCTTCCCTGAAAGCTCAGAAATGATGGCTCTCCCGGCAGGGAGCTGGCATTCCCCATGGCTGAGAGCGCTGTCCTCCTCGCACGGAGGGATCATTCACCACCGTGTGTATTAACCTGAAATCCACCTCACCTTGATGGATATTTTTGCCAATCTCCCATTTGGTTTGATGAATGTGAGAGAAATTTTCCCCTATGGCATATGAATTTCTCCCTCACAAAATAAGTCTAAATTTTTTTCTGTTCCTGGAGATGAAGGAGCTCTGCAGAATAGGCCACGTCTTCATTTACCTTTATCTCTAGTAGCCAAAAGTCTTGATTTTTATATAACTGGAAAAACCACGCAGCATAATGCTTATACACACACGCGCGCATGCATGCACACACACGCACGCACACACGATGCACACGCATGCACACACGCACACATGCACACACACGCATGTGCGCGCACACACCACACATGCACACACGTACACAATGCACACATGCACACACGCACACACATGCACACACGCACACGCATGCACACACGTGCGCACGCACACACACACACTGAGCACCGTTGAGCTTTGGTAGAAAATGGCAAAATTACGATGTTTTTCTCATTTCTGGTGATTGGCTTCCGAGTGTTATTTAGAGAGCGGAGTGGAGAGGGCTCTTTGCAGCCCTGCGGTAGTGTCTTGTGCTCACCAAGAGGCTCACGGGAAACATGTCCTCCAACATGAAGGTGTTTGCTAAGATTCCAACCAGGACCCAGTCTTGGGCCACAGAACACTGACTGCTCCCCCAAGCCCCTCGCAGACCGCAGGGATATTTTCCCTTCAGAACCTGTTGCATCAGAATGGGGAAAGCGAGGGCTGAGAATCCCAGAGGAGGCCGTGAACTGTTCTGGAAAAGCGAGGGCTTTGCAGTCAGACCTTCATATGCACTTTGTTCTATCTGTTGCGCTCTGCCTAAATGACCACGGGCCAGTGACTTTACCTCTCTGATCCCTGCTCCTTGCCTAGATAGTGGGGATCACGTCGTAATGTATGTAAAGAACCGGGTGCGGGACTTGGCACCTGGGAAGTGTCTTAATACATGTCTGTCGAGAAAAGGAAGGGTCTCGACGTGCGGAAACAAGACGGATGCCAGGAAATACGTCTGCCCACCTCCACGCCCCTGACAGCGGAGGCTCCTGGAGGTCTGGTGAGAGGCCCCACGTGCTCCAGCCCCCTCCGCTCTGTGCTGAGCTCTGCCTTTAAGAGACTGCAGCTCCTGCCTCTAAAAAGCCTTTCAAAATTCTTTATTAAATTTTCATGGCGCATAAAGTCAAGGTTCTGTTACTTGGCCTCAGTTGTCTTGGCAACTTCATAAAACGCAATAATAAAACGAAGCTGAGTGTTGCTAAACACAGGCTCATTGTATAAACGA,False
653,-1497,2.3362207,-2.2597713,0.009991368,-0.75571024,0.31439885,0.74461764,5.6008,-5.090925,2.2731758e-05,3.3868542,-3.4722807,0.0010487209,2.0481596,-2.1122653,0.015361274,0.15420833,ENST00000529031.5,-1497,GTAAACTGGTTTTTGGTGAAATTCGGCTCGGCCTCATGCGAACCTATCTAGGTCCGTCTCTGGAGTGGCCTGTCATCGATCGCGCCCTCCATCGCTGAGCGACACAAGTGGAACCCCCCAGGACTGCATTCTGCGAAACTACCCTGCTTTTCCCCCAGTTTTGGTCTGTGAACACATTTGGGAAATTCTTCTGATCCTACCGCTACTCTCTTGAGAGAGAGAAACAAGGGAAAAAAAAGTTAATTGCCTGAGGATATACTGCTAGTGTTGCGGGACAAATAGAGACGGGAGAGGCCAAACAGAATTCAGGACAACCCTTTATTATTAAGATGAAGAAACAGCTCAGATTTGACCAAGATCACACAAGTAGGAGTTGAGGAATTGGAACCCACTATGACTGACTCCAAATTAATATAGTGTTTATAGCCACTTACA,True
654,-1088,1.1756207,-1.1774392,0.086822875,3.4090486,-3.2220612,0.0013169622,4.4130416,-4.251032,0.00017264957,0.0397695,-0.2712312,0.4228705,0.34961855,-0.70108587,0.25908986,0.15405457,ENST00000587015.5,-1088,CTGGTGACTATGGAAAATGAAAGCAAGTTCACGCTGACAATGCCCGTAAAGAGCTTTGTGAAGCCATGACAGTGCTCTTCAATTTTAACATGAAGAAGAGGGCATGTGAGTTAGCAAGACTGGCCAGAGGCCAGAGCCCGGGGCCAGCAAACCTTTCCCTGCTGTGAGGTGGGCAAGTTAGTTGCTCCAAAAACAAGATAAAATGATTGAGTTCTTTTCTCAAGCGGGAGTCGGAGTTTATCTGCTCTGAGATGCCTCCCACATTGCCTGTGACTTTACAGAAGCTTGGAGTCTAAATTATGTGGCTGCTATTAGTAACAACTTTGAGACCGAAGGCTATTGGGCTATTGGCTCCACCATGGGCACCACTAGCTTTAAACTCAAACAGACAGATGAGACCACTTGAACCTTGGCAGTTACCAGTTCAGAGGAGCAGCCTAACCCAGCCACTCCACAGCTGCAATTTGAGAGCATCTAGAGGACACCACATAAATCTTTTCACCTGGTCCCTGCTACCACAGATGAAACCTCCTCAATGCCCCCAAGAAGCCATCTTGGGCAGGAAAAAGAGAGCCCCAGCAGCTACTATTAATGAGTGTCTGGAATATGTTCCTGGCATTTCACCTACCCTCTCTCCAATCCTTCCAAGAAACTCACAAAGCAGGGCTTTTTCTTGAACTTCTCTTCCTCACAACAGTTAAATCATCCATTTAAAGATGTCAAACAACCTCCGTGTTCTAAGCCAGACCATCAACTTAACTTGTAAAACTACCAACTGTTGCTACACACAGGCAAAGGAATTAAACTT,False
655,-116,3.7880008,-3.9620485,0.00043053573,5.7909465,-6.0008254,7.5665043e-06,13.334476,-13.044006,3.4992137e-12,3.742201,-4.253181,0.00033690172,-0.7380189,0.44332474,0.7651893,0.15319285,ENST00000602327.1,-116,GATCTCATCTCGCACTATTGTGGGAAACCTGTGAACCACCTCCAGCCCTTTGCTGGATATAAACGACCAAGTACAAACCCTTCTCTGAGCCGTTGTGCCAGCACCTCCAACGCTCTTCCCAACGCTGACCACTGGGTGCTGGCCCAGGCCCATGTAAGAAAGAACACTTGGATTCTGTGGGGCCGTGGGAGGTGGAGGATAACATTTGGAGAGTGCCAGCGGTCAGCAGGGCTCTGTGCCAAGTGTCTTATATTTGGAGTCTGGGTCAGGGCCCTGATTTATCACTGCATGTATGGCTTGGCCCTGGAGGACTGTTCACACAGCCTTGATGTAGATTTTCATCACACTCCCCAAGTGAGGGAAACTTGCGGCCATACTTGTGTGTGTTCTATGTAAAATGTGATAAATGTTAAATATACTGCAAATCTGGTAA,False
656,-1086,1.1578318,-1.1622553,0.08947297,3.4091864,-3.220428,0.0013189303,4.45764,-4.2947617,0.00015805628,0.044210285,-0.27760985,0.42023224,0.36144984,-0.71316034,0.25452733,0.1531419,ENST00000589255.5,-1086,GGAAAATGAAAGCAAGTTCACGCTGACAATGCCCGTAAAGAGCTTTGTGAAGCCATGACAGTGCTCTTCAATTTTAACATGAAGAAGAGGGCATGTGAGTTAGCAAGACTGGCCAGAGGCCAGAGCCCGGGGCCAGCAAACCTTTCCCTGCTGTGAGGTGGGCAAGTTAGTTGCTCCAAAAACAAGATAAAATGATTGAGTTCTTTTCTCAAGCGGGAGTCGGAGTTTATCTGCTCTGAGGGCCAAATCTCTCTCCATCATACAGATGCCTCCCACATTGCCTGTGACTTTACAGAAGCTTGGAGTCTAAATTATGTGGCTGCTATTAGTAACAACTTTGAGACCGAAGGCTATTGGGCTATTGGCTCCACCATGGGCACCACTAGCTTTAAACTCAAACAGACAGATGAGACCACTTGAACCTTGGCAGTTACCAGTTCAGAGGAGCAGCCTAACCCAGCCACTCCACAGCTGCAATTTGAGAGCATCTAGAGGACACCACATAAATCTTTTCACCTGGTCCCTGCTACCACAGATGAAACCTCCTCAATGCCCCCAAGAAGCCATCTTGGGCAGGAAAAAGAGAGCCCCAGCAGCTACTATTAATGAGTGTCTGGAATATGTTCCTGGCATTTCACCTACCCTCTCTCCAATCCTTCCAAGAAACTCACAAAGCAGGGCTTTTTCTTGAACTTCTCTTCCTCACAACAGTTAAATCATCCATTTAAAGATGTCAAACAACCTCCGTGTTCTAAGCCAGACCATCAACTTAACTTGTAAAACTACCAACTGTTGCTACACACAGGCAAAGGAATTAAACTTGGTAGCTGATCATTTGATTACATCTATCAGTCTACTGGAGGGCTTCAACGCAGAGTAGGTGGAATTCATGGTTCAAATCAGAGTATTAATGGGATCTGTTTGCACACCAATACCTGATCTCCTT,False
657,-540,-0.55788875,0.6091375,0.7626071,3.120974,-3.9039602,0.0008886356,7.7270055,-7.1584463,3.430284e-07,5.7566752,-5.927998,8.4218445e-06,4.303324,-4.3536043,0.00017388735,0.15273568,ENST00000564160.1,-540,GGCATCGCGGGGGGCGGGGCGTCGCGGGCACAGCGTGAGGGCCGCCGTTGCTGGAGTTCAGCTTAGGGAAGGAGGACTCTGAGGAGGCCCCGAGCGGCGGAGCGCTTCGGGGGAGGCGCCCGCGCAGACGCGAGGCCCATAGCCAGGACCACCACCTAGCTGGTGAGCGCGCGGCGAGGCGGGGCGGCCCGGGGTCCCGAGGGTCGGGTGCCGCCTTACCTGCGGCCGGGCGGCCGGGCCGGGGATGGCGGGCGCCGGCCGAGGGCGCTGCTTGGCTGCGGCGGGGAGACCGGGCCTGGGTTGCGTCGGGCGGCGGCCTGGCCGGGGGCGCTGACAGACGCGCGGAGGGCGGGGGAGGCCGGGAGGTGTCACCCGGCCCAGCGGGGTGGAAGTGCCTGGAAAGTTTGTTTTCGGCTTGGCGCAGCCTGGAGCCGAGCCTCCAGGGTTACCTTTCGGTTCTGTCTGTAGAGGAACCGCCCTGGGCTTCCACCTGGAACGGGGTCCTTGGCGCCTCCGCCTGCGAGAGAAGCAGAAGGTGCAAGTTCTTGCTGAAAGCACCTGATGCTCCTGGGCCCCCTTTTCCAGATTCTTGATGACATTGGTCGGGAAAACTCGCCTTTCACGGCCCGGCCAAGGGGCATTTGGGTGCTTTTGCTGCCCGTGGCTGTGCTCAGCGTTGTGGGAAGCCCCTGGGAGGCCGAATGTGCAGGATCACCGAGGGGAAAGTGAGCTTGACAGTTCTACAGTCTGGGGACGACGGTTTAAAAATTTATGCCTTGCATGCGATGTGCAGTGGGTGATGGAAGAACGTCTACATGGCTTTAAAATTGGATTTAAAAGGCAAATATTTTAAATGAAGGAAAACCCAAGAAGTTTACTTGATTCCTTATCTTCCAGGATGCGACTTTTGTTTATTTATTTATTTTATTTTGATGGAGTCTCGCTGCCGTCGCGCAGGCTGGAGTGCAGTGACGCGATCTTGA,False
658,-953,3.7074263,-3.7264123,0.0005905658,2.370532,-2.847238,0.005390189,5.10192,-4.7027464,5.519039e-05,2.0633218,-1.8823724,0.018970933,-0.53604573,0.49751562,0.73760575,0.15252253,ENST00000431090.1,-953,CCGGGGTCGCAGGGTAAATCCGGGGCGAGACCTGGCGCGAAGCCTACGCGACCACCGCGACGACAGCGCCATTCACCCCGGGCCAGGCGGGCATCCTGGGCCGCGCAGCTACCTTACGTCAGCCGCCTCTCAAATCACACGGCTCTGGCCAGTTCTTTTCAGCAGCTTTATGAGATTTTCTCAAATCTCAACAATCCGGTATATTTTCAAAAGTACATACTGAGCATCAAGGTGGTGCAGCGAACCTCCCAGATCTGCAGCTCCAGCAGTCTTGCTTGAGCGTCCACTCAGGATGGAGGTGAACTCGCAAAGTAACTGAGATTGGTTGGGCATGACATATGGTGGATCTAGGGTTGAATGACCTCCCCAGGGAACGCAGGCTTGAAGTGGAGGCTGAGAATGCAATCCGAGTACAGCCATAGGCCGGTCAAAGGGTCTTGCTGTGTCACCCAGGCTTAGTGCAGTGGCGTGGCGTGTTCATGGCTTACTGCAACCTCAAACTCCTGGACTCCGAACAGCTGGGACCAAAAGCATGCACAGCCTCACCAGGCTAATTTTTAATTTTTTTTTTTTTTTTTTGTAAAGATGGGGTCTTGCTAAGTTACCCAGGCTAGTTTGGCCTCAAGCGACCCTCTCACTTTGGCCTCCCAAAGTGCTAGGATTATAGGCGGAGCGCCAGTGCCTGGCTGGGACGTTTATAAAAAGGAGCAATGCACAAGAGGCAACAAAGGCAAGTAAAGAGGAGGCTGGTGGGCTTGCAGAAACGCCCTGCAGTACCTATGCTGCGGTTCTCCCACTTCACTGATAACAAATCCTCAGTATCCACTGATACAAATCCTGGGACTGCTGGGCCAGTCCCAGGAATGACACTGGGACAGACTCCCTGGAGGTGGATCAGAAAGCTGCAGTTTTACCAGGGGTCCTGCTGTTGAGGCAGCCGGCTCAAGGACCAAGCCCAAATAAGACACTGAGAGGAAGGCTGCAGGCCAGGGTGCAGGAGTAATGACCAGGATCAGTGCTCCAACTGGCCCCACTGTGTCATTAAAAGGCTCTGCAATGGAATCCATCCTGGTCCAGGCAGGGGAGTGTGCCTCCAGCAAAGGACCAGGCGTTTCACTGCATACACAGCAGGTGTTGCTTAGTGAAGACAAAAACCCAGAGCCAGAGGTACTGTAACATTCTTCATTATGCATAAAGTGACAGTCTGTTAGCTGATGTGATCCTGCAAATGAAGGCTGTCTACCCACCAAGGGTTTCTCCCTCTGCTAGTAAAACTGAGACTTTGTCAGTGGAGGCTCAGGTAAGTCCCCACAGTGCTCATGCCTTCCAAAACCACGCCCATTTCCAGTGATGATGGTTTGTGCCACAGGCCAAGTACTGAACATCATGACACTCATAGACACTCTTCACTGAAGACGTGGATAGACCCTGGGGCCACCATTCTCTCCTCTCTGGAGTGTTGGAGGGGCCCTGACCAGGGCAGGACCCCCATGTCTGGAAGCAGGGTTAGCCCTGGCTCATGGGGGACCCTGCTGGGCTTAGCCATTGCCACCTAGGGATCAGGCAGCCTTGTTTCTTCCTACTTTCTCCAGGAGAAGCCCCAGAGGGACACTTTTCTAATGGTGAGATGGAACACGGAGCACCTGCCAACAGGCCTTCAGTTATGGTCAGAGGCCCAACCACCAGTCTGTGTTAGTACCTAATCAAACATTTAGATTTAGGCTTTAGTTATTGCCTGTTTTTACTTGAAATTCTTGGCTTAGAATTATTCCCAATGGGGCCAGGCACAGTGGCTCATGGGAACAAATTTAAAATAATCAGATTAGCATGTCAAAAGATCTCACGTTATAGAAAGTGAAGATCTAAGACCAAATAAATACTGATAAAAAATACAGGCCAGCAGAAGCTTGGATGATTTAATAAATTAAAATTGGGAGTTGGGGAGTAGGGAAGAAGGAGAGGAACATCTCTTTAGCATTTGTTCATTCTAACATTCACATGTTTGCTTCTCCATGGAGTTGTTTCACTATGAACAGGTTCACTAAGGAGCCAGTTATGTCCATATGAAATGAGAATAAAAGTGCAAACTCATTCAGA,False
659,-908,-0.69620705,0.46452814,0.76146626,4.53582,-4.554819,0.000112703296,5.037349,-4.838065,5.142093e-05,4.496202,-4.2888556,0.00015297899,5.231901,-5.5257106,2.1282325e-05,0.15236095,ENST00000396588.6,-908,GCACTGGAACGGCTCCACGAGTCTGTCACCCAGGTTGGAGTGCGGTGGTGTGATCTTGGCTCCCTGCAACCTCCACCTCCCAGGTTCAAGCGATTCTCCTGCCTCAGCCTCCCAAGTAGCTGCGATTACAGGCACCCACCACCATGAAGAATGGCATTTTTAAAAGATGGCTTTCTTAAAAAAGGATACTCAGTTGCTCTTCTACTCATACCAAGGTCATGAAAAGTGCCAAGGATAAAACTGGCCTTGAACCAGCTATCTTTGGAGCAAGAAGACCAAAGAAGGAACCATCTGATTGCTTGGATAAAGTGTTGTTAAAAAAGGAGAGAGACAAAACAGAACCATCTGGTCAAGGACTTGCTGGCTTCTGATGTCTGCCTGTTCTCTTGAGGCTAAGTCCTGCAGACACATTCTGGGACTGCACCTTATGAGTGCTGCTCACTCTGTTTCCTGCAGAAGACATACAGAGCCGTTCGCATAGAGTAGGGCCATGATTTTGATTCAGCAATTCTTCAAACCACTGATGCTGGTTGACCATTTGACTTTGTTTTTGAAGTATTTTTTACATACAGTGTACAGAACATTTCCGCTGGATATTTGGATACTGAACAGGAGTAACAAGAGGAACAGCTCCTACCTCCCCCCTGCCCCTTCCCTCACAAGCCTGTGAGTCAGGGCAGGGGCAGCCACTGAAAGTAGCAGAGGCCTTCATAAAGGAGAACACTTCTCCATGTTGCCATCATGTGAAGAAGGACATGTTTGCTTCTGCTTCTGCCACGAGTGTTGAAGGCAATGGTGATGAAAGTAAATATTTAAAAACACTACCATAGCTGTCCCAAATTTCAGAAAAACAAGGTACCACTGGAACCATTTAATTTTGTTGGAACACAGAATGACCATCTTGTGATCAGTTTTCTGCATCTTTAAAATACCTGGAAGGTCATCTTTAAATAGTACAATCTGATAAAAGTTTAATACTTAGTGTAGACTTATATGAATACTTCTACATTCATACATTTTTGTATACTTATACATTTTCATACTCAATTAATGCTTAATTCAAAAAATATCTGAGTACCTGCAGTGTTCCCCATGCTACATACTGGGCTTAAACAGCCAAAAAGACACAGTCTTTGACCTCAAAATACTTTGATTCTTGTAAGAAAAACTGACAAAGACAAAGAGAAGGCAATGTGAAAACTTCTACAGTTGGGATAACCTTGGAGGTTACAGGATGTGGACTCACTGAAAGCTTTCTGCTGGACTTGAACTTGAAGCTGAAGTCTGAAGGACAGATGGGTGTTGCTTAGCGAAGGGAAAGTAGGAAGCAAAGACCCCTGGACAGAGTGTAGCAGGCACAGAGGGAGCATGACACCTTCGGGAGAGAGCCGCAAGCACCTGGGCCCAGATCCCAGCTTTAGCTTCATTAGCCCTGTGAACTCTGTATGTCAGCCTTGACATAGAAAAAAAGAGGATACTAAACCTCCATCTTAAAAGAGACTTGGAAGAAGCTGGGATTATAGGCACACCACCACACCTGGCCCCAGAAAAGGGAATCCTTGACCTGCAAGAATCGAGGAATATTGTTTCTGACATGCTCAGTGGACCTACTGCTGGTGTTCTTAACCATTTCCTTCCTAAGTGGAACTTCTTTTGAGCCTCAGATGAAAACAACCAGTTGAGCTCCAAGTTTTCTTTCTGTGGGAGAACTTTCCTTAAAAGACAATTAGAAAGCAAGGAATGCGAAGAAAGAAAATGGGAAGTTTCCTGCCTCCAAATTATGCTGTTGGTTCTGGCCTAAAGGAATGTTTTCAAGGGAAGCCTGTCTGCCTTTCATTGCCATTTCACCTTGATTTAATCATTCAGCAAAGCATTTATTAATCATCTTCTGTGTGAAAAGTACTTACCTTAGAACCACTGCATCCTGGTACACCGACAAGTCCGTAAGGCCCGGTATTGCCTGGGGTGCCCTGGAAGAAGAACAAGTCTCAATGAGGAGGGTCATCCCAAGAAACAGCACTGAACCCAAGGGAAAAGATGCACTGATTTAAATAGCTCTTGAAATATAAATGATTGTTTAAATGGTTAAGTAGTAAATGTACATTGTGGTTTTACATATAATTTCAGTAGCAACAAACTAAACAGGCTGACTGATATGAAGACTTATCAAATGAGATGTGGATATTTCAAATAAAGCAAACGCCTTTTATCCAT,True
660,-24,-0.66133523,0.48090023,0.75808984,2.6925683,-3.1510985,0.0028898201,4.5186844,-3.8611734,0.00022938989,5.5789905,-5.761526,1.1881488e-05,7.7850127,-7.7732944,1.7503014e-07,0.15224423,ENST00000430643.1,-24,GATAATTTATAGACTAAGCTATAACTCATGTGCCTTTACTATTTCTAGTTACAGAGAATCTGTATTCTGATTCAAAACAGATTTACAAAATACTTCTACAACTAATTTCTCATTGTCTAGTAGCAACTGAAAATGACACTTTGAAGGGGTGTGCTTTGCACAGCTGTGGCAGAAATGTAATGTCAAGGCAGTCAGTGTTTTAACAGGTCCCGAAGATCCCTGAAAATAGGTGACTGTAAATATGCTTATTATTCCTAGGTAATGACAAGATTGGTTTTGTTTTTGTTTTTGTTTTGAGATGGAGTTTCGCTCTTGTTGCGGTGAGCCAAGATCGTGCCACTGCACTCCAGCCTAGGCGACAGAATGAAACTCCATCTCAAAAAAAAAGATGTAGAACTAGATAGGCCTGCTCATTAGAATATCAAGATGGCTCCAGCTTGACTTTTCTTTCCTAATTTATATGTACTAGTGGCTTTATTTTAAATAGTTTCCTTTGAAAATAATCATTTTGACCAGCTATTATGTGTTTGGTGGTAAGGGACAAGTTGTTATCTGTACCATGCCAAATATCCTAATAAAAACTGGAAAACATGTCCAA,False
661,-553,2.4558518,-2.4572701,0.007295885,-0.22699678,-0.02636233,0.549991,1.8567181,-1.7502986,0.026415942,0.86736345,-0.6764884,0.17597604,7.7542806,-8.2459955,1.1250404e-07,0.1519358,ENST00000398804.7,-553,ACTGACCCCAGTTCTGGCCCCCGCTAGAGCAAGACTTCAGCGTTCCATGTCTGCTGTGCTGTGGAACCCAGAGTGCTCTTGCCTGGATGGCTGAGAATCCCTTGGACCCTGGAAGCACCTACTCCATGATGGCCCGCAGGAGGACCAAACTGGAGACAGTCCTGGCTCTGAGGAAACAGGAAGGAAGGAGGGTGAAAGGAACGTCCACCTGCACACAAAGGAAAGATGAAAAAGAGTCACCTACCATGGGACCTGGCAAAGTACTTCAGAACTTTTATTCCTTCCAGAAGCAGTGTATCACAATAGATTGAATCAAGAAGTGACATTAAGGCCAGCGCGGTGGCTCACGCCTGTAATCCCACCACTTTGGGAGGCCGAGGCGGGCGGATCACGAGATCAGGAGATCAAGACCATCCTGGCTAACATGGTGAAACCCCATGTCTACTAAAAATACAAAAAATTAGCCGGGCATGGTGGCGGGCGCCTGTAGTCCCAGCTACTCGGGAGGCTGAGGCAGGAGAATGGCGTGAACCTGGGAGGTGAAGCCTGCAGTGAGCCAAGATCATGCCACCGTACTCCCGTACTCCAGCCT,False
662,-190,2.7761588,-3.1447198,0.0026756641,2.7759476,-2.8098516,0.003736735,-0.25736865,0.7747811,0.73733246,2.0759172,-2.157241,0.014299076,3.5260277,-3.8297665,0.0006384721,0.15173648,ENST00000559366.1,-190,GGACGTTGGAGGGGTGGCCGCATGGAGTGAGTACTGTCTCTGGCCACCGAGCAGAGCCAGTGACAGCAGCGTCCTGGTAGGCAGGCAGGCGTATCAGGTTTCAGAGGATGCGGCTGGGAACGGGAGTAGAGGTGAGGGGTCGTTGCATCTGTCGCGGTGTGTATCTTTTGGGGGTTCAGCGCCACCAGCGACTTGGGCCTCATTCATCGCGCTTACATTTCTCCACCTCATTTGAAGAACGAGCTTCGTAGCCCACGGAGCTGAGGTATATGAGCTCCCTGAAAGCACAAAGCAGTTATTTCCATCTTCAGATCATTCAGAGATTATGAAGGCACAAACCCTGCCTTCAATTTGCTTATAGTCAAGTGGAGCAGACACAAGTCAATGATTGCAGTATAGCCACTGAAGTAATCTAAAAGAGGTGGGGAGGCCACAGCTTATGTGAATGACTTTCTCAGGAGTTATAAAGTGATACAGACTTATCAGCAGGTTGCAGGTGAACATGGCCTTGAGATGTTTTCTTCTAAATAAATGAGAAAGATGTTTCAACAAAGGCTCTTTATGCTGAATAATTGTGATGCTTGAAGTTGCTAATCTGCTTTAAGTGGATTTTAAATGTCAGGCAATTCTAGACAGTTTTTTCTTGGTCAAATAAAAATTTAATTAAAACTTTA,False
663,-769,3.6663826,-3.7681212,0.0005901735,3.1656194,-3.8032446,0.00093983696,7.7728925,-7.3029833,2.8355026e-07,5.0002418,-5.130274,3.984332e-05,-0.6937674,0.43469733,0.75555545,0.15142512,ENST00000580500.5,-769,ATGATAATAAAATGCTGGGTGGACGTACTGGAGGTCCTCATCAATGCCTTCCCAGAACCCTCAAGACCACGAGGGGTAAAGGTGCCTTAGCAAGATGAGTTATCTGGTATTTTTCCCTCTCCACCCTGGTCTTCTCCTGTAACGTGTGGCCGCCTTTTCCAGCACGGCCTCCTGCCTTCCTGGTGCACTTTTTGGAGAACGTGGTGGAATCAGAGGTTTCTGGCTGACTCGGTGGGTGCTTTGAACCAGGAAAGGACAAGAAAGAGGATGGGAAGGACTGATCCACATTCCCACCAGGAAGTTTAGCAGAACCCCCGCGTGCCACCTGGACCCCTTGGAAGGACCTGGCTCAGGCTGGACCACCTCTTGAGAGGCAGGAGCTCTGGATTTGATCAAGAATTCTTTGCTGAGCATGGTGCCTCATGCCTATAATCCCAACACTTTGGGAGGCCAGTGTGGGAGGATCTCTTGAGCCCAGGAGTTCAAGACTAGCCTGGGCAACACAGAGAGACCCCATCTCTAAAATAATAATAATAATAAAATAAAAAATTAGCAGGGCAT,False
664,-539,-0.5250027,0.59515184,0.7540174,2.8492303,-3.642162,0.0015141404,8.731391,-8.182598,4.511775e-08,5.3306084,-5.5166526,1.9457442e-05,4.03329,-4.214996,0.00026163846,0.15116253,ENST00000568970.1,-539,ACAGCCAACAGGGGGAGCAGTGCGAGCGTGAAGGCAGACAGTGGCCTGGCCCAGTCTGATGGGAGAGACCCACCGACCCTGTGGGGCTGGTCCCTACATCTGGCGCTCTGACGTGGGGCTCTCCCTCGCTGTGTGAAGTTGCACCCTGAGTGCGGGATCAGCGGAGGAGTTCAACGAGAGATTCCTGAGGATTGCAGTCTATAAACTTGGTGCAGGCGGCTGACCCCGCAGCTCAACAAGATCAAGAGGCTGATAATCAAGCCCCTCAGCCCGAAACT,False
665,-61,-0.67730945,0.44211254,0.75388145,5.9730697,-5.9961486,6.336243e-06,5.901136,-5.6060953,1.0057009e-05,6.3580008,-6.106797,3.8601606e-06,4.288873,-4.220305,0.00020156882,0.15082066,ENST00000561542.1,-61,CTCTTTTTTCGCTTGCAATTTATTGAAGATAGGGGATTGTCTTAGGGAGTTCCTACAACATAGATTATGCTGATGATGTCAGCACATATGATTGTTCAACATTGTTCACATAAGCTGTTCAACATTACTTAATGACTTGAAAATATTTTTTATTAGTTGTAGAAAACTCAACAATTTTCAAATATTGCTTTGGCTACATTCACCTTCATTCCTCTGGGATTCCACTTAACATTTATTAGGTCTTTTTGCTTAATTCCCTATGTCTCTTCTATACTTTCCTGTATTTTCTACTCTTGTGTCTCCCTTCACTCCAAGAATTTACTTCTTTTTTGTTTGTTTGTTTGTTTGTTTTTGAGACAGGGTCTTGCTCTGTCGCCCAGGCTGGAGTGCAGTGGCATGATCTTAGCTCACTGCAACCTCCGCCTCCGGGGTTCAAGCAATTCTCCTGCCTCAGCCTCCTGAGTAGCTGGGATTACAGGCACCCACCACCACACCCAGCTAATTTTTGTATTTTTAGTGGAGATGGGGTTTCACCATGTTGGTCAGGCTGGTCTTGAACTCTTGACCTCAGGTGATCCACCCGCCTCGGCCTCCCCAAGTGCTGGGATTACAGGCATGAGCCACTGTGTTTGGCCAGAATTCTGACCTATATAGCAGTTTATCAACTTTTTTCATCTGTGTCTAATTTTAAAAATCCATTTATTGAATTCTCAATTTCAGTATATTTTTTTCAGGTTGACACAGTTATTTTAAAGCCTGTGTCTGAGAAGTTGATCATGTGGTTCCCCTGTGGGTCTGTTTCTGTTTTTCATGATGTTGACTTCTCTCCTGGTATACCTGGTGGTGGCAGTGGTGGCTTTGTGTGTTGATACTGGATGGGAGAAATAGTAGGAATTACTTCGAGGGAGGATGATGTTTTCTCTTCCTTCAGAAAGGATTTACTTTTGTTTCTGGGGGATGGGTAGGGGTATTTATGATCCTGGATCACTTTAATCCAGAAAGGGTTTGAGATTTTGAAGTTGGATTCAATTCCAGATTCTAGTTCATCATTAACTTGCACTGTGGTGGGGAAGATCTCAGTCCAAAACCTGGAGTGCTGACCAGGGTCCCTTTTCCTTGGTGGGCCCTGAAGTCCTTTTTGTCTCCTATCCCTGCAAGTTTTTTGAAACCTCTGCTCCCCTCTGATCTACTTCATCAGCAGATGTCCCTAGCGGGTAGCAACCCCAAATGCTAGGCTCACTTGCTTAAGTCTACTTCTTCACAATTTTGTAATTTTTCACTCCTTTGTTAGCAGTCGGATGCTTTCAAGCAGCTGTTTTTGTTTTTCCAAGCTTCTTTCTCTCTCTTTCCTTCCTTCCTTCCTTCCTCCTTCCTTACCTTTTCCTTTCCTTTTCCCCACCCCCGTCTCTCTCTCTCTCTCCCCAAGCAGCTGTTTTTGTTTTTCCAAGCTTCTTTCTCTCTTTCTCTTTCTTTATTTCTCTGTCTCCCTCCGTCTTGTCTTTTCCTTTTCTTTTCTGTTGAGATGGAGACTCACTCTGTCTGCACATACCACCACACCCAGCTAATTTTTTATATTTTTAGTGGAGACAGGGTTTCGCCATGTTGGCCGGGTTAGTCTCGAACTCCTGACCTTAGGTGATCCACCCACCTCGGCCTCCCAAAGTGCTGGGATTGTAGGCATGAGCCACTGCGCCCAGCCTGTTTTGCCAAGCTTTTCTGGTTGTTTTCCTTCAGTGAGAGAGTTGATGGATATTACCTAGTCTGCCATTACTGGACATCATTCTTTTTTACTCCAGCTTCTGATCCTTATATATATTTTATCTTATAGGAATGTGTACTATTTAGTTTGCTTCCTTGTAAGAAGCTTTCAAATGTCTCATTTGCTGGTGCCTGTTCAATTAAGCTTTGGATAACAGTACAAAATTTGGCCAACATGAATGCCTAGTTCACCGCTAATGAAAGCTGGGCACTGCAAATGTTCTGCTATGCTCCAGAAATCAGAAGTTGCCAGCTTTTATATCTAGACTGTGATTTCCTCATAGAGGATTTTGTACATGCCAATTCAAAGTTTAAATTTGTGCCATGTGTGAATAAGTGCACAAAATGCTCAAATAAGAATGAGAAAAATATCTCCTTTTCCCATCCACATTGAGATACCTGAAACAACTATGAAATACAGTTTTTCTTCCAGTTTTCCGAAATACTTATCTGGGTTGAGACCAAGAATGGAGCATTTTAGGCCAAAATGCTTTTTTAAAATTTTATGATTTATGAGTTTAGAAAAAATCTCTTTTGGACTTTAAGCATATGTTATTTTTAGGATATCTTATTCATGAATAAAACAAATTTTTTACATAGGTGAAATAATTTAGGTGTTTGTATATTATGAGTCAGTTATTTCTATAATATATGACTAGTTTATATTTGTAGTTTTTCAGTTACATTCAGTAGCCCACATTTGTTTAGTAACAGAATTAACAAAAATTGCTGTTATTATTTTGAGTTAATTTTCAACTCGTATTTTTAATTTGCTAAATACATTCTAGCACTATTATATTGTCAGAGACCTTAATTCAAGTCTTTAAATATTTAATAAAATTATGTGAAAAATTGAAATTATTTGATGTTTTAATTTTGATTGCTCTGGACAAAGACAGTATTTCCATCTTGATGCTTCAGGATAAAAATTGCGTTAAACAATACTTGAATTTAAATGTGGTTTAAAATATTTCTTAATTCTAAAGCTCTCTGTAGTTCCTATTTTCTAAGCAATATTAGCTATATTGGATCTTCTAGATGAAGAAAGATTTGACTATGATTAAATATGTGCAGTGCCATCCTGGAATAGATTTTATTCATAGATTAATAAAATATGTGCAGCATGATTTAGGAGAAAATATTTTAGGACATTAAATTTAGTTACATAAGCTACAGTCTTTTAAATTCTGTGCAACTAAAATCTGTTTTGCTTTAAAAAGAAAAAATGTTCAAATTTCACTGGGAAATGTAGAGTATTTGTTTTCCAAGACGATCAAAATCATACCCAATCATACTTTTAGGAAATTTTCAAAATACTAGATATAGCCTTTCAACTTAATGACGATTGTTATTGTCTAATTTTCTTACCTGCACTTACCAGTATTCAGAACACTCTGATTTGGTTACATGTTTCTTATAGTACCTCCTTGGTTCAAATGTAATTCTTTTCTGATATTGAATAAACTGTAATGTCAAGGACCTA,False
666,-275,3.3354282,-3.289236,0.0013254667,5.4896417,-6.014581,1.0087304e-05,2.1520183,-2.1979115,0.012743232,-0.48214158,0.5325326,0.7339339,2.5916533,-2.8698888,0.004229041,0.15044835,ENST00000587128.1,-275,GAGCTGCTGTAGCCCCTACGTGGTGAGTAGATCGTCTCCACAGAAATCAGCGGAGGCTTCCACAGTCCCTGGTTGGAATGGAACCGGCGGTGAGGATGAGAGGCGCTGAAGACCAGAAGACCCAGGGCGTGAACGGGGCGTGTCATCCCTGGAGTTTCAGTAGAATTTCAGGCCTGTCTGCTTGAGCAGCAGAGGAGGAGTTTCTGTGTGCCTGTGAGAGACTGTGTGTGTGTGTGTGTGTGTGTGTGTGTGTGAGATGAATGAACAGGGTTGTGTACGTGTGTGTGCGTTAGACAAATGAACAGTGTTGTGTACCTGTGTGAATTGTCACTGTGACTCCAGGCTCTAGGCTCTGCAGATTCCTCAGCCCTATCGCCTCACAGACACTTGGGATGTGCAGCAGGTAAAAGAGAGAAGCCAGATTCATGGAGGCGTGAAGGATCCCAGCAAGAAAACACAGACTTGATCTTGAGACGAGATTTTTGAAATTGGTTGCGGCCTCAAGGCAGGCTCTGAGAAGACTCGATAAAGAGTTCTCAGGAATAGGCATCCCTCCTGGATATTTCCCCCTTGGAAGCGCCGAGGAGCCAGCTCTATGTTTGTAACCATAGCATTTCTAAAGCTCCAGCCCCAGGAACCTGCTGTGAATTAGAGACAGATTCCACCCTAGGCATCACTGATCTTGGCCTCTCTTGTATTGGGAAGGTCAACACTGTTCCAGTTTCTCTCCTACTCCCATCTGGTTGTGCTCGGTGAAGTAGGTGAGCAGTGCTACCCTTCTGTTAAAAAAAAAAAAAAAAAAAAGATCCTGAAAGAGGAAAGAATTTTTGCTACACATCTGAAAGCTAAAGTCCAGTTGAACTCCAGAGGAGAACACAGCCCAGGTAACCCCTCGTTTGCAGCCTGTGAGACCAGCCTGAGGACAGCACCCAGCTAAACTCCAGGTCCATGGAAACTGTGAGATTTTATATATTTATGTTGTTTTAAGCTAAATTCGTGGTAATTGGTTATGGTAGCAACTGAAAATTAATGCAGTAAGAAAGTCTAAGGAGATCGGAAGAGACTAAAGAGAAATAACAGCTAAATGCAACGTAGATTAATGTGTGGGATCCTGGAAAAGAAAAAGGACATTAATGGGAAAACATATTTGAATAAGATGTGCAAATTTTTCGTATTGTACCAATGTTAATTTCCTGGTTTTGATAATTATCCTTTGGTTATGTAAGATAAACGCTAGAATGAAGGGTATATGAGAACCCTCTGTACTACTCTTGCAACTTTTCTCTAAGTCTAAAATAAGTGGAAATTAAAAGTTAAAACAAAAAAAAAGGAAAATTTTATCTATCCCAAGACCACAAAGTTATTTTTCTGTTTCTTCCTCCAGAATCTTTATTGTTTGTTTTCACACTTAGACCTATGATCCATCTTGAATTTATATCTGTGTATGTAGTGGGATGAAGTTCAAAATCATTTTTTTCATACAGATATCCAAGTGCACTGGCACCGTTTGTTAAAAACACTGGCCTTCTCTTAAGCTGCAGTCAGACTTTTACTGTAAAGCATGGGCCCATATATGTGCAGGAGTCTTTCTACTTTTCCGTTGGTCCTCTTTGTCAATCTTTGTGCCAGCACCTCCATTTTAATTCCTGTAGCTTTATATTATATCTTGATAATCTGGTAATATAAGTTGAAGAACAACTTTGTTCTTCAAAATCACTTTGTCTATTCCAGGTTCTTTGCATTGCTCTATAATTTTAGAATGAGTTAATTAATTTTCTCAAAACAAACAAAACGCCCTGCTGACATTTTGTTGGCAGTACATTGAATCAGTAGATAAATTTAGAGAGAATTATCTCAAAATTGAGTCTTACAGTTCATGAACATGGAATACATTTCCATTTATTGAATTCATCTTTAATTTCTTTCCTTAAGGTTTTGTTGTTTCCTGTCTAAAGGTCTTGCACATCTGTTAAATTTATTCCTGTTTTACATTTTTTATGTTTTTACAAACTGTTAAGGTTTTAAAAATTTTATTTTTCAGTAGCTTTGCTTTAATATAATTGTTTTATACTTTTACCCTTTATTCAGCAATAAATTATTTAATTTAAAGCTTGTGGAATTAAAAAATATTTTTATGTACATAATCATGTAATCTACACTATCTGCAAATAAAGATCATTTTACTTCCTTCCA,False
667,-402,10.160721,-9.980943,1.7889041e-09,2.9155545,-3.121531,0.0023828186,-0.023034543,0.19962877,0.55543697,0.6819967,-0.7538681,0.19218652,6.907389,-6.970412,9.396091e-07,0.15000145,ENST00000507486.1,-402,CTCTCTCCTTCTCCCTTGTTCCCTCTCTCCCTCCCTGCTCCCCCACCTCCCTCCCGAGTCGTAGACTCCCTTCCCCCCGGCGCTGGGAGTCTCCTTCCCGCCCCGCCGCGCAGGTGCGGCGACGGCCGCGTCACTGGAGAGTGTGTCGAGTCACAGGCGGTCTTCCGCGCGGAGCGTCCCCGGCGGACGCTGCGCAGATGGCTGCGACTGTAGGATTCTTGCCGGCTAGTCTTCGTCGGTTCCGCCTGCGTCAGGTTACTCGTGAAAACTCGAATAAGTGCTATCGATGTGAAATCCGAGGAAAAGAGCATTTGGGGGAAAAGTTAAAAGGACTTCTGACTCAAACTCCTCCTCTTGAGTTTGCAGTTTGCCACTTCCAGCCTGGCGACTAGGTGCTGATTAAGACTTGGAAAGAAGACAAGCTCCACCCAAGCTGAGAAGGTCCCTGTCAAGTGCTGCTGACCCCTGAGATGGCCATATGTACAGCTGAATGGGGGTGGACTCACTATACTTGTCAAGGGACTGGTAAAAGAGACCCTGGAAGGGTGGGAAAAAGACCAGTGGAAAGTACATGGGTCACCTGAGGAACCCTTAAAATTAACTCTGAGATGAATCTAAAAAGAAAACATGGGCTGGTCCCATTTCTGGAAATTAATATGGCTGGGATGGGCTACTATGCAAAGAGAAGAAGGTCAAAGTAGAAACTATCAGGGGACTCCTCCCTACCCACTCAGGTTGGTAATTAATGTAAACAAGATG,False
668,-610,1.7818186,-1.8246002,0.026431317,2.0030932,-2.7827172,0.0082782535,8.518413,-8.000674,6.696559e-08,1.2416906,-1.2950954,0.07331924,-0.32782817,0.20343095,0.6297768,0.14756113,ENST00000423178.6,-610,CCGAACCTCTTCGGGAGACTACTTCTCGCGGTATCTGACTCCTAGGCTCCGCCCTCTGCACGCCGCTCACGGTATCTGACGCTCAGGCTCCGCCCCCTGCATGTCTTTGTTGGCAAACAGTTCTGGGGGTCGTCCGATCCTGCAGGCTGGGAAGTTCAAGCACATGGCTCTAGCTTCTGGTGAGAGGTTTCAGGCTGCGTCATAATATGGCAGAGAAGATCAATGGGTAAATGGACATGTGTGAAGAAAGGCAAAACCAGAGACCGTCCAGGCTGGACTTGAACTCCTTCCTCGGCTGAAGTGATCCTCCTGCCTCAGCGTCCTGAATAGGAAGTGGAGCCAGAATCCACAGATGTCATTATCCATCTGCACACTTTGTTTACTACCCAGAAGGCAAGAATATTGCATTTTAAAAGTGCCCGGACTTTTGTTCTTTCTTATCACAAATGACTTGGGAAGCTCCGACCACTCATGTTTACCCCGAGTGAAAGTCCCATTCAAAGCCTTGCTTCCTGGAGAGCTTTGAGATTCTGGTACAAAAGGCATTTTATAAGCACAAAGTGGAAAAGCATCATTCATATTCATTTGCTGCTGCGGCATTTCTCCCTGGAATCTTCCTCTTGTCTGTCAACATTGGGCAAAAGGACTGGCCTCATCTACATTACAGATATCCTTGTGATGGTCTGGAGGGACCTGTGGGAGAGGCGGCCATCCAGAGGGCTCTCTGAGGGGTCATTTAGAATGCAACTCTTCTGGGCAGAGGATGGTCTGCACTGGCCTCCACCACGCAGGAAGGCTTCCAGAGTGGAGAAATGTCCACTAACATGGCTTCTGTGAGGTGTGGGCAGCTCTTTTCTTGGTGTGGGGCTCTGTTTGGTGTGATGTAAGAGGTATCACAGGGCTTTCCTGTCCCAGAAGATCTTAGTGGATGACACCTATGGGGGTTGCCAGCTGGATTAGGTGAGGCAGAGCACACAGCTCTACCTAAGGGGTCCCATTCTCATCTGGGAATATTCTAGGACATAGGACACTACCCAAGAGGCAGAGCCTGGAGTGGCATTATACGGGTGAAAGATCTGAGTGCCAGGTCCATATAAATGAGTGGGGTTGGGGGGATCGAGGTGCTTAGAGAACAGGAGAGCTGCCACAGGAAGGGATGGTACCCACAGGGAGGAAGAACCATGTCTCAGATTCCTTCCTTTATACCTCTTCCTGGGACCTCCTTGGAGTCTGCAGATCAGCTGGTGCTTCTCCATCTCCTGTCATCTTCTTCAAATCTTTTCATCACAAAAAATTTTCAGTGTAAACCTAAGTAGAGAGAACAGTAAAAGGAACCCCCAGGGGCCGTCACCATCACCCACCATCAACAGCGATCAATGGGCCGTCTAAGTCCGTTTTCCCTACTTTCATCCCCGCTCCAGATTATTATCAAAAGTAGCTCATCCCTAGTTATATTTCATTTAATCCTCTCAGTTGCATTTTTTTCTGGCCACGTTCTTCTGTCTGTCAATCATGGTCTTAAGTCAGACAGTCTGCTGGGTTGGCTAGGAAAAGACTCTTTCTTTCTCAAGAAAGAGTTGTAAGTAATTTTGAGAGAAATGTTGCAGATTGACCAAACAAGGTATGCTTAATTTAGTTCAATTCATCAGTTACTTATTGAGTCCTAGGCTTAGTGCTGGATTCAACATATCAGTCAATCATGGTTTCTGGCCTACAGGGTTCAGTGCTCTAGTTCTGGGTGTGCGACGAGGACCACAGCAAGTATTCACTCAGGAAAGGCAGAATGTGGCCACAGGGAAAGGAAAGGTACAAGGTGTGGTGGAGGTTACAAGGCATGACAAACACACTGGGCTGGGAATGGTAACAGTGGAAGAGGATCAGGAAGGGTCGTGAAGCCTGAGGCATTGGAGAGGGACTTGGAAACCTGGGCAGACAGTGGGACGGTGACTGCAAAACACTCAAGTGTGCAGGTGGGAATGGCAGTGGGGGACAGGCGAGCCTAGCAGCGAGAACACATGGTGCAAGGGGCCCCATGGGGGTTCTGGGGTGGAGGAGGTAGGCAATTGGGCTCTCAAAGAAACCCTTGGGCTTTTTCTAGCTTAATAATAAACAATTATTATTTCTAAGGAAAAAGAAAACTGGATTTCTAGAAGCATGGCTATTAAAAAAAAAACAACTCCAGACCCCAATTAGGAAACTGAAAGGAAATCAAAGTGGGCCTAATGGAAATTAGGTAGTAGGGGCAATAAAAGAAAATGCAGGTAGCTGCCTAAAATCCAGTGGACTCCAGGTCCACCAGCCAGGCACCACATTGTTTTAACCTATAAATGAAGTATGTCCATGACTCTCACTACATAAAATGGAAGTTAAGCCATAGTCCTTTTCCAATGTGATCTGAAAATGTACTGTTTTTGCCTCTAGCAAAGCAAATATATAGACAGAAAATTCCTAGCACTGCTTTCACGCGAGGGATGACAAAGGTGACAGACTCGGGCAAAATGTTCATATTCTATACGTGAAATGGAATGGTAACTTGATTTTTCAAAAGGATAAGATTCTTGTTACAAATTTAAGCATATTTATTAAAGAAAACTCAAATT,False
669,-55,2.9770052,-3.0505788,0.002405512,-0.70519114,0.26607022,0.7253709,5.899617,-5.240611,1.4516236e-05,7.1872153,-7.22504,5.506007e-07,4.530872,-4.7239084,9.56442e-05,0.14557743,ENST00000436377.1,-55,GATTGGATGGTGCCTGCCTATACGGAGGGCGGATCTTCCCCTCCTCGTCCACTCAGACTCACATGCAAGTCTCCTCTAGAAACACCCTTGCAGACACACCCCAAAATGACACTTTTAGAGAAGCTGTGTGTGCTCCCGAAACTGCCATGCAGGACCTCAGTAGATGTGTGCCATAGAACCACAAGCAAGCTCAGATAAATGACTAGGAAGCAGGAAGATGCATCTGATGGCTTCTCTGCATGAAGACCAAATAAAAGGAACCTTGTACGTGGACTCTTTTTAAAAATTAAAATTTATTTTGTTTCTTGCATCTAATATAGAAATAATTCATATTCATTGTGGAAGATCTGTGGGAAAAAAAATAGAAAGAAAAAAAGACTCACCTGTCATCTACCAAACACCAATAGACACAATTGAAATGA,False
670,-225,4.9368696,-5.0670342,4.522097e-05,2.953032,-3.5069938,0.0015623107,7.751738,-7.3163357,2.8577145e-07,3.761573,-3.908314,0.00046645282,-0.6083168,0.36041826,0.7248673,0.1453883,ENST00000580948.1,-225,GACCCCAAATGCAGAGGAGCCCCTTGAACTCTTAGTTGCTGGTGGCTCCCCAGGTGCCACCTCCTGAGTCCTGGTTCCTGCGGCTCCGTCGAATCTGCAGTGAAGGCCTTTGGGAAGCGTGGGTTATGTGGGTCCAGGGGTCCCATCCTCCCGTGGAGGCCCTTGACCTGAGGATCACTAACTCACACCCCACCGACTTCCGGCCCCCAACAAGGGCAGTGTTCCTCTTGCTCCATTCTGCTCTGAAGTCCCCCAAACCGCTTCCTGGGGCTGCTTAGTGAAATACAAGGCTCATCTCTGAGGACCTCTACAGGGCTGGATGGGAAGGACTGATCCACATTCCCACCAGGAAGTTTAGCAGAACCCCCGCGTGCCACCTGGACCCCTTGGAAGGACCTGGCTCAGGCTGGACCACCTCTTGAGAGGCAGGAGCTCTGGATTTGATCAAGAATTCTTTGCTGAGCATGGTGCCTCA,False
671,-158,5.4942245,-5.531255,1.6281263e-05,4.2181625,-4.4627223,0.00016977184,-0.27798566,0.6655538,0.71981406,2.6064043,-2.9798615,0.0037349998,7.522969,-7.701581,2.443778e-07,0.14474706,ENST00000557745.1,-158,CATGCAGCAGAAATAATTGTTCTCGGTTGGGATAAACCAGGAGGGCTTCCCAGGGGAGGTGACATGTGAGGGAGATCAGAATGGAGGCGTCCCAGGACATAACTTTTCTAACTAACTTAGCTAGAGTGGGGACCACAGGGGATCCAGAGTATGTTATTGTCTCACTTTGCTGATTTTTCTCATCTCAGTAAATGCAGAGGACAGTTGCAGAGCCATGACACCCTGTTGACTTGGGAGATGAAGGTGACCTTGCAGCCCCAGCAACCAGATACCGGACTCCCAGGCTCCCAAAGGGACATTGTCCATAGGAGCTTAAAAAGTGAAGTCATCAGTTTCCTAGCTTCAAAATTCAAAAGCCTCATTCCAGGCACAGATGGGCTGGAAGAAGTTACACTCAGAGCCCAGTCTGCAATTTCAAACCTACGGCAGAAGAATTGCACTTGACCATGTGATGACAACAATTGAGCCACCCAGCTTAGAGCCAGAGATGGGGAGCCTCACATCGAGGATGGCAGAGACATCTCACCAGCTTGGGCACTCCAGGGAGAGATGCAGAGCTCCCTCCTGCTCTGGACTGCGATGTATCTTGCATGAGCACCTCTCATTGAAGAACCTACTGTGTAACCCCGCTGGTCACAGAGGCTGAGAAATGCAGCATCCACATTTCCAGTCTCTGCAGTAGAGGAGATGGTACAGAAAAGAGCAAGAGATTGTCTAGCACACATTGTCTACTCTGGATGCCACATTGACATTTCTCCCAGCGTTTTCATATAAAATTAGTTGAGCTGACTTAGAAATGACCACACTGGTGAGTTTCAATGTAAGTTGCACATACATAAA,False
672,-719,3.2527351,-3.5548754,0.0011041105,2.037825,-2.3191257,0.012655205,5.2932825,-4.917536,3.6769015e-05,-0.5805799,0.29697248,0.70631474,4.479308,-4.786506,9.4594754e-05,0.14404109,ENST00000552781.2,-719,GAGGTGGTACCAGTTTAAGAAGTGAGAACTTCTTCACTGACTGAAATTTGCATATCAATCCAAATCATTGTGCTTATTTACTATTTTTGTAGACGTCATTCTTCAAAAGTGCTGCATCTTCAATAGTCAAGGAGGACAAAGACATCTTTCCTGCAGGTGGTGACCATGTGGATAATAGGATCATAGACAAATGGTGGTTCCATCTACAGCATCACCGAAATGCTGTTGTTACTGCTTCTTTCTGGGATCTTCTTGCATCTTTGCTTCTAAAGGGGCACACCTTTTATAGAAGTACGTCCAGGAATAGAAGTGACCTGCTTTTTCGCAATTGTCATGGGAGGCCAGCCGCCTGCTGGCAAGGAAGATGGTTGATTCTTCTGATCAATGGAGGCCCTGCAGAGTCCTGTAGTCACTGTGGCCTGGCATCCATGGTGCACCCAATGCTGGTGGATGGCTTAGGACGAGGCAGTTGCTGTGGGAGGTGTGGTAACTGCTGGAAGGAAGATGCTCAATTCTTCTGAGCAACGAAGGCCACACGGAGTCCTGGATTCT,True
673,-331,1.4973812,-1.5221004,0.04655347,5.36154,-5.4584484,1.9995401e-05,5.066303,-4.8113766,5.130455e-05,5.433714,-5.4477835,1.8802584e-05,-0.30060017,0.41176385,0.67092335,0.14351338,ENST00000441749.1,-331,GGTGACCACGTCCTCCGGCTGGCGCAGCAGCAGGAAGAGCAGGAAGTCGGAGATGAGCGCGTGGGCTTCGGGGTGCTGCCGCAGATAGCTGGCGTGGCCGAGCCGGAGCTCCTCCTGGCAGGGGACAGAGCCCGAGCCTCAGCCGGACGGGACCCCCGCGCCCCAGGAGCCCCCAGCCGCTCGCTCCAAGGAGAGCTAAGGGGCGCTGGAGCCTTCTAGCCCCTACGGGTGTGCATTTCAATCAGGTGCCTGGAGTGCAACACAACATGTGAGAGTGAGAATCTTCCCAGACCGCCTGCTATGGACTGAATTGTCTCTCTAACCCCCAGTGTGGTGGTATTTGGAGAAAGGCCATGTGAGGACACATTGAGAAGGCACTTGTCTGCAAGCTAGGAAGACAGCCCTCACCAGAAACCAACCCTGATGGCACCATGATCTTGGACTTCCTGCCTTCCAGCAAATATATTTCTCTTGAAGCCA,False
674,-997,2.604348,-2.4982862,0.006043955,0.31929362,-1.0566717,0.20165776,6.7113404,-6.358039,2.1088201e-06,5.7428684,-5.823334,9.481087e-06,-0.15556705,-0.125449,0.50752896,0.14304845,ENST00000499180.2,-997,GTTCCTTGTACTGTATTCTGAACCAAGATCTGGAAGCCCTCCAACATTTTCAAAACAGAACTGCTTATTAATATAGAGAAAAAGAAGCAGCATCAGGATAATAAACACCCAAACAGCTGACAAAAACCCAACTGCCTCTGGAGATACTTTTCTAAAACAGAGGAAAAGAAGTGCAGAAAGGAAGAACTGGGAAGTGATGTTGGCCCAGGCAGATTCTAACCCTCTAAGTTCCACAGTCTACAAGCAAGAGTGCATTAAGGCCCACATAGACTGCATTCTCTGTGATTCCAGTGATAACTTAAGGAAAGCTTCCTGCTGACTCAAAAGGATTTTTCTTCTTCTGAACTCCTATTATGGGAATGGATGAAATCACTTACAGAGCCACAGAAGGAAACAAAGCAAAGCCAGG,False
675,-100,2.5219483,-2.460008,0.006813879,-0.66065395,0.0726448,0.67552876,6.5927744,-6.1246233,2.9984933e-06,4.8657537,-4.8886685,5.8034075e-05,1.5711228,-1.8869407,0.03052929,0.14258659,ENST00000382215.3,-100,AGAGGCCTCGCGAGGCAGGGCTAGAAGCTGTGGCCTCACCCTTGAGGCCCGGGCACTTCCCGTCTCCTCCCTTGCTCCCCTTCCTCACCCCAATCCCTACAGCCTCCCGCGCAGCCTGAGCTCTAGGATTGTGGGTTTTCCATCCTCCGAAGACATCACCTTTGCTCATCTCCCAGGAGAGTCTCGTCCAAAGGAGGGGGGTGCTTTCTGCTTCAGCAGATCCCACCCCACCCTGGGATCCGAGGGAGCAATGGTGGGGCGAGTGAGGGTCTGCCGTAAATATCCCCCGACCACCCTCTGGGAAGGTGCTAGAGGCCACAGGCAAATTTCAGTCTCCCCATGGAATATCTGCTGTGCTGCTGCTGCTGCTGCTGCTGAACTCTTAGGGTCACCTGGAGCACCTTGGGAGCCAGAGATGCAGCCAAAGAGTGAACAATGGTACCAATCCCAAGACCCATGTGTTAAGAAGAAACCAGCCAAGACTCAGATCAGGATTGGGGAGTCCACCCCTCGTTTCCCTTCAGAGCATTATTTCCTTGTTTGCTAAGAGGGGCAGGAACTGGAAAACTCAGGCTAGCCCATCTGAGAAGACTTTCCTGGAGATGAGCTGGAGGAGGGAGGAGTAAGGCCTTGGAAGGAAACTCCAGGACAGCACCACCTCCCCTACACTGGGACCTCGTCTCTAACTGGCAGAGTGGTCAATGAAAAAAAGGGCATGCCTTGGCACATCATGGTCAAACTGCTAAAAGCCAAAGACAAGAGAAAATCTTTTCTTTTTTTTAATCCCATCCTAAAGACTAGACAGAACAATATTTTCAATGTCACTCTTTTCTCATCAAAACCAATATAGACCAGAAGACAGTGGAATATCTCTAAAATGCTGAAGGAAAAAAAAAGTCAACTCAGAATTGTTTTTCTAGTGAAAGTATTCTTCCAGAATGAAGATGAAATAAAGCTATTTTCAGATAAAAGAAAACAGAGATTCTTGTCGCCAGCAGACCTCCACTATGAGAAGCGCTAAAGAAAGTTCTTTAGGACGGGCACGATAGCTCACGCCTATAATCCCAGCATTTTGGGAGGCCAAGGTGGGAGGATTGCTTGAGCTCGGAAGATGGAGGCTGCAGTGAGCCATGACGGTGCCACTGCACTCCAGCTTGGGTGACAGAGTGAGACGCTGTCTCAAATTGGAAGAGCAGAGCTGCAGACAGGAATAAGAAGAACGGTAAATTTGAAGATGGGACCGTCTAGTTGCAAGAAAACAAGCTCAGGGCTCCCACTGATTCTACATTACGGGCTGTGGGTTCCTTGAGGGAGGAATTTTGTCCTGCAGGCTGTGGCAGCCCTAGGACTCAGCACATCTAGGTGTCCACCTGCGTCTGTGGAAGAAGAAGAAGAAGAGGAGGAGGAGGAGGAGGAAGAAGAAAGATGGTGAGATATCCTGCAGGAGACCAGGGCCAGGAGGGTGGAGGCCTCTCAAGAAGAGGGAAGCATGAGGAAGCTCCAGGGCAGGATGGTTTACCTGCCTGGACAGCAAGATGATGGCTACACTAGCCCCCATTCTCTGGGCGCCTGGATTTGCCCACCAGATCTCCTCACCTCTTGCCCTTCACCTCCTGCTGTACCTACAAGGTCTCCCCGATTCTCATCTGCCCATAATCATGGACACAGCCCCAGGATGTGCAGGGTGAGTCCCCAGGGACCCTGAAAGCATGGGTACTCTTATGACTGAGGGCGTTACACCAGGGAGAGGGAGCCGGGGAGACTTCCCAGAGAGCTGGTTGGGGGTTATGAAAGTGGCCTCACGGCTGATGCGGTGGCTAACACCTGTAATCCCAGCACTTTGGGAGGCTGAGGCGGGCAGATTGCTTGAGGTCAGGAGTTCGAGATCAGCCTGGCCAACATGGTGAAACCCAGTCTTTACTAAAAATACAAAAAAATTACGTGGGCCTGGTGGCACGTGCCTGTAGTGCCGGCTACTCAGGAGGCTGAGGCACAAGAATCACTTGAACCTGGGAGGCGGAGGCTGCAGTGAGCCGAGATTGCACCACTGCACTCCAGCCTGGGCGGCAGAGCAAGATTCTGTCTC,False
676,-176,5.8307524,-6.1479297,6.276564e-06,-0.3537501,0.38760266,0.6772916,3.219013,-2.7843344,0.0024643803,1.7625262,-1.7139602,0.029988727,2.809794,-2.980158,0.0030488046,0.14255993,ENST00000561289.1,-176,GGTGGGTAGGAGTTTGGAAACTAATGTTCCTGTGCTAACCTTCGTGTCTCTGTGACATGACTGTTGAAAGACGGAGAGTGCGGAATCTTTGGAGTTTTAAGCTTGCCAACTGTGCGGCCTAGCAGAATCCTGGGAGACGGAAGGACAGCCAAGAGGCTAGGATTTACCTTTAAGTGTCCCTAGATTCAACTAGGCAGACTGGGACGGGAGACGCTGTGAAGGTACCAGGGAAGGAACGAGGGCGTCTGGGCATGGCTTTCCCAACCTAGTAACTGCAACTTTTAGCATCCTACATGTAGGACTTGGGAATATGTGAGACAGCGCCAAGAATTTAATCCAGGAGAATTGACAAGCTTAAATGAAATCCATATTGCCCACTGATTTTGTGCAGCTTCAGATAAGTAATCTTTCTCCACTTAGCCTTTTGTAACAATTGATGTAATAAAGGTTTGTAGTCTTTGTGTAATTTATTAAAGCATTGTGCCTAAAATAGAAAAAAAGCATAGGAACCATAGGCTGTGTTTTCTTTTGATTTAATATTTTCATTTCTTCAG,False
677,-1076,0.5107881,-0.45709878,0.27530187,4.0475926,-3.9186997,0.00034684263,4.1087184,-3.9658458,0.0003112621,0.8807062,-1.0987928,0.12137226,0.2166363,-0.5623849,0.31453088,0.14237262,ENST00000591156.5,-1076,GAGGTGGGCAAGTTAGTTGCTCCAAAAACAAGATAAAATGATTGAGTTCTTTTCTCAAGCGGGAGTCGGAGTTTATCTGCTCTGAGGACACAGCATGTACAACCTCACATAGAGTTCCTGACCAGACAAGACTTGCTGGAAATTTCCCAGGATCTTCCTTCCTTAAGCATCCATCATGGGAAGCCACCTTGCCCTAGGGAGAGCTCCTGACCTAGGGTCAGGAATATATTAAGGAAGACAGCAATTAATACATTCAAAAATAATAATAATTACAAATTGAGGCAGCCTGCCTAGTGATTAAGAGGATGGACTCTAAAGCCAGACAGCCTGGATTTGATTCTCAGCTCTGCTGTGGATTTACAACCTTGGGGAACTTGTCTGTGCCTTAGTTTTGATGGAGTTCAGGACACAGTACTCCAAAAGATGACATCTTGGCATAATGATTAAGAAAATGGCAGGAGCGGCAGAAAGGTCTCTCTGACCTGGAAGGAATTTTCTGACCTTCTGAAGCAGGTCCTAAAACTCTGATGTGAGAGGTACCCTCCCTATACCTGGGAGGAAGGAACATCCTGTCTTCAAAGATGAACACAGTGGCATCTGAACAAACAGGCCTTGCCAAGTTTCCACCAGTTTACTACACTTACCTCATACTCCACCTTATAGTATTTCTGCACAACTGTCCACACTTCTTCAAACCTGCTATAAAAACCACTCCCATTTCACATTTGAACGCTTTCTTCAGGTCTTCATTTCCTAATGAAGGCTCCTGTGTTACATAAAACTTATATGAAATAAATA,False
678,-1074,0.9973018,-0.99624044,0.11988261,3.515686,-3.3367891,0.001055721,4.1215987,-3.9617693,0.00030853448,0.05013761,-0.28689507,0.41653046,0.61720955,-0.9627207,0.17080534,0.14171652,ENST00000423255.5,-1074,TTAAATCATCCATTTAAAGATGTCAAACAACCTCCGTGTTCTAAGGACACAGCATGTACAACCTCACATAGAGTTCCTGACCAGACAAGACTTGCTGGAAATTTCCCAGGATCTTCCTTCCTTAAGTTTGAATAGCTCTCTGGTTCCAGTTTGAAGCTGAAAAGGTTAAATTCTACCTGAAGGATGAAAACAACCAACATTCTGTGCCAAGACAGTCAGGAGGGCAACCATGTTTCCTGGTGGAGCCTCTGGAACCACTCAAGCCAAGATGACCGGGGGTTTGGCTGGGAGGAGATGGGGAAACTACAGACCCTACAGATGGTTTCCTGTACCATGAGGTTAAGCCTGGGGGCAGGAGAGGCTGTACCTTAGTTCCTTCATCTGTAAAATAAAGTAACATAGTACCT,False
679,-1087,0.9388366,-0.9160016,0.13530584,3.7452197,-3.5715008,0.0006638962,4.3660235,-4.2124596,0.00018807464,0.21486697,-0.43509296,0.3429986,0.4494611,-0.8086613,0.22129728,0.14009073,ENST00000586974.5,-1087,GCTCAAGCGATTTTCCTGCCTCAGCCTCCCGAGTGGCTGGGATTACAGGCGCACACCACCATGCCCAGCTAACTTTTGTATTTTTAGTAGAGACGGGGTTTCCCCATGTTGACCAGGCTGGTCTCAAACTCCTGATCTCAGGTGATCCACCTGCCTCAGCCTACCAAAGTGCTGGGATTACAGCTCTTTTCTTGGAAGAGAAGAAACCGTTTCAAAAAATTATTAAGGGAGCAACAAAGGGCTGTTTTGTACATTCATTACATTCACGAGCCCCAGCAGCTACTATTAATGAGTGTCTGGAATATGTTCCTGGCATTTCACCTACCCTCTCTCCAATCCTTCCAAGAAACTCACAAAGCAGGGCTTTTTCTTGAACTTCTCTTCCTCACAACAGTTAAATCATCCATTTAAAGATGTCAAACAACCTCCGTGTTCTAAGCCAGACCATCAACTTAACTTGTAAAACTACCAACTGTTGCTACACACAGGCAAAGGAATTAAACTTGGTAGCTGATCATTTGATTACATCTATCAGTCTACTGGAGGGCTTCAACGCAGAGTAGGTGGAATTCATGGTTCAAATCAGAGTATTAATGGGATCTGTT,False
680,-406,-0.17678475,0.3169164,0.62097794,2.388826,-3.2298408,0.0036163519,4.1342626,-3.7240994,0.00038635707,2.7501318,-2.627798,0.0045961495,1.157313,-1.4755671,0.06705205,0.13932577,ENST00000510740.1,-406,CACCCAGGAGCTCCAGCCTGTTATGGGATGGGCATCCTACCAGGAACCAAGGATGCTAAGCTGAAGACAACCATCAAGGCATTTTTTCCCAAAAAGCACAGAAGGAGATTCAATCATCAAATGAGAGGCCTCACTCACCTCTGCATATTGGCCCTTATCCTTTGAAAGAGAATAAAGTAACAGCTGCTATTCTTTCAGCCAAGAAAGGGCCACTGGAACAGGTCCAGAAGGAAAGAAAAGAGTGATGGCAACTGCTGATTCAAGAAGATTGTTCTGTTTCAGTTTTTATTTTATTTTAGATGTACCCCTTCTCCACAATGAGTTTCTCATACACGCATCTAATGAAAGACGCCTGTTCTCAACCCTCCTAGAATTTCAAGATGGGCAAACTTACAAGGAAAGCAAGGATGAGTGCTAATATGTACCATATTCATGTGAATATAAGTTTTTTTAATAAGAAAATCAAACTCTAAAAATA,False
681,-386,4.080162,-4.079117,0.00028598678,-0.6912495,0.13363513,0.6952722,11.486473,-10.937048,1.826369e-10,7.5464225,-7.828694,2.1021887e-07,8.62299,-8.703287,2.9874016e-08,0.1391117,ENST00000504748.1,-386,GGTCTAGGCTTGGGAGGAAGATGGTGAGTGCCGTCAGCATGTCAAGATCAGGGTGAGCCCACTGCCCATGCCCAGCACACTTGGGCCCACAGGATGGCAGCCGCAGGACCGGGCCCCTATGCCAGCCCCTGTCACTGTTGCCTAGTGGGCTGCGTGGGGGCTGCCGGCTGGGGTCACGGGCACTTCCCTGTGGCTCACATTGAGGCCCTTTCAAGGTCACTGCCCGGTCTCCACGGCATGGGCAAGGCTTGCTGGAGCCTCACGCTGAGACCCTGCACCAGGCACTGCACCGGTGCACCTGCTGCCCTGGACTCACCTGGCACGGCTTCTGCAGTCTGCAGACAGTTTTGTCTGAAGGTGGCCGGTGGGCCTTTGCCTGGCAGTGGCAACCCCTGGGTCAGCTGGCTTATTGGTCCCGGGGACCCCGCCGACACTGTTAGCTGTCTCTGAGCTTCTGAGTGACTCTCACATGAGCATCTCACGCCCCACGTGGTGGAGCCGCCAGCACTGTCCCTCCGTGGCGCGTG,False
682,-1222,0.70812476,-0.9632028,0.15824725,-0.033126652,-0.08509734,0.48701024,5.340372,-4.988866,3.2662905e-05,1.5908993,-1.5043604,0.043303214,3.405684,-3.4680045,0.0010335841,0.13792539,ENST00000582324.5,-1222,ATGTGGAGTTGCTCACTGCCCAACGTAGAGGACTAGGAATCAGGAGTCGGTGGCCGTATGCTGGAGGCTGGAGCCGCGGGAGCGCGGCTCGCCTCGCTGCGGTTGTTGGCAGTGACGGAGAGAGAGCAGCGCGGCTGGAGCAGGACATTGTATTAGTTTCCTGCAATAAAATATTTTTACAATGTCAGTTTGTCGAAACTGCTGGACTGTAAACTATTTCTAATCGAAACCTGAAATTGTGTCACAACATGGCTGTATTACGATTCCATGTCAGAGGAAGGATATATACGTGCATCTGGTAGTGGCTTCCAGTTGTTGCTGTCAGATGTTTGTTTGGGAATGCATTCAGAAGAGCTTATCAAGGACTTGAGTACAAAACAAGCATTTCCACAAAAAAGCAGTGACACAAATCACTATGTAATATAGTTAGCCTTTGAACAACACGGATTTGAACTGCAGGGGTCTACTTATGAGCAGATTTTCTCCCACCTCTACCACCTGAGACAGCGAAGACCAATCTTCCTCTTCCTCCTTCTCCTTAGCCTGCTCAACTTGAAGACTATGATGAAGAGTTATATAATGATCTACTTGCATTTAATGAACATGCAGAGAACAGCGACTTCTCATCTTGAAAAACTCCCCCACTCTACTGAGGCTTGCATTTTGCAGCTGTCTTTCATGTAAAAATTATACATAAAAAAAGGATCTTCAGAACAACCAAAGAATTTTAAATGACTACATACTGACTGAGGGAAG,False
683,-432,1.135546,-1.1327696,0.09378128,3.4678588,-3.290123,0.0011602235,4.4414062,-4.280588,0.0001629353,0.08834919,-0.32346848,0.39847636,0.5434004,-0.8895152,0.1926448,0.13724513,ENST00000590213.1,-432,GAGGTGGGCAAGTTAGTTGCTCCAAAAACAAGATAAAATGATTGAGTTCTTTTCTCAAGCGGGAGTCGGAGTTTATCTGCTCTGAGAAATATTGATGTTAAAGAGGAAACTAACTTTCTGAACCATTAAATGTAATATCATTTATCTCACCAAATCCCAAGATAGATGCCTCCCACATTGCCTGTGACTTTACAGAAGCTTGGAGTCTAAATTATGTGGCTGCTATTAGTAACAACTTTGAGACCGAAGGCTATTGGGCTATTGGCTCCACCATGGGCACCACTAGCTTTAAACTCAAACAGACAGATGAGACCACTTGAACCTTGGCAGTTACCAGTTCAGAGGAGCAGCCTAACCCAGCCACTCCACAGCTGCAATTTGAGAGCATCTAGAGGACACCACATAAATCTTTTCACCTGGTCCCTGCTACCACAGATGAAACCTCCTCAATGCCCCCAAGAAGCCATCTTGGGCAGGAAAAAGAGAGCCCCAGCAGCTACTATTAATGAGTGTCTGGAATATGTTCCTGGCATTTCACCTACCCTCTCTCCAATCCTTCCAAGAAACTCACAAAGCAGGGCTTTTTCTTGAACTTCTCTTCCTCACAACAGTTAAATCATCCATTTAAAGATGTCAAACAACCTCCGTGTTCTAAG,False
684,-1078,1.0626781,-1.0308578,0.10972668,3.6786451,-3.514542,0.0007511248,4.3844914,-4.2323847,0.000180992,0.047242016,-0.26925305,0.42153016,0.68564236,-1.0330122,0.15204456,0.1368467,ENST00000587253.5,-1078,GAGGTGGGCAAGTTAGTTGCTCCAAAAACAAGATAAAATGATTGAGTTCTTTTCTCAAGCGGGAGTCGGAGTTTATCTGCTCTGAGAGCCCCAGCAGCTACTATTAATGAGTGTCTGGAATATGTTCCTGGCATTTCACCTACCCTCTCTCCAATCCTTCCAAGAAACTCACAAAGCAGGGCTTTTTCTTGAACTTCTCTTCCTCACAACAGTTAAATCATCCATTTAAAGATGTCAAACAACCTCCGTGTTCTAAGGACACAGCATGTACAACCTCACATAGAGTTCCTGACCAGACAAGACTTGCTGGAAATTTCCCAGGATCTTCCTTCCTTAAGCATCCATCATGGGAAGCCACCTTGCCCTAGGGAGAGCTCCTGACCTAGGGTCAGGAATATATTAAGGAAGACAGCAATTAATACATTCAAAAATAATAATAATTACAAATTGGGAAGCCAGTTGCCATGTCATGAGGACACTCAAGCAGGCCTGTGGAGAGGCTCACAAGGAGAGGGACAGAGCTCCCCTGCCAACAGACAGCACTAACTTGCTGACAGTGAGAGTAAGCCACTTTGGAAGAGGATCCTCCCTGCAGCCCCAGTCAAGCCTTCAGATTCCTGCAGTTCTAACTGACATCTGCCTGCAACCACATCAGTGGCCCCTCCCTTCCATCACTTAAGCAGTGTGAGCTATCCAGCCTAGCTCTTCCTAGATTCCTGACCAACAGAAAAAGTGAGAGAAAATAAATGATTATTGTTTTAACCCA,False
685,-85,1.168536,-1.2030396,0.08536604,-0.4230441,-0.027557522,0.5976028,6.396917,-5.771822,5.1901675e-06,6.0371614,-5.9880834,5.991009e-06,4.3213654,-4.413932,0.0001607825,0.13662817,ENST00000533844.1,-85,GGTGAGTTCTGGGCCAGCCCAGCCTGGAGGAGGTGTGAGAGGCTGAGCCACTGCTCAGCTTAGCGGGGGGACCACTTAGTGACCAACACCCTGAGGGAGGCCCCAGCATCCCCTACCTAGCCTGGCAGCAGCAGCGGGATAAATAGGGGGGCACTGCTGCCTGTGAGCCAGCCCAGCATAGCCATGGGTGTGTGGGGGAAGCAGACAGAGACAGGGTCTTGCTCCGCTGTCCAGGCTGGAATGCTTCGGTGTGATGACAGCGCACGTTAACCTCGAATTCCTGGGCTCAGGTGATCCTCCCACTTCCGCCTCCTGACTTGCTGAAACTACAGGCACCCGCCTCCACCGCCAGGCCCAGCCCACAGCTCCTTTGACCTCAGTGACAGGCACTCACCTACCTGACCCCCAAACTGAAGCCTCACTTTTCCCAGCCGTGTCCACACCCTCTGGGCTACCCCATTACCATGACAAGTATTCCCTCTGCTCCAGGAGAAAAGCCAGGTCCCAGACCTGACCCATTAAAACCCAATCATTCCA,False
686,-536,-0.48690104,0.2233805,0.6704633,6.029097,-5.912387,6.514429e-06,5.7385416,-5.555564,1.2445917e-05,4.616737,-4.8479557,7.753582e-05,3.5225596,-3.3800085,0.0010041915,0.13431281,ENST00000602353.1,-536,TCACTTCATTCCCACCCCAGGAACATCACTGTCCATGATGGCAGTCTGCCCGGCAATCTGGCCTGTTCCCAAGACTGGCGTTTCACTCCTCGATTGCACCTGTAACCAAACTTGGTGATCTCCTGCAACTGCTCTACCTCTGGTTTCTCCTAACATACTACCCACAGCAACCTCAAACAATGAAGTTTTGTACCATTATAGAGTCCTCTTATTGGAATGGATTAGAGGGGAAGGAAGAAACTTAAGTCATTATACCAGGAAAATCATTCCCTCACTATTGCAAGAGTTAGGTTTCATAATCTGCCTTTCAAAGAGCAATTACAAAAGCAATAAGTAATTTTGTTGTAAGGATTACAAATACACCTACATGATAAATTGGGGGCCGGGGAGGATGGTCCTAATGTGGTAACTTGGGTCAAACTTGCCAGTGAGTCAGACATGTATTTGAGAAGTGCTGCATCTCAGACAGCTTAGATGCAAGTGAAGGAGATACACTTTGAGAAATGGACTGTAGATACCATGAAGACGTTGATGTCCAAGATGCATGTAGAGAGTGAATAAAATTGTTACTTGAAATGTGAGAATGGGAAAAAAGCAATATTTTGTATTAATGTATTATATATATAATGTTATTTTAAATATGCATGTGTAACTAAAGTAATAAATTAGATATTATAACTA,False
687,-20,6.605809,-6.930015,1.3227137e-06,1.6777753,-1.8365377,0.028907714,5.336884,-5.263007,2.4918088e-05,0.21635315,-0.7366682,0.27827758,0.16924918,-0.3969295,0.36211905,0.13386612,ENST00000479395.2,-20,CCTAAAAATAGAAAAAGTTTGTAGTTACTCTCAAAATTCCCCCAAATCCCCTACTTTAATGCATTAGAACCCTCTTTTTTTTCTTCACTGTGTCCATAATATATTTTCCAACAGGTCTAATCAATGGTGCTCTAACTACAGAACAGCGAATCTTAACCTGGGGACCATGGGTCATGAATGGACTGCAGAAATTCTGTGACCTCCTGATCTTGCTGTTGCCTTGATCATAGTGGAAGTCTGATTGTCTGTTAGCTTCTTGATACATCGTTGCCCTGCCACAATATTACAGACCTACAAATGGAAAAAAGTTTTGTACTACATGTATATATCTTTTTTTTTTAGCTCTTACTTAGTGCCAATTACATGTAAATAAAAATTTAAAATC,False
688,-996,3.2733076,-3.1688728,0.001590396,0.45054543,-1.1764041,0.16424868,6.1645637,-5.8136463,6.2795216e-06,5.4854393,-5.5767903,1.5693799e-05,-0.14485586,-0.13763124,0.50180614,0.13353343,ENST00000502758.1,-996,TTTCAATTTAGCTTCCATGTAGTTCCCTGGTGCTTGGCAATCTCCTGACTCACTACCTTGTCACATGGTCTATCCCAAGTCAGTCCTTCTCCTCTTCCCATATCCCCCTACTCCAATATTCACCCATATGTGGCCAAGTCTTCCTCCACCTGAGCTCCTTGCAGAGGAATGAACAATTGTTTGAACATTAATGAATATTAAACTTCTAGGAGACTTCTTCTAAGAAGAATCAAATCGAACTGAAACCAGAGAGGTTAAGAAGTTTGCCCAAGGTAACAGAACAGAGCCAGAATTAAACTTCACTCTCTGACTTCCAGAACCCAAGCTCTTAAAGTTTCAACAAGAAAGAAGCATTAAAGGTCGCAGAGAGCAGAAAAAGGAAGAAAGTAACCGTCACTCGGATCTTTCCAGACAAGGTTATCTGATCATTTCAAATTGGGACCACTTAGGAACTTTTTCTGTGTTGTTTCTTTAACTTTCATGCTCTTGGGTTGATAGCTTATGGCAGTGATAGTCAAGTGTATCACGCCGTGAAGTCAACTGTTTG,False
689,-1164,-0.4002757,0.2535271,0.6578669,6.4313846,-6.380215,2.728926e-06,4.5549645,-4.20885,0.00015626283,6.6718783,-6.7424154,1.4936395e-06,3.2761717,-3.226465,0.0014972349,0.13190493,ENST00000520619.1,-1164,GGAGAGATGACCTATCTTTAAGTGAGTAGATTGTTTAATCATATGCTTTCATGTGTATTCTTTCTGGCAACAAGATCATAAGCCTTTCTGCTCCAGCATCAAGCCCAGTGCTTTGCAGTCAGGATTCTATAATACAATGAGAAAAACAGAAGTAATAAGACGTGAAAATCAACAGCAAATTATAACATGTTCATAAACAAGGTGCAAGAAAGCCTTTGAGGTGAAGGTGTATGAAAGTCATCATAACAGATGTTTTCCAAAAACTTGTAGAAGGTTGTGAAAAAACTACTAGGATCACGCGGCATGTATTGAGCATATAGGTTGCTGTAGATGAATGTTCTTAGCTGTCATGTTTAAAAATACTTCTGCTTCGTTACCTCAAGTGTGGCATGCAGCATTTTGGAAGGAAAATTGAAGACGTGTTCAAGAAAACATGAACAGAAGCAAATGATGAAAATGAGCATTTTACTTGATGTTGA,False
690,-799,3.2339623,-3.3711095,0.0013516563,4.517894,-4.530507,0.00011756509,1.8869573,-1.6113958,0.029359128,-0.20020863,0.20637932,0.60026944,2.464654,-2.5449364,0.0066293953,0.12754545,ENST00000592347.5,-799,GTCCGCGGGAATTTGAAGTGCCTGACTGGGTGGCCGGGAGACGGAGTCTCGGGGTCGCGTGCACCTGGGCGGCCAGGGAGGCTCCAGTGCCCGGGAGAAAGGCAAGAAAACTGAGGCACAGAGAGATTGTCACACAGCCAGTAAGGTTTCTTTCAAAATGAAGATTCACGCAGTGATTGTAACTGTCTTGATGAGCCAGGTTGTAGTTTACAAAGTTTTATTCCAGAAGGAAAAAAGCCACTTCACCTAGAAATTTTGCAAACAAATCAACTTTTACTCTGTGAGTAATCCAGGGCCTATCAAGACTACATTTTAGTTGACTGCAAGGCCTCTGAGGCACGGGAATTCACAGCTGAGTTCTTGGAGAAGGTCCTTGAGCCATCTGGATGGCGGACAGTCTGGCACATGATGTGCTCAAGGTGCTGCTTGAGGCCACAGATGTGGACATTTCAGCCTTGAAGGCAGTGGTGCAGCTTGCTGAGCCATACCTCTGTGAATCTTGAGCGAGTACTTTCACCTTGGAGTGTGTGAAAGAGCTCCTCGAGCTGAAGGAACATCAGTTGCCCCTGAAGGAGCTGGGTGGTGTTTGATGATTCTGGAGACAGCACTTGTAACTTGTAACTGAGCATGTCAGCTAGGAAGGATAGCCACTGAGCAAGCCTGTAAGGCTATTGGTCTGCCCATTCTGGTTTCTTCACCAATGAGAAAACTGGGACCTGGGGAGTTTGCAGAAGCCATCCAAGGGCACCTGCTTCTCACAGCACAGCAGCTTCCTGCAGCCCTCCCTCCTGTCTTGTTTCTCCCTTAATTGAGAGGAGAGGCCAGAACCAGATGCAGGCAGTTCCAACAGTAATGAATTGCTCTAAGGTGTGGATCCAAGAACCGGTGACAAGGTCAGGAAATTCCATCCCGGGACACTGACCCAACTAAGAGACTGTGCATGATGGCTAAGTTCAGAGCTCTGAGGAGATGGTAAAACTCATTTGCAACGAAACAAGATATTTTCCAACTCTGCAGCCAGAAACCATCCTCCTGGCTGTCTCACCATCAGCGCCACCTCTCCGTGGGTCTGGAGTCTTGAGGAGCCAGGACTGGACTGGGATGTAAGGTTGGGTCTTCCGAGCTGTAGATGGGAGCAGGAAGATGTATCTCCATTCACGATCTCAGTACAAGGCTCAGCTATCTCCCGGCAACTCGCCCATCATCTGTTTCTGAGTTCTTCTGACATACAGGTGCAGAAAGCTGGAAGTGATGCTCCAGGGAGTTTATGTCTCCCCATCTTGACCCACACCAATACCTGAGGCTCGTTGCTTTGATTCAAGTCCGGACAAGCTCTAAGGTTCAGCTCACACTGGGAGTCACGCTGCAGGTGCAAGCAAGAATGGGGCTTGAATCACACCCCTACTTGATTTCTCCGTCTCCCTCCTCCTTCCTACTTCTCCCAGGAGCACCATAGAAAATTCCTGGAGCTCCTGGGAGTCTGTGAACGGTGGTGATGCAGAAAAGCAAAGCGTGTATATCTGTTTTAGTCCTCCCTCAGATCTGCTGAGGACACCTTGAGCCTGAAGTGAAATCACAGTGGCTCTCAGGAAGAAGGGTGACTGTCTGGTGTGCAGTTGTGCTGCCACGGCAAAGGGAACTTTAAAACATAGAACTGCCATGTAGAAGCTCAGGAAATATCCATGGTCTGTCATCTCTTTTGGTCATAGAATCAAAAAAAATGGAAGACGAGAAAAGGCAGTGAAGACTGACAGCCTGTTGGTTGCTATTCCAGTCGTGTCTGCTCCATACGCGCCCTCCATCTCATCCCACCCAGTCAGTATATTTTCACCAGGCAGTGTTGCAGAAATGTCTGTGGACTCCAGTTCTATTGCAGTCAGGCAGCATTTACAGGTTTGACTTTCAACTGACCATGGCAGGAAGTCTAGAGGCAATTATAGCCAACACCTGCTCTATGTGCGTGCCGGGCAGGTGGTGGCTGATTCCTTGCCTCCAATCCATGATGTGTTTCCTATCAGCTCAGAATAATAACAGTGACACCTCTGCTTCTTCTCTGTCTGGGGGAGCTCAAGGCACTTTACTCTGAAAACCCTCAAATTACTGGCATTTCTTTTAGTGAAGATATCAAATTAATGACTGAAAAAAATGTAGAAGATGGTTATTGGTGATGTTAAAAGACAAGTTTAACCCACTTCCACACAACATGTCTTACAAGCGTAAAGTATTTGAGTAGAGAAAACTATGAATCTAAAATTGAACAAGATGTGAATTTAGACAGACAGCGTTTGTGGTCACAGATGTGCCGAGATGAAGACTGGAGGAAGGGCACAGTTTCTGTAGCAGTGACTTCCACCCAGGGTGTGTCTTGCTATTGTGTGAAATGATTTTTGACACTGGACAAATCTCTACTTCCACTTACAATGTTTTGCCAGCTAGCTGAGGCATTCTGGGAGGGTGAGGAGCCTGGGCTTGGGCTGACCTCAGGAAATCCTGTGTAAAGGGCTTTTGCACACTCAGAAGCAGGCCAGGTTCACCGCTGTTATGTGCAATATTCACTCCTGGCTCTTGCTTCTGAGCCTTGGCAAACCTGAGTCCTAAGAGGCCAATGAAAAGGAAAACACGTTAAGGAGCCAGGGCGCTTCTTGGATATCAGCCTGAATAGTTCTGTTTCATCTGGACCCCAATTTTACTCTCCTGCTGTTTTACACGGAACTAAAAAGAGCTTTACAGAGGACCAGATAGACTGCAGGTCCCTAGGCAGTCAGGGGCCAGGCAAGGCATAGGAGGGTGTCAGGCCTCTGAGCTCAAACTAGGCCATCATATCCCCTGTGACCTGCACGTACACATCCAGATGGCTGGTTCCTGCCTTAACTGATGGCATTGTCTTGTGAAATTCCTTCTCCTGGCTCATCCTGGCTCAAGAGCTCCCCTACTGAGCACGTTGTGACCCCCACTCCTGCCTGCCAGAGAACAACCCCCCTTTGACTGTAATTTTCCTTTACCTACCCAAATCCTATAAAATGGCCCCACCCCTATCTCCCTTCACTAACTCTCTTTTCGGACTCAGCCTGCCTGCACCCAGGTGAAATAAACAGCCTTGTTGCTCACACAAA,False
691,-1111,4.1313066,-3.9077744,0.0003225011,0.5751461,-0.85513103,0.19305553,3.6162722,-3.469503,0.0008362257,0.102133185,-0.1453745,0.438437,3.0882578,-2.8409283,0.002653587,0.12706098,ENST00000524048.1,-1111,ATTCCACTGGCCAGAGGCAGTCTTGGGAGGATTTGTGTTCTGGTTTATTCAACTCTGGCAAATGGTCACCGAGCCGGCAGTCAGCTTTCTGGGAGTGGGAGATGATGGGGAAAGAGGAAAGAATCGTCCGCTCGCCGGACCCTGGCTTGGAGAAGTTCTGCGCTCCGCTGGGACTCTGCGGGCCCTTTGCGTCTACAGACCTATCCCTGCCCCGACTACCCCTTCACTCAGACCCAGAAAGATCCGCTATGCCGCCACCCACCACTCCCCTGCGTGACACTTAGGAGTATGTAATTATTATGGTTATTATTTTTGCTGTTTCCTTATCTCCAAGTCTAATATTCATGGCTGCTGTACCCCATAAATCGTTCAGACTAATGAGTCACAGAGAGATGCTGCCCAGGTCTCTCACTTTACAATGGCTGCCGCCGCCGCCGTGGCCTCTCTCTCCGCGTTTTTGGCGCTCGCTTGCTCCCTCGCTCGCCCGGCGCGG,False
692,-1499,2.199905,-2.1432428,0.012828838,-0.44045174,-0.017095,0.6042862,6.0017924,-5.5045137,1.00663165e-05,2.381833,-2.4865518,0.007627148,2.3619852,-2.405536,0.008429765,0.1266364,ENST00000529811.5,-1499,TGGACAAATCGGGAGGTGGTGTAAACTGGTTTTTGGTGAAATTCGGCTCGGCCTCATGCGAACCTATCTAGGTCCGTCTCTGGAGTGGCCTGTCATCGATCGCGCCCTCCATCGCTGAGCGACACAAGTGGAACCCCCCAGGACTGCATTCTGCTTTTGGTCTGTGAACACATTTGGGAAATTCTTCTGATCCTACCGCTACTCTCTTGAGAGAGAGAAACAAGGGAAAAAAAAGTTAATTGCCTGAGGATATACTGCTAGTGTTGCGGGACAAATAGAGACGGGAGAGGCCAAACAGAATTCAGGACAACCCTTTATTATTAAGATGAAGAAACAGCTCAGATTTGACCAAGATCACACAAGTAGGAGTTGAGGAATTGGAACCCACTATGACTGACTCCAAATTAATATAGTGTTTATAGCCACTTA,False
693,-1161,3.9554021,-3.883379,0.0003939938,0.22243416,-0.3895277,0.3516118,0.5550604,-0.45123148,0.2677062,4.246432,-4.026635,0.0002552358,2.8315225,-3.1897643,0.002420671,0.12447758,ENST00000521242.1,-1161,GTAGATCCACTGCCTTTGGTTGGGCCGGCTGAATCGCTGGGGACTGCGGCCAGTCTCTTAAAAAAGGAGAACAAAAAGCCGAAGACCTTGTGTGGCCGCCGGGACAAAGCACCTTGGGTTCGGCGAGAAGGGACGCGCAGGAGCGCTGAACCCAGAACACGCGTGGCCGCTGCGGAAGGGCGTCCGCCCGGCGTGCGGAACGCTGAGGGGACTCTCATCCTCTGTCTCGCCCCCTTTTTTTGACCCGGGGATCCAGCCGCATTATACACGAGTGACCTTTTAAATCTACGTCCACCCTTTACCTGCGAGAGGACTGCAGCAGGCGAGTTCCGGAAGGCTGAATCCCCAGGTCCCAGCCCCGGACCGCGGCAACTCGCCCCTGCGGCACGCCCGGCCCGGCTGCGCCCCCACTCAGCGATGGAGGAAAAAGCCTGGATGCGAAAGGATGGGGGAGAACAAAGAGCCTTTGGAAGACGTCGCTGTTATCTCATTGTCTGTGTGATTGGGGGAGCTGCGGCGGGGAGGATGCTGTGGTCCCTTCCTCCGGCGTTCCCCACCCCCATCCCTCTCCCCGCTGTCAGTGCGCACGCACACGCGCCGCTTTTTATTTCTTTTTCCTGGTTTTCTTATTCCATCTTCTACCCACCCCTCTTCCTTTCTTTCACCTTTCCTTCCTTCCTTCCTCCTTTCCTTCCTCAGGAGAAAGGCCTCTCTCT,False
694,-1382,9.300389,-9.609185,6.1330447e-09,3.0749512,-3.2931557,0.0017124661,6.3844657,-6.2874937,3.1378834e-06,1.6950997,-2.0237384,0.02368743,-0.2686658,0.116436064,0.595103,0.12410121,ENST00000430483.5,-1382,ATTCTTCTGGCAAACATATGTGGAAGGCCTCCGGGGTAGCACACCCTTCACCGTGCCCTGGAGATGCTGGGATGCGACAAAAAAGTAGGCTTCTCCCATGATGAACCTCACGGGTCCTTTCTCTGGCTGTGATCCATGCTTCTTCCCAGGGCAGGATTACACTCTTTGAATTTACTTATTCATCAAGACAGTGCAGAGTGGTGGAAAGAGAAGCAGCTGAGAGTTACGCAGTTGGAGGCATCTGTCCACCCATGTGGTTCCAGACACGTTCATGTGGCCACCATGACCCCGTCGGCATCACAGGGGTAACCAAGAGAGCAGCAAGTTCCTGGGACAGAGGAGACAGAAGGGAATTTCCAGGTTCTTCAGGACGTTCACAACCACACTGAGAAGCATCTTTGCAGATAAGTATTTAAACTTACCAGCCCATAGCCTACCAGCCTGCCCTCTTCTGGTCTGTGCAGGAAAGTGTAGTATCCTAGAATGCCAAAGTGGGAGGGGAAATGGGTGATGTAGCTCATTCTCTTTTCTACCTCTATGGAAGAAAGAAAGAGCCTGTCCCCATTTTGTGGGGTCCCAGAAAGGGTGATTTT,False
695,-1290,2.0931842,-2.2460716,0.0128782205,0.4052335,-0.651566,0.25792158,1.3923838,-0.8888159,0.09269202,0.6544678,-0.8119612,0.187486,1.2283957,-1.4013875,0.06724605,0.123644784,ENST00000545688.5,-1290,CGCGCACGTTGGAACCGAAGAGAGCTCTGTTGTTGCAATGTTCAGCCCACAAGAGCTTACTGGTGAAGGAATGGGACAAGACCCATCTTTATGCAAAGCCAGCGTTACAGTAATGTTCCAGCATCTCATAATCTATCCTGGGGAATTCAGCTGCCTCCCAGGGTGAATACAGGTATTCCTGATGACAGTCTGCCTCTATCTTACAGAGCAGCTTGTTGCTATATACCATTGAAAAGCCTTCAGAGCTGAGAGGTACTACTAACCAATAACCTGCTTGGCTCAAAGGGCCAGCACCTTCTCTCTAAAGCCCAAGAGGAGTTTGAGGAAAACTAGGTGTCTGTGTTCACTCCAGGCTGAAGTTACAGTCCCAGAGCCTGTAAAGGTGAACCCACTGGGACTGGCTGGGGGAGAAGAGGAAGATTTGTTCCAGAAGGAACTGTCTGAGGGATGATAAAGATTTCTATACAGAGAAAGGGAGTAATCATCACTTGTTGAAAACATTGGTTTTATTTTTTCCAGGTCTGAGCAAATAAGGTGTATAAAAAATGGTAGGTATCTGTTTAAATATTTAACTGATTTTATAATAGCAACCTTTTGCTCCTAGGTTACA,False
696,-1294,2.1027186,-2.02312,0.015893275,-0.4334532,-0.03792897,0.59761184,5.6965365,-5.1901226,1.8705774e-05,4.634377,-4.7467647,8.429181e-05,2.6702657,-2.7054985,0.0046060686,0.12364284,ENST00000529607.1,-1294,CCTCATGCGAACCTATCTAGGTCCGTCTCTGGAGTGGCCTGTCATCGATCGCGCCCTCCATCGCTGAGCGACACAAGTGGAACCCCCCAGGACTGCATTCTGCTTTTGGTCTGTGAACACATTTGGGAAATTCTTCTGATCCTACCGCTACTCTCTTGAGAGAGAGAAACAAGGGAAAAAAAAGTTAATTGCCTGAGGATATACTGCTAGTGTTGCGGGACAAATAGAGACGGGAGAGGCCAAACAGAATTCAGGACAACCCTTTATTATTAAGCGCGCTAGGGAGGGAAGCAGGAACTCGTGGTGCCTCAAGGAACGTGAAACGGTGGAACACAGATAAGCCTCTCCGTGCGTAGAGGAGAAATAAGCGGTTAATATTCTCTCTTAACCCAGGCCTCCGGAGGGTGGGGGGCTATATTTCATTCTACCTCTAAGGAAAAGAATAAACTTCT,False
697,-1496,1.8511624,-1.7883413,0.025593162,-0.39460957,-0.079975516,0.578016,6.2712517,-5.7846203,5.810303e-06,3.1743271,-3.2926128,0.0015515626,2.4229565,-2.464037,0.007487584,0.12253082,ENST00000528524.5,-1496,TACTTTCTCGGAGTCTCTTTCCAGCCTCCCGACTCCAGCCACTTGGCTGGAGAGGCAGCAGGGCCGTCGCCTTGGAAACGAGTACACTTCCGACGTGCTGAGGTCATTTCCCGTTCCTCACGGCCCACGCTACTTCCGGTTTCCTTTCCCTCAGCTATTCCATGGCTTTTCGTGTGGACAAATCGGGAGGTGGTGTAAACTGGTTTTTGGTGAAATTCGGCTCGGCCTCATGCGAACCTATCTAGGTCCGTCTCTGGAGTGGCCTGTCATCGATCGCGCCCTCCATCGCTGAGCGACACAAGTGGAACCCCCCAGGACTGCATTCTGCGAAACTACCCTGCTTTTCCCCCAGTTTTGGTCTGTGAACACATTTGGGAAATTCTTCTGATCCTACCGCTACTCTCTTGAGATGAAGAAACAGCTCAGATTTGACCAAGATCACACAAGTAGGAGTTGAGGAATTGGAACCCACTATGACTGACTCCAAATTAATATAGTGTTTATAGCCACTTACATAATAATGGTAAAGGTTTTATTTTTTTCACTATA,False
698,-1149,5.800112,-5.993228,7.5546504e-06,9.347957,-9.47196,6.7083303e-09,0.0836288,-0.006595373,0.47745925,0.9572321,-0.93929064,0.13050254,6.9144864,-7.0620317,8.5128454e-07,0.121594034,ENST00000478806.1,-1149,CTCTTCCCCACCAGGGTCCTCAGCCACACACCCCGAGCCCTGCCTGCGGGCCCAGCCCCCCCATTTCCGGAGCCTGCGCCCCGGACCCAGCGGGGGCTGATCCCTGGGAAAGGCCTGGCTTCCTCTTCCTTCCTGTCCCTGCCCCACCTCCGCCGGGCTCCACAGCCGCCGGGAGCCCAGGGCCGAGACGGGAGGAGGGCACCCACCTGGTCGGTGTCACATGCTGCTTCGGCCCCAGCGTCCCCTCCAGGTCCCGGCGCCGGCCGCAGTCCCCAGAGCCGTCCCCAGCGCAGGCCCGGCCGCCCCACCCGCGGCCCGCCCCTGGCCGCCCGACGGGAGGGAGGGATCGGGTTCTCCTAGGAAGTTTCAGTAGTGAAATGGTGAAAAATCAGACAATGGTCACAGAGTTCCTCCTACTGGGATTTCTCCTGGGCCCAAGGATTCAGATGCTCCTCTTTGGGCTCTTCTCCCTGTTCTATGTCTTCACCCTGCTGGGGAATGGGACCATCCTGGGGCTCATCTCACTGGACTCCAGACTCCACACCCCCATGTACTTCTTCCTCTCACACCTGG,False
699,-22,2.4403274,-2.4362612,0.0075653032,-0.09054601,-0.15014473,0.48510474,1.761077,-1.6581568,0.03169974,1.3395616,-1.0999036,0.08021237,7.5098724,-7.952816,1.9259262e-07,0.12091646,ENST00000453015.1,-22,GGGCAAGTACCAGCACCTCAGCCTAGTCGGTGCAGGTGATAGTTATGAAGCTAAGTCCTAGGCCAGGAACAAGGCAGCCAGTCCAGCCAGCATAGTTGACCCCTCTATGGACTGGGGCCAGTGCAGCCACAGCATTCCAGTGCTCAGCCCCTCAGCTGGGAGATCAGCGACTGCTGCCACGTGCCCAGAAATGGCTCGTCCTTTCACTACAGCGGAATGCAATGAGGGTGGGTGAGAAGATGATGGGTCGGTTATTTCATTCCTTTTCTTTTTACAACTTCACTTTCAGAGACTTCAGCGTTCCATGTCTGCTGTGCTGTGGAACCCAGAGTGCTCTTGCCTGGATGGCTGAGAATCCCTTGGACCCTGGAAGCACCTACTCCATGATGGCCCGCAGGAGGACCAAACTGGAGACAGTCCTGGCTCTGAGGAAACAGGAAGGAAGGAGGGTGAAAGGAACGTCCACCTGCACACAAAGGTAACTGTCCTCTACTCAGGGAAGAGTGAACCAGGACAAAGTAACTGTTTTAGAGAGCAAGGCAGCTCTCTGGGCTGAAAAATGTTAACAGTTAAAGACCTTGCTAAGTCAAAGTCTGCCCCTATCTCTGCCCTCTCCTGCTTCTAGGTGACCAAAAAAAAAAAAAAAA,False
700,-1081,0.9125,-0.8793172,0.14285007,3.7267056,-3.56256,0.00068236334,3.8615282,-3.7095313,0.0005148813,0.41345152,-0.639477,0.25866315,0.5251323,-0.868511,0.19882676,0.120307446,ENST00000587397.5,-1081,GAGGTGGGCAAGTTAGTTGCTCCAAAAACAAGATAAAATGATTGAGTTCTTTTCTCAAGCGGGAGTCGGAGTTTATCTGCTCTGAGATGCCTCCCACATTGCCTGTGACTTTACAGAAGCTTGGAGTCTAAATTATGTGGCTGCTATTAGTAACAACTTTGAGACCGAAGGCTATTGGGCTATTGGCTCCACCATGGGCACCACTAGCTTTAAACTCAAACAGACAGATGAGACCACTTGAACCTTGGCAGTTACCAGTTCAGAGGAGCAGCCTAACCCAGCCACTCCACAGCTGCAATTTGAGAGCATCTAGAGGACACCACATAAATCTTTTCACCTGGTCCCTGCTACCACAGATGAAACCTCCTCAATGCCCCCAAGAAGCCATCTTGGGCAGGAAAAAGAGATGCTCCAGATGGTTTTCTTACAGAGAAACTTCATTTCATGCTTGCAGTTGTTTATTCCCATGCATCTAACTCTCGGCCAGGCACTGAAACAGAGCCCCAGCAGCTACTATTAATGAGTGTCTGGAATATGTTCCTGGCATTTCACCTACCCTCTCTCCAATCCTTCCAAGAAACTCACAAAGCAGGGCTTTTTCTTGAACTTCTCTTCCTCACAACAGTTAAATCATCCATTTAAAGATGTCAAACAACCTCCGTGTTCTAAGATGCTGGACCCCTGAATATGGAGGGCCAACTACACTAGAAACACACACGCTAGCTGAGAAAGATGGTGGCTTAAGGGTAA,False
701,-1291,2.2504702,-2.4081767,0.00939027,0.6067974,-0.88082755,0.1842785,1.5126983,-0.9962609,0.07523248,0.4417542,-0.60125935,0.26056895,1.2013799,-1.4157815,0.068042085,0.11950246,ENST00000540865.5,-1291,CTTATTGGGCTCCTGTCTGCAGGATTTACGCGCACGTTGGAACCGAAGAGAGCTCTGTTGTTGCAATGTTCAGCCCACAAGAGCTTACTGGTGAAGGAATGGGACAAGACCCATCTTTATGCAAAGCCAGCGTTACAGTAATGTTCCAGCATCTCATAATCTATCCTGGGGAATTCAGCTGCCTCCCAGGGTGAATACAGGTATTCCTGATGACAGTCTGCCTCTATCTTACAGTACTACTAACCAATAACCTGCTTGGCTCAAAGGGCCAGCACCTTCTCTCTAAAGCCCAAGAGGAGTTTGAGGTAAATGGCTTTGCAATAGTTACCATCAATGGCTGCTATATAAAATTTTCTGTGATTTTTGTGTGTGATAGCACTGTGGTCTGGGTGAATGTACACAGACATAACTGGCTTAACCCAAAGTCTTTGATCTCCTGAACCACCAGTGATGAATTGCTGCTCACCAGTGATGAGTTGAATACCGCCCCAGTCTGATCAATGTGTGACTGAAAGGTATTTTCTGAGCTGTGAGCCTGCCTTCCAGTGACATGTTCTAAAAATTGCAAGTTATTTGAGGAGGCTTTACAGCCAATAGGAAGTTCTTGGGCTAAGTAGTGTTTCCTATAAAATGTGCCCTGAAACTTCTTTCTGCCAAGCAATAGATACAATTGAGAGATTGTAAAATGTGACATAGAATGAAAGTCTCTCAAGACTACATTTTTCTTTCTTGATTTTGCAGGAAAACTAGGTGTCTGTGTTCACTCCAGGCTGAAGTTACAGGT,False
702,-281,3.670625,-3.8039236,0.00056702027,-0.34312832,0.047030658,0.596321,5.4665027,-5.073886,2.6445763e-05,4.715091,-4.7385683,7.839601e-05,5.4554954,-5.612112,1.5609616e-05,0.11940169,ENST00000602172.1,-281,ACTTTGTCGTACTCCTTCCTTGCTGACTAAGAGGAACAGAACACAGAGCAGCCTGGCGGTGTCCTACCAACAAGCCTCCGTTTCTCCTTCCTGTACACTAGGGCTCCTGAAACTCACCTGATGAAGTCTCCGTCTGTCACCCAGGCTGGAGTGTAATGGAGCAATCTCGGCTCACTGCAACCTCTGCCTCCCAGGTTCAAGCGATTCTCTTGCCTCAGCCTCCCGAGTAGCTGGAATTATAGGTGCATGCCACCACGCTCGGCTAATTTTTTGTATTTTTAGTAAAGACGGAGTTTCACCATGTTGGTCAGGATGGTCTCCGTCTCTTGACCTCGAGATCAGCCCGCCTCGGCCTCCCAAAGTGCTGGGATTACAGGCGTGAGCCACTGTGCCCGGCCTTGGTTTCTAAATACTATTTTGAAGTATCTGTGGAGAAATGGTTACTTCGAGGGCTGGGGCAGGAATATATAAGATAACATTGGAACAAATTCTGACGCCAGAACATGAAGAAATATTTGAAAAAGGATGGGGCATATTGACTGAACACAGAAGACAAACATGCATGACCTCAGCCTAATCGTGAGAAAACATCAAAGAAATCCAAATTGATAAACATTCTGTAAAATAATTGGCCATGCTCAGCAAAAGTGTCACAATCACAAAAGACAAGGGAAGAATAAGAAACGGTCACAGCCTGGAGGAATCTAAGGACATAACAACTGAGTGCAATGTGAGATCCTCGATTCGATCTTGGAGAAGAAAGAGGACGTTAAGAGAAATATTGACAAAATTCAAATAAGGTCTGCACATTAGGTAATGGTAAGATACGTTGACATCAATTTCCTGGTTGGATACTTGTATTACATATACTATTATGTATATAATTATTATATTACAATTACATATACAGTTGTATATTATATATAATACAATAAATGTATATATATGATTATAATACAATAAATGTATATATACAGTTTTATATATAACAACTATTATACATATAATACAATTATATATATAGCTAACATCAGGATAGGCTGGTTGAGGATTTATATGAATCTTTGCTAATTTTGCATGTTTAAAATTATTTCAACATAAAAAAATTATATGGGTCATGTAGTTTTTTGTGCAGTTTAATTCTAGGCACCATAGTTTCTGTTTTAATGGGTGTATTTTCTTCTTTCAAGGAATTGGGATAGTCTGTTGTATTAAAAACCTATTCATTTTTGTACATTAAGATTCTTCTGGCCAGGCGCAATGGCTCAAGCCTATAATCCCAGCACTTGGGAACCTGAGGCAGGCAGATCACCTGAGGTCAGGAGTTCAAGACCAGCATGTCCAACATGGTGAAACCCCATCTCTACTAAAAATACAAAAAAAATTAGCCAGGCATGGTGGCACATGCCTGTAATCCCAGCTACTTGGGAGGCTGAGGAGGAGACTCACTAGAACTCAGGAAGCAGAGGTTGCAGTGAGCCAAGACTGCGCCACTGCACTCTGGCCTAAGCAACAGAGGGAGACTCCATCTCAAAAAAAAAAAAAGATTATTTCTCTAACTTACTGGTTTATCTTTTATAGCTTATTTCAGGTGATTTGTTGTGTTTGTCTATAGAGTAAAATAACATGTCTAATGAGTTATAATTTAATGTCCTTCCATTCAATCACTGTATTTCAAATTTATTCCAATATTTTGGAATAAGCTTCCAATATTTTAACTTAAATAGGGAAGGTCATACTTGGTATTTTCCTGACCTCAGCTGGAATGCCTTCATAGTGTTCACATGAACACATTTGGCCTGAGAGAGACTTATTATGCCGAGAATGTGTGTAACCCTTTTTACTTAGGAATTGTGGGTGGAGTTTTTCCCCCCGCCCAAGAATGATTGTTAATTTCCGTCCATCATTTTCCTTTGATTGTTCTTCATCTCGAAAACAAATAATAAAATAATAAAATAAATAAATAAAA,False
703,-164,1.085263,-0.9807252,0.112446785,3.0854406,-3.5085683,0.0013666722,1.397904,-1.2578837,0.065633185,3.3779416,-3.324943,0.0012258616,0.09129012,-0.274895,0.4094631,0.11802711,ENST00000602663.1,-164,ATTTTGGTAAGTTGAATAAAAGATCTTTCTAAAAAGGGAGTTTTTTTTTTTTTTTCTTTTTTGAGGGGGACGGAGTCTCGCTCTGTCGCCCAGGCTGGAGTGCAGTGGCACGATCTCGGCTCACCGCAAGCTCCACCTCCGGGGTCCATGCCATTCTCCTGCCTCAGCCTCCTGAGTAGCTGGGACTACGGGCGCCCGCCACCACGCCCGGCTAATTTTTTTTGTATTTTTAGTAGAGACGGGGTTTCACCGTGTTAGCCAGGATGGTCTCCATCTCCTGACCTCGTGATCCGCCCTCCTCAGCCTCCCAACGTGCTGGGATTACAGGTGTGAGCCATCACGCCCGGCCAAAAGGGAGTTCTTATATTGGCAGTGTATCATGATTAAAGTTATCCTCCCTCTTTCTCTCCCTCCCACATATATATTTTCGTGTCAGTATATGTATATGTGATTTGTGCCATTTGTGTGTGTGTAGGTAAATGAAAGTGGCATCAAGAGAATCTCACGTTAAAAAAAATTTGAGATAGTACAATTCTTATGCATCATATGTTGCATAATGTTTGACTATTAAGAAATTTGCATCACACGTCTACTTATTTCATTAAACATGTTACAGTCAATTAATTTACTTACACCCTCCATTTCCTTCTTCCCCCTCTCTCGTTCTCCTGTTGCAGGGTCATTATACGTTCCTACTCACAAAATGTCCTTGTTTTTTCCCTTACTCCTGTCATTGATCTTCTGAATCTTTCCGGCGAACTTAACATGGATGTTTTGATAGAAAGCTCTGGCATTAACTCTGGAGTTGTTTTGCAAGGAAGGTTGTTCGCTTTTTCACCATTTTTTTTTCAGGTCCTTGAAGTGTTTTCACATAGATATTTCACAAGAGCCATTTCAGAATTGAGAACATTTGGCGTGCACTCTTCCTCTTTTGGTCCCACAGTTTTTATGTGTCCTACTTGAAATTATGTTTGCTCCCGTTTCAATTGTAATATTGCACTTACTCATTAGTTTTTAGTTTGAACTCTCCTGCGAGGTCTAATGTAGAGTTTGGACAAGAACACAGATTCATAATAAACCTACCCAGTCAATTTGGTATAAAGGCTTAGAAGGTGGAACTGGCCACATTTTGAATTGGAGGTAAGGATCAGGAATGCTAATGGAGAGACATAGGATTTTCTTATGGAAACAAGAAACAAATAACCTCTGGGCAGTATTAGAGCCCAGAGAGTGATAAGCCTCTTCTAACTTCAATATTCTATGTACAAATTCACAAGACTTTTTTTTTTCTTTCTTTTTTTTGAGACGGAGTCTCACTCTGTAGCCCAGGCTGGAGTGCGATGGCGCGATCTTGGCTCACCACAAGCTCCCCCTCCCGGGTTCACGCCATTCTCCTGCCTCTGCCTCGTGAGTAGCTGGAACTACTGGCGCCTGCCACCACATCCAGCTAATTTTTTTGTATTTTTAGTGCAGACTGGGTTTCACCGTGTTAGCCAGGATGGTCTGGATCTCCTGACCTTGGGATCCGCCCGCCTCGGCCTCCGAAAGTGCTGAGATTACCGGCGTGAGCCACTGTGCCCGGCCGAGACTTTTAATTATGCAATGCCAGACTGCATTGCATAAACCAAAGGCCAACAGAGAGGTGACCTTTCAAATTACTGGCACAAGAAGAGCTGAGATCAGAAAGCTCCAACTTAATGCAAACATCGACAAGAAATCCGACAGAAATGACTTCTGTGTCTGGTCAACTTAACATAACATGACATATTGTCAAGCGCATTTGGCTTTTTAGGTAGAATTGTCTATAAAGGTTTAACTGCTTTAGAAAATATAAATGTGAAGATTTGTGGTATTTGGGTTTATATATAAGATATTTCTACATTGAAAAGAGACTGGAAAAGCTTGGTATAAGATTTGTAAAATATGTTTGTAATAATGCTAATGGAAGAGGTGAGATTTGGGTGGGGTGGGGTGTAGATGGGAACATGGTTTGGGGATTGGGGAAAGGGAAGTCATGCTGTTAATAAAATAGTGAGGCATGTTGTATAAAGTGTGTTTTATGTCTCAATTGAAATGTTATAGAGATAAATTTAAAATAGATCATGATGGGTTTTGAATCTGATTTCTAATTTTAAAATGTTATGAGCTTTTGTTGCTTTCCTATTTCATACACATTTCTTTATGGGTTTCACTTAGACTGCATGAAATTGCAGATGCCAATTACCTTTTAACAAAATTAAATTCACATATATGTATAATTTGCATGTATATATCCATGGAATTTTTTATTCTACACGATATATTATTTTAAAATGGTTTTTCAATGACAAAATAAAAAGTATTTTTCTATA,False
704,-256,5.833604,-5.7364254,9.4448715e-06,-0.3081013,0.02464971,0.5824286,6.030311,-6.1564093,5.09768e-06,3.045857,-2.9258444,0.0025434133,2.798274,-2.9620264,0.003140272,0.117625356,ENST00000586885.1,-256,AGGGGCAGACACTTAACCTGTGTCTAAAGCACTGCTGGCCGCCGATTCTACGCCGCCCGGTCGCCAGGGAGAGTGAATACAGCTAGGGACGTGAAAGGCAGGTCTGGGCTGGGCATTGAGGAGGGTATTAAGCTAGGAAGTATGCCTTACCTTTATCTAAATCGGGCGGGTCGTCCTCCCCTCATTGGCCTTGTGCAGCTCGGATTCCTCTCTCACCCGCACCCAGGGGTCTTCCCAGAGCATTGCGTCGTCTCCAGCCCAGGGAGCCGCCTTCTTTCCTAAACTGCTATAGACACTGTCCTGATGTCTAAGACAATGTACTTTGTGCCGCAGGCCTCTGCCTTCCCTAGCCAGAGCGCGAGCTCAGCCGCTTTTGAGAGAAATCTGCCACCTGGCCTACCTGTGCACAACTTCAGAGCTTTGCAGGGGGTGACAAGGGCTGTGGCTTCAGGGAAATGTCACGCGCACTGGCACCTTTTTCGCGAATGTGAAAATTGAGAAATCAAGAAGGTTAATTATAGGGTTGCCCAGGATCTGCCAAGAGCAAAGAAGAAAACCCCATTTCCCAGGCATGTGTCTTGTGAGCCATTTTTTATCAACCCACTTAAGTGGACAAGCTCCAAAACACAACATGAAGCTGATGATAATTTAGGCAATTTACGTTTGAAATCATCGGCCTCATCTCAAGGCAGTGTCTTAGAGACACAGGTGGGACCTGATCCCTCAGGAACAGATAGCGTTCCAGCTTTGTGGGATTGACTTTTGAGATATGGAGCACTTCGGGGTCAATTGAAACCCGTCAGGTTTCACATCTCTGCTTTGGATAGAAAGCCCATCACCCACAGCTGTCAGAGATGTTCCTTGACTCACTGGGGCTCATCTGTTGAATTTTTCTATCTAGATAATGGAAACATCTAGGAGCACTTCTGCTTCCATGTAAACTCTTAATAATTGATGTCCCTAAAATTCTGTGTTCTCAGGGACAGTTCCTTTGGTTCCCAGATGGTACCAGCTTTCATGTTGTTACATCTAATATGTAAAAACCTGGATGTTAACCTCCAAGACATTGTTCACGTCACACATTCCAGTATTTTTCATTTGTGATTTCTGAATGTAGGACAATATCAAAGAACTGAAAACCTGGTCATAAAAATTGGACCCTATTACTGCACTTAGTGAATAATTTACCCCTTAGGGTTAATTACACCTGAGTTCATCAGCACCTGTGTAAAGAAAGAAAAAAAAATTGTGGCATCTGCCAGGCGCAGTGGCTCAAGCCTGTAATCCCAGCACTTTGGGAGGCCGAGGCAGGTAGATTACCTGAGGTCAGGAGTTCAAGACCAGCCTAGTCAACATGGCGAAACCCCATCTCTACTAAAAATACAAAAATTTGCCGGTCGTGGTGGTAGGCGCTATAATCCCAACTACTCGGGAGGCTGAGACAGGAGAATCGCTTGAACCCGGGGGGCGGAGGTTGCAGTGAGTCTAGGTCAAGCCACTTCATTCCAGCCTGGGCGAAAGGGCGAAACTCCATCTCAAAAAACAAAACAAAACAAAACCACGTGGCACCTATGCATGTGGCAAGATGAGGAAGTATAGGGAGACCACAGCACATTTCTAGGGCTCTTCTTTTGTTTTAAATAGTGCCTGTGGGGAAAGTCTATGTGATCCAGAGCACACATCCCTTCCCTAGCCCTCTGTTTTCATCCTCCTCCTTCCTGTGCCCTCTTTAGGTGAGGGTGTCTGATTACCCTCGCCCACAAGTGTTGTATGGGGATGTTGTAACATAACCATATCCATCTTCTCAAAATGAGGATTAATAGAGAGGAGTGTCTTGGGACTTGTGTTCAGATGCACTGCTGTTTGGTGTGTGGCTGCTCTCAGCAGTCCCACGGCAGCTGTCTGAAAAGATTGGTACAGATGTAGCCACAGCTGGTGTTCACAGGGCTGGGTGCTTCTTGTGGTTTGGTGTCTTTTGTTTAGATTTTGTGGCTCTGACCCTCTTCTGCTTATCCATTCCTGGTAGTATCTGCGAGGTTGCCTCGTTTGTTCCACTTGTTTCCTGGAAGCTTGTTGTGTAATTTTATTTCCCAGGATCTTTGGGATTCTATTCTCACTAGACCAGTCACTGTCCACTGGCCCTGTACTTATCTTGCGGGAGCCCCCATGTTCATCCTTTCCAGTGGAGCTAGGAAGAATTCTAGTTACTTCTAAATCTTCTAATTCTGATGCTGTTGGGCCATTTATTAAGCTGGGAATTTTGTCTTTGGGCTCATGGACATTATTCCAAAGGTTGTCTTGTCTTTGGGCTCATGAACATTATTCCAAAGGTTGCAGTGAGCCGAGATCACACCATTGCACTCCAGCCTGGGGTACAAGAGCGAGACTTCATCTCAAAAAAAATAAATAAATAAATAAATAAAAAATAAAATTATGATTTCAGTTTCTTCCTAGTGTAGGGCAATTCAAAAATATCAGTTTTTTAATTGGGTAATTATAATAATTTATGTTTTGAGTGATTAAATCATTTCATCTAAGCTGTTAAA,False
705,-1498,2.770115,-2.6982973,0.0042002066,-0.3981372,-0.10196772,0.5735058,6.4570737,-5.931012,4.1679323e-06,3.873913,-3.9503791,0.00039974166,3.1038756,-3.1427796,0.001933177,0.116008624,ENST00000530825.5,-1498,GAAACTACCCTGCTTTTCCCCCAGTTTTGGTCTGTGAACACATTTGGGAAATTCTTCTGATCCTACCGCTACTCTCTTGAGAGAGAGAAACAAGGGAAAAAAAAGTTAATTGCCTGAGGATATACTGCTAGTGTTGCGGGACAAATAGAGACGGGAGAGGCCAAACAGAATTCAGGACAACCCTTTATTATTAAGCGCGCTAGGGAGGGAAGCAGGAACTCGTGGTGCCTCAAGGAACGTGAAACGGTGGAACACAGATAAGCCTCTCCATGAAGAAACAGCTCAGATTTGACCAAGATCACACAAGTAGGAGTTGAGGAATTGGAACCCACTATGACTGACTCCAAATTAATATAGTGTTTATAGCCACTTACA,False
706,-1446,4.372159,-4.1543217,0.00019811185,0.5315684,-0.83117616,0.20379457,3.5531113,-3.408407,0.0009467594,0.27927956,-0.3126022,0.35620323,2.7917438,-2.5298097,0.0048614107,0.11320082,ENST00000521159.5,-1446,GCAGCGCTTACCTAGAAAGATGTTTAAATTCTGAACCAGGAATTGTCTCCAACTCCAGGCGCTCAGGGAATCGCCTTTTCCGGTGTCCAGGCGCTCTGCAGACAAATAAACAGCAGAAGCAAATGGTCACCGAGCCGGCAGTCAGCTTTCTGGGAGTGGGAGATGATGGGGAAAGAGGAAAGAATCGTCCGCTCGCCGGACCCTGGCTTGGAGAAGTTCTGCGCTCCGCTGGGACTCTGCGGGCCCTTTGCGTCTACAGACCTATCCCTGCCCCGACTACCCCTTCACTCAGACCCAGCCTTCCCCAGCGTGAATCAGAACATTACCAACTGTCTGCGCATCCGTCCCACTTCATCACCAAAGCCAGGATGTGACCGCAGAAAACCCAAGCCCGAACTCACGTTTCCCCGGACGCGGCGCGCTCCCTGGACTCGCAGAAACCCTGCGGAAAAGGCCCCAAGATCTGGTGAGGGCCTGCCAGCTCCGTCCTCCCTGCCGAGGGCTCTCTCCTGCCTTCCTGAAGGAGTTAAAAGCCTTTGGAGATAAATCTGAGGGTGTGTGTTTTTAAAAATCAAATGAGCGAGAGTCCCCCAGACTGTTCTCTATCTGATGCATGTCTCTAGAGCTGAACAGTGGAATGGCAGAATTTCAAAACGCCTGATGGTGGCATTTGAAGGCTTCCCCACCACCTACACTAGACACAAGATTTGAGAGGAACAACACTTTACCAGCCATTTGACCAATTAATTCTTTGGGGATAATTTTCTTGTAGTAGTTTAAAATAATGCACACAACGCAGG,False
707,-248,2.8121982,-2.8096788,0.0036048032,2.985664,-3.0882373,0.0022968866,4.613221,-4.16002,0.000154797,-0.23507491,-0.01763454,0.55414695,20.255587,-20.900446,1.3370947e-18,0.11204068,ENST00000573860.1,-248,CTTTCCCGGGATTTCGGGGATGACACGGGGGCCAGTGGTCCTGTCTGGTGTGAACCGTCAGCACAGATGGCCTCCTGGAGCTTCCCCGAGTCGTTCGCTGGGGGAAGCGGGCGGTGAGCGGCCAGCCCGGGCGCTCCGCAGGCCGCGAGCTCCCGGCAGGGCTGGTGGCGGGGGTCCGCCTGGGGGAGGAATCCCCGCCTGCTCCATCGGACCCGGCCTGGCGCGGCTCGCGGCGCTCGGCGGGCTCCCTTCCATTCTAGAATCTTCCCGCTTGCTTCCCAGCCCGCGTTCTTCCGCCTGCCTTTAATTGTGTAAGTTTGACGAAGTCAGAGCTTTGGGTTCCAGGAAAAGCGCAGGAGGGTCATAGAGGAAGGGAGGGCGCAGGTTGGAGTCAGGTCCAAACAGTCCCTATCGCCACTTTTG,False
708,-396,-0.15393755,0.05337131,0.5516424,4.5018406,-4.5071282,0.00012229302,6.6460576,-6.3850117,2.1911785e-06,4.5541234,-4.5070105,0.00011607773,8.1365595,-8.123772,8.674177e-08,0.11037661,ENST00000506314.1,-396,AGTGCAGGCCGAGCCCTGCGTCCCTGCCTCGCTGGGTGGGGGTCCGGGGCGCGGCTGTCCACAGGGCCGCCTCCTCCTGCGGCCCGCGGGGAAGGGGCGCATCCCACCCCGCTCTGCAGGCCGCCCTTCTGCCAGCTGGGAGGCGAGGGCACACGTCCTAAGGCTGCCCAAGGGGGAGAGGAATCGCGCCGGTAGGAGAGCGCACGGGAACCAGGAACGCAAGGCGGGCACAGGGGAGCCGAAGGAGCCAGACAGGGCCCGGCCACGCGCCCTCCTCGCTCGGCTGCGCTCCGTGACGGGAACCCAGGCTCCCACGCACGGGGAATGCCTAGAACGGAGCTAGAATGGAGGCCCCTTTGTGTGACTAAATTTGGCAAGAATATGGATCTGAGCCAGTCTTTCCACGTGTGCTCCCAGCTCCCAGCTGAGAAGGCCAAGGGTTCTCTTCCGGGTAAGGAGACAGGGAGAAAGATCAAAGAGTTTGGGGAGCTGGATCTGAAATGTGAATTGAAAATAAAAATCAAGCCTGGACACATTCCAGTTTCTAAAGCAAAACCAACCCTCAGCAGAGGCCGGCTCTCTATATAGCTCTCTTTCTTTCTCTCTCTGCTCCCTTTGACTCTTTTCTGTGACCATTCTTGAGCACATGGTATAAAATAAAGAGAACATAGGGAAACAGTTTCTCTATATTTCGTTTTGGAGTAATTTTATTAGGGAAAATATCTTGTTCATAATTACCGGTATGTGAAGCCGAATTTCCTTAGCCGTAAATACTGTCTTATTTCAGCATGCTTCGCACTTTCTTCTGCGGCCACATTTGGGAAGAGAACGTTGACACAACACGTGTGGATATGTTCGTTGTGTATAGTGGTCCTTTTTTTCTACACATGATATGGTGCACCGTATAGTTTTCTTTCACAGAAGTTAGATTCTGGAAAACCAATGTTAGTATTTTTATCAAAGTACTTACTGTCACAGTTGATCTCTGTGATTTGAAACCCTCTCGTCGATAGACTGCAGAGATCTTTTCCTAGAGGCCACTCACCAGTCAGAAACCTTTGTGTTTTTATGGTTAAAAAACTGTAGGTCCCTTCACTTCTGTTGTTAATGGAAGTAACTAAAAGAAAGAGACAGCTTTGAAATACTGTGATACGAAGAGTCAGAAATCCTGGGTTGGAGATGGGCCCTGCCACTCCCTCTCATGCCATTGGTAACCTTAGGCAAGCCATTTTAACCTCTCCCAGAGTCTGTTTCCTCTCTGAAAAAATGGATATAATAATACCGTACTATTAAGTGAGATAATGCATATGAAAGTATGTACAAATGTGAGGTATTATTAGTCCATGAAGCAAAGACGATCCTTTTAAGGGGACCTGTTAAGTTGCAAAACCAAAAACTTCTGAAGCTCTAGAAACCCTTACCACAGGAGCAAATGGGGACAGTGTTACGCTCTCGCGTCCATGCTATGACCATCTCCACGCCTCCATCAGTTGTGTTACAAAGGCCACCAAAATCACTGAAGCAGTTGTTACCCCCAAGTGAGTGTGATGAGAGAACATTTTCAGAACAGGGTGAATGTGCCTTAACTCGTGTTTATGTTGGGCTCTTAATGAATTCATAAATGAATGAAGAAAATAACACTGAAAACAATATCTTCTTGTGAGACATTTAACACACATTACAGCAGCTCTGAAAACAGTCTTAGTATAATGGCTTGAGAAAGCAGTAATGTTTATGTGGATAAAATACCCCCAACAACAGTTGTAAGGACTCACAGGTGGGGAGAGTGACTAGAAAGGTATATAAGAGTTGTTTCTTGGGACTGTGTGAGTGCCACAAAAATCTATGTTTTAGAATAGACTGTGATTATGTATCCCAGACAGAGGTATCTCAAGTTTACAATGCAGTAAAGATTATTGCTAGGGCTGGCTGGGAAGTGACAGGAGTACCACAGGTGTAGTGCATAGGGCATTTAGCTGAATGTACCTCAGTGTGATCCTTTCTAACCTAAGGTAACCCCACCAAGGGAGCCATTTCCTGGGCTCATTGGGAGCCATTTTCCAATATAAGCTTTTCAGTGTGACCTGTATACAAAGTTATGAAAGCAGCAGGGCTGGGAGATGGGTGGGGTTCCAGGGTTCCTAGGTCCCTTTGGCATGGCCCAAGGCTGCCCAGGGTGCAGACTCCTCCTGAGATGCTCCATCTCCTTCAGCTGCCTCCTGCCAGAAGCAACCCTCAGCCTTTGCCAATTGTATGGAAGGGACTCTATAGCAATTTTAATTGGCACTTAGAAAGCACCTTCTATTTTCTTTTTTCTTTTTTTTTTTTTTTTGAGAAGGAGTCTCACTTTGTCGCCCAGGCGGGAGTGCAGTGGCATGATCTGGGCTCACTGCAACCACCACCTTCCAGGTTCAAGCGATTCTCCTGCCTCAGCCTCCCAAGTAGCTGGGATTATAGGCACTTGCCACCATGCCCGGCTAATTTTTGTAATTTTAGTAGAGACGGGGTTTCGCCGTATTGGCCAGGCTGGTCTCAAATTTCAAACCTCAGGTGATCCGCCCACCTCGGCCTCCCAAAGTGCTGGGATTACAGGTGTGAGCCACCGCGCCCGGCCAAGCACCTTCTATTTTCAATGTACCTTTTCCCAAATGTCCTAAATTAAAAGTGGATGCTGATCAAGTTCACTGGTCAACTTCAATTCTTCCTTTCTCTTTTCTTTACAGATGCAGCCTTTTTGAAATTTATTCTTGGCCAAAAGAGGAAGATAGTTCAAGGATTCTATCTTGCTTTTGGGGGGCAATGGAGAAACCCTGAAAACACTTAAGGAAAACCTGAGGCCTTCTATAAGAAAATAAACTCCCTGAAAGGGGAGGCAGGGCCAAGGAATTTACTTATTTTTATAAATCTCTTTCCTGGGTGGATATGGTAATGGATGTGTTTCTTGAATTGTGGTAAATGTACCTCATAAAATGGATGGACTGGGGCTATATTCTCAGGCTTCCTGGGCTCTGTTGGCATTGGGCAAGCACGTAATGCCTGGTTTGAGGCTAGAAGCCAAAGCCACAACCTTCTTGCAGTACCAACTGAGCCATAGGGAGATTAATGCAGAACAAGGTCGTTAGTCTCATTGTTTATCCAGTTACTAGCCGCATAGATTTTGTGTAAATTTCAGCTACAGTGGTTGCAGCCTGCCTTTGATGTGTGTAATCTGTACATTTTAGTGCTCCAGGAAAGTACCTGATTGACAAGATCTACATCCAATGCCCAGAAAACACATCCTACACAGGCACAGTGAAGCGTGGAGTTGAAGAATTTTCCAGTGAGTTCCATCAAAGTAAATAAACCAACCTAGAGCATCAG,False
709,-984,5.348194,-5.5005283,1.9429035e-05,0.57058096,-0.90609777,0.1859296,0.46402946,-0.15318608,0.35041502,2.3522675,-2.4613826,0.008052799,2.3621097,-2.6327074,0.006727397,0.11022886,ENST00000431767.5,-984,GAAAGTCACTACGCTGCGTAAGAGAAGCCAAATAAAGCGCATGCTGTGTACAGAGGGTGTCGAGAATGCCTCCTACGTGACGGAAAGCAGATCCGTGGTTCCCTGCAGACTGGCAGGAGCAGATTCCAAAGGCACAGGAAGAAGCTTGCAGGCAGCTGCTCCCAACCCCAGAACCTTTGCTGTCTTGGGACGGATCACCGCTGCAAGAGGGGAAGTTGCTACTGTGATGAATTCTGCCATGTGGCACCAGACTGCCACCCAGACCACAGTGTCCTCTGCAACCCTGCTTCTCAGATGACCAAGATGGTGCTGCAGATGGTGCTGAGGATGGAGAACCCACCAAGCCCCGCTAGGAGCCACCTAGACTGGATGCAGAGCATGGTTCAGTGAGTTCTCCAAACCAGCCTCCCAGGAATGCCATTCAACATGGCTGTGAGGAGAATAAAGAAGAGAGCCTGACTCCTCTCCTGAGGCCCCTTCCCCACC,False
710,-1292,2.6189961,-2.776678,0.0045156777,0.25700045,-0.5262394,0.31362203,1.7704479,-1.2071568,0.048447937,0.7903427,-0.97169733,0.14653502,1.5538579,-1.7441478,0.035639673,0.10975206,ENST00000545308.5,-1292,CTTATTGGGCTCCTGTCTGCAGGATTTACGCGCACGTTGGAACCGAAGAGAGCTCTGTTGTTGCAATGTTCAGCCCACAAGAGCTTACTGGTGAAGGAATGGGACAAGACCCATCTTTATGCAAAGCCAGCGTTACAGTAATGTTCCAGCATCTCATAATCTATCCTGGGGAATTCAGCTGCCTCCCAGGGTGAATACAGGTAATTATCCAAATTGGTGTATGTCATCTTTGTAAATGTTCAAGAAAACAAGTGGCCGGCGGAACAATGTTTTTTGGCGCCTTCCATCTTGTTCCTCTTGAAATGATTTTCTGGGGAGGGAGATCGCAACCCGGTACTACAGTTCTTGTAAGGGTGTGCTGTTACCCTCATCCATATATCGATCACGTTACTGTCAGATGATTTGAATTGATAAGCTGATGTTCTGTGAGGTACAAAAGTTAATAGCATGTTAGAGTTCTGATGGCAGTTGTTGTTTATGAATAAGCTTCATTCCATCCTAATACCTTAAAATAACTAATTTGCTTTCCTTTCCAGGTATTCCTGATGACAGTCTGCCTCTATCTTACAGTAAGTTGTTTTTCGAATTCTATGGGCCTATTATCTAATAGATAACTTAGCCATTTTGATATTTGTTACCAAAGCCT,False
711,-612,1.6752317,-1.7289305,0.03216564,-0.16646779,-0.20947257,0.48925048,4.7234983,-4.1513433,0.00013984421,4.1439633,-4.0155478,0.00028592028,1.8898891,-1.9977479,0.020082153,0.10838481,ENST00000527620.5,-612,TTTCAGAGAGGTCGCTTGGGTCCATCAGAGTCTCTGCCGTCACTACCTGCAAGAGGGGACCGGAAGCCAGTGGGCAGGGGCTGGGTGCTCCCCTACAGCACCTCTCCTCTTTGACCTCACCTGTGCTTTGAGGCCTCCTGATTCCTCCCTGCTGGAGCCCAGAGTTCCAGAGGCACCTGAGCAGGGCAGGCTTCCAGGCAGGCCAGGGCGCCCCAGCAGAGGCACCCGACGAGATGGGGAGGGCTGGGGAGGGCAGCCTGGGGCAGGAGGGCTTGGGGGACAGGCTCACCTCCACACTGCCAGTCTGGGATCGTAGCATGCGGCCCACCCACGAGGAGCGGGCCAGCTGCAGGAGGCAGGACTTCTGCAAGTTCTGCAGCTCGGCCTCCATCTCCTGGAGCGTGCGGGTGGTCTGCAGCAGCCGCTCCTCCAGGTGCTCCTTCTCCTGCTCCGAGAGGGCCTGTGGTTGGTGGTGGGGGGGTGTCTTCTGCAGAAGGCCCCCAGGCCAGCCCCAGCCTGGCTCCCCAACACCAGGACCCTGCCCACTCCCTGTGCCCCTGCCTCACCCACTGGGCTCGCTCCTTCTGTTCCTTCAACTCCTGGATCAGCTTCTGGACCTGGTTCTGCAGGAGTTTCTCCTGACTGTGGGAGCTCCTGGAGGAGGGGTGACCTCAGCAGCCCCCACCCTGCTCAGGCAGGGGTTCCTAATGTCAGGTCAGTGGCGAAGGAGGGGAGAAGGAGGGGCTCCACTGCCACCTTGGCCCCAAGGGCACACAGTACAGCCCCGCTGGGGCTGGCCAGCCTCCGGCTGGTCTGGACAAGGGTCTAGCACCCATCCACATGCGCAGGGTTAGGGTGGAGGCTATAGCGTGTTAACTTAGGATCAGGGTGGAGGGTCAGCGCGGGCAAGGATGAGGGTAAGGATCTGCCTCAGCGGTTGGGGTTGGGGTCAGACAGAAACCAGGAGTCCGGGCGAGGACAGGGCGGGGTTGGGTTGGGCTGGGGACTGTGCTGCAGACCTCTTGGGCGGAAGCCCCGCCACCTCTTCCAGGATGTGGCAGAGCCGGGCGTCCTCGCCATTCTGGATGGCCCACCGCAAGGCCTGGATCTCCAGTTCTCGCTGTCTCCACAGCAGCCGCAGTGTGCGAGGGTCCAGGGACTCAAGAGCCAACCTGCAGCGGCAGCAGACCCTGCTGCTTACTCAGGCCGGCCCCTGGCCACCTGGCCCAGGAGGCTCACCAGTCCTCCCTCTCCTCCTTACTGCGGGTCGGCAGAGCAGACCACCGGTGCGGGGTGGGGCGTGGTGTCTGGCAGGCACGTGGGAGTCTCGGGGGCTGCAGGTGCGCCTGCTGGAGGTCCCAGGTGACCACTGACCGACTCTTGCTCTGTGGGGGACAGGAGAGCCTCTTCCTCGGTTTCTTCAACCTCCTGGCCAGACTTGGGGGCCATTCTCAATGTTCTTCGGGAGCTGGGAGGGGTGGGGGGCCCGTCTGCCGTGTGCGCCTCGTGTGGCCACACAGGTTGGAGCAGCCCAGGCGTCACCACTTACTCACAGAGCGTTGCTCTCTGAAGGGACCCACATGTGGGTGTCCACACCCGTGTGTTTCTGACCAGGCTGGCGCAGCAGGTCACCACCCGACATGTCCCTGGCGTGTACCCCTGCCACCCAGGTGCTGGCCCTTTGCCTGTGATGTGGTGTCCCTCTTTCTCTCTCTTGTCCCCCCAGCTCAGGGCCCTACCCCCAGCACTCACCTGAGGCCCGACCTCCAAGCAGGCCTGGGAGGGAAGGGCTGTATACCGTTGCCATGGATACCAGCACCCAGAAGGGGTGGGGCTGTTTGTTACCAGGAGCCTCCAGGGAGACCCCAGACCAGGCCCCTAGAGACAGGGTCTTGCTCCGCTGTCCAGGCTGGAATGCTTCGGTGTGATGACAGCGCACGTTAACCTCGAATTCCTGGGCTCAGGTGATCCTCCCACTTCCGCCTCCTGACTTGCTGAAACTACAGGCACCCGCCTCCACCGCCAGGCCCAGCCCACAGCTCCTTTGACCTCAGTGACAGGCACTCACCTACCTGACCCCCAAACTGAAGCCTCACTTTTCCCAGCCGTGTCCACACCCTCTGGGCTACCCCATTACCATGACAAGTATTCCCTCTGCTCCAGGAGAAAAGCCAGGTCCCAGACCTGACCCATTAAAACCCAATCATTCC,False
712,-742,2.6642025,-3.036976,0.0033308927,2.8400874,-2.8661678,0.0033140823,0.23766795,0.25268328,0.5037538,2.0089898,-2.075763,0.016548822,3.1442828,-3.4378254,0.0013830105,0.105666116,ENST00000558174.5,-742,GGGACGTTGGAGGGGTGGCCGCATGGAGTGAGTACTGTCTCTGGCCACCGAGCAGAGCCAGTGACAGCAGCGTCCTGGTAGGCAGGCAGGCGTATCAGGTTTCAGAGGATGCGGCTGGGAACGGGAGTAGAGGTGAGGGGTCGTTGCATCTGTCGCGGTGTGTATCTTTTGGGGGTTCAGCGCCACCAGCGACTTGGGCCTCATTCATCGCGCTTACATTTCTCCACCTCATTTGAAGAACGAGCTTCGTAGCCCACGGAGCTGAGGTATATGAGCTCCCTGAAAGCACAAAGCAGTTATTTCCATCTTCAGATCATTCAGAGATTATGAAGGCACAAACCCTGCCTTCAATTTGCTTATAGTCAAGTGGAGCAGACACAAGTCAATGATTGCAGTATAGCCACTGAAGTAATCTAAAAGAGACTTATCAGCAGGTTGCAGGTGAACATGGCCTTGAGGTAAATCTGTCCCTTGCTGAATACAGTTTCAGTAGATTGTTTATAGTAGTTTCAGGAATTGAGATTTTTTACAAAAATACAAAAGTTTTGCTTGGTTCTGTTCTAGATGTTTTCTTCTAAATAAATGAGAAAGATGTTTCAACAAAGGCTCTTTATGCTGAATAATTGTGATGCTTGAAGTTGCTAATCTGCTTTAAGTGGATTTTAAATGTCAGGCAATTCTAGACAGTTTTTTCTTGGTCAAATAAAAATTTAATTAAAACTTTA,False
713,-1330,3.8359153,-3.7334995,0.000515728,8.787842,-8.968927,1.9423751e-08,6.3395743,-6.2938786,3.2610656e-06,0.6270795,-0.4885607,0.2468209,0.50216544,-0.44196373,0.28006703,0.105481386,ENST00000621428.1,-1330,CGCGGCCCCGCGCGGCGCGGACGGCGGGCAGCACCGTGCCTGGGCCCCCTCCTGCTCCGGTTCCAGAATGACGCTCGGCCCATGGACAGAGCCTGCCCAGTCACTCTCGGCTGCTATTGATCCCGAGGATGATGGCCGCCCCTAGCCATTTCCCTCCTCTCTCTTCGGTTCCAGAACAGCCCAAGGAGCAGAAAAGAGTGACAAGGCCGTGAAAGGAGGCGCCTGGGGCGTAGCCGGCTCTAGGAGGTTACCCCATGCGGAGTACACACCCTGCTACACCCATCCCGGAGGAGGGAGGAAATAGCCAGCCCGGAGCACCCCTGGACTCTGCCGGTCCCAGAGGCCACGCAAACTCCGCCCAGACTCGGTGAGGCCGCGGTAATGCCACGCAGGGAACTGCGTGGATAAGGTCGCTCGGATCTGAGCGCCAAGGTCTCCCGCCTCTCCTTCCCGTCTAGTTCTCTCCGGACTCAAATTGCCTTAATCTCACCCATCACTCTCTCATGGAAATGATCTACTCGTGTGCAGTACTTCACAGCTTGTATCACGGTCTCCCCTGAACCGTATAGCAAGAGGGTGGTGGGGGGTGGAAGAGAAGGGTACTATCTCCACTTTCCCGGCCAGGAGGCCCAAGTTAGGAGGCTTGTCCGAGATCCCTAGGTCAGAGCACTATTTAAGGTGAGAAGTTGGGTGGGGAGCTTGGCACCTTGCTCCAGTGTGCACTTTGCGCCTGGCCATGTTTTATAAGCAAGGGGGGCTTGGGCTGGTTAAGGGGGAGCAGGGACCGCAGGGCCAGGAAAGGGCAGCATCCGGCAGGCCGGGGCGTCACGGTATGTGCCTGGCCTGGGTAAACAACTCTGGCTTCCCACGAGCGCTGGAGGGACCCTGGGCATGGGGCAGGGGCGTGGGGGAGGGGGGGCAGGGGCGTGGGGTGGGGCAGGGAGCGGGTGGAACAGCGAGGTCAAGCGTGGAGATTCCAGTTGCGAGTCAGCTCCGCGCCGCGGAGCAAAGACAGGACGTGGATAATCTTGGGAGGGAGACGCTGAGCTGAAGAACAGAAAAGAGAGACAGAGGCAGAAGTGAGGAGAGAGGGACAGGAAAAGAAAATAAAGGCAGAAAACCAGAGAAAAGATGAGACGGAGTGCGGAAAAGCAGGCGGGGATAAAGAAAGGAAAGATCTGTCGGGGAAATGCGGGGAGAAGTGGAGGAAAAGAAACAGAAATTAGACCCAGAGAGAGACCCTGCCACGAAGAAGGCCGCGGGGACGGGCGCGGAGCCGAGGGCCCTGCAGGCACGGAGGGGGCGTCCCGCGGGTCTGGGGGTGTGCGGCTTTGGGACAGGCGAGTGCGTGCTGAGAGAAAGAGGCAGCGTGTTTGGTGGGAGACTCTGCGCCCGTGGAAAAGCGGCTCTGGGCAGGAATCCAACAAATAAATAAAACGTCTAAGACGGCGTGACAACAATG,False
714,-741,6.420542,-6.5476503,2.333376e-06,5.324707,-5.591502,1.8161123e-05,0.04159057,0.14483804,0.52578896,6.569971,-7.1039863,1.1520599e-06,4.091496,-4.1217885,0.0002709556,0.10521631,ENST00000561107.5,-741,ACTAGGAAGGTGGGACGTTGGAGGGGTGGCCGCATGGAGTGAGTACTGTCTCTGGCCACCGAGCAGAGCCAGTGACAGCAGCGTCCTGGTAGGCAGGCAGGCGTATCAGGTTTCAGAGGATGCGGCTGGGAACGGGAGTAGAGGTGAGGGGTCGTTGCATCTGTCGCGGTGTGTATCTTTTGGGGGTTCAGCGCCACCAGCGACTTGGGCCTCATTCATCGCGCTTACATTTCTCCACCTCATTTGAAGAACGAGCTTCGTAGCCCACGGAGCTGAGGTATATGAGCTCCCTGAAAGCACAAAGCAGTTATTTCCATCTTCAGATCATTCAGAGATTATGAAGGCACAAACCCTGCCTTCAATTTGCTTATAGTCAAGTGGAGCAGACACAAGTCAATGATTGCAGTATAGCCACTGAAGTAATCTAAAAGAGGTGGGGAGGCCACAGCTTATGTGAATGACTTTCTCAGGAGTTATAAAGTGATACAGACTTATCAGCAGGTTGCAGGTGAACATGGCCTTGAGGTAAATCTGTCCCTTGCTGAATACAGTTTCAGTAGATTGTTTATAGTAGTTTCAGGAATTGAGATTTTTTACAAAAATACAAAAGTTTTGCTTGGTTCTGTTCTAGATGTTTTCTTCTAAATAAATGAGAAAGATGTTTCAACAAAGGCTCTTTATGCTGAATAATTGTGATGCTTGAAGTTGCTAATCTGCTTTAAGTGGATTTTAAATGTCAGGCAATTCTAGACAGTTTTTTCTTGGTCAAATAAAAATTTAATTAAAACTT,False
715,-47,4.4770184,-4.435184,0.00013471657,4.190759,-4.5991416,0.0001522399,4.9045253,-4.7834816,6.2019026e-05,0.27777514,-0.08066335,0.4113376,0.9574932,-1.098063,0.11349215,0.105035745,ENST00000358073.2,-47,ACATTCCTATCCTGGAAACATACTGCTGCACTGACTTTTCTCCGTGTGACCCCACAATTGACATGGCTCCTCCATCCCAGCGCTGGAAGGGCCAGTGGGAAGAGGAAATAGATGTCTGCACTCCTGGCTGCAGCTGGACAACAGAAGCCCCATGCCGCCTGTCCAGTTCGGAGGAGAACTAGCTGCTGCCTTGCCTTCCGGGACCTCGTTTGCTGAGGAGGGACTTACAGACTCCACTGGTGTTTTGCTGTTGCTCATTCCATGCATCTTTGGCAGCTCTTTTCTTCTGCTCAGACCCTTCCCCGTGCTCAGACAGTGCACCGCTGTCCCATCTAAAGAAACCTGTCAGGAATACGAGCTTCTGGATGAAGTTTTGCTCTTGTTGCCCAGGCTGGAGTGCAATGGCGCAATCTCGGCTCACTGCAACCTCTACCTCCCGGGTTCAAGCAATTCTCCTGCCTCAGCCTCCCAAGTAGCTGGGATTATAGGCATGCGCCACCACGCCCAGCTAATTTTGTATTTTTAGTAGACATGGGTTTCACCATGTGGGCCAGACTGGTCTCGAACTCCTGACCTCAGGTGATCCAGGCGCCTCGGCCTCCCAAAGTTCTGGGATTACAGGCATGAGCCACTGCGCCCGGCCTAAGCTTCTAATTTCAAGATGTCATCAGACAGCAGGGGGACAGTGGAGTCAAACCTGCCAACTCTACCCCCTCCCGCACACTCCCCACCAACGCACTCTCAGCTGCAGTTGCCTAGGGCAAAGGCTCTGCAGGTGCAGACTCCTAGAGAGCCCTGGACAATTCAGAAAGAGCCCCTGAGGGGAGAAGCCTAGTCCTGTAGTCAGAGGCTTTCTGAATTCCCAGAGCTGCACGGCTCAGCCAAAGACCAGAAAAGCCTCTGACCACAGCCAGAAGGCCCTGCCTTGTTTGCTAAGGCCGCCCCAGCCATGGGGCTGAGGAAGAGGAGAGGGCATACCTGAGTCTGGGCGCCCATTCCCAGAGGCCACGCAGAAGCCGAAAGTGCCCCCTGGGGAGCGCTGCAGCTGCAGCTGGCTGGTGCCGTCTGGGAACACCTCCACCAGGCGGCCCACGGTGCGAGCCAGGCTGGGAGCACCCACGTCCTCCACACTGAGGGCACGCCGTGGTGAAGTCTTGGCCGGCCTGCGAGGGAACCAGAGACACAGTGAGGGCAAAAAGCATCAGGCACTGGGCACAGCTCTTCCCTGGCTTACAGATGACCGATGCCTCACAGACTTAAGAGCCTGGCATTGGAGGCTGGGGTTCTGCTGACTTCAGCCAGCAAAAAGAGCCTGCTAGGGCCAAAACTGGTGGGTTTCCGCCGCTGTGCAAGGCCCCCCAAGGCCTGCTGTGGAACTAGAAACCCCACCCTCCCAAAGCAGTGGTTTCAAATTTTGGGGGGTACAGAGACCTTTGTAAGAATCTGACAAAAGGTATAACTTTATGTCACATTTCCAGGAGCTAACATACACCCTGAAGTACATCCACGCCCCAGGAAAGAGCAGCCAGCCTACAGGGCCTCATCGGACAGGGTGGGATTTTCCAAGCAGGTCATGGGTCACGGGCCTCTTTGGGGGCCTCTGTCTCTATGTGTTTATTCAGATCTTTAGCTGGGCTAAGAAAACTCTCTAAACTTTCTGATTTCAAGATGTCATTGCACAGCAGAGGGACAGTGGAATCAAACCGGCCAACTCTACCCCCTCCAGCGACCCCAGGCCTTCTCAGAGCCCAATGCACCGAGGGTCCATGCAGGGCACTGAGGTGCTGAGACTCCCGTGGCAGCCTCGTCTCCACACATCACATGTCCTGTTGCTTTCCCTTCAAAGGACCCTGCTCAGAGCCATGATGCTGAGGCAGGAAGGAGTTAAGCTTTTGGCTCCGCTGGTCACTCTCTGAGTTTATCCTCCAAACCATGTGTGCCCCTCATACCTGCCAGCTGCACTGTGGTCCCCTGGCCCTGCTACCAGGTAGAGGCTGGACCGGTTCCCCTTGCTGCTCAGCAGAGAATGGAGGTTCTGAAAAGAGGCAGCTTTCCGACGCTGGTGAGAGGGTGACACCTGATGAGAAAGGGACAATATTGCGGGTGAGAAAAGCTACCTGGGAGGTGCTGACAGAGGACTTGGCCCCACCATGAACCTGAGGGCCCTGTAAGAAAGTGACAGCACAAGCTTTTATCATTGCTTCCAAGAATTCAACAGGAACCACCATGACTTACTCAAGGACATCATGGGTCTACATAGGCCATCTGAGGAGTCAAGGGAGTTTTTGTTTTGCTTTTTAGCTGAAATAACAACTTTAGTGCTATACTAATTTCCTCATTGATTAAGGAAATCTAATGTACTCATTAAGGAAGAAATGAAAGTAAGTTTATTATACAGTAATAAATATCACTTTAGAGTTAAAA,False
716,-337,2.0665114,-2.0647688,0.015808389,1.7864288,-2.0078313,0.022004459,0.12459633,0.028212845,0.47592276,2.4506845,-2.1738896,0.009712571,8.532982,-8.909934,2.6585049e-08,0.104689635,ENST00000421829.1,-337,CCTATATTAGGGGAAGTTCTCCTGGCCCTTCCCAACTACCTCCCCTGTGCAAGTTTATTACAACTGAACGGCCTCAAGGATGAAGTCTGGCTCTGTTGCCCAAGCTGGAGTGTGTTGGCACCATCTTGGTTCACTGCAACTTCCACCTCCCAGGCTCCAGTGATTCTCCTGCCTCAGCCTCAAGGGTAGCTGAGATTACAGGGTCTCATTCTGTCACCCAGGTTGGAGTGCAGTGGCAACATCATAGCTCACTGCAGCCTTGAACCCCTGGGCTCAAGTGATCCTCCTGCTTCAGCCTCCTGAGTAGCTGGGGCTACAGGCACTTTCCCTACATTTTCAAAGGCCTGCATCATCACATCTGCCACAGCATTCTCTATCATTGAGGCATTTTCTCAGGAAATCACCTGTGAAATATTTTGCAGCTAACCACCTACCTGTGCCCCACCAGCCAACATGCTTTACTCCTGCCAGGCAGGTTCTC,False
717,-1073,1.0812864,-1.0807385,0.10321288,3.6682348,-3.488292,0.00077915075,4.4380293,-4.2827644,0.00016313102,0.30902967,-0.54611444,0.29835486,0.82738984,-1.1689708,0.11958555,0.10441911,ENST00000412751.5,-1073,AATCCTTCCAAGAAACTCACAAAGCAGGGCTTTTTCTTGAACTTCTCTTCCTCACAACAGTTAAATCATCCATTTAAAGATGTCAAACAACCTCCGTGTTCTAAGATGTCTCTGTGTTAGGAAAACTTGGATAAGCAGGTCCATAGAAATTCCTCTGCTAGCCCTGTCTCCTGGAATTTCTACATAATGGCATATCCTCAGTTTGAAGCTGAAAAGGTTAAATTCTACCTGAAGGATGAAAACAACCAACATTCTGTGCCAAGACAGTCAGGAGGGCAACCATGTTTCCTGGTGGAGCCTCTGGAACCACTCAAGCCAAGATGACCGGGGGTTTGGCTGGGAGGAGATGGGGAAACTACAGACCCTACAGATGGTTTCCTGTACCATGAGGTTAAGCCTGGGGGCAGGAGAGGCTGTACCTTAGTTCCTTCATCTGTAAAATAAAGTAACATAGTACCTACCTCA,False
718,-1082,1.2345088,-1.240896,0.07760048,3.6532807,-3.465495,0.0008091022,4.706068,-4.5458555,9.591775e-05,0.5668205,-0.80332255,0.20259674,0.39881718,-0.7519472,0.24034949,0.104290344,ENST00000585882.5,-1082,GAGGTGGGCAAGTTAGTTGCTCCAAAAACAAGATAAAATGATTGAGTTCTTTTCTCAAGCGGGAGTCGGAGTTTATCTGCTCTGAGATGCTCCAGATGGTTTTCTTACAGAGAAACTTCATTTCATGCTTGCAGTTGTTTATTCCCATGCATCTAACTCTCGGCCAGGCACTGAAACAGAGCCCCAGCAGCTACTATTAATGAGTGTCTGGAATATGTTCCTGGCATTTCACCTACCCTCTCTCCAATCCTTCCAAGAAACTCACAAAGCAGGGCTTTTTCTTGAACTTCTCTTCCTCACAACAGTTAAATCATCCATTTAAAGATGTCAAACAACCTCCGTGTTCTAAGAACTATTTACTGAGCTCTACGGAGACACAGCTACAAGCACCACATGCTGGACCCCTGAATATGGAGGGCCAACTACACTAGAAACACACACGCTAGCTGAGAAAGATGGTGGCTTAAGG,False
719,-967,0.030291319,0.014903486,0.49615312,2.7337275,-2.965483,0.0033374333,4.5378227,-4.3664722,0.00013578596,3.4466507,-3.527569,0.00093482144,2.1090956,-2.1598384,0.013803489,0.10287293,ENST00000433639.1,-967,GGCAATGGCGGGCGCCCCTCCCCCAGCCTCGCTGCCGCCTTGCAGTTTGATCTCAGACTGCTGTGCTAGCAATCAGCGAGACTCCCTGGGGTAGGACCCTCCGAGCCAGGTGCGGGAGATAGTCTCCTGGTGCGAGGATTTTTAAGCCGGTCGGAAAAGCGCAGTATTCGGGTGGGAGTGACCCGATTTTCCAGACAGGTGAAGACAGAACAAGAAAACAAACCAAGAATTTCCCCTCACCAGCCACCAGCTCTGCCAGCAACTTGATCTTAGACTTCCCAGCCTCCGTAACGCCTCTGCTTATAATCTGTCATGGATTGGAAAACTAGAAAAAACAGTTTACAGAGTATAACAAACTTTGGAGGAGTTAATCGACTCTAAGTAAAAGAGTATCTAGCACGGCTGTGGAACAAAGGAGAGACTCACAAACTGTTGAAAGAATAAATGAATGAATGAATTCTGTTCATGAGCTTTAATAAAACAGCTCTGAGTAGTAACAGTGGATCAAATTTAGGCTTCTTGATGCAGGCATGGTGTAGATTACTACTTCTGTATTGTCCCAGGAGCTCAGCACATTCCTGCAGAGATGATAGGAGCTCATCTGATACTTGTCAGCTTTGAATAAACTCCAGTCCCCAAGAGAGAGAATGAGAATCACCGGAATACGAAACTTCCCTGTTGGACTTCCCAACATTCTTGAATGCACCAAGATAGCCTCTTGCTGTGAGATTAATAAATGAATAAATGCCTCCATATTTTTCAAATCTGTGAAGTTAACAACATGTAGATTTTTTTGCATATTTAAAAACTGCAACTAAATCTTAATGCCTCTGAAGCAGATGGAAGAAAATAATAGGCTTCCATTAACTGTGTCAAATTGTATAGGTCTTGGCCATCACTGGTCCTGTTGTGATGAAGGTTTTTTGCCCTTGGATATAATTTAATTTTCAATTCTTCTAATTATGGTACTTCAGAACATCAATATTTGAGATGAACTTCTCTAGTGTCAAGGACTGATTTGAGTTGTGTAAACCCTGAATATCTGAGACAGGTCTCGATTATTTTAGAAAGTTTATTTTGCCA,False
720,-1461,5.539304,-5.700061,1.31462e-05,-0.06709534,-0.22752956,0.45997724,7.9986615,-7.7108316,1.5047125e-07,7.886728,-8.138697,1.0971002e-07,1.4768163,-1.445615,0.051055767,0.102209285,ENST00000429289.5,-1461,GGGAGAAAAAGGGCTCAGGACTGAGGAGTGAAGAGCTCCAGGGATTTCACTCTTCTTTGTGTGTGTGAAGGAAGGTTTATTTGCAAGATGGGTTTGAGGGAATTAAGGATAAAGTCTGCTGAAAGTAGCACCAGCCTCTGGATTAAAAGGGATGTTTGGATGAAGCTTCAATCTCAAGAAGAGGCAAGAGAAAACTAAAGAAAAAGAAGGCAGCAACTGCTTTCGGGAGCAGCTGAAGGCTGGAGATAACATGGACCTCCATGATGAGAGCTGGAATGAAGTACCAGGGCAAGGGAGCTGCCTGGATGAGGAAACCAAGGCTATCTCAGTACTGCCAAGGTGTTTTCATCATTCATCAAAATGCAAAAGTAAACACTGGTGAGAAAAACGATGTTGATCTCCCAGGCAAGCCACTTTCCAGGAGTGTGGCTGATTATTTTCAAATGCTGCATCGGAAAGTTGCAGGCCCCTTGGAAAATCTGTCACCCCTGAGAGTGATATTATTCTACAGAAACAACACATCACTGGATGCCTCTCACCATGCAATCCTCTGTGCACTTGAGAAGAAGACAAGACTCTCCTATTTTTAGATGGGAAAGCTGAGGCAAAACGGATGCACTTGGGCAAAATCATTTGATAAAAATGGAAGCTGAACCTCCAAGTCCTGGCATCGGTAGCTGCCTCATGTTCCTCCCGCCTCACTCCACCTCAGTGTACCCGCGACTGGAGGGTGCCACAGGCTGGAGCACACAAAACACTGTGTGCTTCGTGATTCTGATGTGGGGCGCCAGATCCGGTGGAAGGAGGGTGGCTGCGTGGGAACAGATGCTCGTGTCACAAGGAGTTGTCTCTTGTGGGCAAAGCAAGCTGGAAAGTGTTTCGATTTCTTTATTTTCATGCTCTACTCTTGGTGCTTCCTTCTCCTTTGCCCACCAATCCCCCCAATGCCAGGCTTCTCCTTACCTGGGTGCAGAGAGAGGAACAACTTGGAGGTGGGCAGAGAGGGACTCAGTTCATGGTGCTTGGAGGTGGGAGAGCTCCCAGGCAAAATAGAGAGGAGACTGTGGAGATGCCGTGGGCAGGTGTGGAGGAGAGGGAGAGCTTGAACGGTGAAAAACAAGAGATGGAGAGTCTGGGAGAAGGGTGAGCAGCCAGAATGGGGATTTCCACAGTAGCTTCTGATGAGCTATGTCTGGTCAGAACTATAACCTTAGCTTCCTTTATTTCCCTGGAGGGGTGGGGAGATAGGAAGGAGAGGAGTATACTAGTCTCTTCCAAAGGGAGGGCCAGAGCAAAAGCGTCCTGTGATTAATTACTCACCACAAAAACCCTCTTCAAGGCTGGAGACCTAGGAGGGGCTTGGCACACAGACAACTCCTCTGCAGCTGTTCAGAGAAAAACAGCTCTTCCCATCTCAAGCCGCCCACCTGCCCAGTGTGCTGTCTGTCCCACTGGTCACACACTTTCCCTAGAGTGCTTCTTGCTTCTCTCACAGCAATTCCCACCTCCGCATGCTGGACCAGGCGGCCCCCTCTAGATCCCATGGTGAAGCATCAGGTGCCCACAGGTCTAAGATGTCTTCATTTGTTCAATGGCTAGAGCAGGCAGCTGGCTGTCCAGATGCATGAATGAATTCCCTAACTCTCACATGTCTGCAGGAAACTGCTGTAGGAAGCCTGCACCAGTGGATTGCCATTCGGGCAGATCCTCTCAACTTTGAGAGCTTAAGGCTTGCTTTTGAGTATGTGATTATGATCCTGCCTGTGTGTATGTATGTCAGAATCATAGAACTCTAGAGGTCATGTTTTAATTAATTTATTCATTCATTGATTCATTAACAAATGCTTATTGAGTACCTACTATGTGTCAGGCTGTGATCTGGATACTGAGGCACAGATCAGTGAGCAAAACAGACCAAAAGCTCTGTCATCATGAAGCTTATATTCTAGAGAGAAGAGATATACTATCATCAAATTAAGTCAGTTATGTAGCATATTAGAAAGTGATAAGTCCAGTGGGGTAAAATAAAGGAGGATGATGGGGAATGTGAGGGGCGGCATGCAATTTTAAATAGAATGTTTGAGGAAGGCTTTCATGGGAAAGTGATATTTGGTGCAAAACGTGAAGGCGGTAAAGAGGTGAATTATGTGGCTATGTCGGGGATGGACATTACAGGCAGAAGAATTAGTTAGTCGGGGCTCTGAGCAGGGAGCAGGTCTGGCATGTTCCCATCCCAGCAAGTAGGCCAGTGTGGCTCTGGTGGAGTAAGCAAGGATGGAATTGCAGCAGGTGAGTCCAGAAGAGTGATAATGGACAGCCAGTTGGGGGTGCCTTCCAGGTGATTGTGGGAACTAGGCTTTATTCTGAGTGTGATGGGTAGCCACTTGGGGCTTTCAGGACAGGATGGTAAAAAAAGGATCATGCTGCCTGCTGTGTTGGGAACAGACTGTATGGGACCAGGTGAAAGCAAAGCAGTCAGCCTCAAATAATTCAGGTGAGGGAAAACGTGACTTGAATAAGATTCACTGTAGAAGTGGTGAGATATAAGTGGATTCTGGATATAATAAAAATATAGAGCCAGCAGGATTTTCTGATGGATTAGCTAAGGAGTGTAAAGAAATAGAGGAGTCAGAGTGACTTTTTTTTTCCTTGAGCAACAGGAAGTGGAGAGGTATCATTACCTGAAAGGAGGAAAGCCTCAGGTAGAGAAAGTTTTAGAGGAGGTAAGATCAGAGGTTTAGTGCAAGACATGCTAAGTTTGAGATGTCTATTAGATACCCAAGTGGATCTGTCTAATGGGTATTTAGACAGATCCACTTGGATATCTGTCTCAATGGACATGTGATCTACATGTAGTTCACAGGATAAGTCCAGTTTAGAGTACCAATTTGAAGTCATCAAATGTAGGTGGCATTTAAAGTGGTAAAACTGGACTGAGCACAGTGGCTTATGCCTGTAACCCCTGCATTTTGGGAGGCTGAGGTGGGTGGATAACTTGAGGTCAGGAGTTCGAGACCAGCTTGGCCAACATGGTGAAACCCTATCTCTACTAAAAATACAAAAAATTAGCCAGGCATGGTGGCACATGCCTATAATCTGAGCCTCTCGGGAGGCTGAGGCAGGAGAATTGCTTGAATCCAGGAGGCAGAGGTTGCAGTGAGCCAAGATCGTGCGACTGCACTCCAGCCTGGGTGACAGAGTGAGACTCCATCTCAAAAAAATAAATAAATAAATAAATAAATAAAACAAAAATAAAAAATAAAGTGATAAAACTGGAGATCACTATGAGAATGAGGATAGCTAGAGAAAAGAAGGGGTCCAGAAGGTTATCCTTGCTGTGCTCCAAGGTGCTTGAGTTTGGAAACATGAGACAAAACCAGAAACAGAGACCCTGGGAGAGTCTGTGGTCTCCATTTTTCCGCTGAGCAAACCACAGGCTTGTGTTCTGCCTATCTCCCACTTCGCACATGTACAGCATTGTAGAATATTTACATGGAAAAGGATTCTATGATATAGTAGAGTGACTTCCCCTATTGATAACAAACAATTATGTCAGTCCCTACACAACTCTTATGCTAAAGGTAATGGGGAGGGTTGAATGGTACTCATTTGGGCAGCTTTTTTTTGGCTATGTATACTTTCAGAAAGAATTTACCTCACCTAGATCACATGACTAAAATATAGGAATATTAATACCCACTGTGTCTAATTGGCAGATTGTTTTGAGATTTTAAATGAGATCTATTCATGAAAACATTTTGTTAATCTTAAAGCACCACACCAATATCACCTATTATATTGTACAGCCATGATCAACACAATTTCCAATCTAGAAGTCCCTCTCAACTTTTCCTGGGACTGAGCTTTCAGGACTTAGAGTTCCTTCTCCTTCTCATTCTTTTTCTGCGCATAGTCTCCCGGTAAAGTGAAAACCAGCTGAGAAAAGATTCGGGCTGGACAGGCCTCCGTGGCGATTAAGAGTCACGAATGTGATGATATTATTCGCAAACAGCAGTGTAGTCATGGTTCAGAATTTTGGAAACAGTGCCAGGAGGATCTTGGACATAATTTTCAGGGTGTATAAGCCCTGCACTAAAGTAAAGTTTACCAGTGCCAAGAGTTTGACGTTTTCTTCTTCATGTTTTCTTTGGCTGGAGCCTGGCTTTAGTTGAAGAGTTCTGTCAACAAATGGAATTCTCTATTTGGGACTGGGATTCTTGATTGGTGGTGCTTCTGTCTCCTCTTGCTGTGAGTTTCCTCAAACTTAGAGTCCTGTGGGATCTGTGTTTGAACAGAGACTGGAAATGCTTACCTCATCTCCACATTTCTTAGCCATTTGTCACCAGACTGTAGATTGACTGGTGGGATGCCTGTTTCTAGAGAGAAAAGATACTGCTTTTCTCTGACTCCAGCTGAGAAGAGGTTGGTTAAATTACGAATCTGATGACTATCTATGAACCTAAGGAGGAAAAGTTAATTTCTTTTGAGGGTTTGCATAATGTTTTAAAACAAATTTATAGAAATATAGATGATGGAAAAAAGCAATAGGGTAAACCTAAATTATTAAAAATAAATAATACATAGGAAATAAACAGCATAGAAAAGAAACAAAAAAGAGATTGTTACCAAAAACCATAAGTTTTTTTTTTTTTGAAAATTCTAAGAAGGTGGATAAATTTCTGGAATTTTCAATGAGCAAAAAAGTGAAAAGATACAAATGAATAAAAAATGAAAAGGTAGAAATTAAAATAGGTCTAGTAGAGATTAAAAATAATAAAAGAATATTATTAAAAAGTATTGGTGGATAAAATAGGCACATATCTGAAGATAAAAGCCGAATTGACCCCCTAAAAAGCAGAAAACTTACAATAACAATCATTAATGGCTTTGAATGGCTATGAAAAAATAATATCTCTGCCCTCTTCACTACTCCCATGTAAAATAATTTTACGGGTAGATTTTACCAACGTTTCAAGAGAGACATGATTCCCAAATATTATGTAAGTTTTTTCAGAAAA,False
721,-1075,1.1985412,-1.2316141,0.08090192,3.4581947,-3.2595425,0.001207811,5.097357,-4.934046,4.399447e-05,0.6590682,-0.8956957,0.17439929,0.36165202,-0.71605474,0.25394022,0.10209866,ENST00000586232.5,-1075,GAGGTGGGCAAGTTAGTTGCTCCAAAAACAAGATAAAATGATTGAGTTCTTTTCTCAAGCGGGAGTCGGAGTTTATCTGCTCTGAGAGCCCCAGCAGCTACTATTAATGAGTGTCTGGAATATGTTCCTGGCATTTCACCTACCCTCTCTCCAATCCTTCCAAGAAACTCACAAAGCAGGGCTTTTTCTTGAACTTCTCTTCCTCACAACAGTTAAATCATCCATTTAAAGATGTCAAACAACCTCCGTGTTCTAAGATGCTGGACCCCTGAATATGGAGGGCCAACTACACTAGAAACACACACGCTAGCTGAGAAAGATGGTGGCTTAAGGGACACAGCATGTACAACCTCACATAGAGTTCCTGACCAGACAAGACTTGCTGGAAATTTCCCAGGATCTTCCTTCCTTAAGCATCCATCATGGGAAGCCACCTTGCCCTAGGGAGAGCTCCTGACCTAGGGTCAGGAATATATTAAGGAAGACAGCAATTAATACATTCAAAAATAATAATAATTACAAATTATGTCTCTGTGTTAGGAAAACTTGGATAAGCAGGTCCATAGAAATTCCTCTGCTAGCCCTGTCTCCTGGAATTTCTACATAATGGCATATCCTCAGTTTGAATAGCTCTCTGGTTCCAGTTTGAAGCTGAAAAGGTTAAATTCTACCTGAAGGATGAAAACAACCAACATTCTGTGCCA,False
722,-265,1.689286,-1.7444727,0.031256918,4.6680074,-4.775866,7.916688e-05,2.6382582,-2.308533,0.0070560332,4.053427,-3.949299,0.00033443735,0.12463653,-0.025235236,0.46260205,0.10026572,ENST00000588784.1,-265,AGTAGCATCTTAGCTGCTTCCGGCCGCTGGTCGCAGGGCTGCGGGACTACAATCTTCGCATGAAATGGAAGAGAGGGTGGTGCGGATAGCTTGAGGAAGGTACGGATACCTTGAGGGAGGTATGGATACGTTGAGGGAGGTACGGATACGTTGAGGGAGGTTACGGATACGTTAAGGGAGGTACAGCAGCGGTGCGCGCCTTGCAGGGCATGCTGAGAGGAACAGTTTTTTAACTGCTTCTGGCTGTTGGTGGCAGAGCTGCGGGACTACAATCCCAGTATGCTACGGGAGTGGGGATGATGCTGGTCCCTTGAGGGGGGGGGGCAGCGCGGTGCCCTCCTGCCGGGCATGCTGGTAATAGTGTCTTAGCTGCTTCCGGCCGTTGGTCGCAGGGCTATGGGACTACAGTCTCAGCATGCGCAGGGTTCAAGGGTGTTGCGCAGCCCCGCAGGGAGGGGCAGGGCGGTGTTGACCTCTGTTTCCAAACCCATGCTGGCTACTGAATCTGTGCCACCCCTGGCTAAGGGGAGTGAGTCCATAGAGGGACTTGAAGGGCAGGTCTGGGCTGGGCAGTGAGGAGAGTATGATACTGCAAAGTGCGCCTCGCCTTTGCCAAAATCGGTCGGGTCTCAGGCTCACCCCACCTCCCGCTGCTCAGTTCCGTTTCCCTCCAGAGCATCAAGCCTCCTCCCGCCCAGGGGGCCTCCTGCTTTCCTAAGCTGCTGTGGAATCGGCCTGAGGTCCCAGACGCTGTCCATTGTGCTGCTGCTCTCTGCTTTCTCCAGCCAGAGTGCCAGTTCATCCGCTTTTGGGAGAACTCCGCCGCCTGGCCTGCCCGCGGAAAAGGTCACAGCTTTGCAGGGGGTGACATGGGCTATGGCTTCCTGGAAATGTCACCCTCACTAGCGCCTTTTAGATAGATGTGAATTTTGAGACATGAGGGAGAGTAATTATTGGTTTACCCAGGAGATGCTAAGAGCAGAGGAGAAAACCCTAATTTCCAGGCATGTGTCCTGAGCCAGGGACAGGCTGGCCAGACCCTAAGCCCCCAGTGCCGCCAGAGAGCAGCCTACTGCCCTGATTTGTGTGGAATCCCCTTCGTGCTGCTGGGCCTTAGCGTCAGGGACAGCCCAGTCAGGTGAAGGTGGGGATGACCCATGGGCTTCTGGAAGTGGGTTGGTGGTCCTGGGAGGGCCAGCCCATCCCCCCTTGGAGAGGGTCTTTGTGCTGAAGGATGCCCACAGAGGCCTGGGTACCAGGAACACTGCTCTAGGCAAGGTGCCTTTCTTCCAGATTTGGCTGAAAGGAAGGAAGACTTGGTCAGCTTTTCCACCCAGCCATCTGGCCCTTACAGGGCTGCTCCCCATGGACCTGGGTTTGTAGAGTCCTCCAGGGCTTTGTGTGGCCCACTAGTTCTGATACTGAGGACACCCCTGCAGGCTGTTAATTTCAGAACAAGGGGTGTGTGCAGACTGGGGCATGGGTGCTGTCAGGGTACCCCAGGCTGCTCCAGGGACGGTACCCCAGTGTTCAACTTGGCTTGGGGCCCCCTGCCTCATGCCCTTACTCCAGGGCTGCTTGGCCTGGGCTTGAGCCATGGTCCAGAACTCAGGTGGCCCCATTGCCACCTAATATAAGGGCCTGTCTCCACAGTGGGTGAGACGCCCCTGGGCACTGGGCTCTTCAGTCATCCAGGGCTATCCACTCCATGGCATGAGTTCCCACATTCAGCTGAACTCTGTCTGGCTCTGGACTGGGGTCCCTCCTGTGCCCTTTCCCTGAATCCTCTCTGGGTCCGAGACACTGATCCTCTTCACTCTCTGGCTTAAGGCTTGTTCTCCTGACCTCCTTGGAGGGGTGCTCAGGATTGAGGACCCCTGCTGTTCTCTGGGGCTGTTGGTACTCGGAGGTGTGGGTGTTGGCTTGCACTGAGAAGTCCAACCCCTTCAGTGCCCTTCAGGGGTCCTTTAAGAGCAGGAGTGATAGGGTGTGGGGGAGTGCCTTAGAGGGGTCTTGCCCTCATCCCCTGCCCTGTCTCTGAGACGTGTCCAGTAAACCTGAGGTCAGCACCTCAGGAATGAAATAATGTCTTTTGCAGCAACTTGAATGAAGCTGGAGGCCATTATTCCAAGTGAAATAACTCAGGAATTAAAAATCAAATGCCATATGTTCTCACTTATAAGTTGGAGCTAAGCCATGCGTATGCAAAGGCATGCGGGGTGACATAATGGACTTTGGAGACTCAGACATGAGGGTGGCAGGTGGATGAAGGATGAAAAAACTACCTGTTGAGTACAATATATACTACTCAGGTGACAAGTGCACTAAAATCTCAGAATCCAACACTATATAATTCATTCATGTAACCAAAAACCACTTGTACCCAAATGATATTGACATT,False
723,-401,15.170036,-14.890604,8.807036e-14,5.054525,-5.1889753,3.558681e-05,0.089443535,0.089859545,0.500104,3.430964,-3.4879286,0.0009879471,7.509504,-7.5353293,2.9249057e-07,0.10022557,ENST00000507826.1,-401,CCCTCTGCCCCTCCGCCCCTCCGCCTGTCCGCCTCTCTCCTTCTCCCTTGTTCCCTCTCTCCCTCCCTGCTCCCCCACCTCCCTCCCGAGTCGTAGACTCCCTTCCCCCCGGCGCTGGGAGTCTCCTTCCCGCCCCGCCGCGCAGGTGCGGCGACGGCCGCGTCACTGGAGAGTGTGTCGAGTCACAGGCGGTCTTCCGCGCGGAGCGTCCCCGGCGGACGCTGCGCAGATGGCTGCGACTGTAGGATTCTTGCCGGCTAGTCTTCGTCGGTTCCGCCTGCGTCAGGTTACTCGTGAAAACTCGAATAAGTGCTATCGATGTGAAATCCGAGGAAAAGAGCATTTGGGGGAAAAGTTATTTCCTTCCAATCCCATCCCAAATGGAGGTTGCAGCAGGGTAGAGTTTTTGGACAATCTTGTTTACTGCTGCATCCCCAGTGTCAAGAAGGCTGCCTGAACATAGAAAGTCTTCAATATATATTTGCTGAAATAAAAGTAAAAATTCAGTCTGGTGTCTCCATAATCACAGCCATGGCCTTGTAAACAGGTAGTGATGCGGACAGAGCCATCTGTGCTGCG,False
724,-330,0.16031045,-0.068032324,0.44316104,2.4312863,-2.7198598,0.0057594003,3.8936012,-3.7873862,0.00046130607,1.508825,-1.4450305,0.049554605,3.782868,-3.982247,0.000424101,0.09987209,ENST00000452057.1,-330,ATTGGCCATTGTCTCCTAGGTTTCTTATAGTCTAGAATAAATCATTTTTCATTACATTGACTTTTGACAGGCTGGACCAGATGTCCTACCCTTTTGGAATTGTCTAGTTATTTATTTGTAGTATGACATTTCTTTATTTTATTCCTGTATGTACATCAAACTTGAAGTTAGATCTAAAGTGTCAGTCAATTTAAGTGAAACATTTTATATCTTAGGTAATGTATACTTCATGTTGCATCTTATTAGATGTTTTTAAAGCTTTATATATATATATAAGTTGAATCTTGTTGACTTTCTCAAAATCCTGAGGAATCTGCAGTGCATCAACATCTCCACAGTAGGTACCATAAATGGTTAACAGTTTCTGTAAGGCAACTTTGCACTAGCCTATTTTGAGCATAGAACACAACTTTGAAGATTAAATCCCATCCAGGGACTGATTGGTAGAAGACAACTAGTCAGGGAACATAGGAGGGAAATACTTAATTGCCATAAAGTGGGTAGATACCAGTCCACAAATAATTCTAAATTAACTACGAATATGCTGTTTCATGTTTGTAGACTCATAGATGTTTTGTGTTATTAGTGGCTGTTCTGGATTATAAACTCCCATGAGAGGTTATTTTAAAATCAGAATTTTTAATTTTTAATATTTATCACTACTGCTTATATCCTCACTTTAACCTACCTAATGCTGTTTCACTCAAATGTCTTTTCTTTCTTCCCTGTAACAGTTGTGCAGAAGATTCTGACCTTATTTGAGGCTTACATATAGGTTTGGAGATGTGGAAAGGAGTGGAAAAAGAAATATGTAAGCTGAAGTGCCAAACTCACACTGAAATAAAGGGCATGGCCTACCAGCTGACAAGGAGTGTCTGGTTTCAAGATGGCAAATGACCCTAAACATGATAGACAAATACGTTTTACATAGGTACATGCACAGATAGGCACATATAAATCCACATTTGCAAGCAAAAAGTGGAACCTGTAAAGCAGAATTTCTGAGGAATCTCTAAAAGACTAATACTATATGGAATTTGAAGAGGAAACCCAGAGCAGAAGCACATAGTGAAGTACTGCCACAAAGATGTGTGACGCCACTAAAGGTGCTCTAGACCCACAAGAAAGGAAAACTGGGAGCAGGACAACTATCTGGATATTGACTGCACATGCCAATATCTCAGTCAGACTAACAGAATCAGAGCTTTAGGCAGAGAAATGAATGGTTGGAGAGAGAAGGCAATGCCCAGGTGCCCTGCTTTGAAATGTCCCGCCCATCCCCAAATTAGTCTGAAAATTTCAAATGTTGTATAAATTCCCTTCCCATCAAAAGTGTCCCATAAACAGCAGTGGTAGAAGAGTTTTAACTGAGTATCACAGCTTCAATGATGAGTATAGAAAACTCCAAAAATCTGAATACCAACACAATCAAAAAAGAGGTACAAACCACAAGTGGAAGAACCATCTCAAGAAATAATGAAGCATTCATGGAATACAGATTAGCAACTCTTTAAAACAGTATTGCCAAGAGAAACAGATGGCATTGCAGTTGTCAGATCTCATTAAGGTCTTATATCTGAAACAGTTCCACTGTCTTCCATAACTTTCATAACTTTGAACATTTTGGCTCATAGGCGAAAGGGAATTGCCTTATTTCGAATGAGACTTTGGACTGTGGACTTCTGAGTTGATGCTGAAATGAGTTAAGACTTTGGGGGACTGCTGGGAAGGCATGATTGGTTTTGAAATGTGAGGACGTGAGATTTGGGAGGGGTTGGGGTGGAATGATATGGTTTGGCTGTGTCCTCACTCAAATCTCATCTTGAATTCCCACATGTTGTGGGAGGGATCGGTGGGAGGTAATTGACTCACGGGGCCAAGTCTTGCTGTTCTTGTGATAGTGAATAAGTCTCACAAGATCTGATGGTTTTAAAAAGAGGAGTTCCCCTGCACAAGTTCTCTCTCTTTGCCTACTGCCATCTACGTTAAGACATGACTTGCTCCTCCTTGCCTTCCACCATGATTGCAAGGTATCCCCAGCCATGTAGAACTGTAAGTCCATTAAATCCTTTTTCCTGTATAAATTACCCAGTTTCAGGTATGTCTTTATCAGCAGCATGAATATGGACTAATACAGAAATTAAAATGATGCCTGACACATAATTGCTTAATAAATATTAGCTATTATTATTTGACATT,True
725,-549,7.156912,-7.3100467,5.2128996e-07,4.3837247,-4.495785,0.00013919298,0.09574512,0.09115207,0.49885175,4.471768,-4.508205,0.00012589042,4.6076026,-4.6966553,9.102745e-05,0.09984167,ENST00000415386.2,-549,GACGCACGACCGACTGGTCACTTGCTGCCACCTCGCAAAGGCGCATCTCTAGTCCAGTGGTGAGCTGCGGCCGGGTCGCTGCAACTCGCTCCAGGCCTTCGGACTCGTGGCCTCGGTGTCCCTCGCGGAGCCCTCGGTGTGTCGCTTGCAGGCTCTTTTTTTGAAGAAAGCAGGGAGGGAATGGCCTTGTGAGAGACTCCAGGAGCAAAGAGCGACCCTCACAAGGCCCAAGTCCTCCCAGAGCTCAGGGAAGCTGTCGCTTCTGACAGAAGAAGGGAGAGAAAGCTCCCTCCTGTGTGTCCCTGGTGGTCTAGTGGCTAGGATTCGGCGCTTTCACCGCCGCGGCCCGGGTTCGATTCCCGGTCAGGGAATTGTTTTACACTGGCCGCCCTCCCGCAGGAATCTTCCTTCACTACGCTGTCAGCCGGCCTGCTCCAAGGGCCAGAAGCAGAACAGTCTCCGCAGCGGGGTTAAAGCCGGGCGAAGGAGGGCAAGTGCTTGTGGACCACCTCTCACGACACACCGTTCCTATTTGTCTCCGTGTCCGTCATCCGCGGGAGCAGCTTTAGAGAGCGACTGAGCTTCTCGCTCAGGTGTACACAGCCCGGCAGAGATGCCAGCCCCCGTGGAGCTGCACCCAATAAGCCCACCTTCTTTCCCGTCGCCACCCCGGAGACGCCCATCGGGCTGAGCTGCGAATAACTAAGAGAGAGGCCAAGCCAAGTCGTGGCGTTTGTGGCAGCCCCGGACACGGGCACCAGCCAGTCAGCGGAGCCTCCTCACCTCCGTTGCCAGCGAAGGCGCTCGTTAGGCCTTGGGAAGAGGCGACCGGAGGCGATGCCCGCGAATTTGTTAGGGGGGTAAGCGGCGGGTGAGGTCCTCGAGGGCGGTCCCGTTTGCTGATTGAGCGGTAGAGGGAGGCGATGTTCGCTGACCCAACAAGGACAGCAGGTGGAGTAGGCACAGACGGAAAACTGCTGCCGGTGCCCTAAGCAGAAGGCAGGTGGAAAAATCAGCACTAGGACGTCGAAGCGATTGTACCACAGTCAAATCCCACGACGTCTACACTCTACCAAGCACTTGCGCACGCTCCCCCTTTTCCATTCAGTACTCCCAAGAGGGGTTCGGAAGAACCCCGAGTCCACTGTAAGCTCAGGGGAGAGCGGGAGCCAGGGAGGTGAAGTGCGCAGACTCGGCAGAGGCGGCGGGCAGAACCGCGCGGGGGGGAGAGACCGTGGTCACGAAGGGGGTTCTCCCAGAGTGAAGCTTCTTCATCTCACTCTAGAGTTGCTGATCCCTGTGATTTCCTCCATGTGGGAAATGGTGTTTGTGGTAGAAGAGGCTGCGCTCTTTACCTGACATAACGGGGTTCAAGACTGACAACGCCTCACGCCCATCCAAAAACGTTTACATGGCTTCCTTGTCTCTTTTTTTTTTTCTGTCCTAAAGTCGCCTTATCTTCACATCCCCTCTTTTTTTTCTTCCACACTCGAGAGTGTCTCTCTCATTAAAAGCTCCACCAAATATTTGAAATATCTCAACCAGAAA,False
726,-91,2.1484945,-2.0966768,0.014130735,-0.1882993,-0.29456845,0.4734577,5.9577565,-5.468768,1.0902309e-05,2.4974024,-2.5941622,0.006110821,2.644175,-2.676841,0.0048640096,0.09971483,ENST00000602322.1,-91,AAAAATTTTCCCATTGCTGGTTTTCCCATTTTCTTTTTGACCTTCCCACCTACCAGTCTTTGTTCCCCCATCCTTGACCCTCTTCTCCATGTGGATACCGTTGATACACTTTTAGGTTTGAATATCACCTTCCTTTTAGAATGTTCCATACCTTTAAGCATTTGATAAAAGCTATGGTGGTTTCCCCAGAAAAATGTTCAACAGGAAGTTTTGCCTACATTTTTGGATTCACAGACCTCAGTTCCTATGGCAGTGTTCATATACGTAAGTTCAGCTGTTACGTGTTTACAACTCAAATCCAATGGCTACCAGTTTTCCCACTGGACCTCTCTGGATTTAGCAATCTCTAAAATTGTATTCACTTGATTCTTAAAAAAATAAAAAAGCTTAAATGCAGATAGGATGTCACCCTGTTTAAAATTTCTAGTGGCTGCTCTGGTCATCAGTTTAATAAAAATTCCTTAGCATGACCAAGAAGGCTCTTCACTACTTAAAAATAAAGGCTGGGCACGTGGCTCATGCCTGTAATCCCAGCACTCTGGGAGGCCAAGGCAGTAGGATCACTTGAGCCCAGGAATTCGAAACCAGCCTGGACTACGTAGTGAGACTCCATTTCTACTAAAAAAATTAATGGCTCATCATAATCTATTCAAAACTACTGAGTTTTAACCATAAGAAGTCAATTTTTGAAAACACAAAAGTATTTTAAGCCTTTACATTTGCTGTTCATTTTCCAAAGATACCCTTCCCATCAGTATGGACTCCACTCCTGGTTATCCTCCAAGACTCAAATGTCACCACTTTTGTAGAATCTTCCTTAGCCACCTTCCAGTAGTTTGGTGTGCTTATTTCTATCCTAACAATCAATTTGGGGGTATCTTTTAAAATTGCAGAAATTGTATGGAATTAGAGGAAACAAAGCCACGTTCAAATTCTTATAAAAATTTTAAAGTGAGTGGCTTAATTTCATCTGTAAAGTGGGGACACCATCTACCATGTAGTTATTAGATGTGAATACCAGAGAAAATACATGTAGAAAGTGCTAGTGCCTGCCACATACTATGTGCTCAATAAAACTCAGTGTTTTATATGCCTATCTCCAATAAATGGCAGAAAAGACTAACCTGTCTCAGAGTGCCTGGCTCATAGCAAGTACCATGTTCATGTTTCAAAAAACAGATGAAAGACAACAAGAAAGTCACATTCTAAAGCTTTTCAAGAAATAAAGAAGTACAAACAAAGTTTCTTCATCATTCTATTTATTACATGTATGAATATTAACATCTCATGGTGTCCATCTAAGTCAAAACCAACAAAAGAAAAAAGTTAACCATATCTCAAGCAAACATTCTTACAGATTCCCGTTACTTAAAATAGAAATATGTTCATCTGCATTAAATCATTTGACAATTTGAAAAAGTCTTTAAAAAAAAAATCACCTTTAGTACTTAAATATATTTGTTAATTGTTTGATGGCATCAGTGTCCAAGTTCAAGAATAAAACTTTGCATCATTA,False
727,-409,8.485537,-8.699376,3.441017e-08,-0.03991136,-0.07384962,0.49151626,2.6017725,-2.442899,0.006402322,9.701251,-9.898047,3.0770377e-09,5.8023543,-5.893109,8.3314635e-06,0.09958539,ENST00000505401.1,-409,GATGCTGCCACCTAGGTTACTTGTAGGACCCTATACGGCAACCTCCTTTGCCAGGAACTATTTATAAACATCCTGCAGGAAAATGAGTCAAGGAAGCTTTTCTTTTGAGCTATTTACAGCTTTTAGCAATTGAGTAAAGTATACTCCTGTGAACAAAATTTGGAACATATTTGTTTCTCTCTAACTGATTTCTCCAGAATTTGGAACTAGTTAACCAGGAACCCTCTCTTGGGGTGTGGATCGAGACCCCTTTCTGGTAACGAGAGCACAGCTTGGTTTTATACATTTTAAGGAGACATGAGACATCAATCAACGTATATAAGATGAACATTTTGATCTGAAAAGGCCTCTTTAAATATACACTTCTCTGTAGTGTATGCTAGAAATGGAGTGGCTGGAATAAAAGTGGCTGAATCATCTTCAACTCTAGTAGCTGAGACCAATGATGCTGACCTCCCTCAAAAGCTGCATTTCTGAATTTCTGAAGGCAAACTGTCTGCCTATATTGTACAGCAAAATAATTTCCTGTATTAAAACGTTTTTATTGCTCTAAATTTCTAGATTAAACTCTGCTTAGGTATTGCTAAGAGGGTAGCCAAGTATAGAAACTTAAATTTACTGACAGAAATCTAGAGAATGCTTAATTTTTTTTCCAGCAGTGAAGTAGAAGAGACAGGGATATCCCAGAAGGT,False
728,-399,0.0904029,-0.22466868,0.42187732,1.460462,-1.535765,0.047596615,5.305592,-5.090431,3.055283e-05,2.0951173,-2.0809953,0.015125791,2.789987,-2.6876972,0.0041616056,0.09775837,ENST00000510655.1,-399,TAGGAATTCTGCTTTAACTTGTTCCTGCTTGTGGTGCATACTACAGAATGAAATTAACAGCTCTAAATACTCTGAAGTCCAAAGAAGTTGTATGTTGGGTGGGCTCCCTTCAACTTTAACATGGAAGTGCTTTCTGTGACTTTAAAAGATCTGGACTTACCTCAATTGCTTTTGCTGCTTGTTCTTTTGTTTCAAATTCCACAAACGCAAATCCCTTTGGATCTCCAGTAGACTTATAATGTGGTATACTTATATAAACAACATTGCCACATTTCCCAAATACTCTTTCAATCCAGCTGTGATTAACATTTTTGGGAAGTAACTCCTATTATAAATTAAAAGCAATATTAGAGTTTTTCACAATCAGAATGTCAATAAATTTTTAACTTAATTATATTGTTTCTGTGCCAGTTTCTGACTGGGGACCCGGGTTCTTAAGCTTACCACATACACTGTGCGTTCATCCTCATCCTTTGGTCTTTCCCCCAGAGGTTTTTTCCTCCGGATTCTGGTGCCTTCCAAATCAAGCTTTAAAATAGTATATTACATTAATAAAACTAATATTATTTATAATTGTAAGCTATAATCATATAATAATCATTACGTTAACATTCTTTATAATTATAAACTATAAATATAA,True
729,-537,-0.085206985,-0.14728504,0.48448542,5.481272,-5.3853707,1.9083967e-05,5.3230023,-5.107561,2.9515573e-05,5.5013566,-5.7640347,1.2808467e-05,3.8051353,-3.6438801,0.00058167573,0.0970257,ENST00000602532.1,-537,ACCACTCCCAGGTTTCGTCACTTCATTCCCACCCCAGGAACATCACTGTCCATGATGGCAGTCTGCCCGGCAATCTGGCCTGTTCCCAAGACTGGCGTTTCACTCCTCGATTGCACCTGTAACCAAACTTGGTGATCTCCTGCAACTGCTCTACCTCTGGTTTCTCCTAACATACTACCCACAGCAACCTCAAACAATGAAGTTTTGTACCATTATAGAGTCCTCTTATTGGAATGGATTAGAGGGGAAGGAAGAAACTTAATAATTTTGTTGTAAGGATTACAAATACACCTACATGATAAATTGGGGGCCGGGGAGGATGGTCCTAATGTGGTAACTTGGGTCAAACTTGCCAGTGAGTCAGACATGTATTTGAGAAGTGCTGCATCTCAGACAGCTTAGATGCAAGTGAAGGAGATACACTTTGAGAAATGGACTGTAGATACCATGAAGACGTTGATGTCCAAGATGCATG,False
730,-1072,1.4670367,-1.4502549,0.05130536,3.6791096,-3.5013366,0.000760749,4.7772493,-4.6172667,8.317205e-05,0.3007966,-0.54211044,0.30092287,0.7806574,-1.1113832,0.13101196,0.09681682,ENST00000602418.5,-1072,ATGTACAACCTCACATAGAGTTCCTGACCAGACAAGACTTGCTGGAAATTTCCCAGGATCTTCCTTCCTTAAGAGGAATCAAAAGAAGGAGGAAGAATAGAATGATTTGGAGGAAAAGAAGGAGAAAGTAGAGGAGTTGAAAAAAAGGAAGAAAAAGAAAAATGCAGAATCCTTTGTCAATCCAACAGAACACAGCAAAAAAGCAAAGAAAGTGAAAGCATAGATTTGCTTGTAAGTAGATAATGCATCATGAGCATCTTCTCTATTGATGAAAATCTTTCGGTGTTGGGATCTGTTTATAACTGCATCATCACAAACATGATCTAATCAAGAGTCACTCCTTGCAGTAATGTTCACGTTTCCTTCGTCTCTGAAAAGATATCCCTCTAGAAACCCTGTTTCTACTACAAAAATTAGCTGGACGTGGTGGCGGGCGTCTGTAATCCCAGCTACTCTGGAGGCCGAGGCAGGAGAATTGCTCGAACTCA,False
731,-1030,4.1766043,-4.1978445,0.00023063378,-0.089952946,-0.16812196,0.4804677,5.642324,-5.51071,1.4331531e-05,3.6581857,-3.7048213,0.00063388614,3.0137568,-3.1254885,0.0021519107,0.0966997,ENST00000505541.1,-1030,GAAACTTGAGGCTAGGCTGACCCCATGGTTGTTATGATTAGAAATCCGAGGCCACTGGAAACCCGGAGCTGCTGACCAACGAGTCACAGGGTAACTTCGCCTTCGCATGGGGAAACGGGCTGGTGCAGTGGTGTCATCTTGGCTCAGTGCAGCCTCGACTTCCTGGGATCCAGCGATCCTCCCGCTTCAGCCTCTAGAGTAGCCGAGACCACAGGATTTGGAAGAGGGCAGGAGAGAAAAATGAACTGCAAGACTCCAGCACAAGAGGTGGGATTGCTGGCAGATGTCTGCTCCCTCTCCAAACCTAATGAACATCTCAAAGTGCCATCCACTTTCCTATACCCTTGATCTGTGAAATGGATCACTGACGCTTTCTCTGTCTTTCCGGAAATGCAAAACAGG,False
732,-1378,2.4574015,-2.6746361,0.005869858,0.28618252,-0.3562695,0.34469247,3.4327252,-3.047328,0.0015313807,0.9427637,-1.1561909,0.10919846,2.0417724,-2.3192914,0.0126039125,0.094779216,ENST00000432735.5,-1378,CCGGGAGCCCGGCCTCGTGCGCCGCGCTTTGAGGACTTCCTAAAGCCAGTCCAGGAGCACAGTTTTTACCTGTTCAGTGGCACATATCTGTGATTGAAACTCTGTTTTTGCATCTTTAACCACTGAAGGAAGAATGCAGCAGACTGCTCGACAAACACTGCGCCAAGAGCTCCTCAGCAGAAGCTCCTCGCATCAGATCCTCTGTGCTGGGAATCCTCCCCTCTTGAGCACACTCTGTGCTCCTCTTCCAGTTACGGTGCATGTGAAGCAATGGTATGGGAAAATTGTTTGCAGAAGGATGAAAAGGCTTTATTGCCAAACTGTAAGTACATGATTTGAAATGTTTATGGTCAAGAGAAAATATTTCTACAGCATCATGTAAAGCATGTAGATACATTTGCACATGTGCATTAACATGTAAGAACATGTGCCTCAGACACATGTGCCCTCCTGGAACAGCTCATGCTGGCCCCATGCCTGCTTCCAAGCTTCCATCAAGTCAGGGAGTGGAGCAAAGAGGGAAGGCAGCCCCTGCACTGTAGGGACCCTTATGCACAGAGGCATTGAGACTGCCTGTTCCTCTTGGAAGCTTCTGCTCTCAAGAGGCAGCTAGGTTTTTGGAGCTTCTCTGCTTCATGTCTTGCTTCCCACCCTAGGGTTCCAGATTCTGTTCTTCCCTAGTATTGGCAAGGTTTTTTATAGATAGCTCTTGGATACATTTGGAAGTAATGTTTACAAATGGTGAGAGAGAAGGCATCTGACATTTTTTTCTAAACACATGCCAATGTTTGTCTTTTCCCCACTAATTTCAATAATTTGGCCTAACACTTTTGTCACATATTCTGACTCTTTATTCTGATCCATTTATCTACTCTGGCATCCCCACATGGTTTTAAGTACTGGAGCTTTACTGTATGTCTTGGTATCAGGCCAAGCAAACCATGTTAGTCTTATTTAAAACTTTCTCAGCAATTGATGCATATTTGTTTATCCTGATGAATTTTAGAACTTACCAGTACTGACATCTTCACAGCATTGTATCCTGTCAACAACCTAGTCTGAACCTCAATGGTTCAGGTTTCCTTTGCACATACAGGCCCTGAGAACTCATATGTTAATGAGAAAGACATTCCGGGAAACCAGGAGGTGAGGAGACCAAGGATTAGGCTCCACTCCTATTATGAAGATGAACAGTTTTTAGAGTATCATGGAGTTGGAGAAGGTACTTCAAGGATCTCTATGGGGAACAAGAAGGAACAGCAAAGTTCCACCATCCTGTGCCCTTTCTGTTCAGGTTTATTGTTGTGAATGAGAATTTTTTTTTTTTTAACATGTTGTGGATCTATCTATCTGATCACCTTATTGAACTGAGAATGGTTCTATGGACTTGACTTTTCTTGGACTGACAACTGTACTGTCTGGAAATGACAGTTTCTCCTTCCTTTCAGTATTTGTGCCTGTCTATCCCACATCCCTGTACTGGTCAGGATTTCCAGGACAATAGTGAATAATAGTCGGGACAACAGGCTGGTTCTGATTCCACTGTTCCTAACATTCTACCAAGAAGCATGTTTTTTTTCTATTTTGGTAGTTTTATGTTAGGTAGCCTTATCAAGTTAGGACTTTTTTTTTTTTTAACCCAAGCTAAAGAAAGTACCCAAAATAAAGAAATTTTATCAGGAACAGGTATAAATTTTAAGAAACGTATTTCAACGCCTGCTAAAATTACCACTTATTTTTCTATTATGGCAACAAATTACATTAATAGATTTTCACTGTTATTGTTTATCCTGGGAGAAAGCATACTTGTGAACTTTTTTAGGTACTGTGCTTTGGAACCAAATTTGGAAGTGAGATGAAATGTCAGCTGTACTCTCCTGGTTAGGTATGATTTCAGGGTCAGGTATGCCTGATAAATGAAGTGAGATGCTTTAACTTTGTTCTAGAATAGTTTCTACTGCATGGGAATGATCTGTTCCTTGAGGATTTGTCACAGTCTGCCCACAGTGGACTGGATTTGGCATGTAGGATGTTAATTTCTATTTACTTTGCAAGAAAAATACAGTTTAGCAAGCAACAGAAACATACTGAACATGAACCTCACCGTCCCTCTCTCAGCTGTAGCTCCTTCTGCGTCTGCAACCTGGCTTGTTCCCACGACAAAGGAACATCATATTTTTTCAAATCGTTTTTAAAAAAATACACACATATCTGACCATCTTCACTCAGCGCCTCTGAGAAAACAATACAAAAACAGATAAAGAGGCCAGCCTGGCCAACCCTGTCTCAAAAAAAAAAAAAA,False
733,-464,2.4530299,-2.425106,0.0075536985,1.9558302,-2.3403053,0.013438056,2.1590836,-1.8899179,0.017140843,1.2995101,-1.1621792,0.07858792,0.1975609,-0.39209884,0.35671294,0.09468669,ENST00000517774.1,-464,GAGGTGTGGGCAGGAGGGAGACGCGCCAGGCAGCAGCCAACGGGGTGGAGTCCCCGGGCCCAGCCTCCTGCGGGAGGGGGCTCTGCTGCCTCCAGGCCCGGGTCGCTCCTGCCTGGCCCCGGGGACCCCGTTCTTCCTCCGACTCCGACGACGGGCTCCTCCTGCCCGGACATGCCCCGCCACAAGTGACCCGGGCCAGGCACCCCCGCCGCGTCCCCCTCTCTCTCTGCCCCCTCCCGGTGCCAGGCGCGCTTTTCCCCAGGCAGGACCGCGGTGGGGACTCACCTGCAGCAGGACCCCGACGACGACAAACTTGAAGGTCTTGTGGACCCGGAGCCGAGGGCTGGCTTCCCGCGCCGGCCTGGGTCCTGGGGCGCGCCCTGCCCGGGCCCGGGCACTGGGTCCGTGCTGTCCCATGGAGGTCTCCATGCCAGTGAAATGTCACCTCAACTCCACCGTCCCTGGTGTCAGGCAAGCCCGAGGGACCCAATTCTGCCTT,False
734,-1128,0.30083907,-0.25732845,0.36397156,3.7058778,-3.778215,0.0005616372,4.2115893,-3.821376,0.00032447884,5.390111,-5.4128547,2.033869e-05,1.117972,-1.084307,0.09954602,0.0928848,ENST00000578968.5,-1128,TCCACTGAGTTGACACGCAGACGCAGCCTCAGGACCCTAAACTCTACGCCCCAGCACACCCTACCAAGCGAGCGCCCGCGGCCGCGTGACGTCATCTACCCCAAACGCTGTGGCCCCGGCCACGCACGGCTTCGGGGCGGGACTACGCGGTGACGTCGAGGTGCGCGGCGCAGCGCGCGGCGTCAGTCTTGGCTGGCAGACCTGTACTCCGTACTCCGTACTTCGTAGTCGCAGCGGCGCGGTCTTCGGCAGTCTAGTCATCCACCGCCATCCTGGGCCCCACGTGTTGCCTGACCATTCCTGAGCCCAGGTGGGAGCCGTGGCTGAGGTGACGGTCTCAAAGTGGAAGAGCTTACTGTCACAGCAACTCCTTTGCAAGATGCCCCGGCCAGGAATAGTTGCTGAACACCCCAGGCCTGCTGAGGTCCCTCCTTGAGTCTCATGTTCAAGCAGTCTTTGTCCATGAAACTGGGAGGCGACCGTGTTAGCTGCCAGTTCCTGACAGCCACCTCTCACCAGTGGCTTCACTCTGTGTCCCTGACCCAGCACATGGCACAAGAGTGCCTGCCATCCGTCAGTGTTTCTACAGCAGCAATCCCAAGATGCTGGAGCTAGAGGGGACCTGACCTGAGAGAAGATACCTTCAGTGGCTGCCAGGCTGTTCCTTGGAACCTGTGCAGGGATGAGGCCTGCCTGTGTTAATACACCTAGTGAGGAGTGGAGCTGAATTTGAATGCAAGCCTTGGCACCTTAATTGAGCAAGTTTGAAACCTCGCTTGTTGCCCTTCTGGAAGGAGTCAGGAATTTCCAGTTCTGGGCCTGGGCTGTGGGTCTGGCAGACAGACCTCTGGCCCTAGGTTTGGGTGCCAGGTTCTCTGCTTCCAGAATGAGAAGCTTTGCTGTGCACCAGGACCTGGGCCCTTCTGGTATCTCCTGAATGAAAAACAAGGGATATTTAATAAATATGGATTTAAATATGTGA,False
735,-443,3.07028,-3.0431707,0.0022080147,3.5546227,-3.9540076,0.0005480311,5.182983,-4.9318323,4.0473817e-05,0.6752118,-0.70913124,0.2003124,0.52930367,-0.5403226,0.25547415,0.09171661,ENST00000428100.1,-443,GTGGCCAGTCACGGCTGCCCGCTTTCCACACCTGACCTCTTCAGTTCATCAGTGGGGTTCACCAGCATCACCCCCATTTTTCATGGGGAGAAACTCAGAAGTGGAGAGAACGTCTGAGGCTACATAGCCAGTACAAAACAAGGTCTCCTTGTCTCACCCAAGCTGGAGTGCAGTGGTGCAATGATCGCCTGACCTACCTCCACCTTCCAAGAGTAACAGTGCTCCTGCTCCAATGTGACCTTACAAATCTTACATAGATTTCTCTGTGGTCAACTCTAATCAGCAACACTCAGAGACACTCAGTGAAGAAAGCCCTGGGAAACACTATTTAGTTTAGCCCAGGGGAAATTACAAGGCCATGTCACCTTGAAACTGGAACATGAGGAGAGGTGAGGATGGAGCTGCTGCAGCCATGTTGTTACCATAAAGGGAAAGCCCAGAGCTGCTGGGCAGCTTTGTGGAGCCCAGG,False
736,-101,2.5472565,-2.493473,0.0064274482,-0.13822556,-0.38600388,0.4383704,5.701922,-5.286729,1.6892038e-05,3.153724,-3.2064164,0.0017261393,2.3810687,-2.6897333,0.006238225,0.090555824,ENST00000535078.1,-101,CTGTACCTACAAGGTCTCCCCGATTCTCATCTGCCCATAATCATGGACACAGCCCCAGGATGTGCAGGGTCGAGCTCCCACCCTCTTGGAAATGCCTCTGAAGCTGCATAGTCCTCCCCTGATGCTTGTGCTCCCTTAGGGGATCTCCAGGCCTTTGGGTGTGGTCTGGCCCCTGGAGAAGTGTGGTCGAGTGGAGGATGGGGTCCTGCAGTGGCCATGTTCTGGACGCCCACATCACGGGGAGTTTTGAGGGATTGAGCCCACTTTAGCTTGGGTCTTAAAACCACCATGGTAAGAAGTGTCAACCTTTGGGGGAAAAATAAAA,False
737,-653,3.0889313,-3.0087266,0.0022430834,0.048710227,-0.15456739,0.44935486,8.482123,-8.128586,6.110267e-08,9.216728,-9.109762,1.0987689e-08,7.2879357,-7.425067,4.0759022e-07,0.09031968,ENST00000501008.2,-653,CTCGGCGGCGCGGCCCCGACGGCGGAGCAGCCACCCCGGGCTTCCTCACCGGGCGGAAGGCTGAGAGGAAGAGAGGGCGTGAGGGGCGGACGACTACTTTTGTCTTTCTTTCTTTAGACTAAAAAAGTTATTTTCGAGACAGGAGGCGGCAGGAGAGAGGAAGAGACGAGCGATGGCGGCCTGGTCACATCGCTCGGACCTCCCCAGCTGCCTCCGCCTCCAGCTCCGCAGCATTCGAAGATCTCAATAGCTGCATTTCCAGCTCCGAGAGGCGAAGAGATGCAAGCGCCGTGCAGCACCCTTTATAGTGCCACGAAAAGGAAGTGGCGTAGCTGGAGCGTGATGGCCGACTCCAGCCAATCCGAATATCGCACCATTGTGACGCAAGCCGGTTCGGAGCCGAAAGGGGCGGGAAAAGAGTTCAGGAGGCGGGTCCAGAGATAGGGAAGAGAGGGAGGAGCTGACGTAATCCGCTTGTAAACAAATAAACCCGGAGTGGCGGCTGGAGACCCAGTTGCTTGTGTCGAGGGAGGGAGGGAGGGAACAGAGGGTGCGCGTGTGAAAGCTCCGCCCCCAGCCCTAGCTCCTCCTTCCCGCTTCAGCAGGTCCAGGCTCTGCGCCAGTGCATCCTTCTCCAAGAGTGCGCTGCCTGGGCCCGCTTGCCCTGGAGTGTAAGTGCTGGGTAAATAAGAACCGCCTGGCGCAGGCTGTGTCTACTCTTCACGCCGCCTTCTCAGATCGGGCTGCATGTCCCCACTCCGTGTTTACATCTCGTTCCCGCTCCGGGTCTCGGTGACTGGCTCCTCAAGCCGGAGACGCGTGTGGTGCGGCGCGATGCGGGCGCCAGCGCTGTGTGTGCTGGCGGTGCGCTGCCTTAGTGCGGGGGAAAGTGGAGGGAACGGTCCTGCGGGGCGTTCTGTCCAAGAAAAAGGACTGCAGCCTCGGGGAGCCAGGGTCCCCTCGCAGACGAGCTGCCAACGCCGCGGAGCCATTTCTGTTCCACCCTAGGGGAGGAGTAGGGGGATATCTTTTAAAAGTTTAATTGCAAAATAAGTAGGTTAGTAAGGCCATTTGTGGTTGCTGTTTCAGTAACTTCAGCAGTCAACGGAGAGAAGAGTGGAAACCTTACTGGATGCGGACAGGAGAGCCAGTTACTGAAAGCAGATATAACGCGGATCCTGTAAAGAGTGAAAGGAGAAGACCACTTTTAGTTGCCTCCCTGCTAGCACCCTGACTTGCTCTGCTTGAATAAGAATCCAAGGACACAAGCTAAGACATTTGCACTGGGTTTAGATCTACTGCGATTCACAAAACACAAAAGAACTTTCAGTCAGAGGGTGACACATAATGATTTTAGACAAAACTCAGTTTCTTCTGGTGGAAGCTATTCAGATTGTTTGGAGAGTGGGAGGAAAAAGGAGTGAAGCATCGCTTAACAACAAAAGTAATAATGCAGGCAGAATATTAAATGGAGAAGCCAGACTTTCAACACATAGAAAAGAAAGCTAGTTCAGAATGTTGAGAGACTTGGGAGCTGATTGATTGAAGGTGGCACTTAGAAGGTTGCCCTTTTTAAAGATAAAGGCTGATACTGTGACTCTGTCCCAGGGGACCTGAGTAAAGAACTCCTCAGAGATGTGGGACCACTATTCAGAACAAGATTTGGAGAGCTGGGGCAGAGAAGATTTTACCTTGGGGATTTCTTCAGCTGCGAGTAGTAAATTGGTTATGCCTTAATGAATGAAGTTTGTCAAATTTTAAGATAGGATGTTATTACGCCTTTTAAAAGAATGAGGTAGAGTATAACATCTGATTTGGAGTTCTTTCCAGCATTTTAAGGTCTTTAAAGAAAACAAATTGGAGAAAAATAAATAAATATAGATCATGCTGTACATATA,False
738,-1227,0.7127521,-0.9773322,0.15576476,0.39633173,-0.53976226,0.28169,5.8480487,-5.49922,1.1801536e-05,2.2690468,-2.1894922,0.011446723,3.1035123,-3.140572,0.0019381441,0.09017028,ENST00000581958.5,-1227,GACAGTGCCTCTGATCTTCTCATGACTTAAACGCGATGGAAGGCTCTTGAAGACGCATTTATATTACATATTGGGAGGTACAGAAGCTCAGGCAGAAAGGTGTTAAATGGTTTGCAGAATTGTTGGGAAGGCTAAGCTTCCAGGAGCAGCTCCCAAAGTCTCCACACACAACTGGACCACCAGGGAACCTGCTCCCTCCACCAGGACAGGACTTGGAAACCTGCCACCGCAATTACCAGCACCAGAAGGATCTTGTCTCTGCTAAGTCTCTGTCGACATAGTGAATACCCTGTGCCCTGCCTCTCTCTCCCTGACTCAGGTCCCATTCCAGGTCTTGCCCAAGTCTTTCTGATTGGTGGGACTTAAATCACACCCAAAATTCCAGCTGCAGGAGAGCTCTGAGATTTCATCTTTCCAACCTCTGTGTGCTACGTGGGGGTTGGAGCACTTGCTGACAAGCCTTGCAACCACCATTGACAGGATGTCCTCCACCTTTTCAATCTGATTTGCTCTTTGCCATGCAGACCTGTGGATGAAGAGCCAGAGTCCTCCAAGGTGAAGCTGGACTGAATATTTCTGTCCATAAGACTATTAGAATCCCCCAAAGTGGGATACCAGTGAGGACCTCACCAGCAGCTGCTGTCTCTCCAATGCAGCTCCACAGGGCCTGTGAGCAGGGCTGGCTATGAGATCCTGCCCTGAAGAGCAGTACTGGGCTGCTCTGCTAGGCACCTGCATGTCCTGCAAAGCCATCTGCAACCATCAGAGCCAGCGCACCTGTGCAGCCTCCTGCGCTCTGCTGACAAGCTCAATCACGGTGTCATTTTACTGCCACCACGCCCGAAAGTACACCAAATGTAAAGCAGAGGCAGACGAGACAAGATGCAGGCTCCACCAGAGGCCACTCCAGCTTCGCGACCAACACCCTTGGCTGCCAGGCAGCGGTAGCCAGGCAATGGGATAGAAGGCAAAGAAAATACGAGGGACAGAACCCATCAGACACCGGCAGACACTGCATTTACTCCAGACTGAGATGACAGACACACCGTATGAGCTGCAGCACAACTCTCCTCCGCTGCGCCCACTGCCAGCCACCAGCAGACACCAAGGCACCCAGAGGAGCCAGGCACACAGGGCGGGCAGCAACATAAACGGCACCCATTAAAAAGCAAGACTCGCTCTTGAGAC,False
739,-11,8.638862,-8.481817,3.669307e-08,0.120697856,-0.47435895,0.35547543,5.9057364,-5.7354193,8.796435e-06,10.315417,-10.002947,1.4991566e-09,0.9984126,-1.3002791,0.09123137,0.08934312,ENST00000569711.1,-11,GAGAAGAAGGCCATGCAACACGAGAGGCAGAATCAGAGAGAGAAGATGCCATGCTGATGGCTTCGAAAATGAAAAAAGGGTCCTGAGTCAAAGAATACAAGTGGATTCTAGGAGCTAGGAAAGTCAGGAAACAGGCTGTGCTCTGGAGCCTCCATAAAAAACCAGTCATGTGAACACCTTGGTGTTAGCCCGTGTGATCATCATCAGAGGAGGAGGAAGGAAGTTGAGAAGGAGGAGGAAGGAAGTTGAGAAGGAGGAGGAAGGGGAGCAAAGATGAGCCGCAGCCGAGATGTTGCCAGCTCAGGGGGAGTCAGATTCTAGGCCAGATCCCTGGCTCTGTGCCCCACAGCCCACCCTTTGCATCCCCCGCTCCGGCACCTGTCATGCACACACCACGTTATGGTGATCTCTGGTCCAGTCTGCAAATATGTTGTTGCCTGACACAAAGTAAACAGTCGATGGATGCTGCTGTGCTCGTCATCGTTAAGTCATCACTATCATCATTTGCTCTGGCCAACTCCTGGTGTTTGCTGTCCTCTTAGAAGCTGTGGTATGAATTGCACGGATTGCATTCATGCGTCAACCTTCCCTGTGTCTACATCCCATGCCTGTCACTTTGCAGTTCTCCTCTCTAAAGAGGCCCACTCTGTTTCCCACCCCTTAAGTCTGGGCTGGCTTTCACCCATAGAATGCGACGGAAGTAACAGAGGCCAGTCCTGAGTCTAGGCCTCAAGGGGCCTCGCGCCTTTCTGCTCTGTCTTTGGCTTCCTGGTCTCCACCATGAGAATGTGCCTGGGCTGGCCAGCAGGAGAATGAGATGTGTGGAGCAGAGCTGAGCTGCTGAGACCATCCGAGAGAGTAGCCGGCAGCCAGCCAGCCCCCAACCTGTGATCAGCAGAGCCACTCGGCTGACCTGCAGATGAGAACAGAAACACGAGCAGGCCAGTTGAGCTGAACCTCATAGGCTCACAAGCTGAATAAATGCTTATTGTTGCGCGCTGCTGAGGTTTTGTGGATATTTGTTAGGCAGCCTTATAGTAGCAATTGATAACTGATACAGAAGCCACCGAAAGGAGCAAGCTAAGTCCTAGGGAAAAATGTTGCCAGGCGTTCGGTCTTCTCAGAGTGATAGCTGCTTATTAGAAAGAAACCAACTTTGACTGTCACCTTCTCTGCCACTTGCACTCCGTTAAACCCAGAGACTGGCAGATGCCTTTCAGCACAGCCGCACTCTGCCTCCCCTCCCTTCCTCCCAGACTCCTGTCTGAGACAGAACAGTATCTTTGAGAACCCGAGGGCAAAATCCTCTGCAGGAGTAGGAGGCGGCTCTTAAACAGCCCCAGGCGATGTGGAAGGTGGGCGGAGGCTGAGCTATTGCACTGCTCCCCAAATCCCAGTGCCTGGCTGCACCCCCACACCTGAAACCTGCCTACCCTGGTTTAAGCCTCCCCCAGCCTTCCTGGTGAAGACCCCTCATGGATTCTTGTTACTCTCAGGATTGTGCAATAAACCCTTCTCCTTCACGCAGAGTAGACGTGACGGGAAAGTCTATTTCTGGCCTGACTGTATTGCATCTTGTTTGACACCTCCGCTCAGCTGGCATTCAGGTGGGCACTACCTGCTCATGGAAAGTCCAGGAGAAAATGGAAGAGAAGATTTTTTAGAAATCAACACACAATTCAACGTCTTTCTTTCTTTCCTTCTTTGAGAGAGAAAGAGAGAGAGAGAGAGAGCAGTAGACAAGTCAATTTCACAGGGGCTGAGTATTTACACCAGTCTGAACCTGGGCTGGAAAACTGTTCACCCCAAGCACCATGGTGAGTGGGGAAGGAGGAGGCAGCTGCCGCCTTGAAATCACCAACACAGCTTTGTTTCATTGGCCCTGAGTCAGCCAAAACATCAGACGTTCCAAATATTAGACAACCTTCCAGGCCAATGTTAGCCCCAAAGCACAACCAAAAACCAAAGAGAAGTGTCTCAAATGTTCCTGAATGTTTTTACATTTCTTGGACAACTATTCTGCTCTGAGGGAATGTGAGAAGAGCTGTCTGTTCCATGGAGGCCCCAGAGAAAATCATTTCCCATGCCAAGGCTGGAGCTGGTGGCTGTTTCCCTCTGGGGAACGGGGTGGGCTCCATCACCCTCAGACAAGCTATAAAGCAGGCTTTCAAATAGCATATACTCTGTGGGAGCAATTCCACTTCTGGAGATAGATTTTTTAAAAATCAAAAGCAAGATCTTGAAGAGATGTGTACATACTCATGTTCGTAGCAGCATCATACACAATAGCCCAGAGGTAGAAGCAACCCAGGCGTTCATTGACGGATGCATGGATGAACAAAATGTGGGACATCCATACAATGGAACATTCAGCCTTCAAGAGGAAAGGGATTCTGTCAAGGATGCTGCAGCGTGGATAAAGCTTGAGGACAGTATGCCAAGTAAAATAAACCAGTCTCCAAAAAGACAAA,False
740,-1224,1.0622249,-1.3194094,0.08458394,0.42169368,-0.5027486,0.2840536,5.3368435,-4.998026,3.247949e-05,1.3889492,-1.296028,0.06386567,2.3669286,-2.4018936,0.008418895,0.08819091,ENST00000580278.5,-1224,TGGATTGAACTCGTGATTAGCCTTCTTCAGCATATGTAAAATGATGTCTGCTTTTCTTCTCTATTTGTCATTTTACCGACTTTTTATATATAGTAGTTTCCCCATATCCATGGAGGATGTATCCCAAGACCCCCAGAGGATGCTTGAAACCACAGATAATAACAAACTCTATGTATCCTATGATTTTTCCTGTACATCCTTACCTATCATAAAAAATTGAAGTTGAAGTATAAGGAGAATTTTTACATCACCCAGGTTCTAATTTGGAAGGTTTCTAACAGCCCTCTGTCCTCTTCTGGTGCTCACTGTGAAAGAATTTGCACCCTGCAACACTAAGTGTTTGTGCTAGAATCCACTTCTGATGTTGGCTGCTCTGACACAGCTTCCATTCGGAAGCGGTCACATCCAGACTCACCAGGCCTGAGATGTTGGAAGATGGAGAAGCCTTTGCCACAGGAAAAATCCTCCATGAACACAATGAAACTTGGCCTGCACCTGGGACATCCTTCTCCACGGCTAGTCTACAATGCAGGTGCTCTGCACACGCTCCCTGGCTGACCCCAACGCAGAGAAGATGCACGTGAGCCCACCCCCACAGCAGGCGTGGACATTTGCCTCCCTTTTATAATAGCTGTATTCAAATGAGGTATCCTGGAAGCCTCGTTCTGATAGGATGAGAGCAGACTCTGTACTACAACACGGATTGGATAATAGTCTCCAACTCTGATTGGTTAAGATTGTGCAATCAGAGATGGAAATTATTATCCAATAAGAGTTGTCAAAAAGGTTCCTTGCGCAGTGGTCGTCATAGTTCAGAAGCGACCGGGAGCGTGTGTGGTGCGCGCCTGCCTTGAGGCCAGGCCTCAGAGAAGGGTGTCCCAGATGTAGGCAAAGCGTCCTCCATGTGTTCCTGGAGGACCGTCCCAAGTCCTTCTCCATTCTCCCAACCTCTTGGGCCTGGTAAGTCTGGATGCGAGCGCATCCCACGGGGCCGAGGCACAGGGAGAGAGGAACGGGGCAGAGGGAGGAAAGCGTGTGCAGGGGCCCGGAGCGCCAGGCTGCCAGGGCTTCACCCCATGGCCACCGGGGAGCTGTGGCCCCACTCGGCCCAAGGCAGAGTCCGGCCCTCCTGCTGCTGGCACTGTCACCTCCCTGGGGTCCTGCCTTCTGGGTCCCTGTGGGCCTCCTGTCATCTGGCACTGGAAATAAGCTAGCGAAGCAAAATTTCGTGAATATTGGCCTTTGCATCTTTTTCTTCATTTTCAGTGCTGGTTTTTCTGTTGGGTCATTTATGTTCTTACATTGATTTGAATAATTTTAAAATGTATTTTATAAATTAATTCTTCATGGGCTCATTTCTAGTGTAGATAGTTGTTTCCTAGTCTGGTCATTGTTCTTTAATTGTATTTTGCATTTCTTTCTTGCTGATACATAGGAATCTGATTGATTTTATGTATTCATCTTGCATCCTGTAGCCTGGCTTAATTCACATATTCATAACCATCATTTTTGGATTGTGGTGTATTTTTCATGTACATAATAGTGTCAGCCACATACAATAACAGCTGTATTGCTTAAATGTTGGTTCTTATACCTTTATTTTTGTTTTATTGTCCCAATTACACCTCCAGCACTGTGTGAAATAGAGGGGGTATGTCCAGGAAGTCTTGCTTGGTTCTGATTACAGTGGAAAAGCTTCAGTGGTCCTGTGTTGTAATTTCATTTTAGACAAGCTTAATCAGATTAAGGAAGCTGCCTTCCTTTGCATTTGCTAAGAGTTATGACTAATTGTTGAATTTGAATAAATGCTTTTTTTACA,False
741,-1288,2.4183843,-2.5743172,0.006741547,0.667446,-0.95244086,0.16522048,1.9911748,-1.4615353,0.03068814,0.7062212,-0.8644241,0.17212442,1.2200032,-1.4334688,0.06577534,0.088109985,ENST00000537925.5,-1288,GTGGTAAGTGGCTTCGTGGTCTTTATAGCTGTTACTCTTTTGTACTTTGTCTTTTTCTTTTATTTTCTTTTGAGCGATTGTGCGAACATAGCATAGCACGCACTATGCCTTCTGTGTTGTAGCTGCCTGGCCAGGGCGACTGGCGGATAAGGTCTTGTGCGTGGCCTCGAGGCTTAAAAGTAGCAGTGGGGCTTTGTGAAGGACAAAATGGCGATGGCGGGCCGTGTAGGTCCCCCTTCCTATGATGAGGACCTTTTCACAGACCTGTACTGAGCTCCGTGAGGATAAATAACTCTGAGGAGATGGGCCCTGCAAGCCTCTTGCTTAGCCGTCTGTTCAGAAAATAGCGTTTTCGAAATGCCCTGAGTTGACCTAATGTCTTATTGGGCTCCTGTCTGCAGGATTTACGCGCACGTTGGAACCGAAGAGAGCTCTGTTGTTGCACCCACAAGAGCTTACTGGTGAAGGAATGGGACAAGACCCATCTTTATGCAAAGCCAGCGTTACAGTAATGTTCCAGCATCTCATAATCTATCCTGGGGAATTCAGCTGCCTCCCAGGGTGAATACAGGTATTCCTGATGACAGTCTGCCTCTATCTTACAGAGCAGCTTGTTGCTATATACCATTGAAAAGCCTTCAGAGCTGAGAGGTACTACTAACCAATAACCTGCTTGGCTCAAAGGGCCAGCACCTTCTCTCTAAAGCCCAAGAGGAGTTTGAGGAAAACTAGGTGTCTGTGTTCACTCCAGGCTGAAGTTACAGGTCTGAGCAAATAAGGTGTATAAAAAATGGAATCTGTCTTGGAGGACATCAGAAGGTGAATTTTCCAAGTTCTTGGACAACCTAGCTGTTGAAAAGCTTTCTGGGTTTGGGGGGTATTTCAGATGTACCTTAAAGTGTTAGCAGACACAGATTAAGACACTGGGAGCCAATGAAACAGCAGTTGAGGGTTTGCTGTGTATCACATTTCTGTATTTTATCACCCCCTTCCTGCAACATTATTTATCTGGAATCTACCTGCCCTTTTGTTTTTTAGATACAAGGGCTTGGTTTTGTTACCCAGGCTGGTTTCAAGGCCATAGCTTTAAGAGATCCTCTCACCACAGATTTCCAAAGTGCTGGGATTGCAGGTGTGATTCATGGCACCCAGACTTTGCTGCCTTTCTTACATGATCCAGGCCCAGAACCCAAACTCAGGCACTGTATAGATGACCACTTTCGTAAACTACTGACCTAGCTTGTTGCCAATTGTTGATTGAACTTCCCATAACTCCACTTCGTGTCTGTTCCTCTGTATACAGCCACCTTCTGTTCCCGTCATGAGCCTTTAGGTCTCCATTTGCATATTGCAAATACTATGTTCCATGTAGGTAGCTCATTCAGGGCCTTGCTCTTCACTTCAAAAAAGGTTCCCTTGAGGACTGGCTGTCAATTTGTGTTGCTGTGTTGGTTGTTGATGAAAATAATAAAATGATTGATTACATA,False
742,-272,5.7671986,-5.9721317,7.973888e-06,6.0354705,-6.358373,4.1440053e-06,0.23442808,-0.025717497,0.43532792,10.01718,-10.53971,1.1810163e-09,8.899691,-8.888624,1.882058e-08,0.087068014,ENST00000588040.1,-272,ACAAGATTGACGTGCACTGTGGTGTAGAAAGTTTGTTTGCCTTTCCATAACCCAGTGTATCTAAGAATTACCTCGGAACTTCCATTTCTATTAATATTACCTACTAACACTTAAGTCTGAGTGTGGTGGCTCATGCCTGTAATCCCAGCACTTTGGGTAAGGCTGGTCTCGAACTCTCGACCTCAGGTGATCCACCTGCCTCGGCCTCCCAAAGTGTTGGGATTACAGGTGTGCGCCCCCACGCCTGGCCTAAATGTTTTTAAACTCTCATCCTGATCAGTATTTAGGTTATAGATAATTTTTTAAAACTCTACTTAGAATATTGTTTCAGAGGAGTCTGTAAATAACAAAACTCTATAATTGCAGTCATAGCTGATGTATCTATACTTGGATCTTTTCCAAATGCTCTTCTACTCTTGTAATTTCTAGTCTGGTCAGCTGGAAATAAAAGTATCCAGTAACTCCACTTGTCCATCTAAAAATATAATTATTTTTTTAACTAACCCATTAAGTATTTTTTATATGTATTTATTAGCCAATCATGTTATTTACTGTGACTTTCCTGTTTGTTTCTTTTGCTCATTTTCTCAACCTGCTGATTTATGAATACACACACATACTCTAGATCTTGATTCTTCTGTTATTTTATATATAATATCCTTTTCCTGGAGAGTAGCTGTTTAAAGTGCATTCATGATTTTTCTGATACTGATAGTTTTCCCACATACTATCATATTATATTTGGATGTTGCCATTATCACTCTAACCATAAACTGGTAATCTATTTATATTTTTAATAGTATGTGAGATTTCTGTGTATTCAGTCAGATTATCTATGAATGGAAATGAATTTTCTTTTAAAATCATTATTATTTCTTTACTTTTATTAAAATAAATACGATTATGTCAAGTATTGGGGTAATAGCCAGTGTCTTAGTTGTTTAAACAGTTTAATGGAAATCAGTACAATATTTTACCATTCAACTAATATTTACTTTGTTGTATGCAAGTATGCTCTATAATTAGGGCTAACTTCTTATATTTTTTCAAATCCTATCACTTCTTTTGCTTTGTTCATATATCATTCTCCTCTGCTATTTTAATGTTATAATTCATTCTGATTTCTTGTTTTAAACCATTTCTGAAATATAATATGCTTAGCTGTGGTATATTATTGTTTTGATAAGCTGCTTAATTTATCTTATGAATATTTTGTTTGGGATTTTTGTCCAAATATTCAAAATTGATATTAATATTATTAGCATTCATATATTAACATTCAAAATTAAGAATTTTTTAAATTTTTGTTATTGCCATTATTTGTTTATTAAAGGTTAGATAAAATTTGGCTTTAAACCCA,False
743,-1135,2.690592,-2.6211114,0.0049092947,3.6687417,-3.8810449,0.0005259457,3.6045372,-3.4897227,0.00082916644,2.9135516,-2.744358,0.0034776686,0.23053086,-0.10421175,0.4170871,0.08536584,ENST00000416366.1,-1135,CGGCCGCCCCTACTGGAAAGTGAGGAGCTCCTCTGCCCGGCCAGCCGCCCAGTCCGGGAGGGAGGCGGGCGGGGGTCGGCCAGCCGCCCCGTCCGGGAGGGAGGTGGAGGGGGTCAGCCCCCCTTCCGGCCGGCCGCCCCGTCCGGGAGGTGAGGGGCGCCTCTGCCCGGCCGCCCCTACTGGGAAGTGAGGACCCCTCTGCCCGGCCAGCCGCCCCGTCCGGGAGGGAGGTAGGGGGGACAGCCCCCCGCCCGGCCAGCCGCCCTATCCAGGAGGTGAGGGGCGCCTCTGCCCGGCCGCCCCTACTGGGAAGTGAGGAGCCGCTCTGCCTGGCCAGCCGCCCCGTCCGGGAGGGTGGTGGGGGGTCAGCCCCCGCCCGGCCAGCCGCCCCATCCGGGAGCTGGATCTACCATGAAAGACTTCAGAGTCCAGGAAGAGAGACTGACTGGGCAACATGTTATTCAGTTACAAAAAGACTTGGACTATGACTCAAAAATGATCAAATAATAGTTCATGCATC,False
744,-1110,4.547229,-4.332317,0.00013918808,0.4771403,-0.7830061,0.2209487,3.7925718,-3.6507413,0.00058500026,0.6816932,-0.7378874,0.19472735,2.6019568,-2.3451211,0.0070540262,0.084690854,ENST00000517550.1,-1110,AGGAAAAGGAAACGCCAAGACATAGAAAACCACGCTTTTCCCGTAGGAAGAACCGATGATGAGCCCTGATGAAAGAAGGAAGAAGACCCGCTGTCTGCGAAGGCCTAAAGGCCGCGGTTGCCAGGAACCGTGGAGGGCCAACTCCTCCCAACCGCCCTGGTGCAAAGTCCCACGCGGCGAAGAGTTTTGGAGCAGCGCTTACCTAGAAAGATGTTTAAATTCTGAACCAGGAATTGTCTCCAACTCCAGGCGCTCAGGGAATCGCCTTTTCCGGTGTCCAGGCGCTCTGCAGACAAATAAACAGCAGAAGCAAATGGTCACCGAGCCGGCAGTCAGCTTTCTGGGAGTGGGAGATGATGGGGAAAGAGGAAAGAATCGTCCGCTCGCCGGACCCTGGCTTGGAGAAGTTCTGCGCTCCGCTGGGACTCTGCGGGCCCTTTGCGTCTACAGACCTATCCCTGCCCCGACTACCCCTTCACTCAGACCCAGGTAACCTCTTACCCCAGCCTGCCCCAAACCAGCCCTCCGCTGTCTGTCTGCCTTCACGCAATTCTGTAGATAGCGCTAAGAGGGGATATCAAATAGCTGAGGAGTCCCCTGACCCCTGGCTTCGGAGCCCCCTAGCACGTGGAACAAGTGGCCGCACACCGGTAGCTGCGCTCTGCCACAGTTCGACCCGTAGCCCCCACAAACCAAAGGAAAAGGACCCAGGATCCACGCTGCGCGCTGCGCCCCCTTTCTCTTGTTCAAACTTGCTTTCTGTGTCCCCAAAGGGAGTGCCCCCTGGTCTTGGGGCTCCTGGCATGACCATGAGCAAGGTGGACTCAGCCATCCTGCACTTTGCCTCTCAATTTCATTCCAGAAAGATCCGCTATGCCGCCACCCACCACTCCCCTGCGTGACACTTAGGAGTATGTAATTATTATGGTTATTATTTTTGCTGTTTCCTTATCTCCAAGTCTAATATTCATGGCTGCTGTACCCCATAAATCGTTCAGACTAATGAGTCACAGAGAGATGCTGCCCAGGTCTCTCACTTTACAATGGCTGCCGCCGCCGCCGTGGCCTCTCTCTCCGCGTTTTTGGCGCTCGCTTGCTCCCTCGCTCGCCCGGCGCGGGTGATTTATGAACGCCGGGAAAATTGAACAAAGCCGCGCGCCCGTCCTGTGGTATCTCTGCAGCCTTCCCCAGCGTGAATCAGAACATTACCAACTGTCTGCGCATCCGTCCCACTTCATCACCAAAGCCAGGATGTGACCGCAGAAAACCCAAGCCCGAACTCACGTTTCCCCGGACGCGGCGCGCTCCCTGGACTCGCAGAAACCCTGCGGAAAAGGCCCCAAGATCTGGTGAGGGCCTGCCAGCTCCGTCCTCCCTGCCGAGGGCTCTCTCCTGCCTTCCTGAAGGAGTTAAAAGCCTTTGGAGATAAATCTGAGGGTGTGTGTTTTTAAAAATCAAATGGGAAGGACACGTTTCTATGCCTTACAGAGACTTGAAGCCTGAAAGCCTGGCCAAGTTTGGGAAGAAGAGGAGCCCTCTCAGAGCTCAAGAGCCTTCCTACTCTTTGGAACTTTTCCACAGTAGGCCAAGCTTGACAAGAGTTCAGCTCAAGTTGAACATACATACACACACTCTCACACACAAATTATGTGAGCCGTCAGAATCCAAGTGAATCCAGCTCAAGCTATCTACAAGGTTTTTACATGCAAGGTCAAGTATCTCAATCCAGAGGACTTTTGTTTTCTTAATGAAAAGCTTAGAAAACACATGAATCTTAGATTTTTAATGTTTTTTAAATGGAGTTTATTCTTAGCACATGGCTTTCTATGTAGCCACATCACAATTTGTACAGTTCCACATAAGTCTAAATGCACTCCCCTCTCCCCAAAGACCGTGCCCCAGAAGGGGACAACAGTATCTCTGTAACAGTGTCTTAAATAAATGCAAGTAAGAAAAACTAACATGTCACACCTACCATCAAGGTCTACACATCTTAAGAATTAAATAATCTTGTGAGGTCCA,False
745,-40,2.8493395,-3.1461906,0.002483673,4.7420707,-4.8687243,6.699705e-05,0.49296585,-0.029311895,0.3723198,1.3861445,-1.7198172,0.042862006,3.8530822,-3.9762266,0.00039774226,0.08362604,ENST00000425109.2,-40,CTCATCTGGCCAACCATCTTCAGCTGCCAATGGACAAGTGTCTTCCTGGTACTGCACATGAAGATGTCCCGCTCTCCCCTGCTCAAGGAGAGAGTGCCTGACCTGAGCTGGGCCCATCAGATCCAGTACTTACCTGGAATAGGAAAAAGATGGGGAGAGTGACCAAAGACTACAAAAATCTCTGAAGCTTATCTACTTGAGAGAGAGTCCCTGAAGATACTGGCCTCTCATTCCTGCTATGTATATCCAATGTGACTGAACTCTGAATAAAATATACAAGTTATAACAATGTAGCAATTGACCCAGCAAACGAGGACACAAACGTGTTGAAGGGTGTCTACGGAGAAATAGACAAGCGATGCACGACAGATACATGTGTCAGTCTGGTCCCTGCAGTTGTATTTGTAATAATACACATTGGAGCAATTTCATGGCCATCGGTTAGAGAATGTTTGAGGAATGATCCTTTCATATCAAGAAGGACATTTCAAAGATCAAAACCTGATGGAAATGCTGGAGACCATGGCGCTGATAGGAGCTCATGCGTGTTGTCCAATTACTACGTGACAGGCATTGGCTCCATGCTTTTCCTGCACTGCTCATTTAAACACTGGACAACCTAAGTGTTCTGATTTAGCCCATTGGACAGATAGAAATGGAGGCACAGAAGATTAATGTGTTTAACTTCAAACCCTGGCAGATTAGGTTTTTCATCCAGAGCCTGTGGCTTCACCA,False
746,-1038,9.226046,-9.400818,8.136844e-09,0.09739369,-0.24537656,0.41513675,6.7592797,-6.4916363,1.7587322e-06,6.7965927,-7.00671,1.0122817e-06,9.526573,-9.596391,4.954533e-09,0.08302791,ENST00000508945.5,-1038,GAACTTGTGTGCTTAGACCTGACGCTGGGAGGAGATGCTGCCACCTAGGTTACTTGTAGGACCCTATACGGCAACCTCCTTTGCCAGGAACTATTTATAAACATCCTGCAGGAAAATGCAGTGAAGTAGAAGAGACAGGGATATCCCAGAAGGTTATGCAAAACATCAAGAGAAGATGAGAGGTCAGAGATGGGAAGAAACAAGAACTTTGACATGCTTGGTGTTCTTGCCCAAGCTTTGAAGAAGTTTACAAAGTCTATATGTCAGAATACACATTTCCCACCTTGCCCAACAG,False
747,-1130,0.29565513,-0.23018259,0.3714882,4.0084834,-4.0822377,0.00030627492,5.9408927,-5.520113,1.0532797e-05,5.696362,-5.7105026,1.11187765e-05,1.580062,-1.5395792,0.042304303,0.08282409,ENST00000585030.5,-1130,CGGCGCAGCGCGCGGCGTCAGTCTTGGCTGGCAGACCTGTACTCCGTACTCCGTACTTCGTAGTCGCAGCGGCGCGGTCTTCGGCAGTCTAGTCATCCACCGCCATCCTGGGCCCCACGTGTTGCCTGACCATTCCTGAGCCCAGGTGGGAGCCGTGGCTGAGGTGACGGTCTCAAAGTGGAAGAGCTTACTGTCACAGCAACTCCTTTGCAAGATGCCCCGGTAAATCACGTTGCAGAGACCCCAACTCTGCCTTCCTGGAACTAGGCCTGCGTTTTCTCTGAACCATTATTTCATGGGGAAAATGAAATCTACTTCATGTGCCTGGTCTACTTACTCCTTCAGAAGTGATTTCTGAGCCGCCAGGAATAGTTGCTGAACACCCCAGGCCTGCTGAGGTCCCTCCTTGAGTCTCATGTTCAAGCAGTCTTTGTCCATGAAACTGGGAGGCGACCGTGTTAGCTGCCAGTTCCTGACAGCCACCTCTCACCAGTGGCTTCACTCTGTGTCCCTGACCCAGCACATGGCACAAGAGTGCCTGCCATCCGTCAGTGTTTCTACAGCAGCAATCCCAAGATGCTGGAGCTAGAGGGGACCTGACCTGAGAGAAGATACCTTCAGTGGCTGCCAGGCTGTTCCTTGGAACCTGTGCAGGGATGAGGCCTGCCTGTGTTAATACACCTAGTGAGGAGTGGAGCTGAATTTGAATGCAAGCCTTGGCACCTTAATTGAGCAAGTTTGAAACCTCGCTTGTTGCCCTTCTGGAAGGAGTCAGGAATTTCCAGTTCTGGGCCTGGGCTGTGGGTCTGGCAGACAGACCTCTGGCCCTAGGTTTGGGTGCCAGGTTCTCTGCTTCCAGAATGAGAAGCTTTGCTGTGCACCAGGACCTGGGCCCTTCTGGTATCTCCTGAATGAAAAACAAGGGATATTTAATAAATATGGATTTAAATATG,False
748,-350,2.6820633,-2.9149265,0.0036953066,0.4685154,-0.54836595,0.26563534,3.9469697,-3.5567675,0.00055071764,1.2274181,-1.4303269,0.06551326,1.1262916,-1.3675241,0.07629285,0.08233749,ENST00000588753.1,-350,CTCTCTGAGAAATTTGTGAGGAGGGTCCAGCCGCGGGTCGGAAGGAAGGACGTGGGGAGCGAGGCTCGAGCGAGCGACAGCGAGTGCGAAGCAGACTGCTCGACAAACACTGCGCCAAGAGCTCCTCAGCAGAAGCTCCTCGCATCAGATCCTCTGTGCTGGGAATCCTCCCCTCTTGAGCACACTCTGTGCTCCTCTTCCAGTTACGGTGCATGTGAAGCAATGGTATGGGAAAATTGTTTGCAGAAGGATGAAAAGGCTTTATTGCCAAACTCTGAGTGAACTCCCATGGACTGCCTTGCTGGTCAGGAAAGGCTAACAGCCCCCACTCCACAAAACCCAGCTTGTTCTGGCTCATGAACCCAAAGGACCAAAGGAAGGTGCAGGCGAGCACAGCATGGAGACACACGGAGGTGGACGTGCAGCCCTCACACTGGTGCCCAACACCTGCCAGACGGTTACTACAGTGAGAAGGAAGCCTGAGACTTGGCTGCAGCCACCCACCAGACCTCCCCAGGTCAAGCACGTACCCCCCAGGGGTGGAAGGTCCATCTGCGGAAGCTGGAACCCGAGCACAGCCTGCTTCAGC,True
749,-112,9.117288,-9.005602,1.3468792e-08,4.2387433,-4.339147,0.00018818621,4.2200227,-4.1394863,0.00023410459,0.21344802,-0.14762524,0.41069978,6.1085825,-6.172574,4.638307e-06,0.082225345,ENST00000552441.1,-112,GCGCAGCCGCGACCTGGGTGAGTGGCTTTGCTGCGAGCCCACGCGCCCTTTGCCCAGAGGCTCCCAGACCCGCCCAGCGGGAGGAGGGGACGGACCCCACTACTTACAGACATTCACCGAGCCGACGCCCTCGCACAGCCTGCAGGGAGAGAAGGCGAGAGGGCCAAGGGCCTGACTGTCCACAAAAAAAAAGGAGCTTCGAGTGAGACCAACTGACCAACTAGGGGAAAGAAACCAAGGGCAAAGAATGAGCTCACATTCTGGGAGTGTTGTCCTTCTGGGAGCAGGAGCTGTATAGCTGCCCTCCAGCTGTATCGCTGGCCTCCAGCCATAGGAAGGCTGAGTGACCAATGGGTCTTCTCCACTCCCCCCACCTCTGAAGCAAGCAAACAAGCAAAAATCCTGAAAGCAAGGCATAACTGCCCCAAGGGATAAGTCCTTGCTCTCTGCCTAACTCATTCCCACCTGCCACAATGGAATACCACTTTGGGATGCTCATTGGCACTATAATAGAAAAGCATGAGTTGATAGTGTCATCTATCTGAAGCTGTCCTTATGGGATACATCTGAACTCCCAGGTCTAGATGGGGCCAGGGCCAGACTAGGAAAAAGAGAAGGAATCCT,False
750,-798,1.5227389,-1.5738554,0.043247957,5.069859,-5.176925,3.5470126e-05,2.631633,-2.3047497,0.0071293325,4.1230216,-4.0201364,0.00029063315,0.34222996,-0.26661545,0.3523226,0.080605194,ENST00000588122.5,-798,AGCTACTAGAGGACGCCCGTTCCAATGGCAACTCTGCCAAGGCGCCTATGAGAGCCTCTTGGCTTTTACCTGGTCTGCGAGAAATCAAACTTTGGGCACAAGTCATGAAGCCGACAAGCCCGGGAGACACAGTGTCAGAATTACAAGGTGAGATCAGCCGCCCGGCCAAGCTATCTTCTCGCTAGCAGCCTCCCTTGCTGCCCACCTCTAGTTCCTACTGAGCCTCTTCCCTCCTGGATGGTATAAAACAGTGCCACATGGAGTCTTAGGTCCAGCATCACATGTATTGAGCCAATATTCACTAAACGAATACTTCTGAGCATCTACTATGTGCCAGGCATGCTTCCAGGGACTAAAACCAAGATCCTCCCCTTCATGGAGCACAGATCCAGAGTGGAGGAGAGTCAGACCATGAGTGAGGAAAACAAGCTCATGAACAAAATGAGATAAGTGTCACTGGGACAACAGAACAAAAACAGATAAAGAACAGAAGCGTACCTGGGAGAGCTGGCTGAAACCAGGACACGGTGGGACCATTGGAAAGGACTCTAAACCACAGCAGCAGAAGGAGAGCTAGACTTGCAGGGACCCAGGCTCCACACTAGGGACCTCGACCTTGTCCTGCAGGGAGTGGAGACCCATGAATGGATGTTAG,False
751,-755,1.8876567,-1.9452319,0.021188332,0.4539467,-0.6408944,0.25070775,1.9075726,-1.4889097,0.032405574,3.3921692,-3.3089983,0.0012279657,1.0828041,-1.1610372,0.095882036,0.08028233,ENST00000586376.5,-755,GCCGCCGCCGCCGCCGGGCACCCAGCCCCAGGGGGGCGGGCTGGAGGGAGGGGGCGGGCGCTGGCCGGGGGACCCCCGCAACCATGGCGGGCGGGGAGTGGGCTGCCGAGCCGCTTCACCTGCCGCAGAGGGGGCGGCCGGCGCCGCTTCACCTGCCGGAGCGGGAGGCCACCGAGGCGAGGCCGAGGCGGCGGCGCGCTCGGCGGCGCCTCCGGGTCCTAGAACCGCATCCTCCCGCTCGCCTCGGGCGAGGGATTGGCCGGGTCTGGGTGAAGGGGATCACGGCCTGGGGATTGGAGGGGCACATCTTCTCCGCACCGAGGATCTCAGCGACTGCGAGCACGGCTCGGAGACCCACGGTGGTGCAGCGTTGGGGCGCCAGGGCTGCGTTCCCGTCTCGCGTCCCGGACTGAGAAGAGCCACTGACAAGACTTTAAGCAAGAGACGGAGAGTTAACATCTAATCTGGAGGAAGACCCTGGAAGGAGCCAGCCCCTTCCCCCAGGCTGACCTGGTTTAAGCCTTTCTTCTGCCAAGGTCACCAGCACCCCAGATGGGTGAGAGATGTGATCACTGGTTTCGTGGCCTGACCAAGGACCTCCAAGGCCTCATGTGGAATGCAGCCTCTGAGAAAAGCACTTCTCACCACTCAAAACCCACCGAAGCATGCCCAGCCCTGAGAGGGGCTTCTAGGAATGCAAAACGAGCTGTCTCTGCAGCCACGAGCAGAGCTAACTGCATAATAAGCACACTGGAGGGGATTCACAGGCTTTGAGGATTGTTTTGAAGGAAGAGAAATAGGTCCTACTTCTGTGGGAGACTGATTATTCCTTTAACTCCAATCA,False
752,-1077,1.4803975,-1.4551644,0.05042335,3.6437297,-3.4750586,0.0008090922,4.1463456,-3.9883182,0.0002931117,0.4282368,-0.66931844,0.25019825,0.9594437,-1.2778299,0.09645288,0.07963534,ENST00000588612.5,-1077,GAGGTGGGCAAGTTAGTTGCTCCAAAAACAAGATAAAATGATTGAGTTCTTTTCTCAAGCGGGAGTCGGAGTTTATCTGCTCTGAGAGCCCCAGCAGCTACTATTAATGAGTGTCTGGAATATGTTCCTGGCATTTCACCTACCCTCTCTCCAATCCTTCCAAGAAACTCACAAAGCAGGGCTTTTTCTTGAACTTCTCTTCCTCACAACAGTTAAATCATCCATTTAAAGATGTCAAACAACCTCCGTGTTCTAAGATGCTGGACCCCTGAATATGGAGGGCCAACTACACTAGAAACACACACGCTAGCTGAGAAAGATGGTGGCTTAAGGCCAAGGGCCTCTGCTAGCACCCATGAGAACTTTGTGTTCTTGAGAATAAGACACCTTTGCTCCAGGGCTTAGTGAGCAGGGCCTGAACTGGAGTTCCCTCCCACCACCTTAACTGAACTCTTCATGCAGGACACAGCATGTACAACCTCACATAGAGTTCCTGACCAGACAAGACTTGCTGGAAATTTCCCAGGATCTTCCTTCCTTAAGCATCCATCATGGGAAGCCACCTTGCCCTAGGGAGAGCTCCTGACCTAGGGTCAGGAATATATTAAGGAAGACAGCAATTAATACATTCAAAAATAATAATAATTACAAATTATGTCTCTGTGTTAGGAAAACTTGGATAAGCAGGTCCATAGAAATTCCTCTGCTAGCCCTGTCTCCTGGAATTTCTACATAATGGCATATCCTCAG,True
753,-137,3.6039698,-3.5535755,0.0007783582,1.123824,-1.496385,0.06784908,5.299441,-4.995595,3.3799308e-05,6.927252,-6.64618,1.2738926e-06,0.24668968,-0.5267548,0.31573445,0.07687939,ENST00000554403.1,-137,GCATTGCTGTGTGTCTGCCACCGCTGCCTGGCACTCATGGGGCCGTGTGTGTGTGTATGTGTGTGTGCGCGCATGTACATGTACGCATAAGCGTGTGCTGTATGTGAGCCTCCTGGGCATGGGTGGGGGTTGGCATTGCGGTTGCCAATCTAGTGTACAACCAGAAGGACAGAGGGATGGAGTGGAAGAAGGAGGGGAGAGGCTTGGGGTCTGGGAGGGGAGAAGAGGGTGCATGAGTTGCTTCATGCTGCCTGCTTACAGGCATTGGCATTGTAGCTGCCACCCTTGTGCCCACGGAGATGGGAGGAGGCGAGTGGAGGGCGCAGCGGCAGGAGTCCTGTGCTCTGGGAGGAAGGCTTTGTACATGGGAGCTGTTGGCATCACATCTGTCAGGCCGGTGCCCAGAACTGGGGCAATGGAGACTGGGGGATCCAGGAAGCAGGGAGGAGGGGCAGAATGTGTTTCTGATGTTGCTGTCCCTCTAGAAGCTCAGCTCTGAAAAATGGTTGGAGTATGAGGTGATTAGTGCTCTTCCAGCTTGAGGAAGTAAAGTGGTGGAGAGAGTAGCCAGGGAAGTGCCAAGAAACAGTCTACGAGCCAGGGAGGAGGGAGTGTGCCACCGTACCCAGGGAGAACTTGTTGGGGCTGGCAATCTGGCCCTTTGTCAGAGTATTGAAGGAGACAGCAAGAGGACCAGATGTGAGGTGGGTGGGTGCTGGCACTGCCCATGGCACCTGGCACAGGCTCTGGCATTGTGTGGAACAGGGGAGGTTGACAGTGCCTCTTGCCAATCTGGTTGAGAGGGCTATTGTGCCAGGAGTGAGAAGGAAGGAGGTGAAACATTTCGGGAGGTGGGGTGTTTGGGAGACCAGATTTTTTTCTGCCAGGTCCTCCTTCCCCTTCCCTCTTAGGCATGGGGAGTGGAGCAACAGACGGAGAGTGGCATGAAGACACAAAGGAGGAAGCACACCATTGCCAAGACCCCAAGGAAGAAGGATGGAAAGCGCTGGCAGTCCTGCCTGGCCCCCAGCCAGTTCCCTGCTGAAGATGGCCAGATCCCCTTGTCTGGCCTCCCAGCTCTGGCACCAGATTGGGATGGTGGCCTGTCCCCAGTGAGAAGGAGGTGGCAAGGAGGCTGTCTCTTGCACTTTGCAAGATGCTTAAGTAGAGACAGGGTTTCACCATGTTGTCCAGGATGGTCTCTATCTCCTGACTACCTGACCCGCCCACCTTGGCCTGGGATTACAGGCGTGAGCCACTGCGCCCGGCTGGAAGGAAAACATTCTGAGTGACCGTGTATGTAAATAAGTCTTTCTGGTTATTTTATTCTGTGAACCTGTGTGATGTAATGACTGCATTTAAATAGTATTACAACAAAAACTAATTGTAATAATAGTAAATAGCTAACATCTTTAAATGTTTGCCATGGGCCAGGCACCGTGCTAGGCCCTCGGCAAGTATCACATCACCTAATCCTCCACTTCAATCTGATGCAATAGATGTAGCTATTCATTCCTATTTTACAAACATGGAGACTGATTTAGATGGGTTAAGTAATTTTTAAGATCTCCTGCTTAAAAAGAAGTAGAGTTGAGATTGGAACTCAGGTAGCCTGATGTCAGTACCTCTGCTCTTGGGTTAATTTGTAAGCTTCTGAACTCTGGCTGGTATGCATTTTGAATGAGGTCTTTTGAGTCTGATTGTATTACTCTGTGTGTCACCTTGAGCATATGTGCTATCATGTTCCGCCTGAAGGTGCTAGATGGCTGTCTTCCATTTGGTTTGTTTCTTAGTATAAGATGGACCAGAAGAGGAGCACTGCTTTGCGCAACTCCAGGGTGCGTCATTCACACTGCAGTCCATGCAGGGGCACTGGCCATGCCCTGTGTGAAGGAAGGGAAGGAGCGGGAGGGAGGGAGTGGGAACAGGAGGGAAGGGATAGATAATGGCGGGTAGTGTTCTTTGAATGATATGTGTACCCATTTGTGACAACATCTCTTAAAGTTGAAGGTCTACACATGTGTATCCATATTAGCATATGAACTTCATCAGACAAGCACTCTCCCTCCAACAGAGGGAGACCCTGTCTCAAAAAACAAAAAAAAATAGCCTTTAGAGTCAGACAGACCTGGAATCAAATTCTAGTTCTGTTTCTTAATATGTAAATGACCTCAGGTAAGTTGCGTAAAGTCTCAATTTAGTCTCTTCATATAGAGAATGGGGCAGGCCGGGCACGCGCCTATAATTCCAGCACTTTGGGAGGCCGAGGTGGGTGGATCATTGGAGGTCAGGAGCTTGAGACCAGCCTGGCCAACACGGTGAAACCCTGTCTCTACTAAAAATACAAAAAAAATGAGCCGGGCGTGGTGGCATGCACCTGTAATCCCAGCTACTCAGGAGGCTGAGGCAGAAGAATCGCTTGAACCCGGGAAGCAGAGGTTGTAGTGAGCCGAGATTGCACCACTGCACTCCAGCCTGGGTGACAGAGTGAGACCCTGTCTAAAAACAAACACATCAGAAACAG,False
754,-1129,0.77253723,-0.77811116,0.17499264,3.503838,-3.5980968,0.0008228324,4.131069,-3.713476,0.00039173022,4.4890494,-4.5317407,0.00012085598,0.685217,-0.65806276,0.20697121,0.07665986,ENST00000577700.5,-1129,AGACCTGTACTCCGTACTCCGTACTTCGTAGTCGCAGCGGCGCGGTCTTCGGCAGTCTAGTCATCCACCGCCATCCTGGGCCCCACGTGTTGCCTGACCATTCCTGAGCCCAGGTAGGGGTCCTGGGGGATTGGGTTCAGTGGCGGGCGGCGTGGGAGGCTGGGCCGCAGTGAGTGGGGGCACCAGTGATTCTTGGAGACCAAGCCTTCACTACACGTGCTACTTCCTCTCAAGAGGCGGTTGAGCGCGTTCGGAACATTTTACCCGGAGGAGACTCGGGGATTACTTGATGAGTAACCTCGTGCTTCTCTTTCAGCCGAGAAGTGGGGCTTCTGCATGACCTGGGTGGACCCCAGTAGGTGGGATGGGACGTGTGGTCAGGAGGGACCTCACCGGAAGGCATGGGGTGGCGTGTAGACCTGCCGCAAGAGAGGCTGTAGAGTGGGCCAGGCGTTGCAAGGAGCTAGAGCTGGATAATGGTTCAGAGGCACAAGCTGAAGCTAACTGCGTTTGGAGCTAACTGCATTTGTTCCCTTCTAGGTGGGAGCCGTGGCTGAGGTGACGGTCTCAAAGTGGAAGAGCTTACTGTCACAGCAACTCCTTTGCAAGATGCCCCGGTAAATCACGTTGCAGAGACCCCAACTCTGCCTTCCTGGAACTAGGCCTGCGTTTTCTCTGAACCATTATTTCATGGGGAAAATGAAATCTACTTCATGTGCCTGGTCTACTTACTCCTTCAGAAGTGATTTCTGAGCCGTAAGATACATGAGAAAAAAATGAAGGGGAAAAGGCAGTATTTATATTAACTACATGATGATAAGGATGTTTCTGGTCACAGTGAAAAGCCATGCTAGAATTGTAGTGTCATAGAATAATGTGGAAGTTTAGTTCGTGTTGTCTGATCTATTTAATAATTTAATAAGGTTATCTCTTCCAAGACACCTTCCCTTCTTCCTCAGCCAGAAAGGATCTTTCCCTGAGAGTCATTAGTAGCTCTGGGCTCCTGGAACCAAGCTCAGGTGCCTAATTGAACTCTGGTCTCTTCCCACAGCCCCCAGCAGGGACTGGTGCTTAGTGAGAGTGGACTGCCAGATTCCTTGAGTGTGGGGGATTTGGGTGAATGAGGGTAGCAAGCCTCCAGCGTGCTTGGGTCTGCGGTGACCCTATGCATTCCTTCAGTGCTTGCTAGAACAGTTTTGAAACGGTTTGAGGCCTTGCCCTGCTCCATCCAGAGCAAGGTTATAGAAATTTCAGACAATGACTTCCTCCCTCCTGGATCTAGTGTCCTGGGCCTTGTATAGATCCGTGCCATCTAATGTGGTAGCCACTTGGCACACATGATTAAATTAAATTTGGAGTTTTATTTCATTTTCACACTAGCCACATTTCAGATGATCAGTAGCCACAGGTGGCCAGTGGCTACCATATTGGACCGCACAGATTAGAGGGCATTTCTGTCGCTGTGGAAGTTGTTTTGGACAATGCTGGTGTGAAAGGTGAAGGGAATCCTGAGTGTTTGCTGTGCTCCAGGCTCAGTACAAATTTTATTTTATTATACACTTAAAGCAAAAGTCTTATAAAAGTTGAGGATGAAGCCAAGAGTGGTGGTAAGGGTAGGAGTTGAAACAGTGAAGAGGAATAACAGGGAAGAGTCCTGCCCTGAGAGACTCATGGAATAGGATATTTACAAGGCAAAGCAAAGAGAACCAAAGTCTCAGTTCTGCAGAGGAGCTGAGTGCCCCAGGAGCTAGTGGAGGGTGAGGTCAATGTGTGCTCATCTTAAAGGAAAAACTCATGGAAGAGGAAGGTGCTAATGTTGAACACCTATTTTGCGCCAGACCTCTTAATTGTTTTAAATCTTTGAGGTATCATCATGAGGTCGTTTTTAAGTTCAGTACAGATGAGGGGCCCAAGGTCAGAATTATGTGTCCAGGGTTGCCCAGCCACAAACCAGCAGATCAGGGTTTGATGCCAGGCCTCTCTAACCCTGCATCCTGAGTGGAATATAGAAGCCGGTGGGAAGTTTGGATGGGAAGGAGATGGATGCCTTCAAGTTCTTGTCTTGGTGTTAGGTGTGTTAAAGGACTGGCTGGGATGAGAAGAGTGTTGCTGGCTTGAGCATAGCACGAGCAGCACAGCTCCTGTGTTCCTCTGGGTGGTGGGGTCACCTCTCTTAAAGGTAGAGGCTTTCAGCTGATTCTGTCTTTTCAGGCCAGGAATAGTTGCTGAACACCCCAGGCCTGCTGAGGTCCCTCCTTGAGTCTCATGTTCAAGCAGTCTTGTGAGTAAAGCACTGGCTACCCCTTTTCACTTACTATCTTTTCAAGCATGTTCTACCACCTTGGAAGGTAAGAGGTTAGTACCTTCTTCCAGAGCAGAGGGCAGGCATTCTTGCTGTGCGTTGTGAAAGGGTAGAGTCCTGCGCTCCTTTCTTGTAGTAGTCCAATGGCTCATGCAGGTGCCTCTGACTCCCCTATGGGAACTGGGGCTTGGGAGGGTGGTGGAAAATGCTGATGCTCTGGCTATTGCTATTGTTTTGAATAATCAGTGGTCCCTTGTCCCTAATCGAGGAATTTTGTATTTTCTACCAGTGTCCATGAAACTGGGAGGCGACCGTGTTAGCTGCCAGTTCCTGACAGCCACCTCTCACCAGTGGCTTCACTCTGTGTCCCTGACCCAGCACATGGCACAAGAGTGCCTGCCATCCGTCAGTGTTTCTACAGCAGCAATCCCAAGATGCTGGAGCTAGAGGGGACCTGACCTGAGAGAAGATACCTTCAGTGGCTGCCAGGCTGTTCCTTGGAACCTGTGCAGGGATGAGGCCTGCCTGTGTTAATACACCTAGTGAGGAGTGGAGCTGAATTTGAATGCAAGCCTTGGCACCTTAATTGAGCAAGTTTGAAACCTCGCTTGTTGCCCTTCTGGAAGGAGTCAGGAATTTCCAGTTCTGGGCCTGGGCTGTGGGTCTGGCAGACAGACCTCTGGCCCTAGGTTTGGGTGCCAGGTTCTCTGCTTCCAGAATGAGAAGCTTTGCTGTGCACCAGGACCTGGGCCCTTCTGGTATCTCCTGAATGAAAAACAAGGGATATTTAATAAATATGGATTTAAATATGTGA,False
755,-1160,2.6591957,-2.5433407,0.005472476,2.549622,-2.7253928,0.0050918213,0.33029237,-0.19417906,0.37180728,3.6905167,-3.4355786,0.00080320647,4.6714826,-5.1714826,5.3116746e-05,0.076645575,ENST00000521863.1,-1160,CCCTCCACCACTTGGGACCTGAGCGAGAGGACTGCAGCAGGCGAGTTCCGGAAGGCTGAATCCCCAGGTCCCAGCCCCGGACCGCGGCAACTCGCCCCTGCGGCACGCCCGGCCCGGCTGCGCCCCCACTCAGCGATGGAGGAAAAAGCCTGGATGCGAAAGGATGGGGGAGAACAAAGAGCCTTTGGAAGACGTCGCTGTTATCTCATTGTCTGTGTGATTGGGGGAGCTGCGGAGAAAGGCCTCTCTCTCCGTGTTCACAGCGGACCTTGATTTAAATGTCCATACAATTAAGGCACGCGGTGAATGCCAAGAATGGGGCTGGCTGAGCACCGTGGGTCGGCGAGGGCCCGCCAAGGAAGGAGCGACCGACCGAGCCAGGCGCCCTCCGCAGACCTCCGCGCAGCGGCCGCGGGCGCGAGGGGAGGGGTCTGGAGCTCCCTCCGGCTGCCTGTCCCGCACCGGAGCCCGTGGGGTGGGGAGGTGTGCAGCCTGTGACAGACAGGGGCTTAGAGATGCAAACAGACTCAGGGAGAGAAACAGAA,False
756,-136,4.1994457,-4.14746,0.00023707292,1.6174997,-1.9937471,0.026307361,6.3241363,-6.039735,4.270093e-06,7.3980994,-7.108023,5.0126897e-07,0.17134297,-0.4352798,0.35283,0.07587584,ENST00000553985.1,-136,AAAGAAGGTGACTGAGCCAGGAGGAGAGCACAGATGGCTTGGTGGTGGTATGGTGTGGTCCTCCTTCCCCTTCCCTCTTAGGCATGGGGAGTGGAGCAACAGACGGAGAGTGGCATGAAGACACAAAGGAGGAAGCACACCATTGCCAAGACCCCAAGGAAGAAGGATGGAAAGCGCTGGCAGTCCTGCCTGGCCCCCAGCCAGTTCCCTGCTGAAGATGGCCAGATCCCCTTGTCTGGTGTGCCTGCACAGGAGACAGCACCAGCCAAGCTGATTGTGTATCTACAGCGTTTCCGGCCTCAAGACTATCAGCGCCTGCTAGAAGTGAACAGCTCCAGAGAGAGGCCACAGGAGACTGAAGATCCTGACCACTGCCTGGGCTAGGGGTGTCACTTCCTAGAAGGGGAAGGGAACTCTGGGTCTAACGGAGTCCACTCCTGGGCCCACTGTGCCTCTCCCCTCAGTGTCCCTTCTGACAGTGACTCCTCTCTCTCCAGCGCTGCCTGTTTCTTCCCCCTCCTCTAAGCTACTCTTCCTTGAGCCCTCCCTGGCTGCTTCCTCTCGCTCATCCGTCAGATGCAATCTGTGGGCCGCCCCTCTCCCCTGGCCGCTAAGCAGCCTCCATTGATTTCCGCTCGTGTTTATAGGATTTCCACTTAGCCGTGATCAGTAGTTAAGCACAGGAAAATCCCTTGCCACCCCCCCTCCCTTGGTCGATGCCATTGATTCTGCCAGCGGCTCCTAAACCGCCTTACAGCTGAGTTAGAAGATGAGGAGAGGCAGCAGGGATTTCCCTGCCTTGGGATGTGGGAAACAGAAGAAAAGTTGAGGAAATGGTTGGGAATCGCTGTTAGAACTCTAGAAATTCTAATCTGACTTTGCCACTGTGCCCAGCTCTGGCCCAGAGGGTAGAGTGCCTCCTGTGGAAGTTTAGGGGCAAATTTGTTCCCTGACCTGGAGAGGGTTAGAAAGAACCAACAGCTGCCCCCTCCCCGCCCCCGTGTTGAGACAGGTTCTCAAGGCTCAGGGGAAGATGCATACCTCCTATGTAAGAATGCTCTTCCCTTGCTGTTATTCATACACACTTTCCACTTCAAATATACCCAAATATGGCTTTCCTCACTTCTCAGGCTTTATTGGGCTTTATTTGTGGGAGAAGGGGGCTGGTCCCCAGTTTTTGCAGTGCAAAGCCAGAGCGCCACCTGCTGGTAGCCCTCAGGTGTAGGTTCGAAGCTGCTGGGGCCCCCTGGGGTTTGGGACACAGGAGAATTTCAGGCTGTGAGTGGAGACAGTTACTGCCACGATTCCACAGGCAAGTTGTTCACCTCAAAGATCTCCTGCACCGACTGGTGAAAGTGGTCGTAGGTGAGGCGCAGCTTTAGCCGCAGGGGGGCCTAGGAATAGGAGAGCAGGGACCAGGGTTAGCACCCACGGCTTCTTCTATCCCTGGGTCTTGTCTTGGGGGAACTCCTGAAGCTCACCTTGTTAGGATTGAGGATTCTGAAGAGCTGGGTGATAGGAAGGCCACCCCGAGCTGGAACTGTGTTCCCACTGGGGGCCTGCAGCTGCAGCTGGAGACTCTGAACACAGGAGTTTAACAGAGCACAGTATGGCAGTAGGTAGGGCTCAGGCAGCCCCTCTATACTCAGTGGCTCCACACCCTTTTCCTGTAACTCCCCAAGTGCTGATCTCCAGATGACTCAATCCCATCTCACACTGTCTCCCACCCACCTCCTCCACTTAGTGGCCTTTTCTCCTGGAGTCCCCAGGCCACCTCTGAACTCTGATCTTTACAAACCTTGGGCACAGCAGCCTGGCAGATGAAATGGGTGACATCACCCTCTGAGAAGTTGGTGGCAGTGATGGTGATTAACAGCAAAGCAGGGTTTTCAGGGGGTCGAATGAAAGACAGATTCAGCTGTACTCCCTCACGCTCAAACACTTTGAGATCTGGGATGGGAGCTGGAGTAGGGAGACAGAAGCAGCTCAGTGTGCAGGTTTGAGAGAACATGTTTGTTCATTCATTCAACAAAAATTGAGTAAACACCTACTGGCCCTGCACTACTCGAAAGGCTAGTAACAAAGTAGACATGTAGATGAGGATGGAGCTTACTGTCTAATGGGGGAGAGAAACAATAAAAAAAGGCCGGGCGTGAGCCAGTAATCCCAGCACTTTGGGAGGCTGAGGTGGGTGGATCACCTGAGGCCCGGACTTGGGAGGCTGAGACACAAGAACAGCTTGAACCCGGGAGGCAGAGGTTGCAGTGAGCCGAGATCACGCCACTGCACTCCAGCCTGGGTGACAGAGCAAGACGCTGTCTC,False
757,-1495,7.6672125,-7.9559517,1.6403857e-07,2.7938528,-3.0126195,0.0029990016,6.2866426,-6.204709,3.7590064e-06,1.9203478,-2.228915,0.015531022,0.21378243,-0.36464745,0.35929397,0.075565584,ENST00000413665.5,-1495,ATTAAAATTTCATGGGCGCTGCAGCAGCTACAAAGACGACGCCGGCTGCGCTCGCGGGACCAGAGGGAGGGAGGCTGCGGACGAGTGCGGGGAGGAGTTTGAGATGGGAGGCGCTTGCAGGGGCTCCCCCAGTTCTGCGCTGTGAGCCGGGGCACAAAGAGCCCTCTGCACTAGCGCCGCAGGACCGCGGACCCGAGTTGGAGGCATCTGTCCACCCATGTGGTTCCAGACACGTTCATGTGGCCACCATGACCCCGTCGGCATCACAGGGGTAACCAAGGTGATCCTCCCTCTCTTCCTGTGTCCACTGGGGATGGTAGAGACCAGCTTAATGCTTTGAGATCAGATCCATCACGAAATCCGTATGTCCTGAGACCTCCTGAATCTTAAGAGAGCAGCAAGTTCCTGGGACAGAGGAGACAGAAGGGAATTTCCAGGTTCTTCAGGACGTTCACAACCACACTGAGAAGCATCTTTGCAGATAAGTATTTAAACTTACCAGCCCATAGCCTACCAGCCTGCCCTCTTCTGGTCTGTGCAGGAAAGTGTAGTATCCTAGAATGCCAAAGTGGGAGGGGAAATGGGTGATGTAGCTCATTCTCTTTTCTACCTCTATGGAAGAAAGAAAGAGCCTGTCCCCATTTTGTGGGGTCCCAGAAAGGGTGATTTTCACACTTCACATTTGGCGTTAGGGCTAGTATTTCACAAACATTACCGTCTGGAACTTTTGAAGGCTGAGTTAAATGACTTCATCTTGTGTACTTGTAGAACTGCTATTAGAAGGAGGCTGGGGACTCCCTGATGATGTGAACCAGCCCTTCTCTTCTCAGTTTCAGCACTTTGTGATCATATTTATAAACCTTGGACAGGGCTCCTTGGCCTTAGAGTTAAGTGAAGAGTTAACACTGTGACTTTAGATGCATTTTTCTCAGTGTAAGTGTCTGAGCTCATCTCCAGTTCTGGACTCGTGCCCCCACTCCCGGGTGCTGACAGCAAGCTCTGAAGATATGCTGAGAGAGCTCCCTGACTCTCCTGACTCAG,False
758,-1481,3.888075,-4.2114577,0.00030358872,2.680462,-2.7515783,0.0043551126,7.565362,-7.264554,3.6261784e-07,0.14674744,-0.39803627,0.36707544,4.595012,-4.7498755,8.74035e-05,0.07436438,ENST00000517345.5,-1481,AGGTTTGCTGGAGTTTGGATTTACTACTGAGTCATATTTGGAGCATGCTGGAATCTTACAACTGAGATTACCGAGTCAGAAACTTGCAAACATGAGTAACATGGCCCTGCTCTGGAGACTACTGGGAACACAAACACAGCCATTTAAGACATCTACCTGCTTCTCCTTTGCCTTCCATCATGACTGAAAGTTGTCTGAGGTCTCCCAGCCACGTGTCCTGTACAGCCTGTGGAACTATGTAGAAAGGAAAAAGGGAGAGAAATGGAGACATTTATTGAATCCAGGCACCATGCTGTGGATTGCTAAATACAGCTTCGTAATTTGCATCTAGTTATCTGGTCTTCCAAGCTAGCTTTTTCAAGTATTTTTACCTTTACACATAAAGTTCTATTGGAGATGTACTTCACCCTTTTCTGCACTAAAGAGTTTAATTTTTCAA,False
759,-1289,2.5248058,-2.6734958,0.005495575,0.35835052,-0.6389569,0.26947114,1.981306,-1.4227363,0.03216937,1.5260686,-1.6745176,0.039143663,1.7299844,-1.9123113,0.025523622,0.074360676,ENST00000545440.5,-1289,CTTATTGGGCTCCTGTCTGCAGGATTTACGCGCACGTTGGAACCGAAGAGAGCTCTGTTGTTGCAATGTTCAGCCCACAAGAGCTTACTGGTGAAGGAATGGGACAAGACCCATCTTTATGCAAAGCCAGCGTTACAGTAATGTTCCAGGTATTCCTGATGACAGTCTGCCTCTATCTTACAGTACTACTAACCAATAACCTGCTTGGCTCAAAGGGCCAGCACCTTCTCTCTAAAGCCCAAGAGGAGTTTGAGGAAAACTAGGTGTCTGTGTTCACTCCAGGCTGAAGTTACAGGTCTGAGCAAATAAGGTGTATAAAAAATGGAATCTGTCTTGGAGGACATCAGAAGGTGAATTTTCCAAGTTCTTGGACAACCTAGCTGTTGAAAAGCTTTCTGGGTTTGGGGGGTATTTCAGATGTACCTTAAAGTGTTAGCAGACACAGATTAAGACACTGGGAGCCAATGAAACAGCAGTTGAGGGTTTGCTGTGTATCACATTTCTGTATTTTATCACCCCCTTCCTGCAACATTATTTATCTGGAATCTACCTGCCCTTTTGTTTTTTAGATACAAGGGCTTGGTTTTGTTACCCAGGCTGGTTTCAAGGCCATAGCTTTAAGAGATCCTCTCACCACAGATTTCCAAAGTGCTGGGATTGCAGGTGTGATTCATGGCACCCAGACTTTGCTGCCTTTCTTACATGATCCAGGCCCAGAACCCAAACTCAGGCACTGTATAGATGACCACTTTCG,False
760,-39,0.2888615,-0.4476009,0.32377818,9.280775,-9.6258,6.151473e-09,5.926147,-5.9443846,6.9934395e-06,1.4392549,-1.6153499,0.045019094,6.9505553,-7.036827,8.42086e-07,0.07376102,ENST00000457043.1,-39,GCGACTCCTGCTTGCTGGGCGCGGCTTGGGCCTCCAGGCTGCGCAGCGCAGCCGCTATCGGGCGGACTGCAGTTCTTGCCGAGCAGCTACTGAAAATTACCAAGGAGAGGTAGGAGATAAGAGATGCCTATAAAGGAGCTGAAATCTACCAGGGTAAGACAAAACAGTAAATTAAAACCATATAGGATAATCTTGTAGGTATACAAAGTACTGGTGAAGTTCAAGTATAATTGGTGTAATTTAGAAGTGAGCAGGAAAGGGATGAAGGCAAAAAAAAAACTAGGAAATCAAGTTATAGTCTTCAACAAAGCTGATCAGTTTGGTTTTGGCTGTTAAATTTGAGGTGCTTGTAGTACTTCCAAAATGTGATGCCCATTAAATAGATACATGGGTCTGGAGCTCAGAAGAGATTTGAACTACCAAACAGATGGTAATTGAAACCAAGGAAATCCTTGAGACCATCAGATAGAGTTTGTGGAGTGAAAGTAGCCAGATGATGGAAATAAAGGAGCCAAGAGGTGTTGTAGAACCCAAAGAATG,False
761,-942,2.6850126,-2.6020002,0.0050313994,2.0472088,-2.2258887,0.013746929,0.40990248,-0.2268703,0.3459764,3.147981,-2.8932562,0.0023729708,5.086699,-5.5196133,2.4758625e-05,0.07343049,ENST00000442815.1,-942,GGGTCGTGAGAAAATACGCAGGAAGAGATACCCCGTGGACATGTTTCCCTTGGAAAGTGGAGGGAACCCTCTGAGCCGTGATTCCGCCTGAATTAAGCAGTGGCGGGCACTGGCCTGGCAGGCGGCTTCTACTGCCTTGGATTTGCACCTCTAAGGGGTCACAGGGGCCACCCCCGAAACAAGACAAAGTGTGATCATGGACAGGCCCTCGGGGGGCCGGAAGAAGGAACGGCTCCAGTGATGAAAGCTGAACGCCAGCTCTCTCCCCATCGTTCTCCCGGACCAGGAGAGGGCTGCTCGGCAGGGCTAGGTTTAAAAACCTTCCATGCAACTTACGAAGGCATCCACAGTGACTTCTGCTGCTGTGGTACGTTCTGCCCTCCCCTCCTCCCCGCCCCATCCTGTTCTCGGCTACAAGTTATTTATATGTACAGTGTCATCTGAACGTGCACGGGCCTATCCCAGGACATCACACACAAAGAGGCGGCGGTGAACCCAAGCCGCCGGGCCGGCCTGTGGCTCAGTGTGTGTTTCAGAAGTCCCGGCCCCAGGCAGCTCTCCTGAACAGAGCCACTGGAACTCAGGAGGGTCAGGACCACAGCCCAAACAACTGCGACCGAAAACACCCTACAGGGCTTGAGAACTAAAAAATAAGGAGGGATCTGGGCAGCCGAGCTGCCTCCTAAAGAAGCCACGTCATAGAGAAAACTGCTTGCTCTATCCATGAGACGGAGGCGGCCGGGGTGTCCTGCCAGCAGACACGGGTCTGTCCATCACCGGCCACCACGCTGCCTCTGTCCTTCACTCCCATTTAAGGGAAAACGATATCTCTTCATCTTTCTGCCCTGGACATTGGAAATCAGCGGTGAGAACAGTGCTCTTGCTACAAAATGCTCAGGTTCTAGAATGCTCCCATCTTTCCTTCCATTCCACATGGAGTTTATCCAAAGCACAAAGGCCAGTCACGGCACTGACATCCGTGGTGCCCGCTCACCGGGGAGTGGGAAGCACAAGCCTGTCCTCAGAGGACCGTGACTGTGAGCCCGCAGCTGCTTGTGGGTGGGGCCAGCCCGCAGCTCCTCCTGGAGGCCTCGGGCTTCTTGCTGCTGCATTTCTGTGACATGTGGAGGGAGGATCGTTTTGACACCTGCCTGGGAAGTTTCAAAGGAGATGGCCTCTGGGCAGGGGTTTTAAACTGAAGGGCACCACACAGATCCAGATGTGAACTGTGGCTGTTGTTTGCAATTGAAGCAGAGATGCAGAGGATGGAACAGGAGTGCTGGCCATGCTGCTCTATGGCCTTGGCCCAGCCAAGACCTGCAGTCAATGGGGCTACGGGACCCCCGCTACACAGGGACCTGGGAACCACCTTTGCCGCGGTTGACCGCTGGGCCCGCCATGCACCGCCCACACCTGGCTGTGCCTGGAGACTGAGAGCAGGGGGTGACGGTGGGCCTGGAAGAGTCTCTCCCTTTTGCAAACGCCAGCCACAGAGGTTTATTTTTCTCCCTGAGAGAAGGAAGAGTGAAGGCTGAGACTGAGACAGAAGGACAGAAGGAGAAGACTTAGAAGCCAGTGAGCCCGGAACCACGAGACGCGCTCTGAGGACACGGGGCCTCGGGGAAACCGGGCACGGGCAGGGGTTGGTCTTGGCTTCCCCGCAACATTGCCGCGAGCTCGGGTGCCGTCTCCACTCGCAGGCTGGCCTGTCCTCTGCAGCCACGAGCTCAGGCACCGTCTCCGTTCATAGGCCAGCCTGTTCTCTGCAGCCTGAGGTCCCTGTGGTGCCAACATCCAGATGCTGAGATAATTCTGCCAGGGTGTTGGCTGATCGGTGATTGGTGGTTGGCTGTTCCGTGAGTTCTGCATTGATCTTGCTGGCTGAGCGTCCAATGCGGAGGGGCAGGTGCTGTTAGGGTCTCCACTCCCATCCCTCTCCCCAGGACTCATCACCCACTGCAACCGTAAGCTGCTAGGGGCTCACAGCCGTGAGTCTTTGGGACGGGTGGTCCCACCTGGCATGTAGCTCAGGCTCCTAGCCCCAGGACCCTGCCGCTGCTCCCCTCCCGCCCACATCTTGGCTTAGCCGTCTTCCCTGGCTGCCAGCCCCTTCCCCTGGTCTTAGTTGGCTTGAGCCACTAAACTGAAATAGCACACCCTGAGGCCTTCAACAGCAGACCTGATTTCTCACCATCTGGAGGCTGGAGGTCCAGGATCCAGGCCCCCAAGGCTGCTTTCTCCCCCACTCCCCCACCCACCTTCCAGGACACGCAGACTCCACCCTCTTGCTGCCCTGTCTCAGGGCTGTCCCTCTGGGCAAGCAGGCCCCTGGCATCCCCGTGTGTCTTCTCCTCCTGTTCTTATAAGGACACCAGTCATACTGGATCTGGGCCCACCCTAGTGACCTCATTTACCTTAATCACCTCTGAAAGACCTTGTCTCAAAAACAGCCACATTCTGGGGCACTGAGGGTTAGGGCTTTAACATGGGAATTTGAGGGATGCAATTCACCCCATAAAACCCAGACCATTCCCCCAGTAAATCACTTTCACAAGAGCTCTTCTCTCAGGCTTTGCTTCTGGGGGATCCCCCTTGAGATGGATCCATCTAGCTTCCTGCTTCTCAAAGAACAGAGGGGAGAGCTCTGGTGCGAAGGGAACGGGTGGCCTCGGGGACCTGCGGATAAGCTGCTGGCACTGCCAGGGGACAGGCTGAGCTGAAAGCCAGGAGGAGGGCGGCGAGGCCCGGGGCCGGACCTCATTCTTCTGAGTGTTATAAAATCTGGCTTTGCTCAGAAA,False
762,-54,3.1999147,-3.2381282,0.0015969801,0.016525865,-0.5383804,0.36472687,8.606635,-7.974765,6.292011e-08,9.32074,-9.413909,7.305417e-09,6.7071943,-6.823402,1.329647e-06,0.07326505,ENST00000445817.1,-54,GTCCTTAAAAGAAGAGGGAAATATGGACACAGACATAGACACAGAGGAAGATGATGTGAAGACACACAGGGAAAACATCATGTAAAGACAGGCTTGGAGTGGTGCACCTACAAGCCAACACAGAATCACAGCATCTCAGAGTTGGAAGGAATTCTTCATATGACCACATTGATTTTTTTTTTCCTGTTGGTCGGCATCAGATTTGTGAAGGCCCCTGGAAGATTGGATGGTGCCTGCCTATACGGAGGGCGGATCTTCCCCTCCTCGTCCACTCAGACTCACATGCAAGTCTCCTCTAGAAACACCCTTGCAGACACACCCCAAAATGACACTTTTAGAGCCCCTAGAAGATGCCTTAGAGATGAAAAAAAAAACACACGCATTTCCTAATGAAGAGGCAGCCAGATGCAGCCTCTGAGCCCTGACTGCACAGTGTGACAGTCACTCAACCCAACACAGCTCTCTTGCCTTTGCTGCAACCTCAACACCCTGCGTCCTGCCAAATCTCTTCCCATTTCATCAGTCCATCTATGCTGGTGTCCAGCCATTCCAGCCCACCATGGCATTTAAAAATCTTTCCAGCTCTCTGTGGAAGATCTGAGACTTGAGAAAGAGACTGTTGCTCAGGGCTGGACAGGAAGGAAGTATGCATTCCTGGCTCCCAGAACAGAACAGCAATGTGGGTGACCCTTCGTCCCCTCCCCAAGGCGTCCCCTTGGGCCGACACAAAAATAGATTCTATCCTCCTTGGTTCGTCTCCACCTCCCTCGGGAAAGAAGACACAGGCTTCGAGTGAGTCAACAGTATTATCGGGGCTTGACTGTCTTTCAGGAATGACCAGATGTTGGGAAGAGGATAATGTGCCATTTCCTTTAACAAATAGTCCGGGCATCTGTGCATTTCCTTTTGAGCCAGCTCTTCAGGAGACTGTGCTGCTGTGACAGGGAAGGACGAATCACCCTGGTTTCTACTCTCACGGATACTAGGGGGCTCCTTGAACCCTTTGGATTCCAGCCCTCCATTAAGAAAATATTTCTGTCCTTTGTATGCATGAGTGACACCACGAGAAGACAGCATAGGGAGTGGTTACAAGCAAAGAATTTAGAGACAAAATAAATGCTCTAAGGGAAAAAGACAAGTAGCCAAGGAACGCTGGGAGAGGGCTTGGAGGAAGCAAATTGTTCATCCATTCCCCCAAATCAGTGGTTCTCAGTAGAAAACCAACATGAGTAACATTTGCCTGGGAACTTGTCTACCACCCCAGCCCTACTGAAACTCCAGGGGTGAAGCCCAGCAATCTCCTTTGACAAGCCTTCCAGGAGATTCTGATGTGAGCTCAAGATTGAGAACTACTGATCCAGATAGATCTTAGCTGGTCCTAGGGCTTCCCAGAAAGCATTTTTAAAAAAGCAGAGATTCTCCTCCACAGGAGGCCTACATGCTGCCACCTCTGTGGCCACCATGTCTCTAGTGATCCCTGAAGAGTTCCAGCATATTCTGCGAGTACTCAACACCAGCATCGGTGGGCGGTGGAAAAAAAGCCTTTGCCATCACTGCCATTTAGGCTGTGGGTCGAAGATATGCTCATGCGGTGTTGAGGAAAGCAGACTTTGACCACACCAAGAGGGCAGGAGAACTCACTGAGGATGAGGTGGAACGTGTGATCACCATTATACAGGATCCATGCCAGTACAAGATCCCGGACTGGTTCTTGAACAGACAGAAGGATGTAAAGTCTGGAAAATACAGCCAGATCCCAGCCAATGGACAACAAGTTCTGTGACCACCTGGAGTGATTGAAGAAGTTTCAGGCCCATAGAGGGCTGCGCCACCTCTGGGGCCTTCGTGTCTTGAGGCCAGCACAGCAAGACCACTGGCTGCCATGGCTGTACTACGGGTGTGTCCAAGAAGGAATAAGTCTGTAGGCCTTGTCTGTTAATAAATAGTTTATATACCAAAAAAAAAAAAAAA,False
763,-626,2.3388479,-2.4703557,0.008088396,0.80653846,-1.1131195,0.12789972,2.2542078,-1.7374249,0.018134596,0.7516569,-0.88084006,0.16348858,1.446143,-1.661593,0.042789273,0.07208011,ENST00000540904.1,-626,CTTATTGGGCTCCTGTCTGCAGGATTTACGCGCACGTTGGAACCGAAGAGAGCTCTGTTGTTGCACCCACAAGAGCTTACTGGTGAAGGAATGGGACAAGACCCATCTTTATGCAAAGCCAGCGTTACAGTAATGTTCCAGGTAGGTGTACATGGTTTATGCTCTTACAGAGGAGACCTTGTAGATAACCACTCCATGATGAACACAAAATGACAAGCATATGGCTGAACTTTCAAGTGATGTCATCTTACTACTGAGAAGTGAGAGAGAGGTCTTAAGGGGTCTTTGAATGACTATTTTTAGGTACATAAAATGCTTTCCTCTGTTGTCTACAGCATCTCATAATCTATCCTGGGGAATTCAGCTGCCTCCCAGGGTGAATACAGGTAATTATCCAAATTGGTGTATGTCATCTTTGTAAATGTTCAAGAAAACAAGTGGCCGGCGGAACAATGTTTTTTGGCGCCTTCCATCTTGTTCCTCTTGAAATGATTTTCTGGGGAGGGAGATCGCAACCCGGTACTACAGTTCTTGTAAGGGTGTGCTGTTACCCTCATCCATATATCGATCACGTTACTGTCAGATGATTTGAAT,False
764,-264,1.8605115,-1.9204941,0.022291513,5.0608125,-5.151069,3.672994e-05,2.5573986,-2.2376492,0.008202761,4.30963,-4.200948,0.00020128686,0.40223467,-0.32234555,0.32638517,0.07142349,ENST00000588318.1,-264,GGCGCCTATGAGAGCCTCTTGGCTTTTACCTGGTCTGCGAGAAATCAAACTTTGGGCACAAGTCATGAAGCCGACAAGCCCGGGAGACACAGTGTCAGAATTACAAGGTGAGATCAGCCGCCCGGCCAAGCTATCTTCTCGCTAGCAGTTCCGTTTCCCTCCAGAGCATCAAGCCTCCTCCCGCCCAGGGGGCCTCCTGCTTTCCTAAGCTGCTGTGGAATCGGCCTGAGGTCCCAGACGCTGTCCATTGTGCTGCTGCTCTCTGCTTTCTCCAGCCAGAGTGCCAGTTCATCCGCTTTTGGGAGAACTCCGCCGCCTGGCCTGCCCGCGGAAAAGGTCACAGCTTTGCAGGGGGTGACATGGGCTATGGCTTCCTGGAAATGTCACCCTCACTAGCGCCTTTTAGATAGATGTGAATTTTGAGACATGAGG,False
765,-155,6.104536,-6.1381216,4.8203574e-06,0.11836028,-0.48915723,0.3526257,10.2850065,-9.978194,1.584177e-09,4.6629996,-4.615088,9.344093e-05,3.8252811,-3.8963864,0.0004429249,0.070633374,ENST00000558267.1,-155,ACCCCCCGCGCACCGCCGCCCGGCTTGTGCCCGCCAGGCAGCAGCAGCCGCAGCCCTAGGAGAGAGACGCGAGAGGCCGGAGCCGGGGGAAAAGTCAAAAGCCCCTTCACGCACAGCCTGTGTTAACCATGTACCTCAGTCCCGGCGCTTCCCCCACAAACTGAGAGCGACAGGGAGAATTTCCGCACAGTTTCATCCTTGGACACTTCAGGACTGAGCGGTGCAGTGAAATCTTTCTGGATAAAAGAAGTGGGCTAATGGAAGGAGAGACAGACCAAGTCCCAATGACATTGCCTGACCATTTTCACCTTCGCCATCAGCAGTCTCCCTCACAGCATTGGTGTGGGCAGGTAAGAAGAAAGCAAGGCCCTGAAAGAATATACATTGGAAAATGAGCAGTAATTTGATACTCTTGTGGAAGAGCATGACTCTTCGCCCCAGAAAGGCCAATGACACCTTTACTACAGCGTAAAGATCAAAGCCAGGGACTGTGAAACTGCCTCATGATGTTTCTCCCATGAGACCTGTGTCTGGATGTTTATATGGAACAAAACATGGAACAGAGGCAATAGTACTTGATGTGTCTTCAGCTGGGGCTT,False
766,-1427,6.6218853,-6.5829144,1.8417369e-06,0.23956335,-0.36720887,0.35279584,8.67007,-8.276921,4.3653124e-08,8.16772,-8.117451,8.461354e-08,9.798098,-9.870204,2.8718752e-09,0.07055956,ENST00000513893.5,-1427,GTTCCTCAGTACAGTACTCCAGCAGGGCTTATATAGACAAACCAAACCCAGCCAAATCAAACCTCCCCAAATCCAACATTTCCTGCATGTCCAAAATGGGAGACAGGCGCCTGAGTAACCCGGGGCAAGACGCCGAAAGAAGCCTGTTTGTGTGCTGCGGCCGTGCTGTGACTTTGGATCTTGTCTTTCAGCCGGCGCCTCGGTTCCTGCCCAGCTGGATTTGGGGGGCAGCATTGCCTGGCGCAGGGAGATCAAATGAGACTGCAAAGAAGCATAAAATGAATAGACAATCCAACCAACCAAAGACCGGGGGCAGCAGCAGGCCAGCAAGACGGCATCTTCTCCTTCCCAGCCTAGAAGCCCTGTGAAATCGAGGATCTTCCCCCTAAAACACATACACACAAGATATGTGCAATCAAGCTGCCACCGCTTGGTAAAAAGCCATGGTGCCTAACCAAAAAGGATCAGGAACAGATCCTTGAATCAGCTGTCACTTCTATAGAATGGGATTTTTTTTTCCTTCCTCCTTAACCTGCGCTGGAAATTGCCGTTGGC,False
767,-1384,7.5049915,-7.803463,2.2471009e-07,2.305797,-2.5181913,0.007970636,5.9726467,-5.8593388,7.2682665e-06,1.5975616,-1.8886728,0.029706452,0.31730223,-0.45997506,0.314907,0.07051832,ENST00000452429.5,-1384,GGCGGGGGCTGCGGAGTGCTCCCTCCAAGACCGGTTGCACCCCGCTTTCCTGGCCAGGACTCTGGGCGCGGCAGCTACAAAGACGACGCCGGCTGCGCTCGCGGGACCAGAGGGAGGGAGGCTGCGGACGAGTGCGGGGAGGAGTTTGAGATGGGAGGCGCTTGCAGGGGCTCCCCCAGTTCTGCGCTGTGAGCCGGGGCACAAAGAGCCCTCTGCACTAGCGCCGCAGGACCGCGGACCCGAGTTGGAGGCATCTGTCCACCCATGTGGTTCCAGACACGTTCATGTGGCCACCATGACCCCGTCGGCATCACAGGGGTAACCAAGGTCCACAGAACGAGGGGAAAGGGTCACTGTGGATCAAGCCAGGCTCCTCTGAGCAGTCCAGGGTCTATTTACAGAGAGCAGCAAGTTCCTGGGACAGAGGAGACAGAAGGGAATTTCCAGGTTCTTCAGGACGTTCACAACCACACTGAGAAGCATCTTTGCAGATAAGTATTTAAACTTACCAGCCCATAGCCTACCAGCCTGCCCTCTTCTGGTCTGTGCAGGAAAGTGTAGTATCCTAGAATGCCAAAGTGGGAGGGGAAATGGGTGATGTAGCTCATTCTCTTTTCTACCTCTATGGAAGAAAGAAAGAGCCTGTCCCCATTTTGTGGGGTCCCAGAAAGGGTGATTTTCACACTTCACATTTGGCGTTAGGGCTAGTATTTCACAAACATTACCGTCTGGAACTTTTGAAGGCTGAGTTAAATGACTTCATCTTGTGTACTTGTAGAACTGCTATTAGAAGGAGGCTGGGGACTCCCTGATGATGTGAACCAGCCCTTCTCTTCTCAGTTTCAGCACTTTGTGATCATATTTATAAACCTTGGACAGGGCTCCTTGGCCTTA,False
768,-655,4.488842,-4.434495,0.00013322511,0.61884344,-1.095847,0.15255634,2.0151985,-1.6447884,0.025087282,0.89270365,-0.6839504,0.17126988,3.299848,-3.470362,0.0011461381,0.07003857,ENST00000548760.2,-655,CGGCGTCGACTGCGTGCAAAACAACCGCCGCCAACGCAACTCCACACCTCCCAGACCCACACGTCAAAGAACGCGAACCCCGCGGCCCCAACTTCTGGCCTCTCCGCTCCGGCGCCTGCAGCCCCGCGGGGAAGGGGCGACGCGAGGGGGCGCAGGGACAGCCCCGCACCTGGGAGGCCCGAGGGGGCGCCCGGGAGGGAGGGGCTGCAAACGGCGGCGAGCGCGCGCGGCAACCGCCAAACGCCCGCCTTTGTAGCCCCGGCCCCGCGTCCTTACCCTGCCGACGGCTGCTCGGCTCCGGCCCGCGGCGGCGGCCCCAGAGCCGAGGACCGGGGTGGGCTCGCGCTCTTCGTCACTGGAGAAGTCCGGGGGCCCCTTGCTGTTGGTGCCGGCGGGGAGCGGCGGCCGGTTGCGAGCCGTGAGGTGCTGCAGGACCGAGGGGTCTTCCAGGAACTCCGGCATCTCGGGGATCTGCGAAGCCCCCTCCCCACAGCCTTTGCCGCCGCCGCTCACGCCGGCGCGCTTGCTCCTGGCCGGGGACCGCGCTGCCGCCTCCGAGCCTCACGGCTCCTGCCCGGGAAGAGCGCTGCGGAGCGGAACAAAAACTCGCGGACACAAAGCCAAGCCAGACCCGGACACAAAAGACCCCAGAGCCGAACTACGAACCAACTGCGGCCAAGCTGGAAGCTCGCACCAACCCCAGCCCACACACTACAGGCAGGAGGCGAGCAGCCTGCTTCGCCCACGCCCCAAGAACGCGCGCCGCCATTGGCGGGCGACGGGAGGAAGCGCGGCGGTGATTGGCGAGACGGCTCGCGCGGGTTCCATTAGCCGCCGCGCTGAGCGAGAGGAGGTAGAAACGCAGTTTAAAAGGCGCTGGGGCGGGAGCCGAGGCTCCCGGCCCGCTTCTGTTTTCGTTTTCTCCACCCTTCCCCTTAGACGCCGATAAGGGACAGGTCGTACTGCTTTTGTGCGCCGTTTCCTCTCCCTCCCCCAGCTTGAGAAGCAGCTTTCGTCTCTGGGGTCGATCGCCTACGAACGCGCCGAATTCCACGCCAGTGTGAGGACCCTTGGCTGGGCCTTTCTTCCTCCCGGGACACTGAAGCTCCAAGAGTAGCCGCAGCCTTGCCTTCCCCAAACGCTAGCCCTGAAGGGGAAGAAAAGAAGCGAGGCTTGTCTGCAGGCACTCATATTCCTTGATTTGATTTACTTTGGGAGGGGGAGGGCGGGGAGTTACCCCTCTCCTCGCGAACGCTTCTTTTGTTCCAGAAACCCAGGGGAAGCCAGACCTCTACAATCGGGCACTTAAATTACCCTTGAATTTGTGACAAAAGTGTACTATACCATTCACTTCTTAGTGTCATAGTTGGGGCATGTCTAAATTGTTTAATTTGAACAGTGCGTTCAGACGCAAGACAAATTCGCGCTTGCATTTTTGTTGAAACCGTCTCTGGCTTTGGATCCCACCACCCGCAAGAATCCTAAACCTAACGTTTGATAACAAAACGAAGGAGAACCCTTGGGAACCCCCTCAATGGTCAATTTAAAATAACAGATGGTGCATAATCCTAAAGGAAGACTAGTGACCTATAATTAGGCCTAGAACCCTAATCAAACCCGTATTACCGATCCAAATTAAAACCTGGTAGAATCTAATACATTGACTGCAATTAAAATGTTTGCCTGGAAATTAGTATCACTGATGACAAATATTTGTATTTCTGATGAATATGTATGTTTAAAGATGCTTTCTTTCTAGAAAGGAAAGGAGACCTTGGATGTAGGGTGTGTTAATCATTTCCCCAGAATCTGAGCTCCAAACTATGTTTTAGAAACTGGTTAAATTTTTTTTAAATGTTTGCCTGCTTTCTACATTGCTAGGTTAGAATACATTTAAAACAAACGCCTTCACTAAAAATGTTTCCTATGATTTAAGCGACTTACTTTTATTCAAATTGCGATATTATTTCTTTTAGTGATAATTATTTTCCTAGAGGTAACTAATTCCTTTATAAAAATCTCAGTATTCACATACATTTAAGCAATGGTATTAAGCTCAATAATGCAAATTAAAAATCAGGTTTTAATTAGCAAGTTGTTAGGTAGGTTTTTATGATCCCTTGTAAAAGTTGCTTGGTTTTTTGTCCTCACAGCTTCCCTGGACACATAGGCAAATGTTTTTATCTTCAGAAGGGGAACTGAGCTGAGAGGCAAAGGACCATGACTTTGCAATGACTGGTAACCCAGTACGTATAATGCAAGAACTGCATTCTAGATACGCCTGAAATTAATGTTTCCTGGGCAAAAACATTTTCATTATCTTTTTTTTAATCCCTGGACATTAGCTACAGGTGGTTACTTGCAGATTTACTGCTGTAGAGCTCCAAAATTGAGATTACACTTTTCAGATTCTGCGTACCCTAAGGCTAAGAGGTTGGGCTATTGAGTTTGGGTGGTCTCTTTGGTCCTGATTGCTACTTCCAAACCATTTCTGCTCTTTTCTGCTTCAAAAATATTTGAAGTTCATATCTTCTGGCTAAATCACTTTCTACTCTCCTTCCTGCCATCATCCACGAGCCTCCTGGTCACTTTCCAGAAATTATAGAGCTGCTTGCCGTAGGTTTTCCTCACCATCCCTCTTGTCTACATTCTATCTGAATTCAGCATGCTTGTAGGTGACCCATGCAACACCAACACTTGGCCTCTTAGACCTCTGACCTCTTCATCTCCAACAATTTGTTCCTCTCTTGCGTCTTAACCACTTCGGTATCAGTCAGATTCTGAACCTTGTCATCAGTTGAAATCTCAGTTTCAAGCTTCCCAATTGTCAATCACTAGCCTTTTTTTCCCAGCTAATTTATGGTACTCTCACTTACCTAATTAAGACCTCCACGCTATTAACCCCAACACTTAAAAAAACTCAACTCTTCTGCTTCTGCCATCATGTAATAATTTTGCAACTCACCTGACTTAAATTCCCTGATCAGTCCTTTTCATCACTCTTTTACAAACATTTTCAACTCTCTGATCTCAATGTCTCCTTTTTTGCTTGAAAGAATCTCAGCCTTGCTTGGACTAAACCATGCTCCAGCTGAACTTTCTCATTGCTTACATCCAAACAGCAAAAGCTGCTGGAGAAAAGTCAGTCATATAACAAGCTAACTGGTTTTAATTCATGACCTCAGTCCTCTCAGGAGCACTCAACACTGGCTGGCAATGCTATTCCAGTCTCTGGGTTAACCATTCATACGTTCACATCTCCTCAAATTTCACATCCTTTTTCCCTACCTCTCATTTTTAGCTGGTGACCTTGCCTCAACTTCAAAAAATAAAAACCACCTATGAGGAATGCTTCAA,False
769,-917,4.5089254,-4.6071916,0.000109868386,7.468905,-7.558696,2.9757445e-07,4.505345,-4.4572268,0.00012809988,4.2226024,-4.2659674,0.00020576517,0.15922874,-0.48100698,0.34519327,0.069127455,ENST00000600222.5,-917,ACGTCGGTTGGTGGCCGCGTCTGGGACCGAACCGGGCACCGCCTTGTGGAAAAAAAAGAATAGAATATACCCTGTTAAATCAGACATGATACTTGCTTTTGTGGAGCTTATGCTTTAGTGCAGAAACAGAAAGTCAAGCAAAAACTCAAACTATGTAACTTTAAATTGGATATGTGCTAATGAAGGAAAATGTGGCACTGTAAGAAAAAATAATAGGGAGTTAAAGGATAAATAGGAGTTTGCTGGATGAAATTTATGAAGAGCTGAAGATTTCAAACAAAAGAAACTGATGCAGGAGGGTGCAGCTTTGGAGTCAAGAATGAAGTTCTAGGAGATAGAGAGCAAAGAAATGGTGGGAGAGGAGGTCAAAGTTCTTTCCTCCAGCTCACTTTATTGTAAGAACCTTGGTGTCTGTAATCGGCTCGGAACCCTTGCTGCTCTTTCACTGAATATCGCTGTCTGGAGGTTACTTGGTACACTGGTCGACAAAACCTTGAAATGTTGATGTTTAAGGGCTGTTGATTGCTGGCAGCAAAGAAGTCCAACTGTGCTGGTACCCGAGATAGCGTCTCCACATTTTCTTCCAGGATCATCACCTTTGTTCTAAATAGCTCCCACATAGTGTGAACAGAAGTCATATGTTTTAGATTTTCTGCCTTGGCACCCAGG,False
770,-351,2.8442056,-3.0611465,0.0027174177,0.49629295,-0.58766294,0.25275812,3.9356925,-3.5405617,0.00056605425,1.2245673,-1.4327998,0.06553638,1.888173,-2.1382573,0.017525282,0.06782065,ENST00000444966.1,-351,CAACAGCATCAAGATCATCAGGAGAGATGCACCATGGGACGCATCAGCAGTGACTGATCTGCCCCAGAGCAAGTGCAGCCAAAGCTCTCCGTGCACTAAATACTGACTGTACTCCAGACAGGCCTCCAAGGGCACAGCTGGGCATACCCTGTAGTTATCTTACTTCCTGTAGTTATTTTAATTCCTGGCCCCTCTTTCCCTAAATCCAATTGTTAGCAAAGACTCCCCTCAACCTTTTTTTTTTTTTGAGAAGGGGGTCTTATTATGTTGCCCAGGCTGGTCTTGAATTGCTGGGCTCGAGCAGTCCTCCTGGTTCAGCCTCCTGAGTAGCTGAGATTACAGGTGTGAGCCACCGCGCCCACCCATGTTCATATTTTAAATTTATAGAAA,False
771,-1415,2.9693387,-3.0032487,0.0025411667,0.24005973,-0.5205654,0.31851056,6.1447206,-5.982436,5.410535e-06,3.494688,-3.5251868,0.00089313916,2.0439296,-2.1366813,0.015058929,0.06740184,ENST00000451894.6,-1415,ACTCGATATTGCGAAACCAAACTTGGTATAAGAGCTCCCAACACTGCTAAACTGGTCATCGCTAAACCTTTAAAAAAAAAAAAAAAGCATTCGCTGGTACCCAGATTTCCACAGGAGTTAAACATTTCCTGCGCAGCTAAAGCAAGTCTTACCAGTAGGAAACCGGAACTTGCTAGGACTAAGAAACTTGAGGCTAGGCTGACCCCATGGTTGTTATGATTAGAAATCCGAGGCCACTGGAAACCCGGAGCTGCTGACCAACGAGTCACAGGGTAACTTCGCCTTCGCATGGGGAAACGGGCTGGTGCAGTGGTGTCATCTTGGCTCAGTGCAGCCTCGACTTCCTGGGATCCAGCGATCCTCCCGCTTCAGCCTCTAGAGTAGCCGAGACCACAGGTCACCCCTCGCTGCCAGGCTCTCTTCCCGGTCCAGAGCCCACAGGATCCTACAGGAGGGGCCAACAACTGCTTGCCTTTGAAACTTGAAACTCTCGGTCTAAGGTTCCTTAGGAGCGTAAAAGGCACAGCGTTTTCTGATCGCAGCTTCAGGTCTCCCGCCCCTGTCCCGGTACCTCTCCTGCAGGACGGAACTCTGTGGGAACGCTCGTTGATTCTGATGGTTAACTGTCAGATATCCTTGATATTGGACATAGGATTTGGAAGAGGGCAGGAGAGAAAAATGAACTGCAAGACTCCAGCACAAGAGGTGGGATTGCTGGCAGATGTCTGCTCCCTCTCCAAACCTAATGAACATCTCAAAGTGCCATCCACTTTCCTATACCCTTGATCTGTGAAATGGATCACTGACGCTTTCTCTGTCTTTCCGGAAATGCAAAACAGGTGAATTTTCAAGCGCTTGAATTGTCTCTCACACTTTTCAGTCAAGAGTGGGGCTATAAACTCCTTCCTCATAGGAAATAAGGAACTGCCACTGCTTGGAAGTAAAACGTATTTTTCCCATAAGCTTTCACATTTCCCAAAAAAAATTATACATCCAGATGTAATCCCCCTAAGAGGCTTACAGACCCTACCAGGAGCGTTCCCACGCGAACGCATCATCTCCCAATCGGATCCTGAAAACACCATGCAACCAATTCCATCCTTTTCTGGATCAACCTGGGCAGAGGACAGGTGCAGAGGAGCCCAGAGAAGGGCCTTGACAAGTCAGGAGACCCAATTTGGGGTCGCAATTGTCACTCACTCCCCAGGCGTTTGCTTT,False
772,-642,2.8258762,-2.8015366,0.0035849733,0.15833378,-0.7589673,0.28550813,6.970408,-6.468997,1.4565982e-06,5.5956655,-5.6074634,1.3631294e-05,1.3861324,-1.6840012,0.04435616,0.066692874,ENST00000435921.6,-642,AGATGGCAGCCCCGGAGGCGCTGGTGGGAGGCTGTGTCCTGGGGTCCACCACTGCTCCCCGAACTCTTAGGGTCACCTGGAGCACCTTGGGAGCCAGAGATGCAGCCAAAGAGTGAACAATGGTACCAATCCCAAGACCCATGTGTTAAGAAGAAACCAGCCAAGACTCAGATCAGGATTGGGGAGTCCACCCCTCGTTTCCCTTCAGAGCATTATTTCCTTGTTTGCTAAGAGGGGCAGGAACTGGAAAACTCAGGCTAGCCCATCTGAGAAGACTTTCCTGGAGATGAGCTGGAGGAGGGAGGAGTAAGGCCTTGGAAGGAAACTCCAGGACAGACCTCCACTATGAGAAGCGCTAAAGAAAGTTCTTTAGGACGGGCACGATAGCTCACGCCTATAATCCCAGCATTTTGGGAGGCCAAGGTGGGAGGATTGCTTGAGCTCGGAAGATGGAGGCTGCAGTGAGCCATGACGGTGCCACTGCACTCCAGCTTGGGTGACAGAGTGAGACGCTGTCTCAAATTGGAAGAGCAGAGCTGCAGACAGGAATAAGAAGAACGGTAAATTTGAAG,False
773,-512,2.2295263,-2.4843373,0.008890309,1.2181967,-1.5684984,0.0580474,3.8207726,-3.2714794,0.00083083205,2.3162282,-2.3536308,0.009286544,0.4495467,-0.61733025,0.2559975,0.066610515,ENST00000571975.1,-512,TATAGCCATATGAGTTTGAGAAATTTTTGTTCCGAACTGTGTAAACCAGAAAAAGATTAGATGTTAATACTTGGAAGATTTTTAAAATCTTTTTGTTTTGGTCTGTTTTTGTTTATAACAGCTGTAATGAGATATAATTCACATACCATAAAATTTATCCTTAAAAGTATACAACTCAGTGGTTTTTAGTATAGTCAGAGTTTTGCAACTATTACTAGTATCTATTTTTATATTGATTGATTGATTGATTGATTTTTTGAGACAGAGTCTCACTCTTGTTTCCCAGGCTGGAGTGCATGGTGCAATCTCGGCTCACCGCAACCTCCGCCTCCCAGGTTCAAGTGATTCTCCTGCCTCACCCTCCCGAGTAGCTGGGATTACAGGCATGTGCCACCATGCCTGGCTAATTTTGTATTTTTAGTAGAGATGGTGTTTCTCCATATTGGTCAGGCTGGTCTCAAACTCCCGACCTCAGGTGATCCGCCTGCCTCAGCCTCCCAAAATGCTGAGATTACAGGCATGAGCCACTGCGCCTGGCTACTAATATCTAATTTTATAACTCCATTACTCTGAAAAGAAACTCCATACTCATTAGTAATTCCTCCCTGTTTCTCCCTCTCTACAACCTGTAATCTATTTTCTGTCTCTATGGATTGGCCTGTTCTGGACATTTCATATAAATGGAATCATATATGACCTTTTATTGTCTGGCCTATTTCACTTAGCAGACTGTTTTCAAGGCTCATCCATGTTGTAGCATGTATCAGAACTTCATTACATCTCAAGGCTGTATATTCCATTTTATGGATAGAGACAACTTACGTTTATCCATTCATCACTTGGTAGACATTTGGATTGTTTCCACTTTTTGGCTATTATTAATAATGCTGCTGTGAACATTTGAAAGTTTTTCATGTGGACATATGTTTTCACTTCTCTTGTAAATATGCCTAGGAGTGGAATTAGCATAGACTCTTTAGTTGATAAGGCAAGGAATGAAATGATGTGAGAACTAAAGGTTCTTATTTGGGGGATTTGGGATGTTCCCTTCTATGTTAGTTCTGTAAGATGGAAATTCTTTGCTCTGGACCTCACAGAGCACTGTACCTCCCTGAGATGCTTAGGACATCAGAGAAATTAACAGAAAAGCTAGAGCCTCCAATCAGAAAAGATCACAAACAACAGAAATGCCCCCACATAATAAAGAGTGCTTGTATTAGGATACAGTAGCAAAATCACCCCCACATCACAGTGGTTTATTCTGACCAAAGCATTTATTTTCATTCCATTTACATAGGAGGTGGCATTGTAGAAAATAAAAACTTTCTCAAAGAGATATGAATTAAAGAAAAGTTAGAGTAAGGTGAATACTTATTTAAACATACCTTTAGAGTGAGGGTAAGCCCCCTTCCCAACCCAAAATGAACTGAATGAGAGAGAAAAAGAGGTCCAGAGTAGTTTGTGGAGCGATGTTTCCATCTCTAATGCCACTCAGCTCAGGAGCAGGCTTCAGACACTGCCTTTATCTTTACAGAAAGCCATGGGAAGGGAAATGTCTGAGGTAGAGCTCAGCGTTGGGCATCATATGGCTAATCACTCAGAGGTCACTAATCACTCTCCCTTTTCTTGTTTTTCAGTGAACGAGATAATTGGGAGAGACATGTCCCAGATTTCTGTTTCCCAAGGAGCAGGGGTGAGCAGGCAGGCTCCCCTCCCGAGTCCTGAGTCCCTGGATTTAGGAAGATCTGATGGGCTCTAACAGTGCTTACTGCAGCCTTGTGTCCACCACCAACTTCTCAGCATGTTTCTCTCCTTGGACCTTGGGTTTCCAACTCTGCAGCCTTCAGGTCTGGGGCCAGGAGTGGGACCCACCATTTGTGGGGAAAGTAGCATTCCTCCACCTCAGGCCTTGGGTAGATTTGGCAAAAGAACAGGAGCAGCATAGGCTGTTTGAGCTTTGGGGAAATGAACTTTGCTTTTTATATTTAACTAGGATACTTTTATATGATGGGTGCTTTGAGTGTGAATGCAGCAGGCTCTCTTGTTTCCGAGGTGCTGCTTTTGCAGGTGACCTGGTTACTTAGCTAGGATTGGTGATTTGTACTGCTTTATGGTCATTTGAAGGGCCCTTTAGTTTTTATGATAATTTTTAAAATAGGAACTTTTGATAAGACCTTCTAGAAGCAAAAAAAAAAAAAAAAAAAAAAAAAAGAAAAAAAAAGAAAAGAAAAAAAGAAAAAGAAAAAAATATCCCAAGCCCACACCTATGCCTCAGAAAGTCAGCATGTGTCCTGAAGACGTTCATAGATTTATAGGAAATAAAGCCAAATGTAGCTCATACCTCTTTATAAAACTAAACTGTTGTTAGATAAAATGAGAAGAGACCATTCCATCATTGAAGTGTTGGAATATAAAAAGACATTCCAGAGCATAGCCTTTTGGTAACTTTCTAGGTAATCTTGCAATCTCTCCATACTGGCTCCATGTTGAAATTGCTTTTTCCCTCAGGACCCTGGGTAAGATGGCTACATTTAAGGTGACTCTGAATGGTGGGGTTCTAGCTTGGTCACTTTCATTTCTTGCCATCATAAAAACTAGTAGGCTGTGGAGTGCGCTTCCTGTTTGTGTCATCTGGTCGTAGAACCTTTTCCAAACAGAAGCATCTGCCTTTGGCTGTTCTGTGACCTTTGAAGCCAGTCTCAGTGGTTTAGGCAGCTTTGCAGTTCTAACTCTAGCTAGAGGCCAGGCTGTGTGCAGAGCTAAAGCACAAATGAGCAGTACATCAGCATGGGCAGAGAAAATACAGGACTCCAGATGGGAAGGTTTTAAGAGTCACACTGGCATGGAAGGCTTATCTGCCATTCTATTTATAGCCTGAAATGATTCTGGCCTACCCTGTCCTGTCTGTATGATCTAAAAACCAGCCTTTTCCCCAGAAGGCTCTGAGCACATCCAGAAGTGATAACCTGACCCTCCACACCAAAGACACCCTGGTGCTGCTGCTGGTGAGACTGGTGTCCAA,False
774,-1083,1.0955414,-1.0314219,0.106503636,4.278998,-4.1251836,0.00022387889,4.447602,-4.300971,0.00015866238,1.0005869,-1.2309601,0.09695312,0.80573475,-1.1185749,0.12738174,0.06624421,ENST00000587036.5,-1083,TGGGCAAGTTAGTTGCTCCAAAAACAAGATAAAATGATTGAGTTCTTTTCTCAAGCGGGAGTCGGAGTTTATCTGCTCTGAGGGTCATCCAACTAAAAAATATATATATCTTGAGGATTTGCATTGATATTCAATATCGACATATCCAAGGCCTCCCTCCAGACCACTAGATTCTAGTAATTTGAACCGGCTTCTCCTCTCCCTCAAAGCAGCTCTGCTTAGTACAGTGCTTGGCACAAAGCAAATATTCAATAAATGTTAGCCAACGTTAGCTGCTCATCTGCTTTCCTTAAAAGCCAAGTCATTTCAACAAACCACCCCTGAGGCCCCAAGACACAGAAGAACAGCATCCAGTCCAAGCCTTCTGGTGCAGAGCCCCAGCAGCTACTATTAATGAGTGTCTGGAATATGTTCCTGGCATTTCACCTACCCTCTCTCCAATCCTTCCAAGAAACTCACAAAGCAGGGCTTTTTCTTGAACTTCTCTTCCTCACAACAGTTAAATCATCCATTTAAAGATGTCAAACAACCTCCGTGTTCTAAGAACTATTTACTGAGCTCTACGGAGACACAGCTACAAGCACCACATGCTGGACCCCTGAATATGGAGGGCCAACTACACTAGAAACACACACGCTAGCTGAGAAAGATGGTG,False
775,-643,2.4999678,-2.4698548,0.006896486,0.12087655,-0.68169916,0.30947483,5.943107,-5.4809217,1.09295615e-05,4.4131436,-4.445004,0.00014219803,2.0817475,-2.3950841,0.011241572,0.0655532,ENST00000541775.5,-643,GAGCCTCACAGCAAAGCCCTCTGGAGCCTTGATGTCCGTGCTGCTCTCTTGGCCTTTGCCATACGGCTCTGGGTACCCGGGGGATGTCAGCTGCTGGGGTAGCTCTTGGGCCAAGAGGACGGAGCCCCGGGTTGGGCAAGCCTGGAGGACTCCCCAGAGAAGCAGCCACCACCTCCTCCCGCGCAGCCTGAGCTCTAGGATTGTGGGTTTTCCATCCTCCGAAGACATCACCTTTGCTCATCTCCCAGGAGAGTCTCGTCCAAAGGAGGGGGGTGCTTTCTGCTTCAGCAGATCCCACCCCACCCTGGGATCCGAGGGAGCAATGGTGGGGCGAGTGAGGGTCTGCCGTAAATATCCCCCGACCACCCTCTGGGAAGGTGCTAGAGGCCACAGGCAAATTTCAGTCTCCCCATGGAATATCTGCTGTGCTGCTGCTGCTGCTGCTGCTGGCTAGAGAGATTTAGGAGAGCCACAGTCTATGGCTACAAGGAGATGATAAGAGAGTGATGGCCAGGACAGATGCAATGTCTCAGAACTCTTAGGGTCACCTGGAGCACCTTGGGAGCCAGAGATGCAGCCAAAGAGTGAACAATGGTACCAATCCCAAGACCCATGTGTTAAGAAGAAACCAGCCAAGACTCAGATCAGGATTGGGGAGTCCACCCCTCGTTTCCCTTCAGAGCATTATTTCCTTGTTTGCTAAGAGGGGCAGGAACTGGAAAACTCAGGCTAGCCCATCTGAGAAGACTTTCCTGGAGATGAGCTGGAGGAGGGAGGAGTAAGGCCTTGGAAGGAAACTCCAGGACAGCACCACCTCCCCTACACTGGGACCTCGTCTCTAACTGGCAGAGTGGTCAATGAAAAAAAGGGCATGCCTTGGCACATCATGGTCAAACTGCTAAAAGCCAAAGACAAGAGAAAATCTTTTCTTTTTTTTAATCCCATCCTAAAGACTAGACAGAACAATATTTTCAATGTCACTCTTTTCTCATCAAAACCAATATAGACCAGAAGACAGTGGAATATCTCTAAAATGCTGAAGGAAAAAAAAAGTCAACTCAGAATTGTTTTTCTAGTGAAAGTATTCTTCCAGAATGAAGATGAAATAAAGCTATTTTCAGATAAAAGAAAACAGAGATTCTTGTCGCCAGCAGACCTCCACTATGAGAAGCGCTAAAGAAAGTTCTTTAGGACGGGCACGATAGCTCACGCCTATAATCCCAGCATTTTGGGAGGCCAAGGTGGGAGGATTGCTTGAGCTCGGAAGATGGAGGCTGCAGTGAGCCATGACGGTGCCACTGCACTCCAGCTTGGGTGACAGAGTGAGACGCTGTCTCAAATTGGAAGAGCAGAGCTGCAGACAGGAATAAGAAGAACGGTAAATTTGAAGATGGGACCGTCTAGTTGCAAGAAAACAAGCTCAGGGCTCCCACTGATTCTACATTACGGGCTGTGGGTTCCTTGAGGGAGGAATTTTGTCCTGCAGGCTGTGGCAGCCCTAGGACTCAGCACATCTAGGTGTCCACCTGCGTCTGTGGTGAGAAGCCTGATCATTGCCACGTGACCGCCTCCTCACTGTTGGTACCTGGTTGTAGAGAGCAGCTCTGTGAGTAGAAGGAGAAGGATCCTGCCCTGGAGAGGGCCTGGCTGGTCCTCACCTGGGGCCTATCATTTAGTAACAGGGCTTCTGGAAGTGGTAGCAGATCTGGGCCTGGTGGGCATTCTGCTTCTCCTGGGTGGCAGCAGAAGTCCCTAGGTGGCAGGCTGGGGACTGCCCAAAGGTTCTGACTCAGGAAGAGCACAGTGGAACAGAAAGCCCTTGTACCACCTTCGCTGCTGTATTCGTCCATTCTCACACTGCTGTACAGAACTACCTGAGACTGGGGAATTCATGAAGAGAAGAAGTTTAATTGACTCACAGTTCTGCGGGCTTAACAGGAAGCATGACTGGGAGGCCTCAGGAAGCTTATAATCATGGCAGAAGGCGAAGGGGAAGCAAGGACCTTCTTCACATGGCAGCAGGAGAAAGAGAAGAAGGGAGAAGTCTACACACTTTTAAACAACCAGATCTCATGAGAATTCCATCGGGAGACAGCACTAGGGGGATGGCACTAAACCATTAGAAACTGCCCCCATGATCCAATCACCTCTCACCAGGCCCCTCCTCCAACACGTGGGGATTACAATTCCACATGAGATTTGGTTGGGGACATAGAGCCAAATCCTATCAGCTGGTATCCTCCTTTTTCCAGGCTTTAGATATGGCACAACCTGATGGCTTCTGCATAAAGCCTCCTCTCATCTGCATCTCTCCACCTCACTCACCCTCTTTTCAGCAAAGAACCCTCTGGCTCTAGTTTCACTGTGGTGGTCCTGGGAGAGGTAGAGAAGACCCAGAGGCTCCTTACCCTGGGAGGTCAAACTGACCATCCAGGTTTGGCTCTTCCCTGCTGGTGTGTCTAGAACACCATCTTCCCCTTATTGCTGTGGACTTCAGGGCTCTGCTGCTCTGTCCTCCACAGAACTTGTCAATCAGCTTCCTACCAGCTAAGATCTGGTGCTGTCTGATATATCCTCCCTGCGGCTTGTCACTCATGCTGTCTAATGGCGTGAGGTGCATTGAGTTGTATTCTGATGTCTTTGTCCTTTTGAAGCCACAGAGTAAGGTCACACAACTTTGAAACGAGCAGGGTACCATCTGAAGATGCTGGACATTCCTTTTAACAATTACCTAGGGGAGAGGCAGTCCTCAGACAGGACTCAGGTGGGTGGGCCTCAAAGAGGAAGGGAAAGGGGGCAGCTGCCTGCCTCTGAACTTCACTCTCTAGACTCGTGGAAGGGTCTAGCTTAGAGCTAGGATGGGAGGGCTGTGAGCACTGAGGATGGAGTCATGCCTTTTTGTGACTGGACACATTTTTACTGCCCGAAGTCATCTACTGCCCCCACCCCCCAACCCCATTCTTCTGCCCACTTAGCGAATATTGAGGTTATGGTCAGGATGGGGTCATTTGCAATGAAATTCAAGGTTGAGACTATGTTGCAGTTATCTGTCTGCTTGTAAAAAGTCACCCCCACATTTTGTTTAAAACAGCAAGTATGTACTATTTCACACAGTTTCTGTGGGTCAGGAATCCAGAAGCGGCTGAGATGGGTAGTTTAGGATCAGGGTCTCTCACAAGGCTTTGGTCCAGGTGCAGGCTGCAGTCCTCCAGAGGCGGGACTGGGGCTGGAGGTCTGCTTCCAGACGGTCACTCACATGGATGTGGGCAGGCGGCCTCAGTTCCCTGCCACATGGCCCTCCTCATAGGACGCTTGAGTGTCCTCGCGGCATAGCAGCTGGCTTTCCCCAGAGTGACCCAAGGTGGAAAGAACAAGGCAGAGGTGACAGTGTCTTTTATAAGCCAGCCTTGGAAGTGACGTAGCATCATTTCTGCCTTATTCCATTGGTCACACAGACAACCCGATGTGGAAGGAGACATCACAAGGACAGGAATACTGGGAAGCAGGTATTGTTGGTGGCTGTCTCGGACGCTGGTTCTCATAGAAGTAGATGTATTATTTTAGTACAATAAGTGCAGACGATCAGCTAGCAGGATGTTATTTTTGCTGGGTATGGTTGTATTTCAGGTGCATTTACCCAAATCCAGAGTACCTTTGGGGGCTCTGACCCTCTCCTCCTCCACCTTGAGATCTGTAGAGGCCTCTCGTTCATCCCACCAAGAGCAGGACTGGACAGATGAAAGCATGGCTTACAGGAGGCCAACACAATAGGAGGTAGGGCTTTGGGAAGACAGCATAGGTTTCAAAAGAACCAAGAAGCTGTTGAAAAGGAGAGCAGATGGGCAGGGAAGACAAGTCCCAGATAGAATGCCCTTTGCAACCTAGGGGGAGCTGACCACAGTGTGCATCCTGACACTCGAAGACAAGGTCTCCATCAGCAGATTGCCCAACAGAACAAGTTCAGAGCCCAGAGATCCCAGTTCCAGATCTCAGATCTCCCACACCCTGTGGGCTCTGTGTGGACTTTCGTCCTGAAACAAAGTCCTTTAGTAAAGGACTCTTTAAATTCACTCCATCTGTGCTTTGCTTGCCAATAGCAGGGTGCGTCTGTTACATACTGGACTATCCCTTCCTTCAATATGTTCATGGCTGAGGCTGCATTTGTGCCTCAGATAATCAAGGTGAGTATAACTCTCTGTTCTGTTTCCCTTTTGTTTCCTCCAAGACTTTAATAAACCCTCATTCAAGAGGCCCACCTTGTCCCACCTGTGCTTCTCAGAAAAGAAGGAGTGGTGGGGAGACAGGCTGGGGTGGGGGCTTTGCCACCTGGCTGCCCCTTCACCTGTGGGTTCTTGCTCCAATGAGGACCCAGCAGGATAAGCTTTAGTTTCATTAAGGGTGACAATAGTTTCCTTACAGCTGGGTCAAGGATATGAGCGAGCCTCTTCCGAAAACAGCCGGGAAGGGAGAGGAATCCAAGAGGAGGAGCAGGTGGGAAAGACAAGACAGAAGGTGGATCGGGACCAGGCCTGGGAGGGAGCACAGGCACACAGAAGTGAAAGAATTCGCCTGAGGTTACACGACTCCTCGAGCGGTGCCTTTAGCTCTGCATTGTGCCACCTGCCTGGGTCAAGGAAGATGCCACCGCTGTTGTTCTGTGTACAGAGAGGGAAAGGAAGATGCTGGCTCTCAGCAGTTCTATAGAACAGAGGATGGAGAGGCCACACGACAATAGGCACACGCACCGTACATTGAAGAAGTGCATGCAAGACAGAATCGTGTGGGATATGCACACTTGCGTGGAAGAAAAACTGTTCCATTCACATTGAGAAGAAGAAGAAGAAGAGGAGGAGGAGGAGGAGGAAGAAGAAAGATGGTGAGATATCCTGCAGGAGACCAGGGCCAGGAGGGTGGAGGCCTCTCAAGAAGAGGGAAGCATGAGGAAGCTCCAGGGCAGGATGGTTTACCTGCCTGGACAGCAAGATGATGGCTACACTAGCCCCCATTCTCTGGGCGCCTGGATTTGCCCACCAGATCTCCTCACCTCTTGCCCTTCACCTCCTGCTGTACCTACAAGGTCTCCCCGATTCTCATCTGCCCATAATCATGGACACAGCCCCAGGATGTGCAGGACTCTCAGGGACCATCTGGAGTTCCAGCTGGAATCTGGGCCTGGTGGAGTGGGAGTGGGGCAGGGGCCTGCATTGGGCTGACTTAGAGAGCACAGTTATTCCATCCATATGGAAATAAACATTTTGGATTCCTGATCACA,False
776,-615,4.423422,-4.4804096,0.0001358489,6.0849347,-6.293484,4.2084207e-06,0.41305068,-0.3251891,0.32338917,5.875478,-6.2153316,5.6108156e-06,5.983461,-6.1021833,5.6398712e-06,0.0647081,ENST00000532922.1,-615,AAAAGGCCCCCTCCCCGCTGCCGGGTGGAGAGGGAGCGTGGGGGGATCCGCCTTCTGCCCCCGAGCCCCCAGCCAGCCTGGGCCCCCCAGGGTCACCCTGGGGCTCTGAAGGGGGCTTCGGCCGCTGGTTGAATGAAGGGCCACAGAAAATGAAGCTGGCGCAACGACCGCAGAACCCTCAGTGGGCACCAGGACCACGGAGCTCAGGGTGCCAATGATGGAGACAACAGGAAGGAAAGAGACCTTCCTGGTCACACTTGGGCCACAGGAGAACAGGCAGCGGCCCAGGAGGATCCAGGGTCCTGATGGTGGTTGAGAAGCTGGTTCTTAGTGATCACTCAGAAACGTCGGCCTGGCCTTGTGGGGTCAGACCTTGCATCTCAGTCAGCCCAGGGAGAAGAAGAAGATGGTCCACACCCAAGTGCAGGGAACATCGTGGCAGTCGGCTGGGTGCCTGCGTCCAGGCGAGGACACCTCCCGCATCAGGGAAACACACGTTTCTGGAGTGAGGAGGCTGAA,False
777,-589,0.43830228,-0.3903981,0.30391994,3.3358278,-4.26187,0.0005013534,8.779936,-8.223376,4.1262524e-08,4.736895,-4.867501,6.7427114e-05,1.8385512,-2.1102679,0.01891286,0.06468032,ENST00000419458.1,-589,ATAGCCGGGTATTGAGCGGTCCGGGTCTCTGCTGCTCAAAGTAAAGACCGTTTGAGAAGGCGGGGAGAGATCGAAGAAGCTGCTTTATCTTACAGTCACCCAAGGGGGAGCGCCTTCTTCCTTCCCAGAGTGGAGTGGCAGTGGGTCCGGGATTCTGGGATATGCACAGGGTCTGCGCCCTGCGCCCTGTCCGCGCTGAAGCTGAACTTGTCATTGGTTTGCAACAGCATGGTGAAGAAGTGTGGTGTGGATGGACGGACGGGCCTCTCAGGCACATGAAATACTCAAAGCCCAGTATTAACCAAACATGTTTCTCTGTTTTGTCTTTGATCTTTGTGCAGTGTGTTGGCTTTTTTCCTTTAATGATGTCACTTGTATTTTATTTTTGGTTTATTTGTAGACTGTCTCCCTCCTTGGCCATGGCTTTACTTTTATGTCCACCCAAGGAGAGTTTCACCAGTTTAGGTTTAAGAAATTACTGACAAGTTAACAATAATAATTTCAAAATTGAACAGTAATAACTTAAACCGTGCCTTGGACATAGTAGATCTCCAACAGTTTTTCTTGAATGTGGCTACCTAATGTGGAACAAGATTTTTCATAATTACATGTTGCTATTTTTAATACCTTTTGGGAGGTTCTTTAGTCCCCCCCGCCCTTTCTCCCTACGTTGCACAAAGAGACTGGTCTACAAGGGGTCCTGTTAGTTTTCTGGTTTTGTGGGGTCCTGGAATATTGTTTGGGCTTATTGAGAGTTAACAAGGATGTATTTTGTGAGTTTCTCCAAAGTCTTATTTAGAGTAATAGTATTTCAAAGCAAGAAGTGTTTTAGAGAGAACATCATTCTGCCTCTTGTTTAACAGGTGAGGAAACTGAGGAAAAACCAGCTTACCTGGCTAATCAACCACAAGTACAGATAGTTCCACAATGACTCAATGGATATTACTTCAACTTTGTTCCCTCAAGAAACTTTTGTGATTAAGCTTGTTGATTTGTGGCTTGATGGTTTACAGGAATGGTCATTTTTAATATCTAGGACCCTGCTTGCTTGCTTGCTTGCTTGCTTACTAGACTGGCTGCATAGTCAGTCTTCCACGTGTAAACAACAGTGTGTGCTTTAGTGGATAAGAGATGTTGAGTGCTGAGATTTCAAGGCTCAGCACTGAGTAGACCTAGAGCATTTTTATTTATACTAAATTAATGCCATGGTAACATAAGTTAGACAGCAAGTGAATATGGCATCAAATGTACAAAGTTGAGTATCTCTTTACTAGTCAATGTATAAGGAATTTATTTACCCAAGCAATTATCTTAAAAACAGCATTACAAGTGGTATGCGAAACATTTCCAGAATTTATTTCCACATCTGCTCTTTCAGTGGCATCATCCATTCCTGAGCTCAAGAAAAGGCCTCTGCCAACCGCCAGTAATCCTGCTTTTTTAGTAATCCTACTATTTTTTTTTTAACTTTAAGTTCTGGGATACATGTGCAGAACATGCAGGTTTGTTACATAGGTATACATGTGCCTATGTATACCTATGTAACATGGTGGTTACAGTAAACATGGTGGTTTACTGCATCTATCAACCCGTCATCTAGGTTTTAAGCCCTGCATTCATTAGATATTTGTCCTAATGCTCTCCCTCCCCTTTCCCCCACGCCCCGACAGGCCCCAGTATGTGATATTACCCTCCCTGTGTCCATGTGTTCTCATCGTTCAACTCCCACTTATAAGTGAGAATATGCAGAGTTTGGTTTTCTGTTGTGTTACTTTGCTTAGAATGATGGCTCCCAGCTTCATCCATGTCCCTGCAAATGACATGAACTCATTCTTTTTTATGGCTGCATAGTATTCCATGGTGTATATGTGCCACATTGTCTTTATCCAGTCTATCATCGATGGCATTTGGGTTGGTTCCAAGTCTTTGCTATTGTAAATAGCACTGCAATAAACATACATGTGCATGTGT,False
778,-1084,1.2249633,-1.2339296,0.078790665,3.7087774,-3.5255136,0.00072089845,4.6103387,-4.447713,0.00011643603,0.84414303,-1.0932314,0.12593658,0.8428675,-1.1872342,0.11607848,0.06432861,ENST00000590780.5,-1084,GAGGTGGGCAAGTTAGTTGCTCCAAAAACAAGATAAAATGATTGAGTTCTTTTCTCAAGCGGGAGTCGGAGTTTATCTGCTCTGAGAAATATTGATGTTAAAGAGGAAACTAACTTTCTGAACCATTAAATGTAATATCATTTATCTCACCAAATCCCAAGATAGATGCTCCAGATGGTTTTCTTACAGAGAAACTTCATTTCATGCTTGCAGTTGTTTATTCCCATGCATCTAACTCTCGGCCAGGCACTGAAACAGAGCCCCAGCAGCTACTATTAATGAGTGTCTGGAATATGTTCCTGGCATTTCACCTACCCTCTCTCCAATCCTTCCAAGAAACTCACAAAGCAGGGCTTTTTCTTGAACTTCTCTTCCTCACAACAGTTAAATCATCCATTTAAAGATGTCAAACAACCTCCGTGTTCTAAGCCAGACCATCAACTTAACTTGTAAAACTACCAACTGTTGCTACACACAGGCAAAGGAATTAAACTTGGTAGCTGATCATTTGATTACATCTATCAGTCTACTGGAGGGCTTCAACGCAGAGTAGGTGGAATTCATGGTTCAAATCAGAGTATTAATGGGATCTGTTTGCACACCAATACCTGATCTCCTTGGCACAAATACAGAGCTGATTCTTAAAGCATGTCCCCACAATAAAGCTTTTCTTAATCATT,False
779,-914,1.4643066,-1.4613423,0.050900113,1.9286588,-2.1622143,0.016449511,0.6437956,-0.4641528,0.24825358,2.8185165,-2.557426,0.004605251,10.746312,-11.095255,3.2683423e-10,0.06404169,ENST00000439498.5,-914,CGGCGCGGGTGGAATTCCCGCGATCTGTCTCATTCCCTGCGCCGCCGAGAAAAGTGAGATCCCGCGAGACTCCCAGGGGTCTCATTCTGTCACCCAGGTTGGAGTGCAGTGGCAACATCATAGCTCACTGCAGCCTTGAACCCCTGGGCTCAAGTGATCCTCCTGCTTCAGCCTCCTGAGTAGCTGGGGCTACAGGCACTTTCCCTACATTTTCAAAGGCCTGCATCATCACATCTGCCACAGCATTCTCTATCATTGAGGCATTTTCTCAGGAAATCACCTGTGAAATATTTTGCAGCTAACCACCTACCTGTGCCCCACCAGCCAACATGCTTTACTCCTGCCAGGCAGCTGTGTCACTCTGGAAGCTTTGATCAGAAAATTGTAGTTGCTGTTGCCTCTGATGTGCAAGTCCAAGATTCTTGGGCCGCAGGACATGTTCTGCATATATTCCTGGAGAATAGACCAACAATGAGACTGAATCAGTAACGAAAAGTCTTCTATGAAAGAAAAACCCAGAACCATATTGCTTTACTGCTTAATTCTAATAAACTCATAAAGAACAACAAACACCAATTCTTCTCAAACTATTCCAAAAAATTGAAGCAGGGCAGGGAGGAATTCTTCCTAACTCATTCTAAAAGGCCAGCATTATCCTGATACCAAAACCAGACAAGGACACAGCAAAAACAGAGAACTACAGGCCAATATCCCTGATGATGCTAAATGGAAAAATCCTCAACAAAATACTAGCAAAACCAATGCAACAACACAGAAAAGATAATACACCATGATCAAATGAGATTTATCCCAAGTATGCAATCATGATTCAACATACACAAATCAATACTTGTGATACATCACATCAACAGAGTGAAGGACCAAAAGACATATGATCATCTCAACAGATACAGAAAAAGATTTGATATGATTCAAAATCCCATTATGATAAAAACTTTTTTTT,False
780,-132,2.702276,-2.723552,0.0043821326,5.92411,-6.1130576,5.9200033e-06,0.5670887,-0.21933413,0.3129373,4.829925,-5.1878257,4.4599168e-05,8.604313,-9.164366,1.9193797e-08,0.06347399,ENST00000454005.1,-132,GAGCCACGTTGTTACGGAAGGGCTGGGACCCAGACACAGGGTCCAGAGTGTCCTCGAGGTATCAGAAGAACTCCTGGAGAGCAAGCTGAGGGCTGTGTCGTCGCCACACCCTCCGTGGGTCCCTGCTCCTGAGTTAGGCTGTGCCCAGCCGCCCAGTGACTCAGAAGCTGTGCACACAAGGGTCCTGCTGAAGGACAGCGGCTTCTGCTTCCTCTGATCCTGGCAGCCTGGAACTTCCTGAGAGGACTGGGCATGTGGATAGCCATGGGGGGGGACGTCCTTTAAACTGGGGAATGGGCTCCCCTAGACACAGTCGCTTCCACAGGAATCTTCTAGAGCCTCACCCAGGGCAGAGCAGACACCCGCAGCAGCCTGGAGTT,False
781,-1131,0.596383,-0.5898108,0.23394038,3.9527225,-4.0169063,0.00034568776,4.1601596,-3.7408724,0.000370224,4.665149,-4.691047,8.642074e-05,1.2326013,-1.1783092,0.08234447,0.063417435,ENST00000579383.5,-1131,GGCGTCAGTCTTGGCTGGCAGACCTGTACTCCGTACTCCGTACTTCGTAGTCGCAGCGGCGCGGTCTTCGGCAGTCTAGTCATCCACCGCCATCCTGGGCCCCACGTGTTGCCTGACCATTCCTGAGCCCAGGTGGGAGCCGTGGCTGAGGTGACGGTCTCAAAGTGGAAGAGCTTACTGTCACAGCAACTCCTTTGCAAGATGCCCCGTGTCCATGAAACTGGGAGGCGACCGTGTTAGCTGCCAGTTCCTGACAGCCACCTCTCACCAGTGGCTTCACTCTGTGTCCCTGACCCAGCACATGGCACAAGAGTGCCTGCCATCCGTCAGTGTTTCTACAGCAGCAATCCCAAGATGCTGGAGCTAGAGGGGACCTGACCTGAGAGAAGATACCTTCAGTGGCTGCCAGGCTGTTCCTTGGAACCTGTGCAGGGATGAGGCCTGCCTGTGTTAATACACCTAGTGAGGAGTGGAGCTGAATTTGAATGCAAGCCTTGGCACCTTAATTGAGCAAGTTTGAAACCTCGCTTGTTGCCCTTCTGGAAGGAGTCAGGAATTTCCAGTTCTGGGCCTGGGCTGTGGGTCTGGCAGACAGACCTCTGGCCCTAGGTTTGGGTGCCAGGTTCTCTGCTTCCAGAATGAGAAGCTTTGCTGTGCACCAGGACCTGGGCCCTTCTGGTATCTCCTGAATGAAAAACAAGGGATATTTAATAAATATGGATTTAAATATG,False
782,-636,2.28737,-2.234465,0.010752196,0.18224466,-0.6666602,0.29966262,5.879705,-5.38089,1.2870043e-05,3.2885945,-3.3616276,0.0012920635,2.6427526,-2.6664345,0.004921604,0.06332827,ENST00000624533.1,-636,CAGCAGGTAAGTTGTAAAACCAGTAAAAAAACACAGGTCATTAGTCAAAAGAGTGCTTCAGGTCTCCTGACTCCAAATCCGAGAATCCTTTCACTGTAGCATGTTTACTGCTCAAATATTTCTACAACCCTATTGCTTAACAACAGGAATGAATTATTTCACCATTTGTTGCAAACGTATGGGTCACGTTTTGTGCCAGCAGCAGAAAATACAGAAATTAGTAAGAATTACCTGCCCTCCAGGGGCATCACCAACCTGGATTCCCCTCTCGGCCCAGTTTTTCCACCCTTATTGCCTTCTCCCTTCAGGAATAATGAACTCGTCCTGGAAGCGTACCTTACTTTTTAATATCTCTGCCTTGTCATGTGCTGTTCGTCTTACCAGGAAACTACCCTGCTTTTCCCCCAGTTTTGGTCTGTGAACACATTTGGGAAATTCTTCTGATCCTACCGCTACTCTCTTGAGGTACAGTAAATTGTCTTTGACTTCCATCACCTTTTGTAATATTACAATTGCCATCTACTGAGTTCCTATGATCTGCCTGGCATTGTACTAAGTGCTTTATATTTTCTTGTTCATTTTTTTATGCCAACATAAATGAGTTTGACTCAATTCTTATTATAACCTGCCAAAATAAGTATTCCTCTTCCTTTTTACAGAGAGAGAAACAAGGGAAAAAAAAGTTAATTGCCTGAGGATATACTGCTAGTGTTGCGGGACAAATAGAGACGGGAGAGGCCAAACAGAATTCAGGACAACCCTTTATTATTAAGGTGATCACTGGCTCAGTCGGACTGGGGTCCAGAAAGTCTGAGCCCGGAACAAAGGGATCAATCACCTTTTAAGCAATTTGTGGCGGGAGTTTGGTGCTACAGGAAGCCTACTTGCAGAAGCAAGAACAAAGGCAGTTAATTATTCTTTTACATTTGTTACACCACATGTCTTACATCCTTGGGAATGCATGCTTTTGTAGCAATTGCTTATCAACCTTGTGACTTTACAGCGCGCTAGGGAGGGAAGCAGGAACTCGTGGTGCCTCAAGGAACGTGAAACGGTGGAACACAGATAAGCCTCTCCGTGCGTAGAGGAGAAATAAGCGGTTAATATTCTCTCTTAACCCAGGCCTCCGGAGGGTGGGGGGCTATATTTCATTCTACCTCTAAGGAAAAGAATAAACTTCTTGACTAATATACTTATAAAATTCATTAATTCCCCCTTCACTAGTAAATAATAAATACCTGACTTAGGATTCCAAAATAGGTCTTGAATTTTTCTGCAGGAGCTCCTCAAAGTCTCTGAATTCCCACAACCTTTTATTAGATCACTTATCCCATTGTATTATAATTATCTGTTTAACAATTTTTCCTCACCCCTAAAGGACCCTGAGCTTCTGGAAGGTAGGGACTGTATCTTAAAATCTTGGCATTTCTGATGTCTAGAATATTTCATTTAAGAGAAGGGCTTAGTAACTGTTGTGTGGGTGGGTTGATGAGTTAACTGTCAGGCAGGTGAACTAATAGGCTGAAGATAAAGTTTTTCACTGTTGGAAGTGAATTTGGGATTAGTCATCCTAATCCCCTCACTTTTAGAGATGGGGCAACTGAGTCATGCGCGGTGGCTCACGCCTGTAATTCTAGCACTTTGGGAGGCCAAGGTGAGCGGATCACCTGAAGTCAGGGATTTGAGACCAGCCTGGCCAACATGGCGAAACCCCATCTCTACTAAAAATACAAAAATTAGCCAGGCATGGTAGCAGGAGCCTGTAATCCCAGCTGTTCGGGAGGCTGAGGCAGGAGAATCACTTGAACCTGGGAGGCGGAGGTTGCAGTGAGTTGAGATCGCGCAATTGCGCTCCAGCCTGGGCGACAAGAGCAAAACTCCACCTCAAAGAAAAAACAAAACAAGACATGGGGCAGCTGAGGCCTTTTGTATACCAGGCATTTATCGAGTTATTCATGTGGGCCAGTTTCTGTGATAAATGATTTGCAAATAATACCCAACTTAATCTGTATTGTTATTTTTATTTTTACAGATGAAGAAACAGCTCAGATTTGACCAAGATCACACAAGTAGGAGTTGAGGAATTGGAACCCACTATGACTGACTCCAAATTAATATAGTGTTTATAGCCACTTACATAATAATGGTAAAGGTTTTATTTTTTTCACTATACAATATGTAGTAGATAAATTTACTGAGGAAATGAGACAGCACGTGACAAATCCTTAAAGGATACACACATGACAGGAAGGATTAGAAGAGGAAACAGAAACAGGTAACAGAGAAGCAGAAAAA,False
783,-212,2.5241919,-2.5664825,0.00611623,1.4992667,-1.6557405,0.040894426,1.2027277,-0.8379271,0.115000084,3.7661417,-3.677317,0.0005849153,0.86521137,-0.9045926,0.1455667,0.061632473,ENST00000590495.1,-212,GCCGCCGCCGCCGCCGGGCACCCAGCCCCAGGGGGGCGGGCTGGAGGGAGGGGGCGGGCGCTGGCCGGGGGACCCCCGCAACCATGGCGGGCGGGGAGTGGGCTGCCGAGCCGCTTCACCTGCCGCAGAGGGGGCGGCCGGCGCCGCTTCACCTGCCGGAGCGGGAGGCCACCGAGGCGAGGCCGAGGCGGCGGCGCGCTCGGCGGCGCCTCCGGGTCCTAGAACCGCATCCTCCCGCTCGCCTCGGGCGAGGGATTGGCCGGGTCTGGGTGAAGGGGATCACGGCCTGGGGATTGGAGGGGCACATCTTCTCCGCACCGAGGATCTCAGCGACTGCGAGCACGGCTCGGAGACCCACGGTGGTGCAGCGTTGGGGCGCCAGGGCTGCGTTCCCGTCTCGCGTCCCGGACTGAGAAGAAATACTTTCAGAGCTCTTTCATTCATCCTGACAATGGCCAGAGAAGAGCCACTGACAAGACTTTAAGCAAGAGACGGAGAGTTAACATCTAATCTGGAGGAAGACCCTGGAAGGAGCCAGCCCCTTCCCCCAGGCTGACCTGGTTTAAGCCTTTCTTCTGCCAAGGTCACCAGCACCCCAGATGGGTGAGAGATGTGATCACTGGTTTCGTGGCCTGACCAAGGACCTCCAAGG,True
784,-624,0.43955016,-0.4211293,0.2971974,2.0522108,-2.5544152,0.009886729,4.0788846,-3.6814702,0.00042612356,3.9995358,-3.6407492,0.0004804605,4.754641,-4.9277506,6.2368235e-05,0.06161062,ENST00000529328.1,-624,CCATTCCACCATTCTGTCTGGCCCACTGCTTCTTACAAGATTAAGATAGCAGATCCCATGGGTGTAGCTGTAGACCAAGACCTGGAATTAACACATCAGAAGATTCTATGAGGAAACCCATTTAAAAATAGGATGCATTTTTTTCTTTTCTGCACAGGGAGAAAGTTTAAGCTCTCCTCACTATGAGTTTTCAAGTATAAAAGACTTTTTCTTCCACGATTTTGAGAACAACTGAGGACTCTTGTGACCAGGACAACAGGGAAGCTTGCAGCAAGATAGCTCCAGGTTGGATTCATGCTTCGCACCCCAAGGGCTGCCAGCCAGAGAGGAGGAGAAGCAATCACTCCTGCAGTTTCTGAACACTACACAGACGCCAGGTAGCTTCTTCAGGAGAACAGCCCTCTGAGGAGGCAGGAAGAGGAGGCTTATCTTTCAGCAGCCGGAGCTGCTGAGATCTCTGGGCAGATTAAGCTCTCTCTAATGGATGGGCTCCAGCCTGGCACATTCAGTGGAGAGGGATCCACTCATCCATCATCAACATAATATGGTCCTCCCTGCACTTCACAGTGTCCTCTTGCTA,False
785,-992,4.763788,-4.7570786,7.330075e-05,6.2306523,-6.591118,2.7013132e-06,4.4323974,-4.196204,0.00017888275,0.4590498,-0.35525092,0.3069748,6.2036953,-6.3477535,3.5397572e-06,0.061446648,ENST00000573950.5,-992,GCCCGGCTCCAGATCACCGACCCCCACGAGCGCCGGCCCTGCCTGCCCGCTATTTTGGTTCCATCTCTTCTGCATATTTATGCTTGCCTGTTACATTCCCTGGCCTCTGAGTGTCCTTTGGCAGTTTCCAAAGCATTTGGGCAAGAAGGAGCTTGGGCAGCTTCACAACAGGTTTATTGGGCACTTCCTAGCACCAGGCACTGCAATAAGAAATGGAGGTTAAACCATGAAGAAACATGGCTCTAGCCCTTAGGGAGCTCCCGGTCCTGCAGACCCCACATATAGGAACCATCGGATCCCTGTGTACAGATGAAGAACTGAGTCTTGGAAAGCTTAACTACCTTGCTCACAGTCACACGTTAAGGTCTAAAGTGAGAAATTAAACCAAGTCTTCCAATCTCAAAGACTTTAAAGGAAAAGCTACAAGCTACAAGAATAAAGAAGTTCTTCATGTATATTTATGGGAAAATTGCTAAGGTGTAGTCTCAAGTCCTAAAAAAGCAAAGTTCA,False
786,-746,6.5068693,-6.3924503,2.4997441e-06,0.12711322,-0.70036757,0.304178,3.8230724,-3.411671,0.0007205729,4.3765736,-4.292311,0.00017182119,5.7637,-6.0339627,7.5220623e-06,0.061016075,ENST00000561344.5,-746,GACTTTGGACTCACGTAGGCATAGGAGAACGAAACTTCTGTACATTTTAATCTGAATAATTCTTCAGGATTTAAAATTAATTGGCTCTGGCTTGGTTGGACCGTACTCGGATCTCGCCACCTCTGCGTTTCCCGAGTCACTGGCGAAGAGGTCCCAGTTCCTCTGGGAATCGTCCTGTATGCAACATCTTCACAAGAGTGGCAGGCAGTTGAATCTCTGGCCTTCGTGGGACCACTGGACATCTGGCAGAGAACCAGGAAACCACGGTTCCCTTCTGTGAGTCCCTCAGCCGGAAAACTACAAGAATGAAAAAAATGCATGGCATACATCACCAAGAATCAAAGGTTGTGCCTGGCAGTGTAATTGACTATGTAATAAAGAGAGAAGCTTTGCTAGCTCCTCATGCAGCTGCTGTCTACAGACCCCCTGGACTGCCTGGGGAAGTGAGTCGGAGCTCCTGCAGCAGAGGGGTGGAACAGCTACACGAAGATCCGAAGGTGGCCAAAAATAACAGCGCTTTCCAGATGAGGGAGCCAGTTGTCCAGCACAGTGTCATGGGACAGTGGGCCCTGGTGCCACAATGCCCGGCATCTCCACCAGATACAGCTTTGAGATCTTCATGATGAAGCTTGCTCCAATCCAAGGGCTGTCAGGTGGGGTTTGCGGTTCAGCTGCTAACCTTTCTTTGATCCAAATCCTGTCTTCACTGGCTTCAAGAATCCTGTCTTCACTGGCTTCAAAACTGGGATGAAGGAGGCTCCTTAGTGGAGAGCAAAGCAAAGAGAAACTCAAATTGGATCCATATTAAAGAAGAGAAGGATGGATTTGTTTAGACAACACAAACCTAGGAAGGGTTTGAGAGGTGAAACAAACTGGGTTATGGATGAACGGGGGCAATTGGAATGTAGAATTGAAGCAGTAATTAACATCTTGGTAAGTTACCCACCATAAAACGCTTTAGAGCAA,False
787,-177,4.5172443,-4.760536,9.346963e-05,0.98182666,-0.9040743,0.13171254,3.8216484,-3.3754804,0.0007481723,0.83926594,-0.7362895,0.17142586,3.3972545,-3.5782373,0.0009336345,0.06098274,ENST00000558593.1,-177,TGTTTATTTGAGTGAACATTCAGCTAATTGTTACAGAATCGTTGCCCCCATTAATCTTAGGCTGTAGAATGTAGACAAGTAAATAGGCATCATCAGTATGATGAGAGTGAAGCTACTTAATACTGTGGAATCAAATAAAGGAGGAACCCCTTACTAAACCAAGAGGGAGGAATAAAATGGAATGGGACTAGAGAAGCAATTAGCTTTAATAAGGGTATTATGGAAGACTTTCTAGATGAGAAGCAGTAAGTACAGATGTTTGGAGGCAAACACTAGAGAGATTGTTGGGTAAAGAAGACAATGCTGGAGGTCTACTTGTGAAGGCCTTGAATGCTATGTGCAGAAGTCAGCTTCTGAGAACCAGGAAGAAGATATTGAAAGATTTTAAGTAGAAGAATCATAGGATTGAATTCATTTTAGACAGATCACTGTTACACAAAAATTTGAGGCAGGAGAATTGCTTGAACCCGGGAGGCGGAGTTTGCAGTGAGCCAAGATAGTGCCATC,True
788,-13,5.0813856,-4.9515595,4.3926644e-05,0.4411863,-1.0183309,0.18854117,5.2787805,-5.0129747,3.3910375e-05,1.1818739,-1.2796628,0.07859896,1.8386906,-1.4172158,0.03711522,0.060866643,ENST00000427154.1,-13,AAATCCCTAGGCTAAGCTGGGCCTGACCCAGCATCCTCTGCCTTCTAGGAAGTGCCCAGCAAGAGGGAAAGCAGACCCCTTTAGTCACTCCACAAGCAATAGCTCCATGAGAGGCATGGACTGTGAGACTACTCCCTCCTGTTCCTCCTTCTCCATCCCCCATGGAGGAGGCATCGCACTTTACCAAGCTGATGCATTCCTACAGAAGTGGGCCCCGGATTTCTGCAAGTCGACTATCATGATGACTTCGCTGGAGGAAAGCTTCCTCATCTGCAAAATTCTGCGCCAAAAGATCGCTGAGAGGATTTTAAAAAAGAAAAAAAAAAAGACTAGAACTCCTACCACACAGCAGGGTTTTGCTCAAACAAAAACAAAAGCAAAAACGACCCTTTCTTTTCATCTCCCCGGCTAAGGCGATTTCTTCAGCATCAACCTACAGCCCCCTCGTGCACCCAGCTGAAACGCCATCAATATCGCCCAACAGCTTCCAGACCTATCTGTGAACAAACAAGTGAGGTCTCCAAGAACGCCAACCGTAACCCCACGTCAGGGAGCCATTTTCCAGTCAAGAAAATGAAAAGGTGTGCAAGAAAGACCTAAGGAATAAAATACCCCTCCCAGCAATCATCGATGCCCCTTCCCACGTCGCTCGGGACCCAGCACAAA,False
789,-1385,9.126972,-9.43683,8.6665e-09,3.0424075,-3.2460818,0.0018541199,6.2500606,-6.1408453,4.1561993e-06,1.695773,-1.9799507,0.024705261,0.41749835,-0.553412,0.27469906,0.060252525,ENST00000458302.5,-1385,AGTTCTGCGCTGTGAGCCGGGGCACAAAGAGCCCTCTGCACTAGCGCCGCAGGACCGCGGACCCGAGGTCCTTTCTCTGGCTGTGATCCATGCTTCTTCCCAGGGCAGGATTACACTCTTTGAATTTACTTATTCATCAAGACAGTGCAGAGTGGTGGAAAGAGAAGCAGCTGAGAGTTACGCAGTTGGAGGCATCTGTCCACCCATGTGGTTCCAGACACGTTCATGTGGCCACCATGACCCCGTCGGCATCACAGGGGTAACCAAGAGAGCAGCAAGTTCCTGGGACAGAGGAGACAGAAGGGAATTTCCAGGTTCTTCAGGACGTTCACAACCACACTGAGAAGCATCTTTGCAGATAAGTATTTAAACTTACCAGCCCATAGCCTACCAGCCTGCCCTCTTCTGGTCTGTGCAGGAAAGTGTAGTATCCTAGAATGCCAAAGTGGGAGGGGAAATGGGTGATGTAGCTCATTCTCTTTTCTACCTCTATGGAAGAAAGAAAGAGCCTGTCCCCATTTTGTGGGGTCCCAGAAAGGGTGATTTTCACACTTCACATTTGGCGTTAGGGCTAGTATTTCACAAACATT,False
790,-1024,4.593402,-4.35728,0.00012963192,0.55197227,-0.87406766,0.19371647,4.1400123,-4.000494,0.0002914045,1.06572,-1.1049557,0.1024149,3.1238165,-2.8306317,0.0025875622,0.05982799,ENST00000505196.1,-1024,CTCCACACCGCCTTGCAAGCTGAGGGAGCCGGCTCCGGCCTCTGCCAGCCCAGGAAGGGGCTCCCACAGTGCAGCGGCGGGCTGAAGGACTCCTCAAGTGCCACCAAAGTGGGAGCCCAGGCAGAGGAGGCGCCGAGAGCGAGCGAGGGCTGCCTGCCAGCACGCTGTCACGTCTCAGCAATAGACTGCTCTTGAGGCTGGAGTGCAATGTTGTTATCATAGCTCACTGCAACCTGGAACCCCTAGTCTCAAGAGATCCTCCAGCCTCAGCCTCCCTGTTCCAGGATACATGTGCAGGATGTGCAAGTTTGCTACATGGGTAAATATGTGCCATGGCAGTTTGCTGCATCTATTAACCCATTACCTAGGTATTAAGCCCGGAAATAAGAATGGCAGAAATGTGAAGAGTTATTGTGTGGGGAAGTGGCCTCTACATAGAAATGTTTTTCCACTGAATGTTCCTGTTGTGCTGATGAACAAAGGAGTTCATCACAGGCCAGAAACTAAGATAGATAGATAAATAAATAAATAAATAAATAA,True
791,-1134,2.604945,-2.5009918,0.006024148,3.7360501,-3.9297075,0.00046838212,4.0990133,-3.9751413,0.00031138942,2.050251,-1.9357107,0.01823585,0.52012396,-0.45553643,0.2737537,0.059758693,ENST00000416572.1,-1134,GCAAGTTTCCCAGTGCTGGAATACAGAAAATGGATGGACAACTGGATCTACCATGAAAGACTTCAGAGTCCAGGAAGAGAGACTGACTGGGCAACATGTTATTCAGTTACAAAAAGACTTGGACTATGACTCAAAAATGATCAAATAATAGTTCATGCATCAAATGCAATAGGAAGTACTTCTGGAGGGGTCTTGCTCTGTTGTCCAGGCTGGAGTGCGGTAGTGCTATCACAGCTGACTGCATCCTCAACCTCTCAGGCTCAAGCAGTCCTCCCACCTCAGCCTCCCAGGTGGCTGAGACTGTACGTGCTTGCCACAATGCCCAACTAATAATTTGGACTTTTCCTATACATGGGTTCCAAAGGGCTGACTGCGAAACGAAGTGACCTCACAATGACTCAAGCTACCACTTAGTGTTGATTGTGATGAAATGCCAGCTGTGGCATATGCCTTGGGAGCTAAGTGGCTGCTGCACTTGACCACTATGAAGACTGGTGTGGAAGGGTCCTTCTGGATGTACTTGGGCAGGGTCCCCAACGCCAGAGCCATGGAACTG,False
792,-395,0.45931125,-0.4148999,0.29437882,14.373937,-14.566309,2.7002912e-13,7.0833383,-6.638047,1.0986955e-06,7.334776,-7.315901,4.338022e-07,10.291264,-10.059947,1.4507118e-09,0.058876075,ENST00000507799.1,-395,GCGCTGGGCCAGTGCAGGCCGAGCCCTGCGTCCCTGCCTCGCTGGGTGGGGGTCCGGGGCGCGGCTGTCCACAGGGCCGCCTCCTCCTGCGGCCCGCGGGGAAGGGGCGCATCCCACCCCGCTCTGCAGGCCGCCCTTCTGCCAGCTGGGAGGCGAGGGCACACGTCCTAAGGCTGCCCAAGGGGGAGAGGAATCGCGCCGGTAGGAGAGCGCACGGGAACCAGGAACGCAAGGCGGGCACAGGGGAGCCGAAGGAGCCAGACAGGGCCCGGCCACGCGCCCTCCTCGCTCGGCTGCGCTCCGTGACGGGAACCCAGGCTCCCACGCACGGGGAATGCCTAGAACGGAGCTAGAATGGAGGAAAACCAGTTTGGCTATTAAGGGAACCTGTCGACACAGAGCAGAGCAAGATAAGGCCAGGTTTCAGAAAGAATAGCTGTTTACCATCAAAGCAACTGG,False
793,-595,1.9650936,-2.0097618,0.018435756,0.72230196,-1.0725645,0.14247712,3.4483693,-2.9463139,0.00166763,1.1898056,-1.082267,0.09346244,1.6206753,-1.6433852,0.036824916,0.058573574,ENST00000527986.5,-595,AGAGGCGCAGCGGGAGGGGGTGCTCTCGGGCGAGCTCTCCGGCCGCGGCCCCCGCCCCTGCGCTGTCGGGCGGGGAGGTCGGAAACCCCCTGGCGAGACCACGGGCGGACGCTTCCCGAAGAGCTGCCTGGGCTGCAGCCGCGGAAGCTGCGTTCTGGGGAGCGGGGAGCGTGCTCCGGCGCCTTCGGGCCGCTGCTGGAAGCCGGAACCGAGCCCGGGCCGCTGCCCCTCACCGGACGCCGCGCGCCACCGGCCCTCCGCGGGGCAGGGGCTGCTGCGAGCTCGCCGGGCGCCCTTTAGACAGTCGTCCTTGTCTACTCCACTACCAAATGTTGAAGTTCTTCAAGAATCAGTCCTTTGGAGGCATTTAAGGAAATCTGTTTCTCTTTTGGATCACTAGCTGCAAATTAAGCTAACAGAACAGGAGCTCAGCTGGTCACACACAGCAACGAATACAGACTTTATAAAGTTCAGAAAAGTTACCAAACAGTGGTAACCATAACAAGTACCAACAATGAACTATGGGGAGGGAGGAGAATCTGATTTCCAGAGTTACCACATTATAATACTATTCAAAATGTCACATTTTTAGCAAAGATTACATGACAAGGAAAAACCAGAAAAGTATGGCCCATACACAGGTAAAAAAAGAAATTAATAGAAACTACCCCTGAAGAAGCACAGACTTCGGATGTACAAAACAAAGACTTTTCATCAACTCTTTTAGATATGCTAGAAGAGCTAAAGGAAACCATGGACAGAGAACAAAAAAATTAGGAAAGCAATGTCTCATCCAATACAGAATATCAATAAAGAGATTGAAATTGTAGAAAAGAACCAAATAGAAATTCTGGAGTTGAAAAGTATTATAACTAAAACTGAAAATTCACTAGAGGTATTCAGCAGCAGACTGGAGAAGTCAGAAGAAAGAATCAACAGGCTTCAAGATAGGTCAATTAAGATTATACAGTCTGAGGAGCAGAAAGGAAAAAGAATGAAGAAAAATGAACAGAGCATAAAAGACCTCTGGGACTCTATCAAGCATACCAGTATATGCATGAGGGGAGTCCCAGAAGGAGAAGAAAGAGAGAAAGGGACATAATATTTGAAGAAATAATGGTAGAAAATGTCCCAGCTTTGATGAAATACATGAATCTAGATATTCAAGAGGCTCAAAGAACCCTAAATAGGGTAAACTCAAAAAGACCCACACCGGAATGCAAAAGTGAGCTGGGTGTGGTGGCACGTGCCTGTGGTCCCAGCTACTCGAGAGGCTAAGGCAGGAAAATCGCTTGAACCCAGGAGGCAGAGATTGCGGTGAGCCGGGATTGCGCCAGTGCACTCCAGCTGGGCGACAGAGCGAGATTCCATCTCGAAAAAAAAAAAAAAAAAAAAAAAAAACTATTGCTGCAGTCATTCAGATGGAAATGGGGAAAGAATAATATTAACTGATTTCAAAAAGGACTTGAAGATGTGAATCATCTATTTTGCTGAAGAAATCTTAACTCTTTGAAATTACTTTTTGTTGCTGTTGTCATACTCTTAGGTGCCAAACTGCGGTAAATTTTTTATCAGTGAAGTGGAAGCATGTGTTTTGTTGTTTTGGGAATTTTTATCAAGTATCTTCAGAGAAGATTATTTCCTGCTTTATCTTCAAAAACTGGAAAGGAAGGGTCAAAGAAAAGACAGTAGCTGGCCGGTCATGGTGGCTCATGCCTGTAATCCCAACACTTTGGGAGGCTGAGGTGGGCAGATCACCTGAGGTTGGGAGTTCGAGGCCAGCCTGACCAACGTGGAGAAATGCCATCTCTACTAAAGATGCAAGGATTGGCCGGGCGTGGTGGTGCGTGCCTGTGATCCCAGCTGCTCAGGAGGCTGAGGCAGGAGAATCGCTTGGACCTGGGAGGTGGAGGTTGCGGTGAGCTGAGATCACGCCATTGCACTCCAGCCTGGGCAACAAGCGAAACTCTGTCTCAAAAAAAAAGAAAAGACAGTAGCTTATGTTCATGTCAAGCACCTCTCATCACAGTCTAGTTCCAAGGAAAAAATTCCCAGCGTTTTCTACATTCGGTGCTGCGTCATCTGAAATCGGCACATTCCATGGAGGAAGGAGTCCTGCTTTGTTGCATGTATCCTAGGGTTTAATGTTGGTAAATGAGTCACTCTAGCATTTGTAGAAGGCTCCCTGAGACTCCTGCAGCAGTCGACCAAGCCCAAGGACATAATTGAATCTGGAGAGTCCTGGGGCCTTGTTTTGAAAAAGACTTGAAATACACATAGGAAGAAAGGCATAAAAATAAATGTTCACTTGTCTCTGCTGTGA,False
794,-800,1.0047485,-1.1138856,0.10729883,5.30599,-5.3546805,2.3448718e-05,1.9877816,-1.6916643,0.024615726,1.2157968,-1.1835548,0.08322215,1.2032694,-1.2842805,0.076735616,0.05837915,ENST00000593065.5,-800,CACAGAGGCCATCTTTGGCTCATTTATGTAACCATTCATCCCTTGAAGAACATCTGGGTTGTTTCCAGTGGGCAATTATAAACAGAGCCTCTATCAACATTCCTGTACCAGTTTTAGAATGAACATAAATTTATATTTCTCTAAGTACTCAGGAGTAGAATTGACGTTCTGTCATATGGATAGCCACTGAGCAAGCCTGTAAGGCTATTGGTCTGCCCATTCTGGTTTCTTCACCAATGAGAAAACTGGGACCTGGGGAGTTTGCAGAAGCCATCCAAGGGCACCTGCTTCTCACAGCACAGCAGCTTCCTGCAGCCCTCCCTCCTGTCTTGTTTCTCCCTTAATTGAGAGGAGAGGCCAGAACCAGATGCAGGCAGTTCCAACAGTAATGAATTGCTCTAAGGTGTGGATCCAAGAACCGGTGACAAGGTCAGGAAATTCCATCCCGGGACACTGACCCAACTAAGAGACTGTGCATGATGGCTAAGTTCAGAGCTCTGAGGAGATGGTAAAACTCATTTGCAACGAAACAAGATATTTTCCAACTCTGCAGCCAGGTGCAGAAAGCTGGAAGTGATGCTCCAGGGAGTTTATGTCTCCCCATCTTGACCCACACCAATACCTGAGGCTCGTTGCTTTGATTCAAGTCCGGACAAGCTCTAAGGTTCAGCTCACACTGGGAGTCACGCTGCAGGAGCTCCTGGGAGTCTGTGAACGGTGGTGATGCAGAAAAGCAAAGCGTGTATATCTGTTTTAGTCCTCCCTCAGA,False
795,-531,9.46055,-9.735164,4.606889e-09,0.15874088,-0.7397717,0.28935626,8.675252,-8.216404,4.6136797e-08,10.6678095,-10.988533,3.9334203e-10,8.53688,-8.644198,3.454241e-08,0.05787127,ENST00000602597.1,-531,CCTCGTCTCTACTAAAAACACAAAATTATCCGGGCATGGTGGCACATGCTTGTAATCCCAGCTACTCAGAAAGGCTGAGGCAGGAGAATCACTTGAACCCAGGAGGCAGAGGTTGTGGTGAGCCGAGATGGAGCCATTGCATTCCAGCCTGAGCAACAAGAGTGAAAAAAAAAAGAAAAAAGCTCAATTATGTGTCTCAAAAAAAAAAAAAAAGAAAGAAAAGAGCTAAATTATGTGGTGCTTTGGAAGCTGGGACCACATGGACTCTTAAGAGGGATGGCACCTTCTAAGAGGTTCCAAGGGCGGAAACAAGGGGCAGTTCCACTGGGTTTCAGACACAGAGATCCCAGCCTGGATTGTCGTGGAGGATGAAGCTGCTCCATCTTGGATGCTGATCCGCCATGTTGTCCTCTGGTTAACCCCTGTTCTGGAATGCCTCCTCTAAGATTGCCACTTTATCTACTGTGACCTTAAATCCTGCTCTTAGGTAGATTCACATAGCATTCTGCGCCTTTCCCTGAGGGGTTGACTTCAGTGGTGCCACACATTTCTACTGAGGCATGTGTACCTTTTGCATCAGGTATATCAGCCCTGGGACTCGGGGATAACTGACTGACGGCTGCCTGGCTTCTGTTTCTAAGTTGCTATTAAATGTTTCTTTCTGAGAAACTGGA,False
796,-806,5.271801,-5.3080416,2.5422703e-05,6.596801,-6.957425,1.2985955e-06,2.1132896,-1.9660408,0.016637307,0.5557345,-0.4717079,0.26358023,2.423771,-2.6831062,0.006018519,0.057252556,ENST00000600742.1,-806,GTGTGGGCTCGGCGGTCCTGCGGGCCTCTCCGGCGCGGGGGAGTCCTGGGAAGACGCGCGAGCCACAACTTCAGGGGGCGTGGCGGGAACGGGAGCCCCTACCGAATGGGGTGGCAGAAGAACGAAGGCGACACCAAGCTGGCCCCTTGCGGGGGTCGGGACGGCGGGAGACCTCATCCGGAGCCCTGGGCCCGCAGAGCCAGGAGACCGCGCCAAAATACATCAGGGAAGAGGGGAGGACGGAATAATGGGCCTGGGGACAAAGGAACCCACTGAAAGGGAACCCACTGAGGGTACGGATTGCACCCGAGCCTGAGACAGCTGAAGGTTTGCAGTCGGTGACGTGGCGAGGTGGGCAAGGGACTCCAACTCCCAGCGGGCCCCGCGCGGCCTGGGCGGGGCCAGCTGTCCCTGGAGGCTCCGCCCATTAGCCCCGGCGCCCAGGCTCCGCCCGCCGTCCCTGGCGACTCCAAGCTTCTCGCCACTCACGTCGCTCCCCGGCCTTCCGTGGATTCGCTCATTCGCTCTGCTAAAATGGAATGACTACTTACTAGTAGTTGTATAAGATTTTTCCCTCGATTTTTGTTCCTTAAACGTGGGTAATACCTAACCCTAGAGTGGTTATGGGGATCGAGCCCGAGGGGCTGTGCTTGACTGCTTGGCGCAGTCACTACTCAAATGTTAGCTTTTCTTTAAAAACAACAACAAAAATCTGTTATGAGTACCCTGTCCAGTTCTGTGCTCGGCGACGACCGAATCAGACCACGTCCCTCACAGGCCCCACGGTCCACTGGGGAGAGACATAATCACAGGCTGTGCTAAGTGTTAACTAGCGCACATCCACAGGGCGATGGGATATGACCATAGCGAGGTAAAGTTAGCAAGCAAGGGAAGTCAAGAAAACGACCTGTGAGCAACCTGCCATTCCAGATGGCTGGAAAAGTGTGCAAAGAGGACAGAACAGCAAAGACAAATCCTGAAAGTAGAAGGAATAAAAGGGAGCCAGTGTGGGCGGAGTCGAGTGAAGGTAGAGAGGAGAAATAGACACAGCTGTAGGAGGTTAGAGACGGAGTCCCTACTTCTGTTTCGGATGTTGACTAAACAATGTAGATAGATATTGATGTCATAGCCTGGAGAGAGAAATTCGGGAGTCATCAGTGTTTGAATGGAGACTGGATGAGCTCACAAAGAGACTGGGACACTCATCCCTTTAGCAGTCACGACAATGAGAAGCAACCAGCAAAGGACACGGAGGAGTGGCCAGTGAAATGGCAGAAGAACCCGTAGGCCTGTCCATGTTTTCCTGCCCAGGGGCTCCCGAGGGCTGACTGGAGCCCAGCCTTAAACCCCAAATCCAACCTGCATTGTGGCCAAACGGAGTCAGTGCTCCCTGAACACAAACTGCAAGTTAGTTATCAACAGGTACCTCCAATGCCCTGTCAATCACCCATGTGAGGACAACCTGGCAGCAGGAAGGAGAAAAAACAGGAGCTGCTTTAATCTCCCGGAATCCTCACTTCTCCCCATTCTTGTTGGTCCAAACCATCAAGATCTCTTGCCTGGGTGACGTCTCCTAACTCTTGCTGCCTTCTCTGTCACTACAATAATCAAAACCATCCAATGGCTTCCCAGTGCCTTTAGAATTAAATCCAAACTTGGTACTGTGGCCCCTGCTGCCGCCCCCCAAAAAATCTCTCTCCCATCCTTCCTGTTCTCTACCTGTTAATGCCTTCCCATCCCTCAGAACCCATCAGGACACACGTGAGTTTGAATGCCCTGAATTGTATAAGCATGGAGAGCGGTATACCAGGGTGTACTCCAGAGTGAGCAAAATGGGAACTCATGTCAGAAAGTGAAATGAAAATGTAGGCTGAAATTCTATCAGTAATACTGCAACAAAACTCTCTGAAACCATCTCACTTAACTCGGTCCACCAACTTGAAAGACACTTTCCTTTTCATCTGTGAAGCCCACTGCTGGGGCTAGCAGGCTACTATTATGACTAAGCAATTCCACTTCCATCTCTCAAGCTGTTTACTTCCTGAAAGAGAAGCTGGATGCCACATTGCAACTGCAAGGTGCCCTGTGAAGAGGCCTGCAACGGCGAGAAAACAAGGGAGACCTCCAGCCAACAGCTAGGAACTGAGGCTCTCGGCCCCATCACCTGTGAGGAACTGAATCCTGCCAACAGGCATGTGAGTGGGCTGGAAGTGGGCCCTCCTCACGGAGCCTTCCGATGACTGCACAGCCCCAGCCACCAGCTCGACCGCAACCCCGAGAGCCTGGGAGCCAGCAGCTCAGCCAAGCCTGGATTCTTGACCCCCAGCAACGGTTCGTAACGGAAAACAGCTGTTCACAAGCGTGGGTACTCCCAAACACAGATATTCAGGACAACTACTGGAGATAGTTGTAGAATCTCACCATCTTCACACAGACTTGTATTTAGGAACCAGCGCCGTATTGCACTGTAGTTCAATTACTATTTATGGTCTGCATTCACACAAGAAACATCTGCCAACAAAGGCAAACTGGACAATGTCTGTTCCTTCTCATGAGTCTGGATTCCGAGAGCCTTTGGGGGAATTTGGTCTTCAACCCCAGGACGTAGGTGAATACAGTCCGGGCCACCTCTTTCATTTCTGAAAGCCGACTGCAGCACAGGAAAGAGTAAAGGTTTTTTTTCCTTGCCGGTGGATTCCCCAGGACCAAGCATACACCATCATACATTCAAGTAGCTGTTTGTGGACATCCTTGCGGAGAAATATTCAGTGTTCAGAACGGTCATAACCTTGACCAGAAGTCTTTGACTAACCTTCTCAGGGGAACCCACTGTGGCTTTTGCCTGATTTAAAATGAACCAAGTTGGTTAACTTGAACAGTTCAGATTTCTTCCACAACCAAGTCACAGAGCTTCTGTGAAATCTCTCAGGTCAAGTCACCATCAACTCACTCGTGACTGAAGTCCAGGAGCGGAAGTGTCGAGAGCATCGCGGTGTGTTCTGTTCAGTTGCTCAGAACAAGTCAACTCCTGATGATGGATGCAACGACCCAACTTCCGTGTCCTTGCCAAATGCTGTCGCCTTGGATCAAGGTGTCCTGCCAAGTCCCCCTGTCATGACGCTGTCTGTAGTTGTGCTTCGGAACTCTGGCCAGTCTATGTGAAACTTTTCTCTCAATATAC,False
797,-966,0.3771779,-0.64550763,0.2645046,2.158246,-2.3169737,0.0112595,5.600869,-5.0764294,2.3062063e-05,2.4882028,-2.3763108,0.0076565077,2.9620805,-3.048693,0.0024461919,0.05717798,ENST00000421538.1,-966,AGGTAAACAAGCAAGTTCCACGCCCCAGTCCTGCTGGGGCCTTCGCCAGCCACCGCTCTGGGCTCATCTCCCGGCGCCTCCTCGGGGCACCTGAGCGTTTTAAGCCCCACTGCCAAGTGTTTTGGACACAGGTTTTTTTGCGGGGTGGTGAGGTTGGGCACAAGATGCTTCCTAAAAGGTTGTTGGCACGCAGACCATGGCCCCAGTGACGGAGCGGTAGGCAGGGGCTTGAGGAACACGCTGTCTTTGTCTCGTCCCCAAAGCACCCGGCCGTGGGTCACCCGTGATCCCTGGAGTGGAGGGACTGTTGTGACCCCTGGTGCTCCAGGAGAAGGGGTTCCATGCTGGGTCCCGGGCCCAGGCCCACGGTGCCCTCAGCCTGCAGTTCTCCACCTTGCGGAATGATTTGCTGGCCCGGCCCAGCTCCCCGGCACCACCATTTTCTGCCCTCTTTTCCCTGCCTGGCTTCAAACCCTCCCAGGCAAGGGTCCCGAGGAGACACCTGGGCTGGGGGAGGCAACTGAGTGGCCCCAGGCCTGGGAATCTGCAAAAGTGGCCAAGCCACATCTCTCGAGACTGCAAGGGCCCTGGAGGCGCTGGGAGGCACAGATCTGGCTGCCAGCTGGGCCTGAGGCCTCCCTTTGTCCGTCCTTCCTGTTCTTCCTCACCAGACATGATCCTCTCTGAGGTTGGTCCTGGGCTTCCATACGTGATTCATGGAAGAGGTCTCAGCCCCAAGAGCCCCTGAGGGTACTGTCCACTCCCCCTGGAAACTTCCAGAACCTGACGTGGGGCTGAAGACATAGAGGTAATGGGGATGGGCTGGTGGGGCGCTGGCTGGGACAATGTGTGGAGCCCTTGTTTTCAGAGCTACAGATGCTTGTCAGCTGACAGTTCGTTTCCAGCATCCACAGTGGACCTCCTTTGGGGGAGCATTTACCTGCCAATGAACCCCAAGATCCTTTCTCAGAGGCGGCGGGATGAAGTTTTCCTTTTTTTTTTTTTTAGTTAATATATTTTATTTAAACCAATATATCCAAAATATTATCAGTTCAACATACGATCAAGATAAAGATTAATGAGATACTTTACATTTTCATACTAAATCTTTTTTTAAATTTTTGTGAGTACATAGTAGGTATAAACATTTAGGGATGAAGTTTCTTACTGTGTTTTCCCAGTAACAAGCACTGGCATCAGCTGTCATGATTTCTCCCCAAGGCCTAGGATGGTCAGCCTCGCACGCTCCACAGCAGAGTGACTGAAGCTCTATCGAGGTGTGGCACGAGCGTGTTGTCATTTCAAGAGAATCTGCAGCCTCCCTGGTTTTTAATGAAAGCTCCTATGCAGGGCCTGGCCCTTTCCTGGGGAGGGAAGGCTGGCTGTGTCTCCCGCTGCATCCTCACTGGGAACTTCATTCCTGAGCTGCGACCGCTATTTTTTGGATTGGAAAATGCCTTGGGAACGGCTCATCTTCCTGCGGCTTGAGCCCATTTGTTTTCTGACTGGTGGTCACTGGTGATTAGAGTGTGTCCCAAAGGGAACCGTCACCTTAGTTCTATCATACACTATCAATAACTTGTCCAGGGCTGACTTTGTGGCTGTGTGGCTTGCCCAGTGGTAGAGGGCCGGTGTGCAGAAGGGCCCCACACTCAATGTTTGGCTGTCCCCGGTCTTAAAATTCTTAGTCATTCTTGAACAAGGGAACCCATATTTTCATTTTGTTCTAGGCTCTGAGAGTTACATAATTGATTCTGACTTTGGCTGTTGGTCAACAGTGTCATAAGGTAAAATAAGGCTGTTGTAGAATCTGCTCAGCCAGGGAGGGGAAAGGAGTCGGCAATCAGGTCTCCTCCTGGGCACCTTTGTGAGGCCAGCTGGCGAGAGTGGGGGGTGACACTGAGGTCCCAGCAGCTCCAAATGCAGGCAGAGCCCTGTCCTCAGAGAAGGTCACAGCCTAGCCAAGCCCAGCCAGGTGGATGGGCCCACGGAACGCACAGGAACCTGGAACGGAGGTTGAAAGCAGGAAGCACAGTCTGTGACTCCCCAGCCCACTCTGCATTCGACCACTTGGGGCCCAGAAGCTTCAGGAAAGGTGCACAAGGTCACTGGGTCCCAGTACTCCCAACAGGAAGGTCTGGTCCAGGGACAGGGCTCTTCCCGACTCCCCTTAGCCACACGCACCAGAAGTTCTGCAGTGCCCAGTGGGCATAGCAGTCCCCAAGAATGACCCAGCACTGAAGCTGAGCCAAAGAACTTGGGGAGCGAGCCACACCCCCTCACTCCCTCTTCGCCTGCTCCAGACTTGCCAGGCGGTTGCTTTTCGTGGGAACCGGGATGTCCTCACCACCCTGTCCAGGGCCCAGCCCCATGTCCCTGGCCTGCTACAGCTGGAAAAAAAAAAGAGAGATGTTTGTTTTTATTTGTTTATAAAAAGAAAAGTGTTATATATATAACATATTATACCTCATGAATACATACAATTATTTGTCAATTAACAATAAAGAAAAATACAGCAAGCAAAAAAGACTCTCTTCCACAAAAATAGTGTTCATTACAGAAAAGTACAAAAAAAAAAAAAAAA,False
798,-949,2.8181953,-3.0263278,0.0028873533,0.64415157,-0.7343252,0.20125376,3.9432752,-3.5571244,0.0005525579,1.266622,-1.4685919,0.06092718,1.861435,-2.104357,0.018600482,0.05684427,ENST00000420074.1,-949,GCCGGCGTCCCTGGGAAGCTGAGCGCCGCGTAGCTTCGCCGGGGGGAGTGGGGTAGGCGCGGTGAGGCCGTGGGCCCCCACACCTGGCGGACCACAGGGGCCAGAAGCCCTGGAGCCCCGCCAGGGAAGGGCTGCGTCGCTGGCCAGGACCGAGCGCGGTAGAGCCTCAGCTGCTCACGGGGTCGCTGGAGTTGGGGGTGGCCCCAGGAGAAATTAAAGGTGAAAAGCCTTAGCAGCAGAGGGAAGAGGAAGATGGAGGCAGAGCGAGTGACCGAACTTGGAAGGGACAGCCGGGCGCAACAGGGCAGGGGGCGTCTGACTGTTGGAAACATGGCTGACGTCTGGAGGCTGCAGCCAGTGGTCCGTAAGTCAGGTCAAGGACCCACAGAAGACCCCAGCATGTCTTCACCTGGCCCACAGAAGCCCTGACATCCAGTTACAACTGCCCCAGCCTAGTGAGCATTTCGGCACCCACTCCTCAATTCCTACCCCCAGCCTAACTTCGAAGGGGCGGTGAGCCACAGCAAGCCGGAGGAGAAAGTTGGAAGAGAGAGTGGACAAAAGAATACCCACAGGCACCTTCCCCACAGTGGAATAGCGGGGTTTTAGACAATCAAGGATAATCACCTCTTCCTATCCCAGTTCAGAAACGGATGAAAAAGACACAGCAATAAGATGGGTGGGTATCAAAATATCAGCTTTGCCACAAATTAAAAACCTAGCTTGAAGGACAAGGCTTAAATCTGCAAGCAAGAGGGCAAGCTACTAAATCACCCGTTAAGTCAGACAAACATATCCCCCAGCCTCTAGGCCATGAAACTGCCTCACCAAGCACTATGCAATTGAGTGCCCACCAGAAGACACCCCTCCAGTCAACCCACAGACCCCAGAAAGAGTACCCAGAGGAGCCTGAGCACACTCCACCCTATCTGTTCTCTGAAATTCAATCAAATGAGTCACTCTACTTCTCTGGAAGCAGAAAGAGGCTGGAAGTTTTTCTCCAGCACCCACCTCTCAAGATTCCTGCCCTACATGCCATTCTTAAAAGAAAATGTGACCAGATCACTTCTCTGCCTAATCTTCAACAACGGGTTCTCACAGCTCTCAGAAGAAGGTGACAAGAATCTCTGACCTCACCCTGCTGGCCTGTTCCCCTCACCTGGCCACACAACCAAGCTGGTACCTCCACGCTTTCATCATGTCCTCTCAAGTACACTGTCTCCAGCTACACCCCTGCACTCCTCTCCGGGAATTCTGTTTCTCCTCTACCCAACCAGACCCTGTTCCATCCTCTGTTTTTTCCTTGCTACCAATTCAGGCCCACGCCTCATGCACATTCTCTGAGAATTATGTACATAAGTACCTGACTCTCCTGGATGTAAGCTGGGTGGGCTTAGCAGGCAGAGGCCCTGTGTCTTACTTTATCTCTGCATCACTGATGTCTGGCACATCAAGGACTGCAAGTTTGCTGAGAGAATGAATCGCCTTTTATACATGGAAATGTAAGCTCTAAACTGCCTCAGAGCATATGCTGGTGGGTGACAATCTGAGGAGGTCATGAATATAGGAGAATATTGAAGAGGTCACACAGGGGAAACAACTTTTCATTATGAAAAACTGGGAGACTGACATTTAAATGGTTTATCTGCATGATTAAATTAATCACATTTCCAACAGTGCATCAAGCATCTGAGAATAACATTATTTTGAGTAAAAACAGAAACTCTTCGGGAGAGACCCCCTCCCCACAGGTCAGGCTGCTCAAATGTCCACCATGTCTAGCAGCGCAGAGAGATGGAGCTCAGAGGCAACTTCCTCTTCCCTTGAACTCCGGATCAGCCTTTCCAGGTGCTTTAGTCGTTCGCCTAGACACGTTCCTGTCGCCTCTGACAGCTGCAGTTGCTCCCTCATCATGTCACTCTATTTGAATAAAAAAGAAACTGAACA,False
799,-1383,8.447191,-8.7494135,3.401019e-08,3.214707,-3.441775,0.0012840109,6.7752852,-6.6660233,1.4538282e-06,2.0189278,-2.3114476,0.012991599,0.44482422,-0.56803435,0.26642078,0.056139577,ENST00000422403.5,-1383,GCGCACCGGCCAGCTAGCCCCTTTGTGCGGCGGGGGCTGCGGAGTGCTCCCTCCAAGACCGGTTGCACCCCGCTTTCCTGGCCAGGACTCTGGGCGCGGCAGCTACAAAGACGACGCCGGCTGCGCTCGCGGGACCAGAGGGAGGGAGGCTGCGGACGAGTGCGGGGAGGAGTTTGAGATGGGAGGCGCTTGCAGGGGCTCCCCCAGTTCTGCGCTGTGAGCCGGGGCACAAAGAGCCCTCTGCACTAGCGCCGCAGGACCGCGGACCCGAGTTGGAGGCATCTGTCCACCCATGTGGTTCCAGACACGTTCATGTGGCCACCATGACCCCGTCGGCATCACAGGGGTAACCAAGAGAGCAGCAAGTTCCTGGGACAGAGGAGACAGAAGGGAATTTCCAGGTTCTTCAGGACGTTCACAACCACACTGAGAAGCATCTTTGCAGATAAGTATTTAAACTTACCAGCCCATAGCCTACCAGCCTGCCCTCTTCTGGTCTGTGCAGGAAAGTGTAGTATCCTAGAATGCCAAAGTGGGAGGGGAAATGGGTGATGTAGCTCATTCTCTTTTCTACCTCTATGGAAGAAAGAAAGA,False
800,-1445,4.7940216,-4.5775023,8.510634e-05,0.658491,-0.99300516,0.16090684,3.7246902,-3.5868118,0.00066736754,1.0521032,-1.0733309,0.106649235,2.5979161,-2.310606,0.0073292777,0.05512756,ENST00000518088.5,-1445,CGGAGTGCGGGGCGGAGAAGAGAGAAAAGGAAGGAAGGAAAGGGCAGGAAGAACCTAAAAAAAAAAAAAAAAAAAAGCAACCAAAGAAAAAAGGCTGTGCTGGATGTCGTGGGCAGTAGCTTGGGGACCAGGAGCCAGGCCAGAGGACCCTCTTCCAGAAGGCACTCCTTTACCTGAGCTGGAGCTGCTGGTTTTCTGCTTTGTGTTTTGTCGAGACTCTTTCATCCAGGGGAAGATTTGTTTGGCCACTGTGGGAAAAGGAAACGCCAAGACATAGAAAACCACGCTTTTCCCGTAGGAAGAACCGATGATGAGCCCTGATGAAAGAAGGAAGAAGACCCGCTGTCTGCGAAGGCCTAAAGGTTAGAAATACAGCAATTTTTCTCATGCCGAAGGAAAGGCAAAATGGTCTAAGAAACTGCAAGAGTGTGATACAAGTTTTCCTCAACAGCGAGCTGGGACTGGCGACAATTTCTTAACTCACAGCCTCCGCAGTCGCCTTAGTCGAC,False
801,-501,0.43760324,-0.559053,0.26959935,3.219184,-3.6677675,0.0010199803,9.717591,-9.454996,4.7146633e-09,7.9607444,-8.146841,1.010565e-07,5.646672,-5.5002327,1.4419654e-05,0.05412677,ENST00000565266.1,-501,TGAGGAAATATGAGAGCCCCAGGAACTGAAAAGGCCTGTGAGAGACTCTGAGCTTCCTGGGAACAGGATGATAGTTAAAAAAAAAAATGTTGGCCAGGCGCAGTGATGGATGCATATGATCCCAGCACTTTGGGAGGCCGAGGTGGGCAGATTGCTTGAGTTCAGGAGTTCAAGACCAGCCTGGCAACATGGTGAAATCCTGTGTCTACAAAAAATGCAAAAATTAGCTGGACATGATGGCATGTGCCTTTGGTTCCAGCTACTTAGGAGGCTGAGGTAGGAGGATGGCTTGAGCCCAGGAGGCGGAGGTTGCAGTGAGCCAAAATCGTGCCACCGCACTCTAGCCTGGGCAACAGAGCCAGACCATATCTC,False
802,-864,3.9465806,-3.906044,0.0003885792,2.3413715,-2.69007,0.0064870347,6.1755624,-5.8110933,6.2267104e-06,3.7691286,-3.7002041,0.0005699837,0.5064391,-0.5326293,0.26132977,0.05375632,ENST00000442293.5,-864,ACACTCAGGGAGTGCACCATGTGAAGACTGGACTTAAACAGCTACACCACCAGAAGCCGAGAGAGAGGCTGGAACATAGCCTTCCCTTTGGAGCCCTAGCAGATGCTAATCCAGCGTGCGTCCTGGCAGAGGTTGAAGGGGGCTCCTCAAGTCCCAGGTCCAGCTTGGTGTGGTTCAGCTACTCGAGAGACATCTGCTGCTAATGGATGAGCAGTCAACCTGGACGCAGGAAATCATTTTTTATTTGGAATAACTGGGAGATGAAACAGGAAGCTCTATGACACACTTGATCGAATATGACAGACACTGAAAATCACGACTCATCCCCCTCCAGCACCTCTACCTGTTGCCCGCCGATCACAGCCGGAATGCAGCTGAAAGATTCCCTGGGGCCTGGTTCCAACTGCCCACTGTGGACTCTGAGGCCTCTGCATTTGCGGGTGGTCTGCCTGTGATATTTTGGTCATGGGCTGGTCTGGTCGGTTTCCCATTTGTCTGGCCAGTCTCTGTGTGTCTTAATCCCTTGTCCTTCATTAAAAGCAAAAC,False
803,-1212,4.363201,-4.3379908,0.00016635968,1.3606485,-1.7219113,0.043832403,6.8399587,-6.8344316,1.1515612e-06,0.49969736,-0.74283373,0.22399573,7.210592,-7.3057075,4.961936e-07,0.05359923,ENST00000561719.5,-1212,ACAGTTGGAATTTTGTTCTAAGGATGATGGAAGCCATTGGAAGGTTTTCTTTGCCAAAGTGATGTGATCTGATAGAAGGTTTTATGAAGCCCACGTTGTCTACTGTGCAGAGAATGGAGTAACAGGCCAAGAGGAACCGTAGGGAGACCAGTTAAGAGGCAGAGACAGTGAAGAGGCAAATATAATTTCTGACCTACGTAATGATGTATGCACAAGAAGCCTCTCTTGAATGTATTAATTCAGTAAACAGTTATGGAGTCCTTACAATGTGCTAGTGGGACTTTGAAGATGAATCCAAATTTGGATCCTGGCCTGGAAAGGCTCAAAGCCCAATATGGGAGGGTCTCACTCTTATCTTCGTTCTTCTCCCCGCACTCCCACCACCTTACTTACTCCCATGGCATGCTACATCCTTGAATAAATATGCCCAAGGCAGATGTGGTAATGAAGATTGGTTGAGAATTCTGAAGGCAGACGTCCCAGACGCCAATCACACAATTTCTCTGTGGCTCACTTTTCTTATCTGTGAAAAGGGAGCTAGTTACCACCAGCCCCAACCCCAATCCTCTTCCCACCTCACAGAATGGGGAGAGGATTCAGTGGGCAGTCCCTGGCATAGGGGTCACAGAATCTACACCACCAAATATCATTCATATTCTAATTCTGTATTCTGTGTCCCCTATTGCCCCAAGATAAGTTCATTTAAAACAAAAAAGCTTCTATCTCAGGTAGAAAACCCATCATCACTGGGCATT,False
804,-252,4.287262,-4.283286,0.00018957276,0.64034665,-0.85084796,0.18374248,4.760288,-4.452235,9.977207e-05,1.1875037,-1.2471615,0.08056722,4.0816474,-4.130008,0.00027139724,0.052974094,ENST00000592671.1,-252,GGGATTCTCCCACCTCAACCTCCCAAAGTGCTGCGATTACAGGTGTGAGCCACTGTGCCGGACCTAAAGGACTCTTTGAGCATCAAAGAGTGATGCTGAATGTGTGATTTCTCCTTTCTGAGATGTTATCTTGTTATCTGTGAAGTGGGGGATCTGGCTGAGCCACTAGGGGTTTATCAGATGTGTTTTTGAACTTGAGCAATTGATGGCTAGGAGGCTCAGTTTTGTCATTTGGAAAATGGAGTTGCTGATACCTCAATCCTTGGAGAACAACTGCAAGCACTAGAGTTCGAGTGGAGGTTGCAGTGAGCCATGCTCTCACCATTGCACTCCATCTCAAAAAAAAAAAAAAAAAAA,False
805,-948,2.9662716,-3.202898,0.0020886022,0.75487185,-0.7949215,0.1751161,3.7400763,-3.3852704,0.0008038075,2.2192943,-2.4040694,0.009724222,1.1435266,-1.359662,0.07563495,0.05267354,ENST00000591223.5,-948,GCTTGCGTCCCGGGAGCCCGGCCTCGTGCGCCGCGCTTTGAGCAGCAGACTGCTCGACAAACACTGCGCCAAGAGCTCCTCAGCAGAAGCTCCTCGCATCAGATCCTCTGTGCTGGGAATCCTCCCCTCTTGAGCACACTCTGTGCTCCTCTTCCAGTTACGGTGCATGTGAAGCAATGGTATGGGAAAATTGTTTGCAGAAGGATGAAAAGGCTTTATTGCCAAACTAAACTGGACCAGGAAAGTCTCGTGAGGAGCTGATCCCATTGCATCAAGCTCTAATTACCTGATGTAACAGGAAGCCGGGGGGGCGTCCAGTCTCTCAGCTTGTGGTTGATACACAAGGCGATAAGATCATCCCATGGGATCTCCATGACCGAGGGGCCTGCCCCATGGACTGGGGAGGGACTCTTGCTCTTCCACCTACAGTAGGTTCTGTGGAGCAGGTTCTCCACCTGGGACTGGAGGACAGGCTGTGTCTGGCGTGAGCTGGGGATCTGGGAGGCGTACTGGACAACCATGGAGCACACGGGGAGCCAGGGGGCTGGGGAGAAAGTGCCTCATTAGTTACA,True
806,-230,2.7752988,-2.6721091,0.0042889817,3.174705,-3.2996583,0.0015401051,4.0355163,-3.7848146,0.0004013278,0.50343764,-0.5617142,0.25632617,5.65358,-5.9562516,9.076328e-06,0.052513134,ENST00000573394.1,-230,ACGTCACTTCCGGAAGCGACTCGCTCTGACGCCGTCCGCCCTCGTTGCCATGGAGACGCTTGCGCTTTCCCGGGCCGCACTTCCCACCCGGGTCTTCAGAAGCCCGTGGCCGCTGGGTGAGCCCCTGCGTGAACGCACACGCACGCACACGGCTTCAGGTTGCCCCGCGGCGCCGCGCGCGATATCGGCTCGGATCCCGGGAGGCCGTCCGCCCCTTTTTCAGCGGATAGCTGAGGCCAGCTACAATGAAGACACAGGTAAAATAATGAAGATGTCAGCCTCTCTACTCCCAGATGTGGACCAGAGACACAGAGTGTTAATTTGAAGTGGATTCTGTATAATCTGGGGAGTAGTTCCCCCCATACCATCATACGCCACAGGGGGAAACATGAAGATGTATAACTTGTATATTACTTTGTAGACTAATTATCTCCAAAACGCATAGATGGCAGCTAGGACTCAAGACAAAAGGACTCCCTGGGAAGAAGCGAAAGCAGGTTCTTAACTGAGCCCATTGTTTGG,False
807,-947,2.9981105,-3.232886,0.0019636266,0.7651874,-0.8822397,0.16145699,4.1472764,-3.7296119,0.00037926793,1.8281387,-2.0396206,0.020477084,1.1349434,-1.3657072,0.0758126,0.052017916,ENST00000590829.5,-947,CTCTAGAGGCTTGCGTCCCGGGAGCCCGGCCTCGTGCGCCGCGCTTTGAGCAGCAGACTGCTCGACAAACACTGCGCCAAGAGCTCCTCAGCAGAAGCTCCTCGCATCAGATCCTCTGTGCTGGGAATCCTCCCCTCTTGAGCACACTCTGTGCTCCTCTTCCAGTTACGGTGCATGTGAAGCAATGGTATGGGAAAATTGTTTGCAGAAGGATGAAAAGGCTTTATTGCCAAACTGAACACAGGACTCACCGCTGTAGATACTTGCAGAAGCACTGAAGCTCCTGGAGGGTCTCCTTTGCAGTCTGGAAGATTTCCTCCACGAGAAACAAGTCCACTAAGTGGGCACAGACATCCTCACAGCAACGGGCCACACGGACCCTCTGGTCTGTCTCTACTGCATTCCTAGAAACAGGGCAATCAGCATGGAAGACACTGCACTTGGGGCCCACAGACACTGAGGGCTTGCTTGAAAAGTGCAAGAGTCAGTCAGGCGCGGTGGCTCACGCCTGTAATCCCAGCACTTTGGAAGGCCGAAGCGGGTGGATCATGAGGTCAAGAGATCCAGACCATCCTGGCTAACATGGTGAAACCCTGTCTCTACTAAAAATACAAAAAAATTAGCCTGGTGTGGTGGCGGGCGCCTGTAGTCCCAGCTACTCGGGAGGCTGAAGCAGGAGAATGACGTGAAGCCGGGAGGCAGA,False
808,-458,1.9447458,-2.0915709,0.01735586,2.4810977,-2.8379257,0.0048736664,4.8116274,-4.3320704,0.00010687991,5.9088397,-6.1270175,5.927766e-06,0.54840624,-0.6443127,0.23277299,0.051023066,ENST00000437541.1,-458,ATTCTGAAGACTGACTGAGCGTGGAAGTTGCTCAACAAAAAAAGGAACGGGTATATTGAGTCTTGCTCTATTGCCCAGGCTGCAACTGGTGTGATCTCGGCTCACTACAACCTCTGCCTCCTGGGTTCAAGCGATTCTCCTGCCTCAAGCTCCCAAGTAGCTGGGATTACAAGCATGCACCACCATGCCTGGCTAATTTTTGTATTTTTAGTGGAGACGGGGTTTCGCCACATTGGCCAGGGTGGTCTTGAACTCCTGACCTCAAGTGATCCACCTGCCTTGGCCTCCCAAAGTGCTGGGATTATAAGCATGAGCCACTGCACCCAGCCTTATACTGAACTTTCAATGGGTTCAATTCCACTAGGAGCATAAAGGCCACTGCATATGAGTTGTGGAAAGAAGAGATTAGAAGAAGGAAGAACTTGAGATGAGTTCCTCCCTTCAACATTCTGTCTCCTCCTACCTAGCATCTTCTTTCTTTTAGTCTTTCTAGAATGTCCATCTGTTTTTGGCCATTGCGGAGAGAGAAGCTGAGCTTTAAAGGAGTAGGAGCTTCAAAGGCGTA,False
809,-870,4.8673,-5.0494957,4.9336566e-05,0.5223645,-1.0357264,0.17392074,3.7816207,-3.3742163,0.0007796877,1.1455609,-1.3711381,0.07469579,5.8014255,-6.2316504,5.944279e-06,0.049890302,ENST00000439050.1,-870,AGAGTGCCCCGGCGTCTTTCTAGCCTCCGCCTCCAGGCGGGTGAGGAGGTGACACCTGAGAATTCCTCCCTCTCACCCCTGACCCTGCCGGAAAGCGAAACTGAGATGCGGGCATTGGGCCCTGGGAAGCGTGGGGAAGGGGAAAGGAGAAAGCCAGAAAATGGAGAAATTAAGTCCTTTCCATGGATCATTCCTTCTGTAAACAGAGATCACAAAGCAAGAGCTTCAGCATCCTCGTGAAAAAGACATTTTGTTCTGGGTGTCATCATCTCCTTCCACTACAGCTTGCAATTGGAACAAGCTTCACATCCTGGGGGTGCTGCCTATCTCTGTCTTGATTTCTGTCTGTCTATTCCTCCCATTGACAGGAATGTCGTTTGTATCCTCCACGCAGCAGTTTGCAGAAATCCAGCAAGGTTTATGGTTTATGTTGCCCAGCATGTATAAACACAACGCTCTCAAATGCTTTTTAAAAATCTATGAATTTGTTAGATGTCTTCACATCCTGGTCCTCCTACCCCAATTCTCAAACACAAAGTACTCTGTTGCCCTATTATAGTCCTGCGATAGTTCTGGCTAGGATTAGGTTGACGGTCTAAGCCCCAAGAAAGGCCTGGCATTTTCATAGCAGGCTTTCCCCAGTGCTTTGAGTCTTCCTCTCTCACTCCCTTTTTCTTTTTCCCTCGGAGGAGGGGGTGTTGGGGGTGGGAGGTGATTAGTAAATGTTTCAGGTAATCTGTGAATTCTTAATAGTCATATTTCCGTGGTGGAAGATCTCCCTATTTCTCTGATGTGACAGGTTACAGAAACCTTGGTGTTGGGGGTTTTACAGATATTTACAAGTTCTAGGAGTTTGAACTTTGGGTCAAGATGTTGATTCCTTTTAATGTGCGAGGGTGAAGGAGGTTTTATTTTGCTTTATTCTTTTGGATATTATGAGATGAGATTGTATCCAGTCTTGGCTGTAACCTATACCATAAATGCAGAGCTGCAACCATTATTTCTGTCTCTTTCTCCTTTTATCACCTACACTTCTAGAGATATTACTTTCAGTTTTATTGCAAATCATCTGTGTCTTTAGTTTAAACCATTATTTTTCATATACCCCAGGCACATTTCCCTTATAATGAGACAAATTTTAGATTATTAATGTTCCACCTAAAAGGATACTGTACACTTTTCATTGCCAATATGGGCTTTGAAGCTTAAATATCAACATTTTTATAGGAAATTTACCCATGTCAAATTTAAATATATTTGCTTATATTTCTTGGAAAAAAGATTTTGGATAACTATCAATTAAGCAGCCAATTCCATTTGGGGTGCAGAAAATTTTGAGCCCCTTGATAAGAAGGAACAAAATTTTTCCTCTAAATAACCAACTCTGGATCAGAAAAACTGAACTTTTCTAAATATTTATTATTAACAAAACTTTTTTTTGTCTGATTCCACTAGAAGCATTCTATGTTGTGAACACTATAAAGTTATCCTATGTTGTGAACACCATAAAGTTATGAGGGAAAAAATGTCAAATCTAAATTTTATTTAGAAGTAACATATTGTTTTTCTGGACTTGCAATCCAATTCGAATGCATCGTTAGACTTTTCTGTTTTCTTATGATTAAACAACAATGGCTTAAAATGATAGCAAGTCAACTGAAAAGTTGCTTTGGAATAAAACAAAAGTGGGAATGCCAACTTTCTTTTCTTCTCTATAACTTCATTAACATGGTTGTATAGACATTTGCATGTAAAATGTAGCTAACAAAAATTACACAGAAGTAAATTTAGTCCTCTAGTGCCTACCTCTATGGTGAAATCAGACCATTTGGCATAGTTTGAAGTCTTCCAAGAAGCCTGGTTTCCACCTGGAAAATAAATTACTAAATTTGAATGTGTTACTTATACTATGGTGAGTTGTCTATCTGTTACATTTTATTTTAGTGCATATACTAGAAATTGTATTTAGGGTGTTCTAAAATTGTCATCTGTCAAGGTAGAGAATTATAATAATATAATTATACTCAGAAAGCGTTCTGATTTTAGATTATTTTGGCACTGTTACAAATATGATGAATTTTAAAAAAATGCAGAATGTTTATTACAAATTCATATGTTTAATTGTCAAATTCTGAGATTAATTTAGATAAGCTATAACCAAAGTTTATTTTCTTTGCATTTATTGGTACATAGTTAATGCTTATACACAGGCTTCAGTGTAACACCTATACACTATTACAATATTTAGCTGTACTTATTTGCTTTATCTTTAAATGGTACTTTGTCCCAAAATTTTCTGAGTTTGATAAATTATTAAACATTTATCAAATCAC,False
810,-1484,0.52803874,-0.7608133,0.2160472,3.0713382,-3.2451189,0.0018030754,2.4154384,-1.9971302,0.011978768,2.0874321,-2.345167,0.011744002,4.8962836,-4.9868035,5.102789e-05,0.048324816,ENST00000521097.5,-1484,GTGCAAACATGAGTAACATGGCCCTGCTCTGGAGACTACTGGGAACACAAACACAGCCATTTAAGACATCTACCTGCTTCTCCTTTGCCTTCCATCATGACTGAAAGTTGTCTGAGGTCTCCCAGCCACGTGTCCTGTACAGCCTGTGGAACTGTCACACTGAATTTGGACACTGGAGAAGAGAAAGGAGAAGGCCATTCTGGCTACCCTAGGACTCAGAGACGACTTTAAAGAAGAATCAGAAAATGGAGACTGGGATTGGAAGCAGAGATCCGATGGCCAAATTACAGTCTGCCACTGAAGCTAACACACCTATGGTTTCAGAGTATTCTTTAGTCTCTTCCACCATGTGAGGGCACAGTGAAAGGAAGGACTTCTATGGAGCAGAATGTGGGCCCTTACCAACACTGAGTCTTCCATTGCCTTGACCTTTAACTTCCCGGCCTTCACAACAGTGAGAAATAAATTTCTGTAGTTTATAAGCCAA,False
811,-673,10.853824,-11.226414,2.57439e-10,15.327927,-14.717609,8.94107e-14,10.913192,-11.303502,2.2460139e-10,0.5372809,-0.6329758,0.2368086,7.77202,-7.075065,3.564452e-07,0.04736179,ENST00000537095.1,-673,AGTCCCGCCCGCGTCGCCCGCCAGCCCCGGGACAGCCCGCCTGGCGCGCGGGGCTCTGCGCGCTGCGACCCTCCCCGGCAGTCCCGCCCGCCTCTCCTCGCCCTCTCTCTGCCTGGCCTCCAACTTTGCCTCTCGCTATCCTCTCCGCCGGCGCCCCCTTTCCCGGCGGTCCCCGGGATGGTCCCCGGCACCCCGAGGACGCCGAGGTTACGGGAAGTTCGGGGACTGGCGGGAGAAGGGGTTTGGGGGTGGTCCGCGGCGAGGGGCGCGGGGTGCATCTTCTCTTCCTTTTATGCTGAGTGGGTCAGCTCATCACAGGCCTGCGGCCCCTGCATGGGTGACAGAGGAGGCAAAGATGACACAGAGAAACTATCCCTTCAGGGACAGAGTGGGGACACCCACGAGCTTGGCTCTGCCTTACAAAGAAATGAGAAGGAACCCCGTTCCTGCTTTTCACCTTAGGGCTGCCACACTTGTGTATCCCTTCTTCCTTGAATTTAACCAGGAGTGA,False
812,-955,9.140325,-9.455674,8.3919005e-09,2.682908,-2.915825,0.0036888937,6.196609,-6.074685,4.68428e-06,1.8500434,-2.1378527,0.018201252,0.6154641,-0.7020448,0.21123305,0.046625577,ENST00000449717.1,-955,ACAAAGAGCCCTCTGCACTAGCGCCGCAGGACCGCGGACCCGAGATGTCCGGCGTCAAATTTGGCTCCAAAAGGATGGAGAGGGCTGGTAGGTAACCCACCCTCGTTGAAAACAACAGTGACATCAGTTTATGGAGAGGTTACTCTACGCAGGGACGTGCTTGGTGCTTTGCAAGCGTTATCACAACAGTCCCACGAGGTGTTGGAGGCATCTGTCCACCCATGTGGTTCCAGACACGTTCATGTGGCCACCATGACCCCGTCGGCATCACAGGGGTAACCAAGGTCCACAGAACGAGGGGAAAGGGTCACTGTGGATCAAGCCAGGCTCCTCTGAGCAGTCCAGGGTCTATTTACAGAGAGCAGCAAGTTCCTGGGACAGAGGAGACAGAAGGGAATTTCCAGGTTCTTCAGGACGTTCACAACCACACTGAGAAGCATCTTTGCAGATAAGTATTTAAACTTACCAGCCCATAGCCTACCAGCCTGCCCTCTTCTGGTCTGTGCA,False
813,-1298,0.53927994,-0.8403509,0.20106831,3.3694878,-3.5404727,0.0009968025,6.2063217,-5.92933,5.3647705e-06,3.4006937,-3.466457,0.0010403572,1.632388,-1.8608601,0.029504957,0.046523158,ENST00000547799.5,-1298,TTTAGCCTGGGCTTGAGCGCGCGCAGAAGTCAGCTTCGTGACTTCCTTCTCAGGATGGAACCAGCTTGGTGGCTTGAGGCTTAGCTAAGGGAGCAGAAGACTAACCGTGGTCACTACACAGGCTCTCAAAATCCTTGCAGCAGTTCCCAAACTCTTGGCAGCGGGCATTGCAGTGACATTGGTGGTGCTTGTCAAAGGCTTCGTAGCAGCGGCCCTGGCAGGAGGAAAGGGGTTCTGAGTTGCAAATCAGAAACTTGAAGATGAAATGGCTACTACGCTGGGTATTGCCTTTATCTTGAATGCCAGCCTGATGGTCCAAGGTGAACAAGCCTTCCTGTGTTTTCTGAATGTGCAGTTCCCCCGCACTTTGCCTGCCACCATGTAAGATGTGTCTTTGCGCCTCCTTTGCCTTCCACCATGATTGTGCGGCCTCCCCAGCCATGTGGAACGGCCCTGAAGGCAGCCCGTATTTGTCTGGATGTCTTCATTCTTCCAGTCTAAGAACTCCTAATTCATCTCTGCACTCCCTGAGGCATCAGCACTTGAGAGTAAACTCCTTTGAATCCCTTGAGCCCCACGAGGTGGATTTTCTCTCAAGAGCTCCCAGGCTATGCTGATGAAGTACCTCTTCTCTGCTTCTCTCCAGAATAGTCAAAACCCTCAAAATCCTCAAAAGTTCCTGGAGGTGGGAGGTTCCACCCCCAACTCTATCCTCGCCTCTTCTACTGGTCTAGCCCGCAAGCCCCTCGGAGTTCCTGAGGGGCAGACAGGCCCTGGTGCACACAGGCGCTCCATGCCAGGCCCTTGGGCTCTGGAGCCCCTGACACTGCCCTGGCACCTCAGACCCCAGGACTGGACACCCACATGCTCCAGCCCAGTCTTCACACAGGATCTCCTGCCCCCATGCACACACTGAGGGCCAGGATGCACCGTGCAACCCCTATCCTAGTGCTGAACACCCCTTCCTCAGCCAGCTCCCCAAACTCACAGGCTGGAGCTAGGCCCTGGGCCGAGGTTGGGAACCCTGAAAGTGACAAAGGACGAGTAGAGGGGCTGCAGGGAAGCCAAGAGTGAGGGTGTCTGGAGGGCAGGGCCGAGCCCAGCTGATCCTAGCAGAGCCAGGCCGGGCAGGGTGGAGCACTCACCAGCAGCCTCTCGAGGGCGGAGTACAGCTTCCGGACTTTGTGAGGCAGCCGCTGTGAAAAGGAGGCAGATGAGCGGCTGCTCTGGGGGAGGCCCAGCCCCATCCAGCACTCCCAGGAGGGCCTGAGGCCTGACCTCAGGAGGGGGCCCTCCAGACCACACTTACCTCCCAGGTGTGGGCTAGGCGGCTGATGGCCGAGTTGCTGAGGCCAAACATGACGGCAAAGAAGGAATTGAGATTCTTCTGCTCCTTGAGGCTGTGAGCAGAAGACCCAGAGACCCTCAGGGTAAGGGAAGCAGCCACCCCTACAGTGCCCCCAGACAACAGCCAGGCCAGCCTCTGCAGAGATCCAAGCTGGATGGGGTGGGAAGGCAGAGGCTCCAGGGGACCCAGGGAACAAATAGGGTGGCAGATTTGGCAACATACTAAGCAAAGAGGGGGGCTTAGGAAAAGGTAGCCGGGGGGACTCTGGCCACGCCCTACCCACTGGACAGGGACTCACTGGGCCGCCAGCTTAATGAACTTCCTGAGCAGCTGGGCCCGGGGGCCGGGCACGGGGCAGAGACACAGCTCGGTGGCCACCCAGTACTGCAGCTCATTGAAGCGGCGCATGAAGCGCTCCAGGTTGGCGGTGGTGACATCCCGCAGATGCTGGGGGCCCAGCACATAGTGGATCAGCTCCACCTGGGTGGGGTCAGCAGGAGAGGTCAGCGAGTGCTGAGCCGAGCCGGGCGCCCCGCCGCCTGCTCTCCTCCCCCAGCTCTGCCTCCCATACCTGGTGGATACTGTTGAAGAGGCTCCAGTCGTGGTCCGTCAGCTGGCCTGCCAGGTCCTTGGCACTCACCAGGTCCAGCCCCTCAGCAGAGCCCACAGTGGGCCCCAGCTGGTCAGGGTGTGGGATCTGCGGGTGGGAGAGTGCTCAGGGGGCTGCCTGAGGAATCCAGGGAAAGGCACAGGGTAGGGGGAGAGGGTTGGGGCAAGGACTCTATGCTCGTGTTAGGAGGAGGGTTAGGAGGGCAGGAGTGGGGAGTAGAGGGTCTCTAGGGGCTATAGCAGCTGGAGGATAGGGCTCCCCAGTGCTGAGACCCCTCCTTTTGGGCTCCTGTCTCCTGGGGAACCCCTAACTAGGGCAGGTCCTCCTCTTTCTCCTTGGGAGCTCCCAACCAGTGCTACCAGCCCCTGCCCTGCACTATCTTGGGAATTCCCCCATCAGCTGAGGCCCACTCCTTTGTGTGCTGAGGACCCAGCAGCAGCCAGAGCCAGGCCCCTCCTCCCTCTTCTCCCTGGGACCCTCCCCAGAATCCACCACTGCCACACTCAAAATAGATCTCCTCCCTGGGCCCTGGCACCCTGCCTGGTCCCTACCAGCTCATGCACTTCCTGTGGGTTGACAACAAAGAGACGCTCATTGAGCCCCAGAGATGTGGCCACACCACGGGCATCTGGCTGCAGGCCAATGGCATCTGCAAAGACAGCAGAGGCGGACTGGGTGGGGGAAGGGAGGGAGGCCGGGGACCAGCTGGATGCCAGGGTGGAGGTGCTGTTTGGGAGGCTGAGAGGTTGTTTCTCCTAGTAGCGGGGTTGAAGTCCTGGGTGGTGCTCAGAATACACAGGTGCATGTGCCCACGCAGCCACGCAGCCCAGGGAAGCACATCCAAGAGGATGAGGAAAGATTCTCAGTGAGTCAGGAAGAACCTGGGCAGGGTCTGAGCCTCCCTCAGCCTCACTTTCTTCCCTGGTAAAATGGAGACAATAAGACTTGCCCCAACTATTTCATAAGTCAAATAAAATAATGTATATAAATAGTAGCTATAAGTACATGCTATGTATAAAAGCCCTTTGAAAATTGGGAAGTGTCTTATATAAGCCTTGGTGTTGATTTTCATCAGCTCCTCATGGACTGGGACTGTGCTTGAGTCCCCAGTCCCTAGAGCAGTGGCCTCCAAAGTAAGGTACATCAGATCATCCATGTGCCTGGGGAAAATATGAGCTCTTCTACTTACGTTTACTTTTTCTACCTGCTTTGCATTTCTACTCCATCAATTTCTATTTTATCTATCTTTATTATGATATTAATGTAGTAATATATGTGTATTACTTACAAACAAATATTCACACAGTGGGGTGTGGGTTTTAATTAAATGTTGGTTATTGA,False
814,-45,2.6232,-2.6147707,0.0052829674,1.0164818,-1.4023689,0.08174649,4.3479257,-3.9891632,0.0002394112,1.98636,-1.8040357,0.022087771,0.92155766,-1.0568926,0.12148413,0.046168156,ENST00000428641.1,-45,CCGACCTCAGATGATCCACCCCCTTCGGCCTCCCAAAGTGCTGGGATTACATGGTAAGCCACCGCGCCCAGCCTCTATGCTTTCTTTCAAAGGGTACATACAATGCATAGGATTTGGAGAGGTGGGGAAGTGTGGAGAGAGAAGGTGTTTTTAAGAATTTGGCATGGAAGGACAAGCACACCTTAATCCTCTTCCAGGCTCAACCAAATTCCATTCTGAAGTGTTTAAAAGCAAAGCTTTGGAATCAGACACACCCAGGACACCATATGGAAACTCTTGCACAGTGCTGGGCCCAGAGGACTGCCTCTTCCCAGCTTTGGAATCAATTCCCTGGGACTCCTGGGAGACCAGCACCTGACGGTCAGATAGCTTATGAGGAGATTTGGCCCACAGAGACCATAAGTGCCCTCAAGCAACAAGAAAGGTGCACCCA,False
815,-183,0.6456101,-0.59192854,0.22486472,2.8182302,-3.6552217,0.0015415078,9.333856,-8.748153,1.4030836e-08,5.026689,-5.2135625,3.570259e-05,5.0547323,-5.151438,3.694028e-05,0.04529578,ENST00000559702.1,-183,TGAGCTGCGCGAGGCGGAGGGTCACCTGCGTCAAGGAGCTGGTTTTGAGTGGCCAGGTACGGAGTCTCACTCTGTTGCCCAGGCTGGAGTGCAGTGGTGCAATCTCAGCTCACTGCAACCTCTGCCTCCCAGAGACGGGGTTTCACCATGTTGGCCAGGCTGGTCTCAAACTCATGACCTCGTGATCCACCTGCCTCGGCCTCCCAAAGTGCTGGGATTACAGGCGTG,False
816,-1377,2.9505775,-3.1841102,0.0021617191,0.9178207,-1.0377296,0.1239494,3.8867042,-3.468865,0.0006386157,1.2539536,-1.4750865,0.061281357,1.6263169,-1.8899977,0.028851582,0.043376535,ENST00000414659.5,-1377,GTCCCGGGAGCCCGGCCTCGTGCGCCGCGCTTTGAGCCTCTAGGCCATGAAACTGCCTCACCAAGCACTATGCAATTGAGTGCCCACCAGAAGACACCCCTCCAGTCAACCCACAGACCCCAGAAAGAGTACCCAGAGGAGCCTGAGCACACTCCACCCTATCTGTTCTCTGAAATTCAATCAAATGAGTCACTCTACTTCTCTGGAAGCAGAAAGAGGCTGGAAGTTTTTCTCCAGCAGCAGACTGCTCGACAAACACTGCGCCAAGAGCTCCTCAGCAGAAGCTCCTCGCATCAGATCCTCTGTGCTGGGAATCCTCCCCTCTTGAGCACACTCTGTGCTCCTCTTCCAGTTACGGTGCATGTGAAGCAATGGTATGGGAAAATTGTTTGCAGAAGGATGAAAAGGCTTTATTGCCAAACTCTTAAGGTATTTTGTTAATAAAATCATTTTCATAATGGAAAAGACTCAGAAAATTCCCCTCGCATGACATATAACATCCAACAAGGGGCTGAACCAAGAAAAAATACTGCAGCTGCTGCTAATGGCAACACTGAGCAAGCACCTGGCCTGTGCCAGGCACTGTCCTGTGCAGTCTGTGTTTGCACTCATTTTATCCTCAAGAGCCAGATGAGCATCTCCACCAGACAGCACCTGCAGAGGCTTGGGCAGTTTATTTTACCGTCTCTGAGTAAAATAGGGATAATAAGTAACAGTACCCATACACAGGTGGCAGAGACGCTAGGGAACTTGCCCAAGGTCACAGAGCTTCCAAGTGGAGGAGCAGGGACACATATGCTCACAATGATGGCACTAAGGCACATGTTGCCTGGATGGAGACCAGCCCACAGATGAGAGTTCCAGGACAGAGGGAACATGGATGGATCAAGTGAAGTGACAGAACATTTGGAAAACTCTACCGAGATATATACGGCCCCCCAGTAAAATTAAAGAGATAAAGAGAACTACATTAAGTGAGACAATAAGGCAACTCTATTTCTTGCAGGAAAAAAATAATTGTGGTTATAGAACACTACTGGTTCTGAGGTGAATAGCAGTCACAGAGCCATCAAAATATGACCCCACTCACTGAAGTAATACAAAGTGCTAGTGTAGCTATCCCGGGAAGACGTGGAAGGCCGAGCAAGGACCATGGCACAAGAGGCCACGCTGTACCTAGTATGGTATGCAGTGGCCAAGAGGACCCCCCTGATTCCACCTAGTGTTCATGCCCACGTGTGATCTCCTGCCCCGTGAGCTGGGCCTAGCCACTCACTTCTGACAGACAGAAGCCAACAAAAGCAACAGGATGTCACTTCTAAGTTTAGGTTATAAACACACTCAGACTTCCATCTAGGCTCACCTCTTGCTCACTCTGATGAAAGCCAGCTGCCATGCTGTCAGCTGGGGAGAGGCCCATGTGGCAGGAACTGAGGAAGTCTTTGGCCACAGCCTGCAAGGAAGTGAATCCTGACACAAGCTCACTAGAGTGAGCTGGGAAGTAGATACCCTTCAGTCAAGCTTTCAGATGAGGCCACAATCCTAGCCAACATTTTCATTTCCACCCATGAGAAACCTTGAGCCAGAAGACCCAAGCTAAGCTACACCTGGATTCCTGACCCACAGATACCATGATAACAGACATTATTTTAAGCTGCTATGTTAGGAGTAATTAGTTATTTAGGAATAAGGTAACTAATACATTTATATTAATGGGAAGTCAGCAGAGAACATTTAAATGGATAAACTGAGAAATGGCTGTGTAAGTGTGTGATCTGGAAACAGGAGAAAAATGCAGCCCTGAAGAAAGGAGTTAAGAGAGGAAGGAGGAGCTACTATGTCTCATTTTAAATCACGTGGGTGGCATTATTTGACTTCTTTTTAAGTACACGGAAGTGTTACTTTCTTAAATGAAAATGAAGGTAACAGCAGCAGTAAACTAATTTCCAGTAGATGAAATGTGACTTTGTAATCCCAGGAAAAGGGAAGAATTTGCACCAAGAAGTTACTGTTACCTCAGAATGGCAAGAGCATGGATGGCTCTTATCATCATCTTTATACTTCTTTTACATTTCCTCATTTTTTAAAAGTTTTGTGTACATATTACATTTAGGAAATCCAATATATAGTATTAAAACAGAAAAAGTAAAGAAGCAGGCTGGGCTTGGTGCCCACTACTCAATTTGACTGGCTTAAAAAAATTTTTTAAACGACATGTACGGACAGACATAATACTTGCTTCTGAGCCTCCCAGTCTTTCAAAACCACATTAGGGAATAAGCAGTATTTGCATGGTTCCAGTGATATCTGGGAGTAAGTGAAAGTAATGAAAACACAGAAGTAAACACAAAGTAATTATAGTTCACCTTTATACACACGTTAACAGAAATCATCTGATCCCCTTTGCTGCTAAGTGAGTTGAAAAGCGAAAGCGTCTGAATCCCACCAGCATCGCTGGATGTGTCATCCACTGAGCCTTCATCTCCCATGAACTTGACTTTTAACCAATTTGCTAGAATTCTACAGATTTAAAAAAAAC,False
817,-693,8.179508,-8.339607,6.696367e-08,0.46750188,-0.8322724,0.21420301,10.3245,-10.014576,1.4684227e-09,4.5800605,-4.8137,8.3234896e-05,5.605767,-5.540524,1.4428499e-05,0.042860147,ENST00000499499.2,-693,GAGCTGTCAGCAAGCTCCAAACCGCGGCTGCCGCCCGGAGGGAAGCAGACGGGGAGTCGGTGGCGGCCGCCGAGTCCGCATGCGCAGGCTGCAAAGGCCCTTTTGGGCCGGTCCCGCCGCGCTAGGTTGGCGAGTGGGACTATTTGATCCTTTCCAGGTTCGCCAGCGTGGTGTTACGAGAGGAAAGCGCAGCCGCAGCGTACGAATGGGAAGGCCAAACACGGTCCCGGGGAGTCTGAGGGAAGCTGCAGGGCGCCTGGAATTGGGGTCTCGAGTGAGCCGGTAAAAACCGCCTCCCGCTGAGCGTCCCGGAACAAATACTGTCTGAACTGAGCCGTAAGCAAGAAACGGTCAGGAGAAGCTGGGGCGATCTGATGATTAGAACATTTCAGGGACTACCAGAGAGAAGTGCGTAATTGCTCTAAGGCAGGTAGGTAATTGGCCTGGAAACTTGGGAACGCCCCGCCCCCCACCCCGACTTTCAGCAAACCACCGTGCCCAGGAAAAAGAGCGATTGTGGAAGACCCTGTGAAGAAGAGACCAGGAAGGCACTGTGGCTTAAGAGAGCAAGGCGTTCCTGAATGCAGCCAACATCAACTGGTAAACAAAAAACTGTGAGAACGGATCCTGAATCTTGCGCTTACCAGGGGAAATTCAGGAGAGATATGAACCTGAGCAAGATGAGGTTGAAGTTACTCAATGCGGCATTAAGCCTGTTCACGGCCACTTCCTCCGGCGTCACCAACACACACACTGTACACCAGCAGTATTTTTACACGGGGTATGTGTGTTAAGTACTATCAGGTGGATAATTATTACTTCACCTGTATTTGCTGCCTTGATACCATTAGAGAAACTCATGAATTATAAATAGCATAGTGAATTTGTGATTCCCTGAAGATATACTAAGGTGGACTTTTAAAAAGGCTTCTATTCCAAAGGGAACTAATATGGAGGAAATGGTTTCGAGAAAGAAAAAAGAAAAAACGGAGTCCTTGATTAGTTGTGGGGAAGGCAACATAATGTAATGTGAAGAATAAAGGAGTCAGATCCAGGAAACCCCATAACTATTATGAAACATTTCTAGGCTGGGCGCAGTGGCTCACACCTGTAATGCTAGCGCTTTGGGAAGCCAAGATGGGAGGATTATTTGAGGCCGGGAGTTTGCGACCAGCCTGAGCAACATAGCAGGATCCTGTCTCTGCAAAAAAATTTAAAACTAGCCAGGTGCGGTGGCTCGTGCCTGTTGCCCTAGCTACTCAGGGAGACTGAGGCAGAGGATTGCTTCAACCCAGGAGTTTGAGGTTGCAGTGAGCTAAGATCATGTCACTGCACTCCAGACTGAGCAACAGAGTGACACTTTATAAAAAAAAAAAAAAAAAAAACTAGGTTTTTGAACTTGCTTAATCAAAGAATTTGTTTAAACTTTTAAGATGCGTTGTCAGATTATCTTTCCCTAAAGGAATAATTTCTATTCCTATCAGCTGTTTATATTCCTGCCTAGTCACCATCACTAGATATAATTGATTTTCAGTTTTTGCCAATCTGAGGAACAAAAAATGACCCTTATATGTCAAATTTACAGTTTATTTTCAAGGATTTTGGGATTCTGATCAAATTTTGGTACCTTCATATAAAATTTGGCTTTTATATCACATCTTGTCTTCTCTGCTTTCCACCCTCTTTTATGTTGTTTTTTGGCTTCTGGCCGCATGACTATAATCTCCGCTTTTGTATTCACATCACCTTCTGTCATTTTTGACCTTGCCTCCGTCTTACAAGGATCCTTGTAATTAATTATATTGGGCCTGCTGAGATAATCCAGGATATTCTTCCTACTCAAGTTCCTCAATTTAATCACATCTGCAAAAACTGCCTTTTGCTATAGAACAATGACAGGAGATTAGAATGTAAACATATTTGGGGGACCGTTATTCAGCTTAACACAATACGTCCCCCTTCATCAGGTGGAGCTTATTTTCCCTCCTTCCTTGAGTGTGGGCTGGACTTAGTGACTAACTTCCAAAGAACAGAGTATGGAAAGGGAGGAGGAGAGTAACTTCATAGTACAGAAACCTGGAAACACTGTCTTGGCCAGGTGGTCAAAGTTAATATCATCAAGTCATGTTGATAGCATATACTCCCAATATACTGTGATGAGAAGGGCAATTCACCTCTGTGGTATTCTCAAAACCTATAACCCAATCTAGTCTAAACATGAAAAAAAAAAAATCAAACTAAAATTGAAGGACATTCTATAAAACACCTGATCAGTATTCCTCAAAACTATCAACGTCGTGGGGAACAAGGAAAGATTGAAATACTGTAACAGACCAGAGGAAACTAAGGAAACTTAATTGATGACTGAATGCAGTGTGCTGTGTTGAACTGGATCCTAGAGAAAATAGACATTAGTGGAAAAACTACTGAAATATGAATAGTCTCAAGTTTAATAGTAGTGTACCATTATTACTTTCTTAGTTTTGACAAATGTACCATGGTTATGCAAGATGCTAACAATACAGAAAAATAAGGGGTATTTGGGACCTCCCTGTATTATCCTTATGCCCTTACTTGAAAGTTGTTTCAGCAATAGAAGTTTATTTAAAATATTGTGAAGGGCCTGAGTATTTTTAAATCAACTGCAGTGACTCTCTTTTGTGTATTTGTGTACAGATGAGTTTTTCTGCATCGAATTTTATCTCCTTTCCTTGCAGAAGAAAGAGAATTAGCCCTTTACAGAGATAACAGTTGCCTAAGCCAGCTCTTTTCTCCTCTTTTTGATGTTCTTCTTTTTCTCTCAGTTTGAAAATTGTAGGTTATTTGAGTTTTTAAAATGTCTATTGCTACATACACATTCTAGTTATATTCTAGTCCAAACAATCTAGTAAAATATCTAAAAGAAAAA,False
818,-1381,9.257039,-9.566342,6.685122e-09,2.6705809,-2.8990536,0.0037973986,6.0706735,-5.9685755,5.907692e-06,1.2949859,-1.6039114,0.052208103,0.7749864,-0.9057688,0.1569955,0.042601384,ENST00000450203.5,-1381,AGTCATTCTTCTGGCAAACATATGTGGAAGGCCTCCGGGGTAGCACACCCTTCACCGTGCCCTGGAGATGCTGGGATGCGACAAAAAAGTAGGCTTCTCCCATGATGAACCTCACGGTTGGAGGCATCTGTCCACCCATGTGGTTCCAGACACGTTCATGTGGCCACCATGACCCCGTCGGCATCACAGGGGTAACCAAGAGAGCAGCAAGTTCCTGGGACAGAGGAGACAGAAGGGAATTTCCAGGTTCTTCAGGACGTTCACAACCACACTGAGAAGCATCTTTGCAGATAAGTATTTAAACTTACCAGCCCATAGCCTACCAGCCTGCCCTCTTCTGGTCTGTGCAGGAAAGTGTAGTATCCTAGAATGCCAAAGTGGGAGGGGAAATGGGTGATGTAGCTCATTCTCTTTTCTACCTCTATGGAAGAAAGAAAGAGCCTGTCCCCATTTTGTGGGGTCCCAGAAAGGGTGATTTTCACACTTCACATTTGGCGTTAGGGCTAGTATTTCACAAACATTACCGTCTGGAACTTTTGAAGGCTGAGTTAAATGACTTCATCTTGTGTACTTGTAGAA,False
819,-1416,4.662343,-4.682495,8.740784e-05,0.5740119,-0.8528482,0.19358839,7.5583067,-7.3785076,3.2585456e-07,3.6381743,-3.6734746,0.0006672697,2.0048842,-2.0987203,0.016244797,0.04211764,ENST00000508913.5,-1416,GCGCTGGGAAGAGACTGTGCCCCTGCAGCTCCCCTGTCACCGGCTCCAAGGAGCGTCGGGCTCCCCCCGCCCAGCCCTGCAGCACCCATCCGGCAACGCCAGACTCGGCGCAACGGGGGCAGCTGCGACTTTAAATCTCTCAGATCCGCGGCCTGAGGGCTGCCGCCACCGAGAAATGGAGGCACAGAGCTGTGAACAAGAGACCACGGCTCGCCGAAATGGCGGTGCCAGGAGCCTGAAAGGGAATGCAGCCGGCGGGGTTGTCAAGGACAACATTTGTTTTGGCGCAACCAGCGGTGCCGTCACCAAGAAACCGTCGACTCTGAGAAAAAAAGAGAAGTTCGGCTACCGAGAAACTCCGTGCAGCAAGTGCTGTGACAGCAAAACCGCCGGCTTCGCGCCGCTGGCGAAAGAGCCAACGGAAACGCCGGGTGCTGCGACCGCGAAGCCGGCACTAGAGGGCCTCGGATGGAGAAAGCCCCGCACCGAGACGAGGAAACTGTGCACAGCACGACTAGCAGTTGACACAAACAGAAAAGTGTCTCGTCTGCTCTCTGGGAGAAAGCGTGGATCAAAACCAGCAACTCAGTGGAGAGAACCCCGCAGCCACTGAAGAAGTTGCCCACGTGGCGGTGGGGCCAGAGAAACACCGCGATTTCGACGACAGCCGTAGGGATACCACAGAGAAACATGCGCGGCCACAGAAGTACATCCAGCTCCGCGCAATCAGTGGTTCTGCGATCCAGAAACCGCCAGCTGGGCTAGACTAGAAACTTCTAAAAAACTGTCGTCCCATAGCAGCTTTCCTAACCACGACAGACAGTCGCCTTTAGAGAGCACCTAACGGTGCTGAGACCGGCCTGGGCCAGCAAAAGCGCAGAGCGGTGCCAGTGCCAAGAAACGCCCGACTTGGTGAAACCAACCTTGTGACCACCGATTCCACTGGCTTCGCAGGACGCAACGGGCGAAGGCGCGGCGGAGAAACCGCAGGCTCCCTTCACCGATTATGCTGCGGGCTGGGGATGGTGGGGGGCACCCGCGAAATTGTGAAACCAGCGGCGCTGGGACCCAGCGATCAGCTGCCCGTAGCAAATGTCTGTGCAGTTGCAAAAGATAATTTTTGGCCGTGAGAAGGTTGCCGCCAGAGAGCGTCCGATAACGCTGACAAAGGCGTGGCGTTGCCAGTGAGAAACAGCCGGCGCTGGGAAAGGAACGGTGCAGCGACCGACCAACTGCGCGCTCGGTGCCACCAAAGTGCTACTGGCTCTACCCACTCTGTCCCCCACGGGCTTAGGGAAGTCTGATGTCTTTTTCTTTTCTTTTTTCCTCTGTCGCCTAGGCTGGTGCAGTGGTGTCATCTTGGCTCAGTGCAGCCTCGACTTCCTGGGATCCAGCGATCCTCCCGCTTCAGCCTCTAGAGTAGCCGAGACCACAGCTTCCTACGCAGGAAACAGCCATCCACCCTCTGTGACTGGGCTTTTCCAGGTCACCCCTCGCTGCCAGGCTCTCTTCCCGGTCCAGAGCCCACAGGATCCTACAGGAGGGGCCAACAACTGCTTGCCTTTGAAACTTGAAACTCTCGGTCTAAGGTTCCTTAGGAGCGTAAAAGGCACAGCGTTTTCTGATCGCAGCTTCAGGTCTCCCGCCCCTGTCCCGGTACCTCTCCTGCAGGACGGAACTCTGTGGGAACGCTCGTTGATTCTGATGGTTAACTGTCAGATATCCTTGATATTGGACATAGGATTTGGAAGAGGGCAGGAGAGAAAAATGAACTGCAAGACTCCAGCACAAGAGGTGGGATTGCTGGCAGATGTCTGCTCCCTCTCCAAACCTAATGAACATCTCAAAGTGCCATCCACTTTCCTATACCCTTGATCTGTGAAATGGATCACTGACGCTTTCTCTGTCTTTCCGGAAATGCAAAACAGGTGAATTTTCAAGCGCTTGAATTGTCTCTCACACTTTTCAGTCAAGAGTGGGGCTATAAACTCCTTCCTCATAGGAAATAAGGAACTGCCACTGCTTGGAAGTAAAACGTATTTTTCCCATAAGCTTTCACATTTCCCAAAAAAAATTATACATCCAGATGTAATCCCCCTAAGAGGCTTACAGACCCTACCAGGAGCGTTCCCACGCGAACGCATCATCTCCCAATCGGATCCTGAAAACACCATGCAACCAATTCCATCCTTTTCTGGATCAACCTGGGCAGAGGACAGGTGCAGAGGAGCCCAGAGAAGGGCCTTGACAAGTCAGGAGACCCAATTTGGGGTCGCAATTGTCACTCACTCCCCAGGCGTTTGCTTTGATC,False
820,-338,5.0417595,-5.173758,3.659666e-05,7.57984,-7.6490974,2.4330808e-07,5.7485185,-5.7080994,1.0579124e-05,4.42771,-4.4803047,0.00013528192,0.54689944,-0.80087215,0.20623493,0.041283526,ENST00000595300.1,-338,CCTGAGAGAGTCCACATCCACAGACTGTTTCATTTCCCTTTTTCAATTTACATAGAAGCATAGATTCTTGCTGGCATATACAAATGCGCCATTTAAGGCAATCAAAAATGGTTCCACATCTCATCTGATTTCCACAATTGTTGCTGTAACGATGGACTACTGAGGAGAGAGACAATTTCTCTGGCACATCTTCCCACATTTTAGCAACATGTTCATGGAGAGCCAATATTCAGTAATTACAGCCCAATTCCTCACAATTTCACAATTCGCTAACAATATGCATTTTCACAATGTAAAGCTGATTTTCCTTTAACCAAATCAAACATGAAAAGATAGCTGCATGCAATGGGCAATCTAGATCATTAGAAGATTGATGTAAAATTAGAGGACACTGAGACTGGAATAGATTGCAAACTTCAGGGAGCTCAGAAAACTTGTAAACTCTACATTTTGAGGAAATATGTTGTCGATGCTTTTGCAACTCTATGCAGTAACTTAACAAATAAAGCCTTAAAGTAACTTATCTACGAGTTACTTTGTCATTATTTGCAACTATTTCACATCATACAGCTTCTCTAGGAAGTCCTCAGCTTATTCACCAAAATAAAATTTCTAGTTATAA,False
821,-1089,0.9003676,-1.2101696,0.108076885,1.501417,-1.4887799,0.04787071,4.011536,-3.6563613,0.00046738147,3.4069376,-3.7078397,0.0008123411,1.5138637,-1.4658437,0.048351098,0.04111568,ENST00000589187.5,-1089,CTTTTACGTCGGCCTTCGCGAGCGTCTGGGCGGGTGGTAGGAACAATGGCGCTGTCTTCAGTGGCACAGTGGAGCAGCTCTGAAGATGCAAAGATACACGAAAAAACTTCCAGAACATCTGGGAGAATATTTAATGGAAAATCGCTTGGTTAAAACCTGACACTTTTAACAGTGAGGGTCGCTGTCTGCCCATTGATAGAGGCCAGATTGTCTTGGAAGTTCCAAAGTTGCAACGATTTCTTTAGTTGAATCCATGGACATGAAACCCACAGATATAGAGGGTTGGCCCGGTGCAGTGGCTCACGCCTGTAATCCCAGCACTTTGGGAGGCCAAGGCGGGTGGATCACCTGAGGTCAGAAGCTTGAGACCAGCCTGGCCAACATGGGTACTGCTTTCTCTTGCTGCAGCTTGCTTCCTCCCTCAGGTAACATGAAGGAGGATATTGAATGTTCCTAACACAAAGAAATGATAAATGTTTGAGATGGTGGATGTACTAATTGCCCTGATCTGATGACTATACATTATATATATTGAAACATCAGTATGTACCCCATGAATATGTACAAT,True
822,-734,1.4849281,-1.6396086,0.042106412,3.2455106,-3.3108761,0.0014189943,1.9252383,-1.732882,0.02513298,0.93819094,-0.9457605,0.13193566,3.6710944,-3.8711555,0.00052992254,0.04022479,ENST00000561256.5,-734,GTGCGCCCCTGCTTCCCCTCCTCCTGCTTCACCGAGATCACCACCGGGGCTCCTGGAGGTGGCGGTCCCCAGGACACTCCGGGAGCCGGCGGGGTCTCGCTGGGTCGCTCCGCCCGGAGGCTCCCCAGACCCCTGCGCGCGGCAGCCCTGGCCCCCGTCACCCCCGAGCGCAAGTCGGCGAACTCCGAGTGGTCAGGTCCTCCCCACCGAGGTGATTTCGGTCCAACGGCGATCGGAGTCCCCGAGGACGGTGCAGGCGCCTCCCGCCTCCGTGGGGAGCGCACAGCAGAAAGCCTGGGGCGGAAGCAAGAGGGGAAAGGCGGTGGTGTTGAGTCACTTCATCCTGGCCCAGGTACTGCAGCTCCAAATCGTGGGGATTCTGTAAGAGCTTGCTACCTGTTGACTGAGGAGGCCCACGAGTTGAGAAGAACTAGCAAGAGTGGTACAAAACTGCAGGTCATTGGGCTGGCCACCAGGTATTCCCACCCACCAGAAGCTGGCTGTTGTACTCACCCGGAACCATGGTGCACCACCACAGCGGCGAGGTCATACAGGCAGCTCT,False
823,-572,2.423274,-2.563601,0.0067806737,8.839107,-9.183213,1.4893815e-08,6.479885,-6.5598545,2.1722615e-06,0.6546831,-0.7865522,0.19135414,8.143557,-8.269549,7.445245e-08,0.039627414,ENST00000425884.5,-572,GCTCTGAGCAGGCCGACAGTCATAGACGAGTAGACCTTAGGCGAGGGAAGGCATGTACTTTCCCTAAGAAGCGGGAGGAGAGAAATAAATAGAGGGCAGTGGGATGAGAAGAACCTCGCGGGATGGGAAGCCGCGGAGGGAAGGGCCGTCTTTGGTTACCTGGAGAGCGGGAGCAGCTGCGGATCCCTTATGAAGTGCCCGGATGAAGCTCCAGCGCTCACGCGCTTTCCGCATTGAGTGCAGCGCCATCTTGAGAAGGGCGGAGCCGTCTTGTTTGGAATGACGTCTGTTCAGAGAGCCAATCCCAGTCTCGCGACTCCTGCTTGCTGGGCGCGGCTTGGGCCTCCAGGCTGCGCAGCGCAGCCGCTATCGGGCGGACTGCAGTTCTTGCCGAGCAGTCGCAATGATTTGTATGACAGCTGCTAGCCCAAGAGAGAGTTCCAGAAGAGGGCTACCTAACAGGTGCTGTGGCATTTAGAAGAGGAATGGAGCCATTGTCAACGCACAGCTTGCAGGGGAGCAGGAGAGTCAGTCTAAGAAGGAAATGTGATGATGGAAACAGAGGTTGGAAGATGGAAGAGGACCCAGAGTCAAGGAATGCAGATGGAGTCTTGCTCTGCTGCCCAGGCTGGAGTGCAGTGGACTGATCTTGGCTCACTGCAGCGTCCATCTTCCGGGTTCAAGCGATTCTCCTGCTTCAGCCTCTCAAGTAGCTGGGATTACAGGCGCCCACCACACCCGGCTA,False
824,-266,1.6563594,-1.8084574,0.030330047,5.4173493,-5.4867945,1.8381557e-05,1.5035697,-1.2402246,0.060438074,1.0976306,-1.0880973,0.10103945,2.678834,-2.7715144,0.004276442,0.03922048,ENST00000592716.1,-266,TTTTTCTCTCTCCTCATTTAAACAGGATAGCCACTGAGCAAGCCTGTAAGGCTATTGGTCTGCCCATTCTGGTTTCTTCACCAATGAGAAAACTGGGACCTGGGGAGTTTGCAGAAGCCATCCAAGGGCACCTGCTTCTCACAGCACAGCAGCTTCCTGCAGCCCTCCCTCCTGTCTTGTTTCTCCCTTAATTGAGAGGAGAGGCCAGAACCAGATGCAGGCAGTTCCAACAGTAATGAATTGCTCTAAGGTGTGGATCCAAGAACCGGTGACAAGGTCAGGAAATTCCATCCCGGGACACTGACCCAACTAAGAGACTGTGCATGATGGCTAAGTTCAGAGCTCTGAGGAGATGGTAAAACTCATTTGCAACGAAACAAGATATTTTCCAACTCTGCAGCCAGCTCCTCTTCCCCTCAGGCTGTGAGTGGATGCAGCCTGAGTCCTCCCCAGAAGCAGATCCTGGCGCCATGCTTTCTGTACAGCCTGCAAAACTGTGCAGAAAGCTGGAAGTGATGCTCCAGGGAGTTTATGTCTCCCCATCTTGACCCACACCAATACCTGAGGCTCGTTG,False
825,-271,0.63964057,-0.7886968,0.19335787,4.7965465,-5.23581,4.3952536e-05,6.2388577,-5.6347513,6.971944e-06,7.68259,-7.7756658,1.9344822e-07,7.3406296,-7.396171,3.9800491e-07,0.03868188,ENST00000587060.1,-271,GTTTCTCAAACCGTGCCTTCCCATTTATGCTGCATCCGCGCCCTGAATCTGAAATTGGTCGTCCTGCCACGCCGCCTCACCGCGGTATAAGGTCGTCCCATCCTGAATGGCCGGTGCGCAGACTCAATTGCGACTTTGAGGCTGTCAGCCGCCACCCGGCAACCTTCCAGTGAACAGGATTCTGGGTTTCTCAAAGCTGTAATTGGAGGGCCACTCCAGAGGTGTTAAAGCTCCAGCACTTCGAGCCTGCCTCGTGGGAAAGTCTTAGGCTGAGTCTGTAGGTGTCTGCAGTTAAGAAGCCAGCGGTCTGCATATGATTGCTCAGGGGTGGTGGCTGGGTCCAACAGCATTCACTACAGGCCTGCCTTGAATACCACCTAGCGCAGTGCTCCGCATATCACAGGTATTGGAACATCTCTAGAAAAGATTGCCTTGTCTTATGAAAATGGCTTTTTAAAAAAATCCTAATTCCAACTGGTCATCCTAGCAACTGATACAATAACTGACCTCAAAATGTTTCCCAATGATTCCTACCTCCTACTATTCACACTCTTATGTAGTTCCCTCCCACATTGTACCAGGGTTGGACTGTGAGACTAATAGAATGCAGTAGCAGTGATAGATGTCACTGCTGAGATTAAATATAATAAATGGCACCTTGAGTTCTGTC,False
826,-573,1.2617276,-1.376492,0.06671882,8.930093,-9.285219,1.22797665e-08,5.7125525,-5.775173,1.0255089e-05,0.8920808,-1.0488318,0.12554763,7.237091,-7.3939857,4.4238854e-07,0.038455434,ENST00000440150.5,-573,GTAGACCTTAGGCGAGGGAAGGCATGTACTTTCCCTAAGAAGCGGGAGGAGAGAAATAAATAGAGGGCAGTGGGATGAGAAGAACCTCGCGGGATGGGAAGCCGCGGAGGGAAGGGCCGTCTTTGGTTACCTGGAGAGCGGGAGCAGCTGCGGATCCCTTATGAAGTGCCCGGATGAAGCTCCAGCGCTCACGCGCTTTCCGCATTGAGTGCAGCGCCATCTTGAGAAGGGCGGAGCCGTCTTGTTTGGAATGACGTCTGTTCAGAGAGCCAATCCCAGTCTCGCGACTCCTGCTTGCTGGGCGCGGCTTGGGCCTCCAGGCTGCGCAGCGCAGCCGCTATCGGGCGGACTGCAGTTCTTGCCGAGCAGGGGAGCAGGAGAGTCAGTCTAAGAAGGAAATGTGATGATGGAAACAGAGGTTGGAAGATGGAAGAGGACCCAGAGTCAAGGAATGCAGGTAGAAAAGAAAAGCCTGGATTCTCCCCTAAAGCCTCCAGATGGAACACAGCCCTGCCTCCACCTTGATTTCAGGACTTCTTACCCCAAGAATCTCACCCGGGAGGAACCATCTATCATCCTGCCTTGAAGGTAGTTTCTGCTGGATCTGGTCAGACCTTTGTATGATGGATTTTGGAAACCCAGTGGAAGGATGTTCGCTCATTGCCCCCATTTGCCACTATAGGACTATGCGCCTCCCTTTTATTTACTCAATTTGCTTTTATCCTGATCTATTATGTTGTTGTAGACCCAGTTCCAGTTGTTACAATACTGGGTTATCAGTTCTAAGGCCCTGGCAAGGGTGGTGTGGAACAGGTCCCACATAACTGCCCATGTCGAGAGCTCTAAGCCTAAATTGGGAGGGACACCAGGGACAAGACTCCTGGGTTCATAGCCTAGGGGCCTAAGGTCGCAGCATAGAGCTTCCTTAGATCCCTTTGGAGATACTAATACTTGGGAGAGGAAGTGAAAGTCTGAAGCATTAGTATCTAGGAGGCAGGGATCAGAGGAAGTAGATTCAGAGGTAAGGAGAATTTTGGGGCTACACTTTCAAGAAAGTTGTGGTCAGGACCCAGGAGGTATGGGTCAGAAGGAAAGGTAGAGGCACACGCACGGGTGACTGTTGAGTAGGGACTTCTGGCTGCGCCATGATCTCAACCGGCTAATGCCGAGAGTTTGGGATGACAGCTTTCTGCCTCTAGTCGGCCCCCGGCTTCCCCAGGGAAATTGAAAGTGGAAGCTGGTTCCAGGTAGACCAGCGCTTCCAACCCAGAAGCGTTGGGGGTTGTTAGAAAGCCATTCCCCAGACAGCCTCACACTTGAGTCTTAAGTCTGGTGGCCGCCCTATCGTTTTTAACCGTCCGACAGGTGCCTGGTATTTTCCTCCAATTCTAAGGAAGGGTAGAACAGAATAGCAAGCGAAAGCGCTTTGGAGGTCCCTTCATGATTGCCAAAATGTTACCAGGGAGTCCTTGTTCTTAGAGCTCCAAAGATGATGGTGGGCCGCTTCCATGATGGCGGCAAGCCTCTTGTTCTCTGACCTGGGGTTCCTGGCCTCACGGATACTAAGGAATGGAATCTTGGGCCATGCATTGAGTGTTATAGCTCTATTCAGCCCAATTAGGATGAACCCCAGGCACTTAGCCCGCGCAGGAACAATGGCAAGCCTCTAGCCCGATTGGGAGCAGCAATGGACACTGCCTCGCTGGATCACAAGTGCAGCAGATCCACCCCTGCCAGATCCAGAGGGTTGGAAGTCAGCTGCGGGTCTGCAATGACGGCAAACAGTGGTGGACGGCGAGTGAAAGCTCAGCTCGAGCCATAAAAAACACAGACCAGAAGAGTGTGCAGTTGCAAGATTTAATAGAGTGAAAACAGAGCTCCCATAAAATGGGAGGGGACACAAAGGGGGTTGCCCTTCATTCTGTTTTTCATAAGGACTGTACTAATTTACACTCCCACCAACAGTGAATAAGGGTTCCATTTTTTGCACGTCCTTGCCAACACATCTTATCTTCTGTGTTTTTGATAGTAGTCATTCTAATAGGCATGAAGTGATATCTCATTGTGGTTTTAATTTGCATTTCCCTGATGATTTGTGATGTTGAATATTTTTTTCATATACCTACTAGCCATTTGTATGTCTTCATTTGAGAAATTCTATTCAAGTCGTCTGACCAGTTTTTAATTAGGTTATTTGCTTTCTTACTATTGAGTTGTTTCAATTCCTTATATATTTTGGATATTAACCCCTTGTCAGATGTTTGGTTTGCAAATATATTTTCTCATTCTGCAGGTTGTCTCCTTACTCTGTTCATTATTTTTGTAGTTATGCAGAAGCTTTGTAGTTTGATGTAATCCCAGTTGTCCAATTTTGCTTTTGTTGCTTGTCATTTGGGGACATACCCATAATTGATCTTAGCCAAAAGGCTGAGAAGTGATTTGGGTCATATTAAAAAATATCATTGCCAA,False
827,-915,3.0827386,-3.1246698,0.0020104013,0.71830654,-0.9692993,0.15609096,2.7421083,-2.6128328,0.0047025285,1.8921572,-1.6316261,0.02864305,7.083712,-7.382864,5.214898e-07,0.03828949,ENST00000455791.5,-915,CGGCGCGGGTGGAATTCCCGCGATCTGTCTCATTCCCTGCGCCGCCGAGAAAAGTGAGATCCCGCGAGACTCCCAGGGGTCTCATTCTGTCACCCAGGTTGGAGTGCAGTGGCAACATCATAGCTCACTGCAGCCTTGAACCCCTGGGCTCAAGTGATCCTCCTGCTTCAGCCTCCTGAGTAGCTGGGGCTACAGGCACTTTCCCTACATTTTCAAAGGCCTGCATCATCACATCTGCCACAGCATTCTCTATCATTGAGGCATTTTCTCAGGAAATCACCTGTGAAATATTTTGCAGCTAACCACCTACCTGTGCCCCACCAGCCAACATGCTTTACTCCTGCCAGGCAGGTTCTCTGTAGCCCTCTGGATTCTGTCTGCCTCTGTTATATCTTCACGAACAAGTTATGCAGCCTCAACTAAAGCTTGTAACAAAGCAAAGTTACTCTCCTGAGTGTGTCCTCTGATGGATGGTGAGATATAACTTCAAGATGAAGCCTCACCCACACTCCCTGTACAAAAACGCTTCTCACCTGTGTCACTCTGGAAGCTTTGATCAGAAAATTGTAGTTGCTGTTGCCTCTGATGTGCAAGTCCAAGATTCTTGGGCCGCAGGACATGTTCTGCATATATTCCTGGAGAATAGACCA,False
828,-1422,3.6007726,-3.5347872,0.0007956461,0.6531223,-0.7959907,0.1901381,6.529854,-6.0970345,3.2825446e-06,10.586806,-10.549242,6.6180683e-10,5.9079046,-6.3309956,4.8385036e-06,0.038188376,ENST00000506978.5,-1422,GTGACAGAGAGAGAGAGAGAGAGAGAGAGAGAGAGAGAGAGAGAAACGAGCTGGCGGAGAGGAGCAGAAGGCAGGAGGGGAAATCTGGCACAACGGCTGGGAGAGGAAACTTGATGCTTCTGGGCCACCATTTGCCAGGGCCTCGCTCGAGCCGGCGCCTCGGTTCCTGCCCAGCTGGATTTGGGGGGCAGCATTGCCTGGCGCAGGGAGATCAAATGAGACTGCAAAGAAGCATAAAATGAATAGACAATCCAACCAACCAAAGGAAATTGCTTTGGAGATGAGGAAACAAACTCTTATGGAGACCTAAGAGACTGAAGACATCTGGCGTGGACTACTCTGATGACTCATTGCTTCCAGCTGTTCGTGGACCAATACTAGATGCCAGCAATAGAGAAATCACTGCAGTTCCCCAAAGGAAAAAAGTCACGTGTTCATGATGATCAAACACAGCTGTTTGATTGGTGTTAAAATGGATCTGCCTGATAAGACCTGGAACTGAGAACCCAAACAGAGCCTTAAGGTAAGCTCCCAAGGGAAGTGCTGGCAGTAGATATTCAGAGG,False
829,-956,8.868843,-9.167902,1.468051e-08,2.496364,-2.723176,0.0053807073,6.071935,-5.969002,5.8977284e-06,1.9258996,-2.2561326,0.015037861,0.73171186,-0.8656898,0.1683451,0.037753917,ENST00000453023.1,-956,AAGAGCCCTCTGCACTAGCGCCGCAGGACCGCGGACCCGAGTTGGAGGCATCTGTCCACCCATGTGGTTCCAGACACGTTCATGTGGCCACCATGACCCCGTCGGCATCACAGGGGTAACCAAGGTGATCCTCCCTCTCTTCCTGTGTCCACTGGGGATGGTAGAGACCAGCTTAATGCTTTGAGATCAGATCCATCACGAAATCCGTATGTCCTGAGACCTCCTGAATCTTAAGGTCCACAGAACGAGGGGAAAGGGTCACTGTGGATCAAGCCAGGCTCCTCTGAGCAGTCCAGGGTCTATTTACAGAGAGCAGCAAGTTCCTGGGACAGAGGAGACAGAAGGGAATTTCCAGGTTCTTCAGGACGTTCACAACCACACTGAGAAGCATCTTTGCAGATAAGTATTTAAACTTACCAGCCCATAGCCTACCAGCCTGCCCTCTTCTGGTCTGTGCAGGAAAGTGTAGTATCCTAGAATGCCAAAGTGGGAGGGGAAATGGGTGATGTAGCTCATTCTCTTTTCTACCTCTATGGAAGAAAGAAAGAGCCTGTCCCCATTTTGTGGGGTCC,False
830,-810,4.0217505,-4.139637,0.00028538457,9.326573,-9.603387,6.0092837e-09,10.363358,-10.182227,1.1944433e-09,0.78542614,-0.7059821,0.18371047,4.9025674,-4.8667955,5.7173467e-05,0.036810607,ENST00000422961.5,-810,GAGCCAGGAAGGAGCCTCTGCAGAAACGGAACCAGCGGGAACCTTGACCTGAGACTTGCAGCCTCCAGAACTGGGAGAAAATAGATTTCTGTTGTTTCAAGCCCCCGAGCCTGTGGTATTTTGTCCCAGCAGCCTGAGCAGGCTGAAATGGTCCCAAGTTCTTGTCCCACATCCAGAAGAATAAGGTTATGCAGACAACCAGAGAGTGAGCAGGGCAGAAAAAAACTTCTATTGCATGATGGAACAGCTCCCAGCGTTGAGGGGACCTGAGAGTGGGCAGCCACTACCTGAAGCATCATTATAAACTGCTGATCTACTGTTTCTTTGTCAAACGGGAGGAGATAACATGAGGGTCATGAGAAATGTTTGCAGACGGAGTGAATGCCTTGAAAGTGCTGCGACCAGGTGCTGACACCCGGAGGTCTGGCTGCTCAAAGTGTTAGCTGACACGGAAGACACACGGACTTTCCCTCCATTCCCCAAAACTCCCCTTCCCTGACTCGTCAGCTGCATAAAAACCCTCTCCTTATCTCTTTGTCAAGGGGATTTGAGAAATCTTGCTGTCTTGTCTTCTTGCTTTGGCCAAATGGAATAAACCTTTCTCTGTCTCCAGACACCTATGTCGCAGTGTTCGGCCTCAGCTATACGGCAGGTACATGAACCTGGTATTTGGGCTTCTACAACAATTGTACTTATAGCACAAATAAAGTACAAAGTGTTAGGGAAGACCAAAGACCATAGGTAGAAAACTTGGATACAACTTCCAAATAAACACTCTTCAAAACATTTAA,False
831,-194,17.62479,-17.503263,5.5472913e-16,12.842,-13.005791,5.949049e-12,9.460668,-9.169982,8.106095e-09,8.165884,-7.9119563,1.0410759e-07,0.6984422,-0.8464628,0.17582336,0.035164695,ENST00000565467.1,-194,CCGGCGCCGCACCACGTGGGCCAGGCGCCCCACGCCTGGAGCTCCCCTCTCTGGAGCCCCGGGAAAGGAAGCGGGGCAGGGAGGCCGGGTGGGAGCAGGGGGGTCTCCGGCGCTTCCTCTCCTCTGCGGGCGCCGCGCGGCTCCTGAGAGTCCGCCCCCCGTCCTGACGCTCAGCTAGGAAGCGGGTCCTCGGGCCCCTCCCCCGACACACACACACACACACACACACACACACACACACACACACACTCTCTCTCTCTCTCTCTCTCTCTCTCTCTCTCTCTCTCTCTCTCACACACACACACACACACACAGCCCGTCTCGCGCCTGAGGTCTCGCCCGCAGGCCGGTGGCGCGGGGTCAGCTGCTGCCTGCGGTCCAGGACAGGGTCGGTTCCGCCGCGCAGCGCCCAGGCCCAGCTCGTCCAGAGTCTGCGGACAGCGCACGTCCAGGTAACGCGCTTCAAGGGGCCGCGGCTCGGAGCTGGGGGACCCCGGGCCGCCCTGCCCATACGAGTGCGAGCGTGGAGAGCGCGGGCGGGGGCGCGGTCCCGGGGGCCGGCCAGCTGGAGGGGGCGGGAGCGCTGGGCGGGGCCTGCGCTGACCCCGGCGCTGAGTCCCTGGGGCCGCCGGGCGGATGGCGTGGCCGGACGCGGGGGCCCCGGGCCTTCCGGGCGTGACCTAGGGCTCGGGGGCGGGGAGGCCCCTCCGGCGGGGCGGCCCTGGGTGGTCCGGCAGAGGCGGAGGCCGCTCCGAGCCTGTGAGCCCTGGGCGCCTGCGGAGGCGGGGAGAGGGCGGGGTGTGCCGCCCTGGTGGGGACCGCGGGGTCGGAGAGGGGACATTGCCCCCCCCGAGGCGAACGTCCAACCGCGGGTCCGGGTCCCCGCCCAAGGCCGCCCCGCGAGGTGGCCTCGGCCCGGCCGTCCCCGAGGGTGGCTCGGATCCTTTCAACCAGCGCGCTGGAGGCGAAGGGGCTGCGCCATTCCGGGTCAGGCAGCCAACGCGGGACACGCGCGTCTCCGAGCTTGCGGCCCGCGAAACCCGGGTGACCTACCGCGCCGGTGCCCTCAAAGCCCCCACGCCCGGGCCGGTGGCCGCTGCAGCCACTGAGCCACGCGGTCTCCCCGGCCCGGTCGGCAGAAGGAGCTGGTCCGTTACTAGAAAAGTCCAGATGCAAAGTCGGGGGTCGTGCTGCCGCTTCCTGCCAGCGCACCGCACCCACCTGGGGCCGCCACCGACCGCACAGGACGCGCCTCCTACCCCCTGTTCTGGCCCGGCCGAGAGCTGGTGCCCCCAGCGGCCGCCCGCCCCCGTCCGCAGACCCCGGGGCCCTTGCTGCTTTGCATTGGGAACAACCGGAGCCAGGCCCGGAGCTGAGGGGGCCAGGGCCTTTGGAGGAAGCATTGGCCTCCAGGCTGAAGAGCAAGGGCCGTGTCACCTGCCCGGAGGGCGGTCTCATCTCTGCAGCCAGGTCAGAGGAAGCAGCGGTGGGGAGACGGAGTGCGCGAGTTGGGAGGCTCCACGCATCGTAGGTGGAGAGCTGGCTGCCAGCCTGGCCTGCCCTCTCTTCCCCGTCCCACCATCTCGCTTGGCTCCGGCACCTGCCTGGGAAGACCCACACCTCCGTCTGCAGTGCCTCTTCCCCCTGGAGGCCCTGCCCTCCGCTCGGGGTCCCCGCATCCTTCCGTGGCCCTCAGAGCATCGCCTGGGGCGCCCGCGGAACTCATCTGTTAGGCCTGGGATGCAGGCAGGCAGAAGTGGGGGTTTAAGTGGAAGCAGTGAGGGTGGGGGTCCGGTCCAAACTGTGCCACCTTCCACCCCCTGCCCCTGGGAGAGCAGACATCGCCCACTCGGGCTCACAGTGCCATCCGGGTGAGGACCTCCGTGGAGAGCTCTCTTTGCCAAAGAAAAGCAGTTGCATTAGGTCTGCGAGCAGGCAGGGTGGCCTCTTCCTGGCTCCCCATCCACCAAGGAAGCTTCAAGTCCCTGGGACACAGGTGGGGAACTCCAGCACCCCTGGAGGAAGGGAGACTGAGGTTGGGGAGTGGCATCCAGGCCCTGACTCTGGGGCACGGTGGTCTGTGCAACTGAGACCCTGCCTCAGGCTCCAACAGCGCCTGCTCCTTTCCCCAGGTTGCAGTGATCACCAGGGGAGGTGCTGGGCGTGCAGGCTGCCACAGGAGGGGTGGGGAGGTGGGGAGTCTCTGTGGCGGGGTGGTGGGGGCCTAGGCCAGTCAGCTGAGGACGTGTTGGTGCACTCCCGGGAGGGCGGTATGTGGGTGAGGATCCCCATGCAGAGTGGTGCCCACAAACCCCCCTTCCAGAGTCATCTCTGGTCCACCTTGAAGTCCCCAGGAAAATGACCTCGTCCTCCGCGGGTGTGAGCCACTAGGCCTGAGAGGACGCCGGGACGGAGCTTTCAGAGAGGGAGGTGTCGGGATGGCTTGAGGGTCACCAGCCCAGACGTCCTCCTGGTCCTCCTGATGCCCCCGACCTCCACGGAGGACGAGCATTTCCAGCCCAGCCCTCCCCATCTTCACCTCGCACTCCCCTGACACACTGGGAGCCTCCTGATCCGTGAACCCGCGCTGGCGGGAGTAGCTACTGACCGCTGGGGACCCCTGCCCAGGCTGTTCGCATGTGGAAAGGATTCAGGGAGCAGGCGATGCCCAAAGCGTGGAGACCAGCACTGCTCTCTCCCCAGTGACAGGTGCACGCCCAGATCACGGATGTGTCGGGAACAGCTGTGCTCCTGCTGCTCAGCGTCCGTCACTCCAGGCTGGGAGCGGGTCCCCAAGCTTCTGGCTGGGCCTATCCGTCTCCACTCTCAGTGTGGGGGTGGGGGGCGCCAACAGCACGCATTTGCTCTCTGCACTTCTCGTCTGATAATGGGCAGAGGGTCCTTCTGCAGCCCCAAAACATCCCTAGGCAGGAGCCCTGGGGCCCCAAGCAGCCAGGGAGGTGAGCACCAAGGACCTCCCAGAGAGCGTCACCTTCCGTCGAGGGAGGCCCAGCCTGGGGGCGGTGTCTGAGACTTGGAATCAACGCTTCCGTTGGTGGCAGTAAATCCTGTCCCTAACCCTGCAGTACAGCTGTGCCGTGTACAGGAGGGTGCTGTCTGACGCCAGACACCTGGACTACAGATCGCAGCCTGATTCCTGGTCATTGCTCCACTGAACCCCAGACCCCAGCCTCGTTCTGGGCCCTCATCCCCTAGATCCAGGGACCCCAGCCCCATTTCAGCCCTTGGGCCCTTGTAGGATGCGAGGCCCTGGGCCCCAGCCCCCAGCCCATCCGTGGCCCAGGCACTGGGGGGCTGAGGTCCTCTGAGAAGGGACACAGGGCCTGGGGGGCTCTCTCAGCCCATCAGCAGGAGAGGACTGACTCCAGAAAAATCAGCGTTTGTACCCACTCAGGCTGCCAAGACCTGTGTCCGTCCTTCCAAGCTCAACCTTCAGAGTTCATGAGGCCCCTTGCCCAGAATGTCCACAGAGTTCATGAGGCCCCTTGCCCGGAATGTCCACATTTGAAACCTCCCAACACCGAGCCCCATTTCAAGTATAACCAGGAGGGAAAATGGTGCTTGAAATAAGCATGCCACAAAGGAAAACCTGCTTTCTCGAAATGGGCCCTGGCCGCCCAGGCCCTGACCTCCCCGGCCAGGATGGAACGTTCCAGAGACCCATTAGTGCCAAAGGCAAATGAAAACACACCCTGTGAAAATGTC,False
832,-437,0.83276534,-0.9554239,0.14329489,3.3179674,-3.8659663,0.0007581024,5.651896,-5.1388636,2.0588444e-05,7.1155157,-7.2662716,5.6763463e-07,1.6247355,-1.8116589,0.031177215,0.035050273,ENST00000435295.1,-437,TCGCTCAGGATGTCACTCTCTTTGATGAGATTGTCGGCAAAATCTGCCAAGCCGGGGTGTGGGTATTTCCCGGGAGAAGTGCTCTTGGAGTCCTGCCTGCCCTCAGCCGTGGGGCAGCCGCTGCTCTGGGTGCCGCTGCTCAAGCTGCCCTCGTCAGAGTCCAGCAAGGTTCCCTTGCCAGTCTCACCGGTCCACTCGTTGCTGGAGGAATTCTTCAGGACTTTTAAAGACCTGGATGAAGCTACAGTGAGAAAAACACATTTCGCTGTGATACAGAAACAGGTTACACAATGTGTAATGTTTGCCTCAAAGCTTGTGTAAGATTTAACATTAAGATTTTATTTTATGATATGACTTCAGTTAGCAACTATCCTGGTAATTAGGCAAAAATGTAGCTACTGAAAACATGGACATTTTTGACTTAGGTTTACAGTTGTAAGTTAGGCAATTCAGCATTTTTAGATTACCAGAGCTCAATTATGTAAATAGAACTAGACACTAGAAACTACTACATGGGCTAAGATTCTTATTTTGCCAAGGAGTAAGTTGAAAAGTTAATTGGTAATAATAAATCTAGGCTCCTTTCTTTCACTAAGGTGCTTTGTAATTTGATCATGAAGATCACACCATATTCCTATGCATCTTCTCACCTTGTGGATTTCCCTTGCTGCTCAATTAAAAGTAGAAAATGCCCCTCCCCCCCCCTTTTTTTTTAAAGACAGTGTCTTGCTCTGCCACCCAGGCTGGAGTGCAGTGGTGTGATCTCTGCTCACTGCAACCTCCGCCTCCTGGGCTCAAGTGATCCTCCCATCTCAGCCTCCTGAGTAGTTGGGACTATAGGTGCGCATGATCACGCCTGGCTAATTTTTATATTTTTTTTGTAGAGATGGGGTTTTGCCATGTTGCCCAGGTTGGTCTCAAACTCCTGTTCTCAAGAGCTCAAGGGATCCACCTGCCTTGGCCTCCCAAAGTGCTGGGATTACAGGCATGAGCCACCATGCCCAGCCTAGAAAATGCTCTTTATCTCTCATATGAGAACTGTCTCTGCTGGAATTTCAAAACAACTTTCTGAAATTTTATGTTATAGGTGTGTGTGTGTGTGTGTGTAGTTCTGTTCTCTTGGATTGAAAGAAGGAAGGGAGTTCTCAGTTTTGGTGTTTCTACAAAGTAATAACAGCATGTTATTTTGATGGCCAGTTTATTTTGACAATGGAGAAAATAGTAAATATGTGGTAGATCTGAAGAGGTCACACTGATTTGACATGAAAAAGCGAAGTTTTACATTTTCTAAGCCTAAAAACAAGAAAGATAATAACAAAATAGTTAATGTAGAAATAAGGTTCTGAAAACTTAAGCTGAAATTTTAGAAACAAGCAGAAAGAACAACGTGATTTGAAATGCTTACTTGGTGCCCTATCGATTAAGAACGAGTATAAGAGGCCCCTTAACTTAGATGGCATTACATCCCAATCAACCCATTGTTAAGTTGATAATATGGAAAGTCGAGAATGCATTTAATGTACCTACTAACCACTGCGGCTTAGCCTAGCCTGCCTTCAGTGTGCTCAGAACACTTACATTAGCCTATGGTTGGGCAGAACACAAGGCCTGTTTTATAATTAAGTGTTGAGTATCTCATGAAATGTATTGAATGCTGCACTAGAAGCAAAAAACAGAATGGTTGTCTGGGTACTCGAAGTACGATTTCTACTGAATGTGTGTCACTTTCACACCACGGTAAAGTCGAAAAATTGTAGGTTGAACCATCAGAAGGTGGAGACCCTCTGTGTAAGGTTCTTGATCTTCATTCAGCATTGACCTTCAGGATGCCTGGCACTGTTCTGAGCACTGGGAATACAGCAGTGAGGAAAACAAAGTCCCTGGACCCATGCACATCTTAGTGGAAGAAACAAAATCGTACATTTGGACTATGTCAGCGGGTAGGAAGACAAGGGACTGGGGGTTGGGGGTGGCTGTATTTTACAGTAGAACGTCTGGGAGCAAGAGGCATGTTTAGGTTTCTTAAAAGGAGATAAAGGTACCTCGATGACTTACAAAGTGAAAAGTCACAGCTATGTTACAAGAGCATATATCCTTTTCAGAAGCTCATAATATTTTGTTGAATAAACACAAGGCTAGCAAAATTCTCACCTAATTTGGCCGAAACAGGAACTCGGTTCTTAAGAGGTACCAGGCGATCCTTACACGTTTTCTCCAGTGGTAATTCACACTTTATGTGACGCCTGAAGTTCTCCCTCAGAATAGAACGAATCACCTTAACAATGTTGGTTTTGCTTTCACTGTCACTGGGTGGGGGGGGAGAGAAAACAGCAGAAGTGTCCACAGTGTTCATCGTGCTTCCATTCCACGCCCGCCTGTGTTCCTGTGCCTTGCACCTGCTGGACCAGGCTGCCAGCCAGCCACCCAGCAGCAGTGCCATGTGGCCTCCCGTACAGAAGGAGATTTTCCTCCATCTGAACTGCCTTCACCCTCTCTCTGGAGCCCCTCTCTGGGGAAGAGGAGATTCAGTGGATCCTATTCTTCAACCTCCTTTGCAGTTTTGCCCTTTCCTTGGAAGGAACAGGAGCTGGGGTACTTGAGGTAAAAGAGGCCTGCCCCAAATGTGGTCATTTTCTCGAAAACATAAGCACTTCTGACAAAAGTTAAACAGAAGCCCAGCAGGTCACTGCATGACTCAGCCTGCTGGCCTCTTCTGTCACCAGATACCTGTCACCAAAACAAGGTTACTCTGGAAGGATCTCTGAACATTTTCCAGAGTCAAAGATTTTTTTCTTTTTATATCACCTACAGTACTACCTAACCTTAAGGAATTTTCTGCTATATTCTAAATTTGTAAAAACATAAATTTGTGGATCTTTGTTCTTCTAACACATTTTAGGGTATCAAGGCAGAAAGGAAAATGTTGAAAACTATTGATAGGGAAAATAAGGAAACAATGAAAGGCATTTGGCAAAGAAAAAGCTATCCACCAGCATTTAGTTTCTCCCAGAAGTCTGCTAAGGAACATCAAAACAACCTCTCTTGTCCTCATTTTCCTTGTCTATAAAATAAAAGGCACCAAAAATTA,False
833,-1379,9.584011,-9.907733,3.4264367e-09,3.480523,-3.7031262,0.0007583181,6.1363783,-6.020239,5.2534665e-06,1.3457781,-1.6588818,0.047215797,0.9330348,-1.0412097,0.12193372,0.03398262,ENST00000418918.5,-1379,AAAATGGGGAGAGATTGTGTGTCCCCGGCATCACTGGACTGTTAATAGCTATTGCATTTATAGCATTTATCCCAGAACCTGAAACACAGTAAATGCTCAGTAAGTGTTATTATTTGCCCCAAACTGTCTTAGTGCTTTCCCCAAGAGCTTTGTGTTGTTTGTACTATGAGGAATAATGAGGGTGGTGTGGGAGTCGGCCTCTGTGTCTGCAGAGAGGACCACAGGCCACAGGAATAGAGACAGGTAGATAGGATCAAGGTGACAGGAACAGATGTTCAGAGCAAGAGATGAAGACGGCATCATCAACCCAGACAAGCCAGTTGGAGGCATCTGTCCACCCATGTGGTTCCAGACACGTTCATGTGGCCACCATGACCCCGTCGGCATCACAGGGGTAACCAAGGTCCACAGAACGAGGGGAAAGGGTCACTGTGGATCAAGCCAGGCTCCTCTGAGCAGTCCAGGGTCTATTTACAGAGAGCAGCAAGTTCCTGGGACAGAGGAGACAGAAGGGAATTTCCAGGTTCTTCAGGACGTTCACAACCACACTGAGAAGCATCTTTGCAGATAAGTATTTAAACTTACC,False
834,-267,1.7695262,-1.8898015,0.025103409,2.5289602,-2.743122,0.0051066987,4.212023,-4.202544,0.00022156633,1.3320059,-1.1621249,0.07627068,1.4769977,-1.3567059,0.05552984,0.032446437,ENST00000604333.1,-267,CTCGAAGCTGGGGCGTCTGACACCTGAGGCCCGAAGTAGGTGGCCAGCTTCTTAGAGGGCCAACCCAGGGCATTAACACACCAGGATAGTGGCCGCAGTTGTATTATCTTGTGCATTTGTCAAGAGAGGTCATCCGAACGCTGAGATAAAGGCTTGGGATTCCATTGTCTCATCTCTTTCTGGGAGTGATTTTCCTCTCATCTGGAAGTGCAGAGACAGAGTCTTCATAGGGAACTGAGATTACCTCCAAAAAACATTTGTGAAGTGAGCAATTCCTAGAAGGCTGTTAATGTTGATTAATGAAATTATACAAAAAGAATCATAAGATAGCTGGAGAAGAAAATTATCTGTGATGCCTGGAAAAGATACGTCCCAGTGGGAGGTAAGTACAGAATCCTGAGTTCTGAGATGTGAGGAATTCAGTTGAGGTAATGGTTCTACTATAATTGTGGCTACCATTAAATTTTTGTTTCTTCAAATTATGATTTATTTCTCTTCCTGATAACATTGAACAATCATAAATGTGGAGGGAAAGGAATCATTGAGGGTTGATTTAGAGAGAGTAAACAGGTGTAAAGCCATGGTTCCTGTGTGTTTTAACAAATACTAACTGAGCACCCGCCCT,False
835,-1410,9.289764,-9.378439,7.8073255e-09,1.1399615,-1.1396918,0.092822134,4.3798184,-4.3446426,0.00016253402,1.230785,-1.383536,0.06822241,4.259747,-4.5167656,0.00015429157,0.03227227,ENST00000506276.5,-1410,GGAAACAGGGCGGAGGCGTGGAGGGAGCCGTGCAGCGCTGGTGTGAGGAGCAGCGAGCAGGCCAGGCCTGTAAAGCAGAGTGAGGGAACCAGGATAGAGAAGGCTGTACAGGAAGCATGGTGATGGCATCTGCATGGCGCCTGTGGAGGCCCCAGGGAGCTTTTACTCATGATGGAAGGCACAGAGGGAGTAGGCACATCACATGGTCCGAGGAGGAGCAAGAGAAAATGGGAGTGGGGGGTGTCAATGTGCTGATATTCCAATCTTGCAGAAATCGACTGGATTTAGTGGAATTAAAGTCAACTGGAAGACGATCTGTGGGGATAATTCCATGATTCAAAGCCTTCAGGGAAAACGTGTTTGCTCAGCTGCAGTGATTGAAAAATTGAAGGCAATGAGAGTCATATGTTATGCTTGGTTATGTCCTGCTCTGATGCCAGTTTGGAGTAAAGGCTGAACTTTGCTGTTGAAAGCCACTGTGGAAAGTGGAAACATTGACTGTGCGTTGCTGAGGGGAGGAATGTATTTACTTACCCAGAAATAGACGCATCCTTGTCTCAGTGGGCTGGGAGATAGTATCAATCCTTTCTGTTGCAACAGATCCCACTGCCTTCTTTTTTCAAAAGAGTAAATATTTAAATAGGTAATACAGAAAAGTTATTGCCATTTTTCCTTCATCAGCCATGGCTGGGAGTCAAAAGAG,False
836,-1031,4.61182,-4.633748,9.652922e-05,0.7653432,-1.0422428,0.14093015,7.546305,-7.377446,3.3013896e-07,3.549533,-3.5826795,0.00079831184,2.4095292,-2.4978304,0.00733774,0.02983261,ENST00000399543.1,-1031,AGGACTGCGTTCTGGAGGCCGAGCCGGAACCCGTGCGGCGGCGCTGGGAAGAGACTGTGCCCCTGCAGCTCCCCTGTCACCGGCTCCAAGGAGCGTCGGGCTCCCCCCGCCCAGCCCTGCAGCACCCATCCGGCAACGCCAGACTCGGCGCAACGGGGGCAGCTGCGACTTTAAATCTCTCAGATCCGCGGCCTGAGGGCTGCCGCCACCGAGAAATGGAGGCACAGAGCTGTGAACAAGAGACCACGGCTCGCCGAAATGGCGGTGCCAGGAGCCTGAAAGGGAATGCAGCCGGCGGGGTTGTCAAGGACAACATTTGTTTTGGCGCAACCAGCGGTGCCGTCACCAAGAAACCGTCGACTCTGAGAAAAAAAGAGAAGTTCGGCTACCGAGAAACTCCGTGCAGCAAGTGCTGTGACAGCAAAACCGCCGGCTTCGCGCCGCTGGCGAAAGAGCCAACGGAAACGCCGGGTGCTGCGACCGCGAAGCCGGCACTAGAGGGCCTCGGATGGAGAAAGCCCCGCACCGAGACGAGGAAACTGTGCACAGCACGACTAGCAGTTGACACAAACAGAAAAGTGTCTCGTCTGCTCTCTGGGAGAAAGCGTGGATCAAAACCAGCAACTCAGTGGAGAGAACCCCGCAGCCACTGAAGAAGTTGCCCACGTGGCGGTGGGGCCAGAGAAACACCGCGATTTCGACGACAGCCGTAGGGATACCACAGAGAAACATGCGCGGCCACAGAAGTACATCCAGCTCCGCGCAATCAGTGGTTCTGCGATCCAGAAACCGCCAGCTGGGCTAGACTAGAAACTTCTAAAAAACTGTCGTCCCATAGCAGCTTTCCTAACCACGACAGACAGTCGCCTTTAGAGAGCACCTAACGGTGCTGAGACCGGCCTGGGCCAGCAAAAGCGCAGAGCGGTGCCAGTGCCAAGAAACGCCCGACTTGGTGAAACCAACCTTGTGACCACCGATTCCACTGGCTTCGCAGGACGCAACGGGCGAAGGCGCGGCGGAGAAACCGCAGGCTCCCTTCACCGATTATGCTGCGGGCTGGGGATGGTGGGGGGCACCCGCGAAATTGTGAAACCAGCGGCGCTGGGACCCAGCGATCAGCTGCCCGTAGCAAATGTCTGTGCAGTTGCAAAAGATAATTTTTGGCCGTGAGAAGGTTGCCGCCAGAGAGCGTCCGATAACGCTGACAAAGGCGTGGCGTTGCCAGTGAGAAACAGCCGGCGCTGGGAAAGGAACGGTGCAGCGACCGACCAACTGCGCGCTCGGTGCCACCAAAGTGCTACTGGCTCTACCCACTCTGTCCCCCACGGGCTTAGGGAAGTCTGATGTCTTTTTCTTTTCTTTTTTCCTCTGTCGCCTAGGCTGGTGCAGTGGTGTCATCTTGGCTCAGTGCAGCCTCGACTTCCTGGGATCCAGCGATCCTCCCGCTTCAGCCTCTAGAGTAGCCGAGACCACAGGTCACCCCTCGCTGCCAGGCTCTCTTCCCGGTCCAGAGCCCACAGGATCCTACAGGAGGGGCCAACAACTGCTTGCCTTTGAAACTTGAAACTCTCGGTCTAAGGTTCCTTAGGAGCGTAAAAGGCACAGCGTTTTCTGATCGCAGCTTCAGGTCTCCCGCCCCTGTCCCGGTACCTCTCCTGCAGGACGGAACTCTGTGGGAACGCTCGTTGATTCTGATGGTTAACTGTCAGATATCCTTGATATTGGACATAGGATTTGGAAGAGGGCAGGAGAGAAAAATGAACTGCAAGACTCCAGCACAAGAGGTGGGATTGCTGGCAGATGTCTGCTCCCTCTCCAAACCTAATGAACATCTCAAAGTGCCATCCACTTTCCTATACCCTTGATCTGTGAAATGGATCACTGACGCTTTCTCTGTCTTTCCGGAAATGCAAAACAGGTGAATTTTCAAGCGCTTGAATTGTCTCTCACACTTTTCAGTCAAGAGTGGGGCTATAAACTCCTTCCTCATAGGAAATAAGGAACTGCCACTGCTTGGAAGTAAAACGTATTTTTCCCATAAGCTTTCACATTTCCCAAAAAAAATTATACATCCAGATGTAATCCCCCTAAGAGGCTTACAGACCCTACCAGGAGCGTTCCCACGCGAACGCATCATCTCCCAATCGGATCCTGAAAACACCATGCAACCAATTCCATCCTTTTCTGGATCAACCTGGGCAGAGGACAGGTGCAGAGGAGCCCAGAGAAGGGCCTTGACAAGTCAGGAGACCCAATTTGGGGTCGCAATTGTCACTCACTCCCCAGGCGTTTGCTTTGATCTTCCCCTCCCACCATACTACTTCTTCTGCTACCTGGTTTCTCCCTGGTATTTGAGGATCCTCCAATTGCCTTCTGGTCTTACAGACGGGAGAATAAAGGAAAAATGGCATCGTTTCCACCTT,False
837,-110,7.086466,-7.3550286,5.347351e-07,4.2072387,-4.6111093,0.00014797076,7.5642805,-7.2368364,3.732127e-07,0.8011273,-1.0435807,0.13649543,2.1058607,-2.2874086,0.012209341,0.029770728,ENST00000551972.1,-110,TTTTTTCCAATATGTGCGCTGCTGGTGTTAAGTCTGAATGAAGGAAGGGACTGGGAGTCATTTCCTAACATTGCTATGGTTTGAATGTGTCCCCTAAATTTCATGTCTTGGAAACTTAATCCCCAAATTCAAATGTTGATTGGAAGTGGAACCTTTAGGACATAATTAGGATTAGATAAGGTCATCAGTGTGGGCCCCCACCCCCATGATGGAACTGGTGGCTTTATAAGAAGAGGAAGATAAGAAGGGAAAGAAAGACCTGAGCTGACATGCACATGCTTGACCACTTGTCATGTGATGCCCTTTGCCATGTTGTGACACAGCAAGGAGGCCCTCACCAGACGCCAGTGCCATGTTCTTGGACTTCTCAGCCTCCATATTCATGAACTAAGTTTTTGGAATCCTTAGGCTTCCACGTGTGGAAAGCCTGAGCTAACCTACTGGAGGATGAGCCATCACCTGGAGCAGATTCAGGCCATCCTAGTTGAAGCCTCCCTAGGCCAAGCAACCGTCCAACTACCAGACATTGACCATTCAGCCTTGAACATTCAGCACAAAGACAAAACAGACCAGACCAGAAGAGTCCCACAGAATAGGGGAAACTATTCAGAGAAAACTTAAGCCACTAAGTTTTATGGTGTTTTGTTCTGTAGCAGAAGCATAGGCATACTGACAATACAAACCGAAA,False
838,-1032,4.696761,-4.717173,8.1572674e-05,0.81954277,-1.0999978,0.1279128,7.7932534,-7.613656,2.036404e-07,3.61983,-3.6528733,0.00069375115,2.003295,-2.0963871,0.016307602,0.028999189,ENST00000515108.1,-1032,GCGCTGGGAAGAGACTGTGCCCCTGCAGCTCCCCTGTCACCGGCTCCAAGGAGCGTCGGGCTCCCCCCGCCCAGCCCTGCAGCACCCATCCGGCAACGCCAGACTCGGCGCAACGGGGGCAGCTGCGACTTTAAATCTCTCAGATCCGCGGCCTGAGGGCTGCCGCCACCGAGAAATGGAGGCACAGAGCTGTGAACAAGAGACCACGGCTCGCCGAAATGGCGGTGCCAGGAGCCTGAAAGGGAATGCAGCCGGCGGGGTTGTCAAGGACAACATTTGTTTTGGCGCAACCAGCGGTGCCGTCACCAAGAAACCGTCGACTCTGAGAAAAAAAGAGAAGTTCGGCTACCGAGAAACTCCGTGCAGCAAGTGCTGTGACAGCAAAACCGCCGGCTTCGCGCCGCTGGCGAAAGAGCCAACGGAAACGCCGGGTGCTGCGACCGCGAAGCCGGCACTAGAGGGCCTCGGATGGAGAAAGCCCCGCACCGAGACGAGGAAACTGTGCACAGCACGACTAGCAGTTGACACAAACAGAAAAGTGTCTCGTCTGCTCTCTGGGAGAAAGCGTGGATCAAAACCAGCAACTCAGTGGAGAGAACCCCGCAGCCACTGAAGAAGTTGCCCACGTGGCGGTGGGGCCAGAGAAACACCGCGATTTCGACGACAGCCGTAGGGATACCACAGAGAAACATGCGCGGCCACAGAAGTACATCCAGCTCCGCGCAATCAGTGGTTCTGCGATCCAGAAACCGCCAGCTGGGCTAGACTAGAAACTTCTAAAAAACTGTCGTCCCATAGCAGCTTTCCTAACCACGACAGACAGTCGCCTTTAGAGAGCACCTAACGGTGCTGAGACCGGCCTGGGCCAGCAAAAGCGCAGAGCGGTGCCAGTGCCAAGAAACGCCCGACTTGGTGAAACCAACCTTGTGACCACCGATTCCACTGGCTTCGCAGGACGCAACGGGCGAAGGCGCGGCGGAGAAACCGCAGGCTCCCTTCACCGATTATGCTGCGGGCTGGGGATGGTGGGGGGCACCCGCGAAATTGTGAAACCAGCGGCGCTGGGACCCAGCGATCAGCTGCCCGTAGCAAATGTCTGTGCAGTTGCAAAAGATAATTTTTGGCCGTGAGAAGGTTGCCGCCAGAGAGCGTCCGATAACGCTGACAAAGGCGTGGCGTTGCCAGTGAGAAACAGCCGGCGCTGGGAAAGGAACGGTGCAGCGACCGACCAACTGCGCGCTCGGTGCCACCAAAGTGCTACTGGCTCTACCCACTCTGTCCCCCACGGGCTTAGGGAAGTCTGATGTCTTTTTCTTTTCTTTTTTCCTCTGTCGCCTAGGCTGGTGCAGTGGTGTCATCTTGGCTCAGTGCAGCCTCGACTTCCTGGGATCCAGCGATCCTCCCGCTTCAGCCTCTAGAGTAGCCGAGACCACAGGATTTGGAAGAGGGCAGGAGAGAAAAATGAACTGCAAGACTCCAGCACAAGAGGTGGGATTGCTGGCAGATGTCTGCTCCCTCTCCAAACCTAATGAACATCTCAAAGTGCCATCCACTTTCCTATACCCTTGATCTGTGAAATGGATCACTGACGCTTTCTCTGTCTTTCCGGAAATGCAAAACAGGTGAATTTTCAAGCGCTTGAATTGTCTCTCACACTTTTCAGTCAAGAGTGGGGCTATAAACTCCTTCCTCATAGGAAATAAGGAACTGCCACTGCTTGGAAGTAAAACGTATTTTTCCCATAAGCTTTCACATTTCCCAAAAAAAATTATACATCCAGATGTAATCCCCCTAAGAGGCTTACAGACCCTACCAGGAGCGTTCCCACGCGAACGCATCATCTCCCAATCGGATCCTGAAAACACCATGCAACCAATTCCATCCTTTTCTGGATCAACCTGGGCAGAGGACAGGTGCAGAGGAGCCCAGAGAAGGGCCTTGACAAGTCAGGAGACCCAATTTGGGGTCGCAATTGTCACTCACTCCCCAGGCGTTTGCTTTGATC,False
839,-366,2.7288673,-3.1049898,0.0029182255,3.4956703,-3.6123755,0.00081782375,5.44231,-4.986288,2.9573615e-05,3.5517898,-3.8834126,0.00058976136,0.78545713,-1.032448,0.13968542,0.028808162,ENST00000469846.2,-366,GCCAATCAGCGGAAGCCGCCGGGGCCGCCTAGAGAAGAGGCTGTGCTTCGGCGCTCCGGCTCCTCAGAGAGCCTCGGCTAGCTGGGATTCTGTCCCTGACCGTCTTCACAGTCCAGGTGATCTTGACTACTGCTTTACAGAGAATTGGATCTGAGGTGTGGAAACAGGAAGAGAACTAGAACTGGAAGTAAAGCATTGAAGATGTGACTGAATTGCTGCAATCTCATGATCAAATTTGAATGGATGAGGAGTTGCTTTTTAGGGATGAGCAAAGAAAGTGGTTTCTCGAGATGGAATCTACTGGTGAAGTTGCTGTGAACATTGTTAAAATGCCAATAAAGGATTTAGGAATTACAGAAACCTGGTTGATAAAGCAGTGCCAGGGTGTGAGAGAGTTGACTTCAATTTTGAAATAAGTTCCACTGGCTGGGTGTGGTGGCTCACACCTGCAATCCCAGTACTTTAGGAGGCCGAGACTGGTAGATCATTTGAGGTCAGGAGTTCAAGACCAGCCTTGCCAACATGGTGAAACCCCACCTCTACCAAATTAGCCAGGTGTGGTGCACACCTGTAGTCCCAGCTACTTGGGAAGCTGAGGCAGGAGAATCTCTTGAACCAGGGAGGAGGAGGTTGCAGTAAGCCGAGATGGCGCCCCTGCACTCCAGCCTGG,False
840,-1423,8.067523,-8.321179,7.629164e-08,1.9812387,-2.0013576,0.018296199,1.0918373,-0.85350084,0.12506258,7.7013764,-7.9303584,1.6263866e-07,9.9154825,-10.111577,2.0061275e-09,0.028671805,ENST00000506014.5,-1423,AGAGCACCCGGACCCGCGGCGGCAGCGGCAGCGACGCTACCCACCCTCTTCCCCAACACCCACCTAGCCAGCGAGTCACCGAGCCACCGGCCCTCGGGATGAGACTGCAAAGAAGCATAAAATGAATAGACAATCCAACCAACCAAAGGAAATTGCTTTGGAGATGAGGAAACAAACTCTTATGGAGACCTAAGAGACTGAAGACATCTGGCGTGGACTACTCTGATGGTAAAATTGAAAGTACACCTAAATTTGCTTTGTTACAGGATTCTCTTCAGAGGACAAGAGAAGATGTTACATTCTCTGCATGAGGACAATTCTGCAGCATCAAAATCGAATAATATTTGTTTTCTGGCAGCAGAATTTTGTATCATATTTCTAAAGACAGTAAGCACTTGGGTGGACGTCAATGAATACTAAACACTAATTGATCTGATACAGCCGTATGCACATACACAGATATACATGGTGGCTTGTAATGGTTGAAAAATTACGGTTTGGTTTTATTAAAAGATCTGTCACTTTTAGGTCAGAGTGGGATTTTGGAGGGATAGTCTCCCACAATAGAAAACTACCCTGAC,False
841,-1325,1.3144729,-1.2223864,0.073314264,1.60259,-2.5970964,0.014778595,9.018134,-8.461996,2.5613936e-08,8.062299,-8.267907,8.088754e-08,1.3070441,-1.5527921,0.0541751,0.028453613,ENST00000554852.5,-1325,CAGTGGGCAGTGGGTCCAGGGGGTTTCTGAGGACAGGGCATGACCCAGCCCTGCTGCCCCCAAGATGGCACCTGGCTTGGAGGGGTGAGGGGCCCTGTTAGTCTGACTTTGAAGAAGACCAGCCTTCCAGACTCGCTTGGTGCCCTGACAGCAGCTTGTGTTTCTTCCTTCAAGAGTCTGCTTAGAGATAATAAAGATCAACACTATTCCTTATAACAACACCTCAGTATCCTGCGAGCTGTACACACCAGAGTTTATTTAACCACCTTGCTGCTGGCATGAAAGCCTCAGGAGCCCTGGGCTCCCCCAGTGTTGCCTGGGTCTGACTTTGCCTCAGTGAAAACTGCCTCGAATTCTTTCTTGCACCGATGGGCAGATGGGCAGTGTCGGAGGATCGTGTCATCTGTCCCGTGGCGCTGGTTGGCTTGGTCAAGTCAGTGTTCAAACTATCTCCTGCTCTTTCAAGGGGATCTGGGGCTCTAGAAGATTAGAGGACTTGGAGAGGTTAGTGACTTGCTCGAGGTCGGCTAGGAAGCAAGACCCAGGATTCCAACTCA,False
842,-913,2.7243805,-2.7676716,0.0041024825,0.98558605,-1.2303956,0.0983245,2.7565482,-2.613751,0.004631191,1.7881781,-1.5281243,0.035016138,7.1085043,-7.409646,4.952759e-07,0.028414961,ENST00000414393.5,-913,ACCAGACCATCTCCCGGCGCGGGTGGAATTCCCGCGATCTGTCTCATTCCCTGCGCCGCCGAGAAAAGTGAGATCCCGCGAGACTCCCAGGAATGGCACCATTGTTGTGCGGATGCTGATGCCCAGCGTTGAGCCTGTCGTCTCCTATATTAGGGGAAGTTCTCCTGGCCCTTCCCAACTACCTCCCCTGTGCAAGTTTATTACAACTGAACGGCCTCAAGGATGAAGTCTGGCTCTGTTGCCCAAGCTGGAGTGTGTTGGCACCATCTTGGTTCACTGCAACTTCCACCTCCCAGGCTCCAGTGATTCTCCTGCCTCAGCCTCAAGGGTAGCTGAGATTACAGGCTGGAGTGCAGTGGCATGATCTCACCTCACTGAGAACCTCCACCTCCAGGGTTCAAGTGATTCTGCTACCTCAACCTCCCAAATAGCTGGGACTACAGGCACTTTCCCTACATTTTCAAAGGCCTGCATCATCACATCTGCCACAGCATTCTCTATCATTGAGGCATTTTCTCAGGAAATCACCTGTGAAATATTTTGCAGCTAACCACCTACCTGTGCCCCACCAGCCAACATGCTTTACTCCTGCCAGGCAGGTGAGTGGTCCCCAGATCCCTATTTTACCACTTGTTTTGTCAGACTGTTCTTGGTATCAGCTGTGTTGGAGGGAGTTCTCTGCAAAGACCAATATGGGACTGCATATACAGAGATTTTATTTCCAGATATGACTGTGAGAGAATGATGAGGGGAGCAGTTACTTAGTCTATTTGAGCTGTTATAATAAAATACCACTGACTAGGAAATGTATAAAGAGGACTTTATTTTCCCAGAGTTCTGGAGGCTGGGAAGTTCAACATCAAAACATCAGTAGGTGCAGTTGTCTGTTGAGGGCTCATGTCTGTTTCCAAGATGATGCCTTCATGCTGCATCTTTTGGAAGGGAGGAGCATTGTGTCCTCACAGAGCAGAAAATAGAAGGGCCACAGGACAAACTCCCTCTATCAAGCCTTTTCATAAGGGCACCTGATCCCATTCGCAAAGCTCTATCTTCGTGACTTGACTTAATCACTTCCCAAAGGTCCCACCTCCTAATACTTACACTGTTTCAACAGTAAACAGTTTATGTAGAGTTTCAACATAAATTAAGGAGGGGACAAAACATCCAAACCAAGGAAGGCTGGGAGGGAAGCCAGAGGGAAAGTGCAAGAGGAGGTTTGGTGGAGGTGTCCTAGATTGTTTGCAGTCCAAGGAGGTTGGGGAGAGTGTAACAGGCCTGCCTTGGTATCCCTGCTCTGCAGTCACTGGCTAAGAGCAGTCCTTAGAAAGCACAGCCTGGCACAAATACAACAAGAATATGTGCTCAGTAGGAAAGAGACCACATTTCCCCAATAGCCCAGGTAATGCCCTCCCCTCAACTGGCATCTCTGTTCCCTAAACATTGACCTCTTTTCTCTGAATCTCTTGGGGACACATGGGTTGAATTCAGGTTCTCTGTAGCCCTCTGGATTCTGTCTGCCTCTGTTATATCTTCACGAACAAGTTATGCAGCCTCAACTAAAGCTTGTAACAAAGCAAAGTTACTCTCCTGAGTGTGTCCTCTGATGGATGGTGAGATATAACTTCAAGATGAAGCCTCACCCACACTCCCTGTACAAAAACGCTTCTCACGTAAGTGTCTCTTTAAGTGCTTACTGTAGTATGACTTATTGCTAAACTTTCGTCCACACTCTTGGCATTCATAAGGCCTCTCTCCTGTGTGTATTCTTTCATGCACAGTGAGGTCTGACTTACTGGTATAGCCTCGCTTACACTCCTGGCAAACAAAAGGCTTCTCCTTTGAGTGTATCCGCCAGTGGTGTCTGGTGAGACTTCTCTTCCAGCTGAAGCCTTGCCCACACACATTACACACGAAGGGCTTCTCCCCTGAGTGTGTCCTCTGGTGTGTGAGGAGATTTCCCTTCCAGTTGAAGCCTCGCCCACACTCCTTGCATACAAAAGGCTGCTTGCCAGAATGTGCAAGCTGGTGTTTCACAAGATTTGACTTCCAGATAAATCCTTGCCCACATTCACTACAGATGAAAGGCTTCTCCCCTGAGTGTGTCTTCTGGTGGAAGAGGAGAGTTGATTTTAGGATGAAGCCTCGCCCGCAATCCTTGCAATTAAATGGCCTTTCCCCCGAGTGTGTCCACTGATGTCTAAGAAGATTTGCCTTCAAACTAAAACTTTTCTCACACTGCTTGCACATGAAGGGCTTCTCTCCTGAGTGTGTCCTCTGATGTATGGTGAGATTTGGCTTCAAGGTAAAGCCTCGCCCACAATCCCTGCAGAAAAAACGTTTCTCACCCAAGTGTGCCCTCAGGTGCTTGTTATAGGAGGACTTATCCCGAAACCTTCGCCCACACTCCCGACATCCATAAGGCTTCTCCTCTGAGTGTGTCCTCTGGTGTAAAGTGAAGGTTGACTTTTGGATAAAGCCTCGTCCACAGTCCTTGCACACAAAAGGCTTCTCCTCTGAGTGTGTGATCTGATGTTTCACAAGGGTTGACTTCTGAATAAATCCTTGCCCACATTCTCTACAAACAAAAGGTTTCTCCCCTGAGTGTGTTCTCTGGTGGTAGACAAGAGTTGACTTTTGGCTAAAGCTTCGCTCACAATCCTTGCACACAAAAGGCTTCTCCCCTGAGTGTGTTCTCTGGTGTCTGAGGAGACTTCCTTTCACGCTAAAACTTTGCTTACACTGCCTGCACGCAAAGGGCTTCTCCCCTGAGTGTGTCCTCTGGTGTGTGATAAGGTGTGACTTATTGCTAAAGCCTCGGCCACACTCCTGGCATCTGTAAGGCTTCTCTCCTGAGTGTATTCTCTTGTGCACAACGAAGTATGACTTATTAGTATAGCCTCGCCCACACTCCTTGCACACAAAAGGCTTCTCCCCTGAATGCGCCTTCAAGTGCTTGTTGTATGAGGACTTATCGTTAAACCTTCGCCCACACTCCTGGCATTCATAAGGCTTCTCTCCTGTGTGTGTTCTCTCATGCACAGTGAGGTATGACTTACTGGTATAGCCTCGTCCACACACCTTGCACAGAAAAGGCTTCTCTCCTGAGTGTGTCCTCTGGTGTCTGAGGAGGTTGGCCTTGAGGCTGAAGCCTCGCCCACACACACTGCACACATAGGACTTCTCTCCTGTGTGTGTGTTCTGGTGCAAGAGCAATGCTGACTCATCTCTAAAGCCCTGGTGACACTCCCTGCATGTAAAAAGTTTCTGCCTGGAATGTGCTTTTTTGTGTATGATTACCATCATCTTCCGGCTGAAGTCTTGCCCACGCTCTGCACACTTGAATGCTCCCCATCTTGAATTTTCTATTCCTTTCAATACTTTGTCTATTTCTGTAGGATTTTCCCTCTGGCCTTGACTAGACTCTATTTCCACTACACTGTTCCTCCTCCTTGAGCTTACTGCATGTCTTAGGGGTGGGCTGGAAAATGCCATGGGCTTAGTGCTTTTTTCTTTCTCTTGACCTTCAGCTGTGTCACTCTGGAAGCTTTGATCAGAAAATTGTAGTTGCTGTTGCCTCTGATGTGCAAGTCCAAGATTCTTGGGCCGCAGGACATGTTCTGCATATATTCCTGGAGAATAGACCAACAATGAGACTGAATCAGTAACGAAAAGTCTTCTATGAAAGAAAAACCCAGAACCATATTGCTTTACTGCTTAATTCTAATAAACTCATAAAGAACAACAAACACCAATTCTTCTCAAACTATTCCAAAAAATTGAAGCAGGGCAGGGAGGAATTCTTCCTAACTCATTCTAAAAGGCCAGCATTATCCTGATACCAAAACCAGACAAGGACACAGCAAAAACAGAGAACTACAGGCCAATATCCCTGATGATGCTAAATGGAAAAATCCTCAACAAAATACTAGCAAAACCAATGCAACAACACAGAAAAGATAATACACCATGATCAAATGAGATTTATCCCAAGTATGCAATCATGATTCAACATACACAAATCAATACTTGTGATACATCACATCAACAGAGTGAAGGACCAAAAGACATATGATCATCTCAACAGATACAGAAAAAGATTTGATATGATTCAAAATCCCATTATGATAAAAACTTTTTTTTTTTGAGACAGGGTCTCACTCTGTCACCCAGGCTGGAGTGCAGTGGCATGATCATGGCTCACTGCAGCCTCGACCTCCCAGGCTTACACGATCCTCCCACCTCAACTTTCCAAATAGCTAGACTACAGGTGCCTGCCTGTAGTCAAGCCATAGGTGCCATTGCCTGGCTAATTTTTATATTTTTTGTAGAGATGGGATTTCGCCATGTTGTCCAGGCTGGTCTCAAATTCTTGAGCTCAAGCAATCTGCCCATCTTGCCCTCCCAAAGTGATGAGATTAAAGGCATAAGCCACCGCACCCAGCCTATGATAAAAACTTAAATCAGGTGTACAGGAAACATATCTCAACATAATATAGACAATATGTTCCAAACCCACAGCAAACATCTTAGTGAATGGGGAAAAGATAAAAGTCTTTCCTCTAAGAACTGGAAGAAGATTCGAATGTCTACTTTCACCACTCTTATTACCATAGTTCAGGGAGTCCTAGTCAGAACTATGGTAAGAGAAAAAAATAAGGCAAGAAAA,True
843,-99,2.0057924,-2.061123,0.016841644,1.2126099,-1.7811741,0.047707487,4.8031254,-4.3270416,0.00010833575,3.411321,-3.5006096,0.0009948427,1.1270596,-1.3729665,0.075856335,0.02830173,ENST00000318291.4,-99,CCCAGCTGGCCCGGCCGCCGCGGCCTCTTCCGCCCGGCGCCCGCGCATTCCTGCCATTCCCCCGAGTCGGCCCGCGGGCTACGGCCGCCTGCGGAGCGCAGGAACCTTCACCTCCCGAGGACAGGCGCCTTCCCCTCGGGACCCGGCTCCCCTGCTGCCTGCGCCGCTCTGTCCCCCTGCCGCTGCCCAAGCCTCCAGCAGGGGCCACCGAGGGCTCCAGGAGCACCCCAGGCCCGTTCTTCTGGCCCACAGCGCCCCTCCTGTGACCCTCAGCGACCCTCCTGTCCTGCCCTCCGGCGGCGCGGCTGTCTGGAGACTCTGCACCGTCGCGGCCTCGCAGCCTCGCAGCCCCGCGCCGGGTGGGGAGGGGAGGGTGGCGTTCCTGAGTCCGCGGAGGAAAGGGTCGCAGCTGCAGTCGCGCCAGCCCTCGGGCCTACATCCGCTCCGCCGCGACGCGGCTCACAAACTAGGGAGGGGAGAAGGGAAGAAAGACCCGATTCGGGAACACGGCTTTGTCCCTGGAACTGTACCTCATGTCCCCTCACTTAATCCTCCCAAGACCTGTGGGGCGTGTCGTCATTTTAGGGCTGGAGATGAGGAAACCGAGGCTCGGAGAGATGAAGCGTTGTACGGCCACCGAGCGGCTGCTTTGCAACGAAGCCAAAGCCAACGTTTTGTTCTTAGCGGCGGTCGTTTGAGCCACGCCTCACCGCAACGAGTCTGCCATCAGCCAAGAGATGGAGTGAAGGTACCTGAGCGCAGGAACCATGGTCTTCATTGCTGCCTCAGCATTAGCGGAAGTGCCACGGGCCGGCTCCCAGGGGGCCAGAGTTTCCCAGGAACACCATTGAGTACCACTGAACTAGAGTCTGCAAGTTAAAGTAAGGCAAGAAGGAAAACCGGAAACAACTGTAAAAACCTGACCTTTCGTCACCTTAATACTGGCCATCATTTATCGAGTGCTTATTATGTAACAGACATTGTTCTCAGTGTGTGAGTGCAGTGTTCCTCAAACCTAAATGTGGGCCTGAATCGCAGCGGATCTTGGTAAAATGCAGTTTCTCATTCAGTACCTCTGGGGTGCGGCCTGAGATTCTGCATTTCCAACAAGCTCCCAGGATACTTTGTATAGAAAGGCTTTGGTGTATTAACTAACTCGATCTTCTTAATAATCCTATGAAATACTACTGCTATTCCCATTTTACAGATGAGGAAACAGAGGTTAAGCATATATGAACTTACATCAAAATAAATAGACTGCAGGGCAAGGAGGGAGGGGAGAATAGTGTGGGCAGTGTACAGTGCAGAAACAAAGTTCTAGGCAGAGGAAAAAGGATTTACAGAAAGCCTGGCATACAGGGCAGGGGGACGGGGCCTGCACACGGGGCTGTTTCACCGTTAGACGTTATAAGCACAGTACTTGGGGCTATGGGCTTCCTGAAGGTCCCAAGTATTTGAGACCTGAAAAAAATTTATTGACACCTACATAGGAAAAGTGAACTTTTAAATTAATAATTCCAAAATTCAAATCACGAATTGTTTCAAAAATTTTACATGATAGAATTCATATTTAGTAAGCGATACGGGTATATTTTAATGCATTTGATTTTAAAAACGGGGTAGGGCCTACTAAGAACAGGCCAAGCCCTGGCCCCAGTGGGTTTGGATATAATCCTGAGGGCAGCTGGGAACCACTGAGAGAAGCAGGAGAATGTTCTCTGTGGCTACAGTGAGGAGAATGGATTGGAGGGAGGCCAGACTGGAGGCCCAGTGGCTAGAGACCAGATAGGCAGTTACAGTCTTCCAGACTGCGAGACAATCTCTCTTTAGTGCCAAGATTAGCATAAAATCATAGCATTATATAACCCAATTATTCTTTGATTCCTGCATCCCCAATCTGACTCAGCATTCTAAATTTACTTAAGATCTGGGGACAAGGGTTTTTGGCAAATCCTTGAAGGCAAATGATGTTACAGTCAATCAGTATATGCCTTGAGCCAGACAGACATGGGTACGGGCCTCAGTTCTGCTGCTTGCTAGCTATGTGACTTTGCACAAGTGATTTAACTTCTCTGGGCCTTGGATTCCTTACTGGTAACACGAGCATAATCGATTCCTCACAGAATTAAGTGAGAAAACTATGTATGTAGGACTTCTTATGGAGTGGGTACTTAGAAATAAATGGTAGCCGTTA,False
844,-922,4.7641726,-4.872002,6.531816e-05,7.303399,-7.4019885,4.107063e-07,4.9294696,-4.8983707,5.3926167e-05,4.773047,-4.826894,6.7728135e-05,0.76740974,-1.0503387,0.13970424,0.027978325,ENST00000598150.5,-922,ACGCGGGGAAGGGCGCCCGCCTGGTCCGGCGAGCGCACGTCCGGTGCTCCCCTCTGGCGGGTGCGCACGGGCCCTACAGGGTCTCACTCTGTCACCCAGGGTGGAGTGCAGTGGTGCAATTATGGCTCACTGTAGTCTTGATCTCCTGGGCTCAAGCAGTCCTCCCAACTCAGCTCCCAAGTAGCTAGAACTACAGTGATGAAGAAGACATGCCAACAGAGGGTTAATTCCAGATAAAATGAAATGTTCCAAACAGTACGTTTGGTTATTTGATTCATCTGTGGGGGAAGGAAAGATAATTTTCCAAAGGACATTCCTCCTAAATTCTGTCTTAAAGTTGTTTACGGAATGAAGTTGATAATAGTGAGACCTTGTTGGTACAAGACTATGTAACATAACCTGCGCTTCTCAACAAAGAATTGCTTTTCTGACTTCTGCACTCAATAGCAAGACAAATCTCTCCTCTGCCTTCTCCTTATCAGACTACTCAACATGAAGGCAATAAGAATGAAGACCTCTATGTATAATAATTGACTTCCACTTAATAAATAAGGTTACTTGGTACACTGGTCGACAAAACCTTGAAATGTTGATGTTTAAGGGCTGTTGATTGCTGGCAGCAAAGAAGTCCAACTGTGCTGGTACCCGAGATAGCGTCTCCACATTTTCTTCCAGGATCATCACCTTTGTTCTAAATAGCTCCCACATAGTGTGAACAGAAGTCATATGTTTTAGATTTTCTGCCTTGGCA,False
845,-597,3.19444,-3.2345073,0.0016115478,1.2014266,-1.4486777,0.06598257,5.263758,-5.051777,3.3113556e-05,1.3780221,-1.1885015,0.07132423,7.250297,-7.176729,5.4252735e-07,0.027790397,ENST00000596088.5,-597,GCAACGTGTTGGACCTTCCGGAGCTTCTCAGAAGACAGAGGGTTTTCTTTTGAGATCCCTCCCGTAGCTGTCATACAGAGTGCGATTTATGACTTGTAAGTTGTGCTATGGAGCTTGACAACCAAACCTTCAATACATTTATGAAGAGAGCACTACCGAGACTTTATACAATGGAATAAAATAACAAAATGTGCTGACAGCATTCTTCCACTCAAAGAGAAAAAGTACTTCAACTCGGCCGGGCACGGTGGCTCACGCCTGCACGCCTGTAATCTCAGCACTTTGGGAAGCCGAGACGAGCGGATCACGAGGTCAGGAGATCGAGACCATCCTGGCTAACACGGTGAAACCGTGTCTCTACTAAAA,False
846,-1472,0.8535476,-0.98966736,0.1366715,6.245592,-6.2133245,3.8829294e-06,4.436997,-4.0968676,0.00019665461,7.6569953,-7.791818,1.9528346e-07,3.73554,-3.6387784,0.0006267611,0.027499799,ENST00000520348.5,-1472,CTTTCCCGCGCGACCGGCGAGGGAGGAAGAAGCGCGAAGAGCCGTTAGTCATGCCGGTGTGGTGGCGGCGGCGGAGACTGCGGGCCCGTAGCTGGGCTCTGCGAGGTGCAAGAAAGCCTTTGAGGTGAAGGTGTATGAAAGTCATCATAACAGATGTTTTCCAAAAACTTGTAGAAGGTTGTGAAAAAACTACTAGGATCACGCGGCATGTATTGAGGTGTGGCATGCAGCATTTTGGAAGGAAAATTGAAGACGTGTTCAAGAAAACATGAACAGAAGCAAATGATGAAAATGAGCATTTTACTTGATGTTGATAACATCACAATAAATTATGGAGAAAAATACATATTTGGCTAACTTTTAATTGCTGAACAATAAAGTGTTTTCTTTTAAATCAACTCTAAATAGCTCCATTCTCATAGTCACTAGTCAGACCTGTTTTGAACATATTCGAAAGATTATAATCTTGTCAATAATTAGCTTATTTATGGGTGGTGATTCTCATTGAGGCTGACAGCTGGGGAGACATTGCTTGTACCTCTAGGTTCCCTGTCTGGCTTCCCCTTCAGAGCCTGCTGTTGTACCAGGTGGTTGAATCTTAAAACTCTTTAATACCAAATAGCAATCAAATTCCCCCTTACAGATAAA,False
847,-1039,6.749975,-6.877169,1.2072746e-06,0.88554156,-0.95915115,0.13649723,5.0926156,-4.8922377,4.6090674e-05,8.431267,-8.631591,3.887717e-08,6.7381735,-6.804864,1.3132066e-06,0.027309176,ENST00000503179.5,-1039,GAACTTGTGTGCTTAGACCTGACGCTGGGAGGAGATGCTGCCACCTAGGTTACTTGTAGGACCCTATACGGCAACCTCCTTTGCCAGGAACTATTTATAAACATCCTGCAGGAAAATGGCCTCTTTAAATATACACTTCTCTGTAGTGTATGCTAGAAATGGAGTGGCTGGAATAAAAGTGGCTGAATCATCTTCAACTCTAGTAGCTGAGACCAATGATGCTGACCTCCCTCAAAAGCTGCATTTCTGAATTTCTGAAGGCAAACTGTCTGCCTATATTGTACAGCAAAATAATTTCCTGTATTAAAACGTTTTTATTGCTCTAAATTTCTAGATTAAACTCTGCTTAGGTATTGCTAAGAGGGTAGCCAAGTATAGAAACTTAAATTTACTGACAGAAATCTAGAGAATGCTTAATTTTTTTTCCAGCAGTGAAGTAGAAGAGACAGGGATATCCCAGAAGGTTATGCAAAACATCAAGAGAAGATGAGAGGGTAAGGTTTATAGACTGAGTTATTAGAAAAATGCACAATGGGGTTTGGGTTGCATAAAAACAGGGTCTATGGGTGTGTATTTATAAGTTCACACATGCACACACAAACACACACATATATGTACACACACAGGCAGCCCTCAACATTCTCATGATTGGCTTTTGTACATTATTTTTTAATTATTAATACCTCAAAATGTGTTTATATAGAGAAATTGAACTTTAGTGCATCACAAAAGAGAAGAGACTTCAATTTCTAGTTCAAGAAATGAATGAGAAAGA,False
848,-1430,4.1333723,-4.3602285,0.00020473264,3.9320645,-4.382755,0.00024480117,7.2479815,-6.6024036,9.657251e-07,6.872763,-6.8527627,1.0941565e-06,0.8528601,-1.0122993,0.13410282,0.026910882,ENST00000501173.6,-1430,GTGGTACCCGAGGCCGGGCCGGAGCCGCAGGCCAGCCGCGATTCCTTCGGGCGATGCTGGGGGCTTTCCGGTCGGGGCCGCAGCCGCTTCCGGAGCCGCGGGCGAGGTGCGTTCCCCAGCCTGGTTTGCTCTGGGCTCTGACCCGCCGCCGCGAATCTCCGCTCGTAACTCCGGGCCTGAACCTGGAGGAGGGAGGATTTCCTCTGTGCAGCTTTCGAGCGGTAGACTCACCCTGCCAGGCAGACCTAGATTGGCATAACCAGAGATCAGTTCCAGTTGTGATGCAGTGGGTGTCTACACACTTCTGATGACACCTTTATTTTAAAAGCTGATGTTCCAAGTCGATTCACCATGATCTTGGCTGGCTGTCTTCTTCCTTCATGGCTGCTAGTAATGACAATTCAGTGGCTGTTTCTTCAGCTGTGCAAAGTTGGAACATGTTTGGGAGTTCAACGGCATTGGTTTCTGGTGCAAGCGGTCTTCTCTGTCTTCTTTATGGCCAGTAAAATTCTCCAGAAGAGATTTATGGCAGCCTCACTCCCAGTAGTTTCTGCATTTAGTGAGATAAGGAATGGATTTTCTTCTGTGTATTGCTGACACGAACAGGAGACGGAAATACTGAGTAGAAGAGGGCGGTTCCCTGGCTAAGGCCCCACCCTCAAGCCTGGATACCCGCGGCCCTAAATGAGAAGAGGCGTTTCTGTTTGGGGCCCAAAAAGTTGCTTTTTGACCCACCACGCCCCCTATCCTGCCCCCATATAAACCCCAAACCCCAACCTCCAGAGCATACCAGCAGGTGAGGAGATACGAGGCAAGCCGACTGACGGCAAAACGACGTAGCAGAGAAAGAGAGAAGAGGAGGGACGTCTGGACACCGAGAGATGTTTGGCTCGGGGCAGTCAGAGCGGAGTCCAGCCCCTGGGCGGCCCAACTCCAGGGGAAGATCACC,False
849,-1394,5.148587,-5.19166,3.2305292e-05,6.5216484,-6.4906526,2.2326915e-06,1.0057774,-0.90672135,0.1287004,2.6951473,-3.054947,0.003172384,4.580291,-4.6367598,9.932136e-05,0.02640133,ENST00000474795.5,-1394,GCGCGGTGACGTCACCGCATCTTTATAAAGGGCCGCCTTGGGGCGCGAAAAGTTCGTGAGGTGTAGTCGCGGCAACCAGGAGGTGCACCCACCACTAGAATTTGAACATCCTAAGAACAGGTATTTTTGTCTCTGCTTTGCTGATGTATCCTCAGCAACCGGAACTGCCTGACATCTGATCCTTTCTGTGAGACACCAGGCTGTTGAGGAAGAATCTATGGCAACATTGTATCTATTAATATACAGCTTCTGTATTTATCAGGCCCAGTTCTGGTGATGATTTCACTTTTGACAGAAGCTGTCCCTCAAAAGCAAACATGCAATAGAAGAAACAGATCTCAATGGAGTCTCACTCTGTCACCCAGGATGGAGTACAGTGGCGTGATCTCGGCTCACTGCAAGCTCCGCCTCCTGGGTTCATGCCATTCTCCTGCCTTAGCCTCCCGAGTAGCTGGGACTACAGGCGCCTGCCACCACGCCCGGCTAATTTTTGTATTTTTAGTAGAGACAGGGTTTCACCGCATTAGCCAGGATGGTCTCGATCTCCTGACCTCGTGATCCGCCCGCCTCAGCCTCCCAAAGTGCTGGGATTACAGGCGTGAGTCACTGTGCCCAGCCAAGTTTAGTATTTTTTGTAGAGACAGAGTTTCACCATGTTGGCCAGGCTGGTCTTGCACTCATGGCCTCAAGTGATCCACCTGCCTCGGCCTCCGAAAGTGCTGGGATTACAGGCGTAAGCCACTGTGCCTGGCCTTAAATGGGTAAATTTCATATGGTATATGAATTATATTTCACTAAAACTTTAAGAAAACATTATACAGTACTGTTCAAATTTTAAGTGGTCCAATTTAAATGCACTATTGTATACAATTCTATGTAATGTCCTTACCATGGTATATGTTAACTATAAATATCTATGCCCCTACCCTTAGTATCAAAGCATATATTATATGCCAGTGAGCCAAGCCCCACATGTCTGTGAAATGTGGTCTTCTAGCCATAGAAGTAGCTTGTGCTCCTAGGGTATTCCTTGAGGCTCTGTATGAAGAATGTCCATTTGTTTGAGTCCCTAACCTACAGAATATTCCTGACCATGGAAATGTGATAGATAGGAGTAAGCACATGGACCAAAAGGCCTGGAGGCTCATCATTTAAGGTACAAGCCAATTATGTAGTCTTTGAAAGAATGCTTTGAAATTCAGCTTGCTTGATTCAATTCCCAATATTTTCATTTGTATTAAAAGATTTGGCCCTTACAGGTTAAAAACAATGTCAGTGTAACCAAGTGACATTCAAATTTTGGCTCCCAACATGTGATATGACATCACTTCATGTGAAAATAGCGAAGCTCCAAACATTTTCTTTCAGTCACCTTATTAAGCTCGCTGAGCCCTGACAGCCTAATGAAAGGCTAAGGGGGAAGAAAATGTCCCAACTTCTACACTGTTGAAGATGGGCTAATGAGAGGTTAGCTTGCAAGAATCATTCTTTCTTGGCATCCTGCTTCTGACTGCTTGGCTTTCAGCTTATACCCAGCATGAAAATTTAATTTCCTCGCAGTTGAAGGTAGTTTAAAGCTTATTACTCACATGCTAAAATGTTGATGTATCTGTTTTTGTGCTTGTTTTCTGGATGATTGGAATGCTCTGCAGTGATGTTCATATCAGCAGTACAGCGCTGGACTTCCTAGTGAAGAAAACAGCAAGATTATAGACACAGTTTAGAAACAAAGGAACACCATATACATTTAAAGGCATAAAGTATTTACTCACTCCCTGGCCACAGCCACCGTTACCTTCTCAATCCCAACTTCGGATATAATTATTGATATATTTATAACGAGTTTATGAAGAATGTGAAAAAGGTATAAAGATTTCATTATTTACTATTTCATCAATCATCTACTTTTTTCTAGTTTTTGACCTAGTCCCTGAGATGTAAAACAATATCTCTTTTTGAATACATCATAGTCTATGGGTGAGAAAAATATTCAAAAAGATAGTCAAACATGATGAATACAAAAGAGGCCTGAGAAAGCTCTGATGGGAGCACAGAACAGAGGAAGGCTTTAGACAGGTGAAAAAATTTACCTAAGTCTTAAAGGAAGAAAGGGAATTTCTAAGAAGTATAATCTCTACCATGATTTGCAATATGCTTACAGGCCTTATAGCCTCATTTTATAATTGTGAGGGTGCATTGACTCTAAAGACTCAGTGCTGAAATAACCCTAATAACAGCCCAACTAATGGTCATATCTCATATATACAGTCTTGACAAATTATTTGTGAACTCTAGTATTTTAAAAGTTATCCTTCTTTGGAAAAATAGCAGTAGCAGAAATAACACTCTTATCCTACCTTGGCCGTGGATTTAAACGTCATCCATTAGCCTAATACAACGTTGCTGAAAAGCCAAATTTTTCTACACTATATGCTTCAAACCCAAGAAAGTACTGGAGCTGACTAATAAGGGAAGTCATTAGCAGTACACAGCTGCTACAAAGAGCCTGAACAAAGTAACACAAAATTATCAGGAGAAATGTTTTACACAGAACAGATGTAGCAGAGTTTAGAAGCATGCAGACTTTTTTTTTCCACAAAGGAGTTGCCTAGTAATTATGCATGTTTTCCATAGTATTTACATTAAACATAATGAAAACAA,False
850,-220,5.0396156,-5.0271573,4.2465657e-05,0.6896347,-1.2000295,0.13128276,12.562378,-12.016206,2.1166895e-11,10.740607,-11.012394,3.571011e-10,12.455017,-12.521611,1.4216365e-11,0.026265046,ENST00000584597.1,-220,GTTCAAAAGGCTCATTTTCTCATAGAGTTTGAGGCCATTTTTGTGAGTGGAGGAACTTGAGGTTTTAGGAATTTTATTTAAATCATGGAGATATTTTCGACTCGAATGGCTCTTAACTTTGATCTTGGGTCTAGGCTGCCTGGTTGAAACTACTACTGGTTTTCTTTCTTTTTTTTTTTTTGAGATGGAGTTTCGCTGTGTTGCCCAAGCTGGAGTGCGATGGCGCAATCTCGGCTCACTGCAACCTCCGCCTCCTGGGTTCAAGCAATTCTCTTGCCTCGGCCTCCCAAGTAGCTGGGTTTACAGGCATGTGCCACTATGCCTGGCTAATTCTTTTTGTGTTTAGTAGAGTTGGGTTTTCGCCATGTTGGTCAGGCTGGTCTAGAACTCCCGACCTCAGGTGATCCACCCACCTCTGCCTCCCAGTGCTGGGATTACAGGCGTGAGCCACTGTGCCCAGCGAACCTACTGGTTGGTTTTCAAGAGTTGCATCACTTTAACTGGAACATATCGGAAGAGTGGGACCAGATTTTAAGAGACCCAGACACATGCAAATGG,False
851,-431,1.4929674,-1.4665112,0.049290434,4.2159286,-4.0525374,0.0002564127,5.2555537,-5.100812,3.1788786e-05,1.356239,-1.6158552,0.048702613,1.534063,-1.8462651,0.032915946,0.02623944,ENST00000602823.1,-431,AAAATCTCCCCAGATGCTCACTGCTCTGATCATTTCCCCTACAGCACCAGACATGTTGGCATCATCTCTTAGTTGGGCCATGTGGCCAGGGAACCCTTCATGAAACCACCTCTGCAGTCCTGGAGAGTTGCTGTAGAAGAAGGAAAAGAGAGGAAGACAACACAACACAGGAGGGGATAAGTACCTCTGGACACAATGGAAGTAGTAGTTGTTGAGCAGAGGGAAAGGGATAGGAGAAGGATGTGGACTGCAGTGCTGCAGTGCCAGAGCCCCAGCAGCTACTATTAATGAGTGTCTGGAATATGTTCCTGGCATTTCACCTACCCTCTCTCCAATCCTTCCAAGAAACTCACAAAGCAGGGCTTTTTCTTGAACTTCTCTTCCTCACAACAGTTAAATCATCCATTTAAAGATGTCAAACAACCTCCGTGTTCTAAGAACTATTTACTGAGCTCTACGGAGACACAGCTACAAGCACCACATGCTGGACCCCTGAATATGGAGGGCCAACTACACTAGAAACACACACGCTAGCTGAGAAAGATGGTGGCTTAAGGAGATCACCAGTTTGTAGTAGAGGCCCACTCTCGGAAGGTTTGGTAAAAAGTTGTTTTGAATCATAATGTTGGCTTTATTGGCATGTTGAAACCATTTACCTCTGTAATTTTCCATTTGTTTTCCTTTCCAACTACCACTCCTCCTGCCTGATAAATAAATACCATTGCAAGATTA,False
852,-1439,1.4867313,-1.7808163,0.036701433,1.5069834,-1.5108746,0.046625596,3.9761455,-3.6517284,0.00048645775,2.424655,-2.7425215,0.0056683305,1.5889341,-1.5574882,0.04123248,0.02614286,ENST00000453754.5,-1439,CACGTGGGAAACGTGCGGCCGGACTGCCACATGTACTGAGGTTGAGTCGTGACGGCCACAGGCTCCGAGTTTTGGCGTGAGGAACCGCTGATCGGCCACGGGCGCCGAACTTGCTGGCCTCCGGCATGTGCCTGAGCGGCGGCGGAAAAACCACCTTAATTGGGGCGGAGGGAACAATGGCGCTGTCTTCAGTGGCACAGTGGAGCAGCTCTGAAGATGCAAAGTGAGGGTCGCTGTCTGCCCATTGATAGAGGCCAGATTGTCTTGGAAGTTCCAAAGTTGCAACGATTTCTGGCTAGTGCCACGAGGTTTACTTGACTGTTGTGTGAAAAGCTGATAAGAAAACCATCCAGAAAAAAGCTCTTCGTTTTACAAACATGAAAATAAAACATGTAATTTTG,False
853,-649,0.9499657,-0.963934,0.12854338,3.7618651,-4.5748205,0.00023950775,7.8128943,-7.2544928,2.8596773e-07,5.3557243,-5.556122,1.8240533e-05,3.3736448,-3.4890454,0.0010450031,0.025969282,ENST00000550601.5,-649,CCGGTGCCGCTGTTCATCGGGCCGCGCGGGGAAGGCGGCGGCCAAGATGCGCTCCGTCACGTAGTGCCTGGTACTGGATAGGAACTTCATGGAATGGAGCTAATGGGCCGTAGGGCAGGTTTGAGTCGTGCCACCCTGGAGCAGAAGGTGGAGGGTAGGGATAAGGGTGGAGAGAAACTAGGAGAAAAGCACAGGATGTAGAGGTCTATTCGGCATAATCTTCTCCCTCATTTTCATCTTCACCATCAACAGAGAGAGCAGCATACTTGCTTGCAGAACTGAACTTCTGTAACACAACGAGAGTGACAGGATAATGAAGGCCCTGAATTATCACATCAAAACCCAAGACACAGGATACTGATCCTTTGGCAATGGGGGATGACAGTCAGATGACACCCACTTGCTTGCTCATCAGCATTGTCCATTGGAGAGGAGCTAGGGAAGAGGGTCAGAGGCACATGCGATCTTACTATAGTCTCATACCACCTCTACACCTTGCAGAAGGGATGAGAACAAAGGAAGACAGAAACCAGGAAAAAGCTAAACTTCTTTCGCTATTTCAGTAAAGACCAATGTCTTATTTCCAAACACTTTGTATTCCAAATGGAAAGAAGTCCAACGGCAAAAAGTTTAGAATACTAAGAATTTTTAATTCTTAGTAAGAATACTTAGAATTCTAAGAATTTTTCTTAGAATGAAAAATTGGGAGCA,False
854,-970,1.8993547,-2.265656,0.015292074,2.83257,-2.9144716,0.0031820526,4.3157325,-3.8926413,0.00027228903,2.227094,-2.5891445,0.008032151,0.9705075,-1.1964252,0.1027595,0.025907615,ENST00000468186.5,-970,GCGGGCTGCCGGCCGAGACTTCTGGATGGCGGCGGCCGCGGCTCCGCCCCGGGTTCCCACCGCCTGAAGGGCGAGACAAGCCCGACCTGCTACAGGCACTCGTGGGGGTGGGGGAGGAGCGGGGGTCGGTCCGGCTGGTTTGTGGGTGGGAGGCGCTTGTTCTCCAAAAACCGGCGCGAGCTGCAATCCTGAGGGAGCTGCGGTGGAGGAGGTGGAGAGAAGGCCGCACCCTTCTGGGCAGGGGGAGGGGAGTGCCGCAATACCTTTATGGGAGTTCTCTGCTGCCTCCCGTCTTGTAAGGACCGCCCTGGGCCTGGAAGAAGCCCTCCCTCCTTTCCTCCTCGCGTGATCTCGTCATCGCCTCCATGTCGAGTCGCTTCTCGATTATGGGCGGGATTCTTTTGCCTAGGCTTAAGGGGCTAACTTGGTCCCTGGGCGTTGCCCTGCAGGGGAGTGAGCAGCTGTAAGATTTGAGGGGCGACTCCGATTAGTTTATCTTCCCACGGACTAGAGTTGGTGTCGAGGTTATTGTAATAAGGGTGGGGTAGGGAAATGGAGCTTAGTCATTCACCTGGGGCTGATTTTATGCAACGAGACTGCGGATTATCACTACTTATCATTTTTGGAGCATTTTTCTAGAGACAGACATAAAGCATGATCACCTGAGTTTTATACCATTTGAGACCCTTGCTGCACCACCAAAGTGTAGCATCAGGTTAAATCTTAATAGAAAAATTTTAGCTTTTGCTTGAGAAACCAGTGCTTCCCTCCCTCACCCTCTCTCCCCAGGCTCTCTACCCCTTTGCATCCCTACCAGGCATCTTAGCAACTCTCACTCATACTTGATCCCATTTTCCATTTGTTGTACTTGCTCCTCTAGTATTCAGACATAGCACTAGCTTTCTCCCTCTCTTGATCTTGGGTAGCCTGGTGTCTCGCGAAACCAGACAGATTGGTTCCACCACAAATTAAGGCTTGAGCTGGGGCTTGACTCTTACCCAGCAGTGCTTTTATTCCTCCCTAGTTCACGTTCTTAAATGTTTATCTTGATTTTCATTTTATCCTTTTTCCTTAGCTGGGATTCTGTCCCTGACCGTCTTCACAGTCCAGGTGATCTTGACTACTGCTTTACAGAGAATTGGATCTGAGGTTAGGCAACATCTCCCTTTTTCTTCCTCTAAATACCTCTCATTTCTGTTCTTACCAGTTAGTAACTGATCTCAGATGCCTGTGTGATAGCTTCCAAATTGCTGTCTCTGTCTTTAGTGTTATCTTTTGATCCATCTTACATCTTGTTAGGATGATTGTCCTAAAGGAAGATAGAGCATGAAAATGACAGGTGAAACTCCATTACTGGCTTGTACTGTTTACAGCAAGTTGTCTAACCCGCGGGCCGCATGGGACCCAGGACAGCTTTGAATGCGACCCAACACAAATTCGTAAACTTTCTTAAAGTTTTAGGAGTTTTTTTTGCGGGGTGTTTTTTTTGTTGTTGTTGTCTGTTTTTTTTTTTTGCTCATCAGCTGTCCTTTATATGTGGCCCAAGACAGTTCTTGCAGTGTGGCCCAGGGAAGCCGAAAGATTGGACACCCCTGGTTTACAGGATGAATTCTGTTCTCGTGAATGTGATGCATAAGGTCCCTGGATAGACTTTCCTCAATTTAACAGCTTTTTCATTTTTCACTATTTTCCACATACTACACACACAAATATGACCTCTCTCCTGAAGTCACATGGAATGAATTGCAGTTACCCAAATCATAGAGACGTCATATATCTTTGTGGGGTGGTTCTTTTTGGAATGCTACCCTTGCTGCTTTTAATCCTGCAGATTCAAATGTCATCTCCCCTTTGGTCATGCCTTCCATGGTCTGTTGTTCTATGACCCAAACTGCCCTTTTAAAAAAGCAGTTTTCTTCTGACTCCTGAGCAGTTTGTACTGCGTGGGTCATAGTAATTCTGGGGTTGTTGTCATTGCTGATTTAAATTACCTTAACTATTCTGAGCTTTTTGAAGGAATAGTGTCTTGTACTCCTGAGCTCCTAGTATACTCTGATGTCTAGCCAACTTTAAGTAAATGGAGTGAGCGACATGTAAATGTCTTTATGGTTTGACATTTTATTAATCTTGAGCATTGGAAAAGTGGCTGGTATGACTAAAGAACTGAATTTTTATTTTTTATCTAATTTGAATTGCAACTGTGGACAGTATAGCTGTAGCCCCGGACTTGTTCTGTGGATTACAGAATACGTGGACATTGATGGTTTTCTCTTTTTACTGAGCAGTAAGGAAATAAAAGCTGAAGCTCTCTGGCCCATTACATTTCATTTAACTGCTTGTTTTGTTTTATTTATTATATATTTAGCTGAAAGCTAAGTCCAACAAACCATTTTTAAAGATGTGCCTGCCTTGGACAACAGTGAAAGCAAGCGTTAATGAGTTTGGATTTCAAAAAAAAATGCATAATGAATTTTAGGGAGGTGAGATTCCATTAAACTGTTACAGGAGCTACATAGTTAAATATATCAGAACTTGAATGAAGAATAGGTCTGTGTGATACAAATGAACCCAGCCTAAATTTCTGTCCTACAAGTTTTCACTTCCTGGAAACACTTGATTGGAGGAGCTCTAAGCATCATATCTTGAGTTATAGAAAACAATCACAAAGTTGCTCCTTGAGGGCAGGACAGTTCTTATGGCTTTATCCGTTGCGTAAGCACAGAGAGGTCTGCGAGGTCAAAACTATTGTCATGATAGCAAGATGCCTGTCTTTTTCATTTATTCTCACGGTGTGCAGAGGCTACATGATGTGTGATGACATCCTCATTGATGTTAATGAATGGTGCTATACTTGAATTTTCTAAGGTGTCATTAGATCACTCCTTTATTGTACAGATCAGGAAAAAGGATTTAGTACTGCTATGCTCAAATGAACACTGGGCCCATGTGTCAGGGCCAAGCAACTAGAACATGATTCAGAAATCAGTCAGAGAGAGACACACTTGGACAAGACCAAGAGGCATTTCATTGTCACGAAACAAGGTGGGGGAGGGATTCCAAAACACACAGCAGGAAGTACTTCTAACCCTCAGAGGTCAAGGAGCTTATTCCATGTTGGTATGAGGAATGGCTTATTTTCTGATGACCACATGTGGGACTATTTCAACTGCCACGAGAAATCCCAGAAGGATTATTGTTTTGTATTATTTATATATACTATACCTTTTTAAAAAAATAAAATAAATGTAACACA,False
855,-923,3.6972406,-3.8124766,0.0005474362,6.790096,-6.892194,1.1425016e-06,5.923597,-5.8987703,7.338515e-06,5.4017644,-5.4825435,1.8749817e-05,0.79559684,-1.1264052,0.12763847,0.025642628,ENST00000596058.5,-923,GCGACGGGCGAGGGGCGGACATTCGTGGCGAATGGGACCCTTCTTCTCGTCCCGCCCGCGGGGGCCCCTTGTCTCTCCTCTTCCTCGCCTGCGGGTGTCTTTCATCTGAGTGACATTAGAAATTCTCAATACAACTGGTATTGTGCCCAGCTAAATCCATCTGATTTTTACTTTTAAAAATGAAATACTAGGCTTTAGAATTTCACCATATGAATTTTGGGAGAGAGGAGCACAGTTCAGCCCATAACTAACACACGACGGAATGAAGTTGATAATAGTGAGACCTTGTTGGTACAAGACTATGTAACATAACCTGCGCTTCTCAACAAAGAATTGCTTTTCTGACTTCTGCACTCAATAGCAAGACAAATCTCTCCTCTGCCTTCTCCTTATCAGACTACTCAACATGAAGGCAATAAGAATGAAGACCTCTATGTATAATAATTGACTTCCACTTAATAAATAAGGTTACTTGGTACACTGGTCGACAAAACCTTGAAATGTTGATGTTTAAGGGCTGTTGATTGCTGGCAGCAAAGAAGTCCAACTGTGCTGGTACCCGAGATAGCGTCTCCACATTTTCTTCCAGGATCATCACCTTTGTTCTAAATAGCTCCCACATAGTGTGAACAGAAGTCATATGTTTTAGATTTTCTGCCTTGGCA,False
856,-747,5.9724884,-5.8536267,7.3110627e-06,0.67562187,-1.2497314,0.1272658,4.0475492,-3.7095723,0.00042750302,4.456784,-4.3644814,0.00014753976,5.9468923,-6.2083244,5.2608316e-06,0.025570681,ENST00000558929.5,-747,GATCCGAAGCCCAGCTAAGGATGTCAGCGCACTAAATATTTACTGATCACACACAAATAGCCGGGGCTCGAACGATTTTCCTCTGTGAGGAGAGCGCGGAGAGAAGGGTCCCAGTTCCTCTGGGAATCGTCCTGTATGCAACATCTTCACAAGAGTGGCAGGCAGTTGAATCTCTGGCCTTCGTGGGACCACTGGACATCTGGCAGAGAACCAGGAAACCACGGTTCCCTTCTGTGAGTCCCTCAGCCGGAAAACTACAAGCTCCTCATGCAGCTGCTGTCTACAGACCCCCTGGACTGCCTGGGGAAGTGAGTCGGAGCTCCTGCAGCAGAGGGGTGGAACAGCTACACGAAGATCCGAAGGTGGCCAAAAATAACAGCGCTTTCCAGATGAGGGAGCCAGTTGTCCAGCACAGTGTCATGGGACAGTGGGCCCTGGTGCCACAATGCCCGGCATCTCCACCAGATACAGCTTTGAGATCTTCATGATGAAGCTTGCTCCAATCCAAGGGCTGTCAGGTGGGGTTTGCGGTTCAGCTGCTAACCTTTCTTTGGCTTCTATTGCAAGACCTTCT,False
857,-292,4.3118134,-4.409537,0.00016304036,9.362127,-9.613384,5.741694e-09,10.584596,-10.42706,7.4946926e-10,1.0232413,-0.94336176,0.122754216,3.220971,-3.1621408,0.0016870052,0.024920855,ENST00000438482.1,-292,CAGGAAGGAGCCTCTGCAGAAACGGAACCAGCGGGAACCTTGACCTGAGACTTGCAGCCTCCAGAACTGGGAGAAAATAGATTTCTGTTGTTTCAAGCCCCCGAGCCTGTGGTATTTTGTCCCAGCAGCCTGAGCAGGCTGAAATGGTCCCAAGTTCTTGTCCCACATCCAGAAGAATAAGGTTATGCAGACAACCAGAGAGTGAGCAGGGCAGAAAAAAACTTCTATTGCATGATGGAACAGCTCCCAGCGTTGAGGGGACCTGAGAGTGGGCAGCCACTACCTGAAGAGGGACCACGCTTCGCTTATCCAGTCGTCATTCACGGACCCTGCATTGTCTCTGCCTCTTGGGCTTTGTGAAGAATGCTGCTGTGAACAGGGGAGTGCCCCTGCCTGTTTGGGTCCCTGCTTTCCATTTCTTTGGGAGGTACGTGGAGAGGAGATTGCGGGGTCATGTGGTCATTCTGTTTGGCTCTTGGAGGAGCAGGCATCCTGTTTTCCACAGCAGCTCTGCCATCAAATGGCACTTTCTTAGTGACACCTCCCGTATCTCTCCCCATAAATGTATCTCTCCCCATAAACATTGCAACTCCTGGCTCACCTTCCTTCTCCTGTAACTTGTCACTGTGGAACTCTCAGGTGTGCCTGAGCCGACTCGTAGCAGCCCAGGAGGGCCAGCAGTGAGGCCCCTTCCCCACTCCGTGGTCAGTGCCTTCACACAGGGAGTTTGGAGGTGGCTGTAGTGGGAGGACTCACACCGCAGAAATCAGCCAGTGCTGCAGGTCAGGGGCCGCCATCCCCCAGAGCTGCTGTGAGACATCGACCAGCACATCAGTGGGCTGCTTTCCGCTGGTTTTATTTGCATGTATTTTGGTCTGTTTCCCTACCTAGAAAATAAACTCCCTGTGGCAGAA,False
858,-64,0.99004817,-1.0058298,0.11963638,12.541869,-12.831887,9.5569126e-12,13.905574,-14.005084,7.560583e-13,2.9009392,-3.1376195,0.0023793185,9.309307,-9.40043,7.489709e-09,0.024403142,ENST00000445450.1,-64,TGACAAATGTGCGCACGCCTTGGAGGGCGGGGCCAGGCAGGACAGAGCCGCCCATGACAGGGGGACACCTCCTGGACAGCAGCCAGATTACCTCCAACTCCAGACCACCACATTCAACACCACAGTGAACATCTCTTTCTAGAATTCTTGGACTGATTATCCATCTTGACAAAGGAGGCCTTGAATCAAATTTAATCTGGTTTAGTGCACTTATCAAAGAGACATCGGAGAGATCCCTTGTGCCTTCTGCCATGTGAGTTATAGTGAGAAGACAGCCATCTACTAGGAATCAGACCGTCATCAGACACCAAATCTGCCAGCACCTTGATCTTAGATTTCCCAGACTCCAGAACTGTTAGAAATAAATTTCTGTTGTTTAT,False
859,-221,4.0445623,-4.0490084,0.00030540366,0.73195565,-1.2719845,0.11878986,13.176933,-12.63038,6.194793e-12,11.014624,-11.259086,2.1215407e-10,12.390759,-12.44659,1.6340916e-11,0.023819054,ENST00000582564.1,-221,GAGGCAACTGCCTGGCCAGTGTGGAGGCAGCTTTAGTCCCTGGGACCGTTTCTGTGCCCAAGGAGAGGGAGGGCAGGGGAAGGATGGAATTTCATCTAGAGTAGCAGGTCCTGGTTGCCTGGTAAATTATGCATCAGGACTGGGCTAGCCACTGCCTCCGTTTTCTCTGGGCTCCTGAGATAACCTCCACCTGCCTCTAGATTCTGTGCCAGCTGATCGTTATCTATCTCATCAACTCTTGTTCCATCAGGAAACTGCATCTTGGATTCTGGGTCAACATCATCCCCACGGTGGATCCATTGGTGAGAGCAATAATGAAGCAGGTTTGCCACCAGGCTCCCAAAGAAGTGGGAACACTGACTGCAAAGGGCACAATCTGATTGGATGAAAAGCGAGGCCTCAGAAGCATTGGCACGTGTCCGCGAAGAGCCTAGCTGGAGAGACCCAGACACATGCAAATGGCCTTCTGAGTTCATTCTTGATGGAGAGGAGCTGGAAGAATCCACTAAGGACAAATTGCCCTGTGGATTTAGTAAGAGATCTGTATATAGTGGAGCCCCCTGAGGCTGGCTTGTTAAAGTAGTATCTTCTGCTTCCCTGACAGCAAATTCGTGTGCACTGTTTACTGGGAAATAATTATGGTTTTCGGCACTGGCAAATGGAGTCCTATTTCTAATGGGAGACAGTGGTTGGCAAACATGAAACCCTGAGTTTCCCTCTGAGTCTGAGCTGTGAACTGAAGTCGATGACATTGACAAGTCTACTGGAATATCATCTCTCAGAGCAGAATGCATGAATGATGCAGGAGGGTTATAGGATGAATTCACTGATGATCTTGGAGATATTGGTCTGCCAGAAATAAAGTAGTCAAGAGAATTTTGAGAACTGTTTAAATAGTCTTTCCAGTATCCTTCAGAATCATGGGTGCCAGGCCTATGTTCCACAGAAATACAATCACTCCATACATTTTCAGCATTGACACCAACCTCTTGTCTGGGCTCGGATTTGGTGTCCCACGAAAGAGGGCTCTTTTTCGCATTTTCACTGCCACCTCTGTCCTTCTCTGTAGCAGATTCCCTATCAGGCAGCCCGGGGTCTTGGGACAACCTTTGCCCAGCAGAAGGCCGCTCTGTTGCTGGCTCCATTGCATTGCTTATTCTCAATGAGCCATGACTGGGCTCACTTCTTCTTGAAGAATGACCTCTGCAATTTTCAGCATTTTCTTCAAAATTTTTATTTTTGGCCTGAGGGGTCGATGTCCCCCCAAATCTACTTCTTTTGTGATGGGAAGGAGAACAGGGTGAGCGCACACCAACCCACAGACATTCTTCAGACTGGGTTTCCTCTTCAGTGTCATCGCTTTCTCTTCTGCTGTTCAATGACAAAATGGAATAAAAGTCTTCATCTCGGAACCTAAATGATGCCTTTCTTGGCCCTCCTACAGTGGTGGGTGTGAGTGGTGGCCCCGAGAACTCACTCAATACTTGAGGACTATTTTTTCCTTGGAAGGCCTGGGACAGGGCTGGATGCAGCTCACTCTGGGAAGGAGCACTCGGGTCTCCTTTTTTGGCTCTATCAGGGGCGTTCTCAGTCATTGGCTGTGACGATGGGACCAAGTTTCTTCTCTCTTGATTTGGCCTCTTCAGCTTAGTGTTACACATCAGGCCTTCTTGTTGAACTACTTGATCTGCATTGAGAAAAGACACATTTATCGTTCCAGTAAAAGGGCCCATGGATGAAAGGCCTCTAGCACCAAGTGCAAAATTGCCCTTTAAATGCAACAGACAAGACCTAGAGAAGAAAACAGACACGGTCAAAATGGCTGGAGGTACAAGAGGAGCAGAGCCCAGCAGGCTTCATTTTACTGCCCCGTATTCTCCTTTGTACCCCTGTGGTCCTAGGGAAATGGGGGGACCCTGAGGATACAGATTCTTTCTGCAGAAGCTCCCGGAAGACTGGCCCAGCCCCAGCCAGTCAGGACTGATGATGCGCAAACCTCACACTAAATACTGGCTTTTGTTCCATACGTACTGAAAGGGAAAACCACCACTCTGGGAATGACTTCTACAAAAACCACCAGCCCTTTCTCATCCACGTTCATTCAATGTACATTTATGACACCCTGCCTCCCACGCAGCTTTACAAGAACTTAAGAGAAGTATAACATGTCTTGGCAGATCAGGAGGAAGGCTATAGGAGCTGGCGCCCGGGGAACACTGGGGATTTTGGTCATGTTTACTATTTAGTGAAAATAAAAATTATAAATCGCTCATGAAA,False
860,-340,3.9679039,-4.0975866,0.0003140982,5.936327,-5.987062,6.63338e-06,6.802047,-6.688016,1.3846487e-06,5.2340136,-5.3715153,2.4778019e-05,0.8822737,-1.1389837,0.11698904,0.023467187,ENST00000593517.1,-340,GAGTAAACACTAAATAAATAATAAATAATAAAAAAGATAATAATAACAAGAAAAATGTTTAGTATCTTAATAAAGAAGCAAATAAAAATGACAATGATAATAACAAGGAAGATGCTTAGTACCTTAAAGATACCTGACAGTTATTTGTTAAGTGGACAAGTGGATAAATGAATAACAAACTTTTTAAGGAAATTCTGTTGGAAAAATGCAGAAATTCAATAGGCACAGCTCTTCTGTATTATGAGCACCTTAAAGACCCAAACTGTGTATTCCATCTTTGTCTCCTGCAACTTGCCAAACCTAACTTATAGAGGTCCTTTGTTAAATATATAATAAAGATGTGCTCATACAGTTCATATTGTACAATGTGTCACATTTAGGTATCAGTAGCATTTTCATTGTTGTGAAAAGTTTTTGTAATATTTTTATAATTTTTTTGAGTTTAGAGTTAAGCTATCTGAATATTTATAATGATAATATTTTGGCTATTAGAAACAGAGTATCTTGCTGTAACAAAATTACTATTAACACACTAATTATCCAGTAGATAGAACAACATACCTTGCTCTAATGGAGTAAACATATCTTATTTGGTTTCAACTTAGACGGAATGAAGTTGATAATAGTGAGACCTTGTTGGTACAAGACTATGTAACATAACCTGCGCTTCTCAACAAAGAATTGCTTTTCTGACTTCTGCACTCAATAGCAAGACAAATCTCTCCTCTGCCTTCTCCTTATCAGACTACTCAACATGAAGGCAATAAGAATGAAGACCTCTATGTATAATAA,False
861,-596,1.5861576,-1.637784,0.038274635,11.953321,-12.271721,3.0143787e-11,12.084935,-12.190836,2.8652738e-11,1.142066,-1.3554252,0.07603423,9.759635,-9.829578,3.108224e-09,0.022861773,ENST00000418818.6,-596,CGCCGTGCCCCCCTCTGACCCCCTGCGCCAGGCCAACCGCCTGCCAATCAAGGTGCTGAAGATGCTGACGGCACGAACTGGCCACATTTTGCACCCCGAGTACCTGCAGCCCCTGCCTTCCACGCCGGTCAGCCCCATCGAGGAGGAGGATTGACACCAGCCACACGTATGTCTGCTGCTGACAAATGTGCGCACGCCTTGGAGGGCGGGGCCAGGCAGGACAGAGCCGCCCATGACAGGGGGACACCTCCTGTTCTAGAATTCTTGGACTGATTATCCATCTTGACAAAGGAGGCCTTGAATCAAATTTAATCTGGTTTAGTGCACTTATCAAAGAGACATCGGAGAGATCCCTTGTGCCTTCTGCCATGTGAGTTATAGTGAGAAGACAGCCATCTACTAGGAATCAGACCGTCATCAGACACCAAATCTGCCAGCACCTTGATCTTAGATTTCCCAGACTCCAGAACTGTTAGAAATAAATTTCTGTTGTTTATAAGCC,False
862,-1184,1.4215369,-1.6932077,0.042503133,3.9229054,-4.0255923,0.00035306762,1.5622913,-1.1408026,0.062791035,2.3275783,-2.6860573,0.0066028074,5.977499,-6.177891,5.2599185e-06,0.022451062,ENST00000521034.1,-1184,GCCATTTAAGACATCTACCTGCTTCTCCTTTGCCTTCCATCATGACTGAAAGTTGTCTGAGGTCTCCCAGCCACGTGTCCTGTACAGCCTGTGGAACTACTTTAAAGAAGAATCAGAAAATGGAGACTGGGATTGGAAGCAGAGATCCGATGGCCAAATTACAGTCTGCCACTGAAGCTAACACACCTATGGATAACCCAACCTGTAAACTCAATGTGGAACACAGTTTGAGAAAAGAAGTGAGAAGATTCAATTTTGAAGTTGGATCACTCTCCTACAGGCAATGAAGACCACATCACTGATGAACTCTGACTAATACATCATGAACTTGCAGAATTTTGGATATTTGACAAATCTGAGGAATTGAAGAGACGGGCACCTCACCTTTTCTGAGCAGAAGAGTTCATTTGATGAAACCTGAAGTAGAGAGCA,False
863,-1401,2.2070625,-2.2870722,0.011050858,2.9821057,-3.491348,0.0015415048,3.971402,-3.51698,0.00055923476,1.1753109,-1.2608993,0.080452845,2.0021768,-2.074162,0.016686324,0.022058154,ENST00000484698.5,-1401,GGCGTTGGCCTCCGCGGCCCGTGCGAGTGCGCCCTTCTCGGGTCCCCTAGGTCGCGGGGCAGCCGGGGCGGAAGGGGCTTGTTCATTATTTTGAGAGTTTGTTGTGAACGTCATAACCTTTCGTCCTTAAATATTGCCGATACTTGACCTACGCAAGAGACAATGTCATGTGATTCAGCCTAATATCTCAGAGGATGCAGCATTCAAGGTTCTATCTTGGAAGCAGAGACTGTGCCCTCACCAGATGCTGAACCTGCTGAGCACCCTGATCTTCCACTTCACCTTCATCAGAACTGTTTTCGTATCAGGATGATGCTGGCCTCATACAATGAGTTAGGGACGCGCATGAAATTTGGTGCCGTGACTCGGATCGGCGGACCTCCCTTAGGAGATCAATCCCCTGTCCTCCTGCTCTTTGCTCCATGAGAAAGATCCACCTACGACCTAAGGTCCTCAGACCAACCAGCCCAAGAAACATCTCACCAATTTCAAATCCGAAATCCTTCATCTAATCTGGCAAACACATGTGGCAGGTTTTTCTCACCGCATAAAATATGTTATAGAGTAGTCCATCTATTTCTCTTCCATGGAAGAGTTCATCTGGTAGATTGGACTACCACTTTTCCTTGTGGAGACCTATTCTGTTGGGTTAGAGATGACAGAAAATCTTATTTGTCGGTTGGTTTGTTTGTTCAAGAATACACTGACCTTCTACAAGAAAGGAGAGCTCTTTGACACCTGGAAATTTTACAGAAGCTTGGGACAGCTCTGAATGGCAACACGGTCCTGAGATATGTGATTACCTGGGACTTTCATTGGACCTGCATTTCAGCTCTACTCTCCTCACTGCCCTATGCTGCTTTGACCCTAAAAGTGAAGCCAGCTTGGCCAGGTGCAGTGACTCACACCTGTAATCCCAGCACTTTGGGAGGCCGAGGTGGGCAAATCAAGAAGTCAGGAAATCGAGACCACCCTGGCCAACATTGTGAAACACCATCTCTACTAAAACACAAAAAAATTAGCCAGGTGTGGTGGCACGCACCTGTAGTCCCAGCTACTCGGGAGGCTGAGGCAGGGGAATCACTTGAACCCGTGAGGAGGAAATTGCAGCGAGCCAAGATCGCGCCACTGCACCCCAGCCTGGGCGACAGAGAGAGACTCCATCTCAAAAACAAAACAAAACAAAACAAAAAAAACAAAAAGTGAAGCCAACTCAATTGTCTCATAGAACTGATCTTTACGGTGTTTTTAAATAAACATAGAAATTGGCCCTCCCAGTCTTAAAACTTCAAAAACTTACATTTGTCTTACCTCAGTTCCTTTCTCAGGAATCCAATCATCAAGGCTCCCAGATAGTATCAATGAACGGAAACTTACCAGATCACGATATCTGGACAATGAGATGTCAGATCCCCCTCATCCATCCTGATTACCTAACTGACTACCTGCTTCCTGTTGGCCAACTACTCTTCCTTACCCCTCCCTAATTCTTGTTTTCCCACAAATGGTTACATTTCTGTCCTGCTATAGAAGCCCTTAATTTTAATTGGTCGAGGAGATGGATTTGAGACTGATTTTTTGCTCTCCTTGGCTGTTGCACCTGAATAGCCTTTTTCCCTGGCAATACTTTTTGTCTCAGTGATTGGCTTTCTGTGCAGTGAGCAATGGGACCAAACTTCTGGTGTTTTGGTAACAAATTTTGGTTTCCTGACTGTGAATGCATTGCTTGTGACTCAGCTGCCATGAGCTGGGAGAGTTTCAAAAGCCCTCTAAGCAGCTACCTGACCATTTTGGCCAGAGGTGGATTTTCGTCTCTCCCCATTTGGGCCCACTTCTGCCAACCCCAACCATGTTCCTGATTGCCTAGGAAGAACAGCCTTTGAAATTTGACGTCTATGTACAGAAAGGTGAGTGTCTTTTATGGGTACTAGACAGTGGGAATGGTTCCTCTCCATTTGGGAAATCCCAAAGGCATATCAGTTTGCAGGTTAAACAAGCCAAACTGATGGAGAGAGGATAATACCTTGACTGATTCAGTTTGAACACTCTTGGGGCTTGTTCATTGCTACAGAAGTTGGATTGTGTTTTGGTGATTGTTTGCTTGTGTATGTCTATGTAGTTATGGGATGTCAGGGTTTGATCCCAGAGTGCAGCCCACATGGGTGCATTCTTTGGGTTAGTCTGTATGTAGTTGTGGGTTGACAGAGCAGGGGAAATTCTACAGCCATACCACTCTGAGTGTGGCTGATCTTGTCTGATCGCGATGTCTTTGCATTGTAGTGCTGTCTTACAATTGAATTCATTTTGCTGTTGAATGGGAAAGCAGGATGGAGGTCCATGTATGTATGCTTTTATGCTGCTGCTCTGAACAGGGTTGGGCCTGATTAGTACTGTGATGCTCTTCTGTGGTGCTGTTTGGCCCCAGTGTTCTTTGGAATCCGGGGAATTTTGGCCTTTAAAAGTTAAACTGCCATGGGAACTGATTTACCCAGTTTTAGTTCATAGCCTTCATTGTATTATCTATCAGGGCAAAAAAGTTAGCCGTGTGAACATGTTCGTAAACCAGTGAGTTTGTATTGCTATCTCATGCCTAGAATTCTAAAGTAAAAACTATTGGGTCTTTGTTTGTATATATGTATATGGGTCTAAATGTTATGTGTTGTTTTTACAGGGTACAGATTGGCTCATAAATAAAAGAGCACTCATAAATTAAGTGAA,False
864,-1303,3.8952186,-3.9705515,0.00038350656,2.4202523,-2.5619657,0.006812111,4.6766076,-4.4914474,0.000104308376,1.0799551,-1.1345922,0.09845173,2.6637697,-2.8503387,0.0040133456,0.021953002,ENST00000540684.5,-1303,AAAATAAGCTGATTCTATAGGACAGAAAAAGGAAGAGGGCAGGGGTCATAAGGGGATGTAAGCATAAGATACCCAAGCCAGAAACAGCAACCCTTCCAGGTCCCCTTCCCCCACGTGGAAGCTTTCCTTTCACTTTCGCTTTAATAAATCTTGCCGCAGCACACTCTCTAATCGAGCTGTAACACTCGCCACTGCCGTCCACGGCTTCATTCCTTGAAGCCGTGAGACCACGAACCCTTCGATTGAGAAGAACCTTCGGTCGGAAGAAGACTTCTCGTCTCAGTAACAATAACAAGAAAAACAGCCTAGACTAGACGCACATCAGGAAGACAGTTAATCCCGTCATGTATTGACCCGGAAACATCATCTCATTTGCCTATAAGACAGAGAGAGAGAATGATAGAAATGCTGGAAGAACGAGCCTTGGGGCGGTATCGCCCAGATCTGAATCCACACAGCAGCTGCTTCGGTCCCTGTAACTCAAGGCTTCCTCTTAATCCTCTGTCCTCCATCAACACCTGGCTGAGCAGGAACAACTATGACCTAGGACCAGGGCCTTCAGGAATCTTCACCCCTAACTTGAACTTCATAACACTGGAGAGAGAGACTGTGGAATGGAATGACTCTCCAGAGCTGCAGATTGAAGGCATATTTTCATCTGACTTTGATCTCAATGGCGGGAACACCTTCATGGCCCCTTTATAGCTGGATGATCATTTCCTGTTCTCTCCACCATGGCCACCTGGTCCAAGCCACCATCTTCATGCACCTGGATACCTGCCATAACCTCAGCTGACCTTTCCTGTGTCCATTCTTGTTCCTTTGGGCCCAGTCTCCTCGCTCATAGCAGCAGAATGAGTCTATTAAAAAGTGAAACAATTTCTGTCA,False
865,-631,7.253525,-7.3758383,4.4314734e-07,5.0301948,-5.2331176,3.488871e-05,4.899548,-4.745143,6.476429e-05,1.5645219,-1.750736,0.035051443,1.2027413,-1.3169489,0.07448932,0.02192817,ENST00000526091.1,-631,GAGGGAGCTTGGGAGGGCTTTTGCTGATGCCACTTGTTCTTCTTGCCATAAAGACGGTGTCTGACTTCCAGGCAACAATGCACACAGAAGTTACAAGTGTGGATACTAGAGTCAGAGCCTGGATTCCAATGCTGCTTCTTAACAGCTGTGTGACTTTCCACAAGTAATGCAACATCTCTGGGTCTCTGTTTCCTGTTCTGCAAAATGGGGGTACTGTCTACTTGCCCCAGGGACCTGCTGTGCTGAGGATCATTCCCAGGAAGCACCTAGCACCATGCTGGGTCCTGGCAAGCCACTGACAAATGTTCACTGTCACAATGGCCCTGCTTCCTCTGGTGCTCGGCACCAGGCTGACATCGAGTACACAGTCAATGAAGAAACAAGGAGACTCTGCAAGGAGATACATTAGGATGATGTACTGACAAAGCCTTGGGAAAACTGCTGGTGCCTTTGCTGGGGGGAAGATTTCCAGATGGAGCTCCTCAGGATGGCCTGCCAATCCAATAAACTCAGGTTCCTAGAAAGCCTCCCCCACCCCACCCCACCCCCACTCTGTAAGCCCCACCCAAACCAGGACAGCAGCAATTCTCCCCTTCCCCTGGTGTGCCTTCCCCGGTGGTCTGTTTCTTTAGGACAGGAACGCAGCTGTCTGGAAGGCACCCAGGGAAGCCATTCCTTGGGACATGTCCCCTGACCCACCCCCGGCAAGGCTGGGATGACAGAAGGACAAACCCAGCCAAACATATGGACCCGTGGCCCAGGATAGGCAACAGCTGGGCCACTGCCTGACTTTTCTTCTGCTCCTTGGAATATTCTGGCAATGAGAAGACATAGTCTCAGCAACTTATAGACATTTTCCCAGGAAATCCTAACCGCTAAGGGAACAATTTGCTCCATTCTCACACATTTCAATCTACTTATTTGGAAGACCAATCCTTGCGTGGGCATGCACGCACATGCGCGCGCGCGCGCACACACACACACACACACACACACACACACACACCCTTCATGTGGTCTTGTGTAGAAGTACACAAACCTGATAATAGCAACCACTAATATTTAGTATATGCTAAGTAATAAAAGTAGCTACTATAGTCATCATCTCATATAGTCCTCACAACAAGCATTGAGACAGGGGCTCTATCCACATTTCACAGATGAGGACACAGAGGTGGGCTGCCTTTCACAGAACAAGCTGCTAGCCATGCTGGGGCTGGCGTCGGAGCCCAGGTCTAAGAACTCTGGTACAAGGAATCCACTCCCTTTCCCGGATTTGCCTCCTCCACCTGTGCTTAAGGAGTTAACCTTGTCGGAGAGGTTTTCTTTCCTTGGTTATGTTTTCTATTCTTTGGGTAAGTTTGACAAAGTGGGGTTCTTTTTCATCGCCAGAGTCTGTGTCCCTGGAGGCTGAGGAAGGAACCAGAAGTTGCACTTTCCAACATGGATCGCCTGCTAATTTTCCAAGGCAGCTCAGCCCCTGCCAGCGTCCCCTCCCTCCTTTGGGCTGAGGGCCCAGGAACCCAGCCTCAAAGTTCAGCTTGCTTCCTCCAGCACGCACATTTGGAAATTGAAATTTCCCACATTTTCACCACACAAAAGCCAGGTTGTATTTTTGTTCTCTTCAAAATATGCCAAAGGAATTTTTCCTACCCCTTGAACTTTCTCCAAAAATAAGTAGAAAAAGTCAAGACCATTTTGCCCTGTAAGCTGAGAATAGAAAAATCAACATGCAGGGTGCCATTTCCAGGATGTTACGAAACAGCGAACATGTGAATCCGTCTCAACACCATTTGGCAACTTTGGGGATACAGTAGATGATATTTCTCACCCACAAACTCCTCACTGAGTTTATATTAACATTTTGCTTTTTTTTTTTAAAAAAAAAGAAAAAAGA,False
866,-446,2.6697962,-2.6820633,0.0047169747,2.3956728,-2.9779396,0.004615943,4.8890853,-4.7633286,6.4266074e-05,1.1711508,-1.0962629,0.09385795,2.5589643,-2.6856513,0.005248161,0.02170066,ENST00000593300.1,-446,AAACAGGTTTAAGAATGAAATATTGATTTTTCTGACCCTGAAAAAAAAAAAAAAATCCTAGAGTGACTGAACCAGAGGATTGGAAAGAACATTTTCTAGGGTGCATTTTCCAGATAGTAATCACTGTTTTGTTTTATTTTTGTTTTTCTCTATCTTTTAGGTCTGTTTTGCCTGAACCCATCAACAGCTGGGAGATTAATCAACCACACTGAAAATGTGGAGGGATTTATGGGGGAGGGGGTTGAAATGTGGGTGTTTGAAACAAAAGTGTATAAACAAATGAATTGTTGATAACTTAGTTATTGACCTGGAGACTGGTAGCTTATTAAAGAAACTCCGTGTTACTCATTCCTGGAGTTGGGGGTTTCTGTAGGCACTTTATTTCTCCACTTTCAAGAGCTTGGGCTTGGCCCAAATCTTAGACTGTCCAATTCTGCCTCTATTACCAATTTAAATCTATGGCTTGAACCTGTGCACTGAAAATCAAATCCTTTAAAAAGAAAGAGGAGAAGAAGAAGCAAAAAAGAAAGAAAAAACACTTATTAGAAGCCCTAGTCATTTTTTGGCTTTCTGTTTTGTTGCTGTCCATTGAAGACTTTGAACATGCCGCCTTAATAAATGTATTAAAATTGAAAAAAGAGGATAAA,False
867,-991,1.3401384,-1.4153926,0.059775032,13.253528,-13.588998,2.2000843e-12,12.57495,-12.669215,1.0879232e-11,1.3764826,-1.6238043,0.047412906,11.976031,-11.982703,3.9341762e-11,0.02143759,ENST00000503938.1,-991,TCCGGAAGACGCGGAACGTAGCCCCTTTCTCACACTCCTGGGACACAAAAATACCCGACAACTCAAAGTCGCCAAACCACATCTTTTCATGCTTTGAAGACTTCTGCCCAAGGCTGTGGCAGGAGTACCCTACAAGGTTTGCACAAAGCAAGAAAGCATCATGTAACCGAAATGCTGAAAAGTATAGATGCTGCAAAACCTCATTCTGAGACTGAGAACTATGAATAGTCAGTGTATTTCCTTCTGCGGTGCAGAAAAAGAACAACCAAAAAGAAAGCAACAAGGGGAGATGTTATTTATTTTAATGACACCAAAACTACCAATCCTAGCAATTTAATAAATTAAAATCATAGTCCTTTAAATGTA,False
868,-339,4.6235495,-4.738168,8.594499e-05,7.009942,-7.0872912,7.544827e-07,5.5715384,-5.502984,1.5502063e-05,4.94072,-4.9941773,4.845157e-05,0.9200443,-1.2209888,0.10517212,0.021064553,ENST00000596537.1,-339,GAAGAGCTGAAGATTTCAAACAAAAGAAACTGATGCAGGAGGGTGCAGCTTTGGAGTCAAGAATGAAGTTCTAGGAGATAGAGAGCAAAGAAATGGTGGGAGAGGAGGTCAAAAAATACTAGGCTTTAGAATTTCACCATATGAATTTTGGGAGAGAGGAGCACAGTTCAGCCCATAACTAACACACGACGGAATGAAGTTGATAATAGTGAGACCTTGTTGGTACAAGACTATGTAACATAACCTGCGCTTCTCAACAAAGAATTGCTTTTCTGACTTCTGCACTCAATAGCAAGACAAATCTCTCCTCTGCCTTCTCCTTATCAGACTACTCAACATGAAGGCAATAAGAATGAAGACCTCTATGTATAATAATTGACTTCCACTTAATAAATATCCCCACTTTTGTTCCTAGAGCAACACGCTGTCCTGGATAGCTAACGTGTTTATGAATGCAAGGAAATTTTCAAAAAGGGAGTTTGAAATTTAACTCCACAAACTACTATCTGGATTGGAATGCTACATTAAATGTATTATAATTTTGTATGGACATATAAGGATGGGGAATGAAAAGCATCCAAGGCCATATGTTGATAATCTTTTGATATGTTAAGAAATAATCTAGTGTTATTTTCTATTTCTTCTCAAATGTTTTTA,False
869,-973,2.4558046,-2.8180857,0.00509752,3.220015,-3.33522,0.0014206275,5.2009344,-4.7459936,4.787218e-05,2.7201371,-3.0489578,0.0031128621,0.9860505,-1.2623308,0.095489204,0.021033619,ENST00000521267.5,-973,CGGGTTCCCACCGCCTGAAGGGCGAGACAAGCCCGACCTGCTACAGGCACTCGTGGGGGTGTGGAAACAGGAAGAGAACTAGAACTGGAAGTAAAGCATTGAAGATGTGACTGAATTGCTGCAATCTCATGATCAAATTTGAATGGATGAGGAGTTGCTTTTTAGGGATGAGCAAAGAAAGTGGTTTCTCGAGATGGAATCTACTGGTTGCTCCTTGAGGGCAGGACAGTTCTTATGGCTTTATCCGTTGCGTAAGCACAGAGAGGTCTGCGAGGTCAAAACTATTGTCATGATAGCAAGATGCCTGTCTTTTTCATTTATTCTCACGGTGTGCAGAGGCTACATGATGTGTGATGACATCCTCATTGATGTTAATGAATGGTGCTATACTTGAATTTTCTAAGGTGTCATTAGATGAGGTCTTGCTGTGTTGCCCAGGCTATTCACAGCTGCCATCATAGTGAACTACAGCCTGAAACTCCTGGGTTCAAGAGATCCTTCTGCCTCAGCCTCCTGAGTAGCTGGAACTATAGGCATGCGCCACCAAGCCTGGGCTTTTAAAAAAATTTTAAAAAGAATTTTGAGACAGGATCTTGCCATGTTGCTCAGGCTAGTCTTCAACTCCTAGCCCTGAGTGATCTTGCTTTGGGCCTCTCAAAATGTTGAGTTAATAGGCGTGAGCCACCATACCCAGCCAAAAATTTTTTTAGAGATGGGAATGGAATGATCTTGAATAGTGTTGGTGCCACCTATGTTGTGGCATCATTTTGAAACCAATCATTCAGAGTGCTTTTTTTGGTAAGGCATTATTTTTTAATGCAGGTATGCCACTACTGGGAAAAAAAAAAAAA,False
870,-1482,2.5686405,-2.9159713,0.0041329945,5.3749514,-5.4946017,1.902852e-05,4.3509927,-3.9588068,0.00024603293,0.9767755,-1.2311218,0.09904356,4.4833574,-4.590532,0.000114606795,0.020711245,ENST00000521090.5,-1482,AGACAAGGTAATAATATCAGATCTCTGTCTATATATATGTGGAGTTGATTGAAGGACTCAAAGTTTTATACAGACCAAGTAAAGGCACTGGACCCCTGGAAGACACACTCTGATGCCAGCAGAACAGGCTTGCACTCATATCCAGAGTTTGAAGACCACTTCCATGGACCACTGCTGGCAGAAATGCCCCCAGAGTGGTCGACCAACTGTGCACCCATGCTCCTAGCCAGAGTAATAGCTTCATAGCCCCACCCCCAGCCAGCCAGACCCCAAGTTGGCTGATCCACCATGTGCATGCATGTGCCTCTGAACTGAAAAACAGCCTGTGCAAACATGAGTAACATGGCCCTGCTCTGGAGACTACTGGGAACACAAACACAGCCATTTAAGACATCTACCTGCTTCTCCTTTGCCTTCCATCATGACTGAAAGTTGTCTGAGGTCTCCCAGCCACGTGTCCTGTACAGCCTGTGGAACTGGAGTATACAGCCATATGAGAATCACTGTTATAGGTGATGAGGCTCCATGAGAGGGCATTAACTTCTAAAAGCATGAGAAACCATCATCTTCTTCTGCAATGAGAGAATCAATGTGCCTCATGAAGTTACATACCATGATGAAATAAACCATAATCCATCCAAAGTTTACCAGCCTCTTATCCCTGCAGCGCCACATTTAACTTGACTCTGAAGTTACAGTTAAATTAAAAGGGTTTGCATATTTTATTCTCTCTAGTGATTTTATTGCTCACTAGAGATTTGCTGTATTAAAAAG,False
871,-1186,4.034362,-4.0809965,0.00029882358,1.80097,-1.9847819,0.022188304,4.618011,-4.188862,0.00014967818,1.9792279,-2.1498487,0.015842708,1.2931243,-1.3800218,0.06457665,0.020611232,ENST00000580467.5,-1186,AGCTACATCCGTCACCTGACACGGCCCTACCAGGAACAGCCGCGCTCCCGCGGATTCTGGTGCTGCTCGCGTCCCCGCTCCCCTATTCCCCTTATTTTATTCCTGGCTCCCCTCGTCGAAAGTCTTCCATTCTTCAAACTAGATTATTTAAAAATGAAAAAGGAAGAAAGGAAAGCGAGGTCATCTCATTGCTCTATCCGCCAATCAGGAGGCTGAATGTCAGTTTTGAACTAAAAGCCGCTCCGCTCCTCTTCTAGATTTGGAAAACAAGCGAAATTAAACTAAACCGCTGCACGCCTCTGACGCGACATCTGGACACGGCGCGGCGCTGGCGCTGCCGGAGCTGTCGACCCGGCCTGGCGCCGGACTAGTGTCCCTTTTGATGAGAAGAATAAGCCTCATTCTGATTCAACAGCAGAGATCAAAGAAAAGACTTCTGTTTTCTGGCCACCAGATATATGTTATCTGTGCTTAAAGAATTGAAAAACACACATCAAAGGAGAATTTTCTTGGAAAGAGAGGGTTCAAGCATCACTGTTAGGTGTGCTGGAATCCTTTCCCGAGTCAGTACTGCTTTCTAGAAGAAAACCGGGGAGATCTATTTGGAATGTATCTAACTCCAAAGAAACCATCAGAGGTAACAGTAGAGACGGGGTTTCACCATGTTGGCCAGACTGGTCTTGAACTCTCGACCTCGTGATTCGCCCGCCTCGGCCTCCCAAAGTGCTGGGATTACAGGTGTGAGACACCACACCCGGCGGATAGAGAGAATTTTGACAGATATGACACATTCATAATTTAAACAGAAGCCTACGAAGAACTCATAAATTAAAAGAAGATAATCTTTTCACAAGGTGATGGAGGCTTTTTATTTTGCCACAAAACCACTGGTGACGTTGCCTGTGGCCACCTTGGAGAAGACACTGGAGACAGGGTCTCACTCTGTCACCCAGGCTGGAGTGTATTGGCATGATTACAGCTCACTGCAACCTTGAACTCCCAGGCTCAAACCTGAGCAGCTGGGACTACAGATGCACCACCATGCATGGATGATTACGGAGCTAGGAATTTCCTACGAAGCTGGGTGATAAAAGGACATTGGACAAAAACACAGATAGCTTCATTCTATACCAGGATCCATCACTGATTAGCTGTATTATATTTGTCTCTACTGTAATTTGAGGAGAATGATACCTGCTTCTCTATCTTGTTGGGTTTTACAGATGATGTATTGAAAGTTCAATAAAATCTATAAACAAT,False
872,-1473,1.0221629,-1.157615,0.10158119,6.643774,-6.604779,1.7628934e-06,4.167349,-3.8113062,0.0003425827,7.5194592,-7.660964,2.554028e-07,3.7761478,-3.6906588,0.0005714246,0.020499444,ENST00000520944.5,-1473,CGGAAGAGGCGGGGCCACCGGAGTGCCTAAGAGCTGTCTTCCGATGTCGCTCTTCCTTTCCCGCGCGACCGGCGAGGGAGGAAGAAGCGCGAAGAGCCGTTAGTCATGCCGGTGTGGTGGCGGCGGCGGAGACTGCGGGCCCGTAGCTGGGCTCTGCGAGGTGCAAGAAAGCCTTTGAGGTGAAGGTGTATGAAAGTCATCATAACAGATGTTTTCCAAAAACTTGTAGAAGGTTGTGAAAAAACTACTAGGATCACGCGGCATGTATTGAGCATATAGGTTGCTGTAGATGAATGTTCTTAGCTGTCATGTTTAAAAATACTTCTGCTTCGTTACCTCAAGTGTGGCATGCAGCATTTTGGAAGGAAAATTGAAGACGTGTTCAAGAAAACATGAACAGAAGCAAATGATGAAAATGAGCATTTTACTTGATGTTGATAACATCACAATAAATTATGGAGAAAAATACATATTTGGCTAACTTTTAATTGCTGAACAATAAAGTGTTTTCTTTTAAATCAACTCTAAATAGCTCCATTCTCATAGTCACTAGTCAGACCTGTTTTGAACATATTCGAAAGATTATAATCTTGTCAATAATTAGCTTATTTATGGGTGGTGATTCTCATTGAGGCTGA,False
873,-918,4.2486544,-4.3542595,0.00018353642,7.723924,-7.802624,1.8067814e-07,5.163082,-5.111555,3.4495843e-05,4.3108,-4.3622117,0.00017111358,0.935346,-1.2422104,0.1017841,0.020434687,ENST00000598448.5,-918,CTCCCCGAGCGGCTCACCGGCTTTACGTCGGTTGGTGGCCGCGTCTGGGACCGAACCGGGCACCGCCTTGTGGAAAAAAAAGAATAGAATATACCCTGTTAAATCAGACATGATACTTGCTTTTGTGGAGCTTATGCTTTAGTGCAGAAACAGAAAGTCAAGCAAAAACTCAAACTATGTAACTTTAAATTGGATATGTGCTAATGAAGGAAAATGTGGCACTGTAAGAAAAAATAATAGGGAGTTAAAGGATAAATAGGAGTTTGCTGGATGAAATTTATGAAGAGCTGAAGATTTCAAACAAAAGAAACTGATGCAGGAGGGTGCAGCTTTGGAGTCAAGAATGAAGTTCTAGGAGATAGAGAGCAAAGAAATGGTGGGAGAGGAGGTCAAAACGGAATGAAGTTGATAATAGTGAGACCTTGTTGGTACAAGACTATGTAACATAACCTGCGCTTCTCAACAAAGAATTGCTTTTCTGACTTCTGCACTCACAAGACAAATCTCTCCTCTGCCTTCTCCTTATCAGACTACTCAACATGAAGGCAATAAGAATGAAGACCTCTATGTATAATAATTGACTTCCACTTAATAAATAAGGTTACTTGGTACACTGGTCGACAAAACCTTGAAATGTTGATGTTTAAGGGCTGTTGATTGCTGGCAGCAAAGAAGTCCAACTGTGCTGGTACCCGAGATAGCGTCTCCACATTTTCTTCCAGGATCATCACCTTTGTTCTAAATAGCTCCCACATAGTGTGAACAGAAGTCATATGTTTTAGATTTTCTGCCTTGGCACCCAGG,False
874,-365,2.4518833,-2.8307724,0.00505326,3.843113,-3.975389,0.00040206208,5.298579,-4.855509,3.891515e-05,3.8258593,-4.190619,0.00032987114,1.0094775,-1.2420001,0.095222086,0.02020924,ENST00000489616.1,-365,TCTGGATGGCGGCGGCCGCGGCTCCGCCCCGGGTTCCCACCGCCTGAAGGGCGAGACAAGCCCGACCTGCTACAGGTGTGGAAACAGGAAGAGAACTAGAACTGGAAGTAAAGCATTGAAGATGTGACTGAATTGCTGCAATCTCATGATCAAATTTGAATGGATGAGGAGTTGCTTTTTAGGGATGAGCAAAGAAAGTGGTTTCTCGAGATGGAATCTACTGGTTGCTCCTTGAGGGCAGGACAGTTCTTATGGCTTTATCCGTTGCGTAAGCACAGAGAGGTCTGCGAGGTCAAAACTATTGTCATGATAGCAAGATGCCTGTCTTTTTCATTTATTCTCACGGTGTGCAGAGGCTACATGATGTGTGATGACATCCTCATTGATGTTAATGAATGGTGCTATACTTGAATTTTCTAAGGTGTCATTAGGTAGGTTTAGGTATGCATACTTGTTTTTAGAAATTATTTTTTTCCTTTTTCCCATTTTTAGAAATCAACTCATTTTTTAGGTTATGCCTTCAGTAATCTTTGCAACCTCAATATTGTGTAATGGTTACTTTAAAATACTGTAGTTTTCTTTG,False
875,-286,2.0070705,-1.9819098,0.018181885,1.3576978,-1.5705868,0.050772928,7.4423356,-7.2782936,4.0449393e-07,4.6106887,-4.570848,0.00010291167,1.7211701,-1.6979821,0.031702243,0.020152073,ENST00000595422.1,-286,GTAGTTCCCACGGCACCAACACTAGTAAGCGGCGTCTCGCTTCACCTCCAGGTTAAAAGCCCAGAGAAGACCGCCAGGGGCGCGTGGAAATGGTGTCCCTCGTCTCCAAGGCCCAGACGGAGCTTAGCTTCCTCTTGAAGGAGCCATATCTGTATTTCTGGTGAACGTCGTGTTTGACATCAAAGGAATGTTTAGAGACATGATTTCAGCCTTCCTTACGCAGAGAATGCTCATCAAAAAATAAAATGGACACACCATACACTGACGTCACTCAGATTTCTATGGCTGGAAGTTAACAAATATTGTTTTCAAATGCGTGTAGCCTGATGCTCCAGAGTTAGTTTGGCGAGCCTCAGCATTTTCTGTCAGGCACAAGAAAGAAAAGACTCCAGACACCATGATGTGGAACGTGGAGTGGGGATGTTTGGTGGCCTTGAAGCTGGAGTGCAGTGGCATGATCTCAGCTCGCTACAACCTCCATCTCCCAGCCGCCTGCCTTGGCCTCCCAAAGTGCTGAGATTGCAGCCTCTGCCCGGCCG,False
876,-994,5.7746744,-5.643155,1.0997523e-05,1.1341599,-1.8327178,0.04894486,5.9919915,-5.7035418,8.330875e-06,6.6110473,-6.7236757,1.6173457e-06,1.3016773,-1.6227825,0.050957583,0.019984677,ENST00000498917.2,-994,GTTTGGGTGTGGCCGCATGGCGTGCTGTGGTGCAGGTGGCCGAAGGGGGCGTTACTGTTGCGACTGGCATCCGCATCCGGCAGATGTAGATGGAACCAAAGTCCAGAAGTTACGCGTCACCCTTGCTCTACAGCCAAACATGCAGGACTCTAGTAACCCGCGAAATGATGGGATAGCGTTGCAAATCCTTAAAAGAGTCTTAACGAAATCCTGGCTGACATTGACTTCTCCACTGCAACCATCGAGTTCATTGTCTCCTAAACCTTGCCATGGAGGCCTGTGGCACCTGAGCCAGCCATTATCATCACCAGCACTTCCATGAGCTACAAGCTGGACCCACTGCAGTCCTCCTGACACACTGAAATCAGAGCCTGCACACAGAGCAGCAGATGCTTCAATGTAAAGGTCATTTCCAGCTATGTGTTCCAAGATTACTGAAGCAGGATTCTGGCCTTCCTGATAAGAACATGACCAGATCCAGCTGGTTTGCAACAAGATGAACTTCAGTGCTGAGCTTTCACCAAGTTTTTCTCACTACAATCTCATTGTAATACTAAAATCTCCACCCAAGATGGAGGTTATCTGCCATTTTCTGTACATGTGTTACCAGAAAGGGGTCCTGATCCAGACCCCAAAAGAGGGTTCTTGGATCTCACGCAACAAAGAGTTCGGGGCGAGTCCATAGAGTAAAGTGAAAGCAAGTTCATCAAGAAAGCAAAGGAATAAAGAATGCCTACTCCATAGGCAGAGCAGTGGCTTTGGCTGCTCAGCTGCTTGTACTTGTTACTTCTTGAGTATATGCTAAACAAGGGATTGATTACTCCTTGTTTAGCAGTTTTCTGGGAAAGGAGTGGGCAATTCCCAGAACTGAGGGTTCCTCCCCTTTTTAGACCATATAGGGTGACTTCCTGATGTTGCCATGGCATTTGTAAACTGTCATGGCGCTAGTGGGAGTGTCTTTTAGCATGCTAATGCATGAGCAGTGAGGATGACCCGAGGTCATTTTTGTTACCATCTTGGTTTTGGTGGGTTTTGGCTGGTTTTGGCCGGCTTCTTTACCACTTCTTTTTATCAGCAAGGTCTTTGTGACCTGTACTTAGTGCCGACTTCCTGTCTCATCCTGTGAGTAAGAATGCCTAATCTCTCAGGAATGCAGCCCAGTAGGTCTCAACCTTATTTTACCCAGCCCCCATTCAAGATGGAGTGACTCTGGTTCAAATGCCTCTGACACATGTGCCTCATGTTTGGGCATGAGACCTCACTGTGTAGGTGCAGAGAAGACCCTGCCTAAACATTGCCTACACGTTGCTCCTTTTTCCTGCCTCAACTTCCTTAAAATGACAAGAGCAGAGCCCTTTTGGGAGCTAACATCAGGACTCCTTTTCTGTACTCTGCTCCGTTGTGCTGCTAGAGCCACAAGCCTATTAAACTTTGCCTGAAATAAA,False
877,-556,1.3796022,-1.2839999,0.06515559,1.3657464,-2.0282795,0.03248269,5.88865,-5.575287,1.0501974e-05,4.3446703,-4.270472,0.00018130604,3.1844735,-3.3293169,0.0014806532,0.019862149,ENST00000447959.1,-556,TGAGAGACAGCAGTTGGCAAGACAGTGAGAGACAGCAAGAGATGGCAAGTGACAGTTATTGTTAAGATGACAAATGGAGAGATGGCAAGAAATAGAGAAGCAGTCAGTGATGGAGGCTGCAAGAGTTGTAACACTAACCAAAGGCTCTTTTTAGAATCATCGTTTTCCCTGGCAGGTGGTACAGCCAAGCAGACAGGCAAGTAAGTGGCCATACTGCTACTGCCTCATGTAGGATCCGGCAGGCTGGTGGGTTATCAGTCCTCACGTGGGACCCTCCCACCATGGCAGCTGAGCACATCCAAGCTGGGGGATCCTGAAGAGACCTTCACCTGGGTGCCACGTGGAAGATTGGCCAGCACCATTTTGACTCCTGTGGATGGCACCCAAACTGCACCTGGTCACCTGTCTACATTCAGATTTAGATGAAAGCCACACCATGGAGGCAGCCAGAGGCCCATGGGAGATGTCTGGATTCGCAGAGGAATAGCTCCATGTGATGCAAACCTTGACTAATGGGAACAGGAAAAGGGAGGAAACCAGGAAGATAAATCTCCCTCCCTTCTCATTGCTCCTTGCAACCCTTCCCACTTGAAGCATGACCACATTTAATGAACAACCTGCTGTGTCTCTTGGAAGCTTGCTGCAAGGCAGCAATCAGCACAATAACATTGTATTGTATCTTCCTCTGCTTCACTTCTCTTCCTCCCTCACCCTCACTGCCCTGAGCTGGCACATCCCAAAGAAAGCATTACCACATTAA,False
878,-1098,0.9857218,-1.3201594,0.09063705,3.307363,-3.2726152,0.0013859563,3.1914155,-3.1722877,0.0017200108,2.5615942,-2.6422844,0.005465178,7.1731467,-7.1863604,5.804239e-07,0.019841757,ENST00000591892.2,-1098,CATGATGTCAATTAGAGTTGTTATTTCTAAGCGATAGAATTGTGGGGTTTTTTTTCCTTTTTAATAGATTTCCAAAAATATTCTACAATGGCTATGTATTACTTTTATAATTAAGATGTTAAAGTCCTGTGGGGTCATTTCAGAAAATAATCATTACTGTAATGATTTTTCAGTCTTTCCAGTGTCAGCCTGCCTTTAGCTAAGATAATTCCAATAGTAAACGGACAGATCCATTCAGTTTGCAGTGAAACACCTAGTCATTTTGTTCAGGGCAGCCTTGAACATACCAGGAAGCAATAGGAAAAAACTGGAGAAAGTGAAAAGGCTGCGATGAAGGAAAAGAGGAGACAAACAAGGGTGACATTGGCTGGGCAGCAAAGATGACCAAAAGGCCAAGAAGCCTGTGCTGTTCCAGTATTGATCCGGTGCTCCTCCGTCACCATCCGACCACAGAACCTCAGGCTGATAGTTGTTCACTAACTCATAGAGCTCTGGCAATGTCTTAGAAACTGGAAATTGCCGCTTATGGAATGAACTGGATTCATCCTCAAGGAAGAGCGGATGAAACCATTCAAAAAGGGAATAGTACAGTCCAAAACGCAGGTTCTGGCTCTGTCACCCAGGCTGGAGTTCAGTGGTGCGAACTTCGCTCACTGCATCCTCGACCTCCTGGGCTCAAGTGATGCTCCCACCTCAGCCTACCAAGTAGCTAGGACTACAGCTTGGGAAAGTTCCTAGACATCAGGAAATCAGCATGTTCTCAAGCAAATACACTTGATAGACATTCATCTCAGCAGGATAAATATCTACAGGAGAAAATCATGAAGCTACCAGAATGTGGCCAAAGGGAAAAATATCCTATGATCATTCCAGATTTTTTGTGTTGGTTCTCCTCTCCTATTCCCATCCCATCCCTGGAGAAAACAATAAGGCAAAGTTTCCCGTTTTTTTTTTTTTTTTTTTTTGAGACAGGATCTCCCTCCGCCACCTAGACTGGAGTGTAGTAAGCCTATCTCCGCTCACTGCAGCCTCAAGCAGTCCTCCAACCTAAGCCTCCCAAGTAGCTGGGACTACAGAGACATACCACTACGCTAATTTTTTAGTTTTTGTTTGTTTGTTTGTTTTTGTAGAGACAGGGTCTCACTATGTTGCCCAGGCTGGTCTTGAACCCCTGGGCTCAAATGATCCTCCTTCCTCGGCCTCCCAAAATTTTGGGATTACAGACATGAGCGACCACATCCAGTGCAAATTTTTTTATACCAAGGCAAAGATGATCATGCAAAAGAAACTAATGAATGAACAAGCCGTTGGAACAAAAACAATTTGTTAATGCTTCCCTGGCCTTACAAATACTGGAGTGGTAATGGGTGGAATCCATTCTATTAAAATAGAATGGATTTTAAATGTGTGGGGGTTTAGATATTCTTCTACCACCTCTGATTTTTCTGGAAACCATTACAGTTCCACAATCCTTTTCCCTCCAGGTGATCTGGGTCACTTTCATCACTTTCATCACTATCAGTTCATCCACTATTTGCACCATTTGGCCAGCTAAGAGTTGGCTAAAAGTGCAGCCAGGTGTGTCGTAATGATGCAAGACTATAGCAGTATAATCCCCATGATGCATTCACAGGATGCATTACAGAGAAGGGGAAGGAAAGAGTGCAATTCCAAGATGAACTTTGACTTGCAACCCACACTCCCTTCAACAAACAGCTTTAAGTAAATCTTGGAAATATTGTTCAAAATACATGTGACAAAACGTGACCATCTTTCCTCTGTTACGTGGCGGGTATGATCCTTTCTGTATTCCTAACATCTCTCAATTTGGGTTGAATGTGCAGTCCCTAAGTCATAAGCAAGTGCCAGTCACCACTTATGGTTGCTCCGAAGAGAAAATTAGACCTTGCTTTAGTTTTTTCTTCCAAAAGAACAACTTTTCATTTCTTAACCATTGTCAGCAATTTCCATAGGCTGGATTGACTTACCTTCATGATGTTTGGAAGTTAAGACAATGTATTTGGCACCAGAGGCCTGAAAAATATCTGCCCACTGGTTGGCATTAAAAAATTTTGCTGT,False
879,-524,6.2129116,-6.2985253,3.6842625e-06,3.4021091,-3.4390228,0.0010677512,6.07649,-6.2160378,4.585861e-06,3.1611965,-3.2915843,0.001573653,1.1144072,-1.122031,0.09652571,0.019835075,ENST00000599026.1,-524,GGAAACCTCCGCACACAGAGGTGTGCGCATGCGTGCTTCTGTCGGGGACCGCGGCGCACGGTGGTTCGCCCATGCTTGCTTTTGTCTGTTGGAATCTGGACAGTTGACCGCAGGAAGGGGAGGGTGGGCAGAGAGATTTTAAATCCCTGGGCTGACACTCATCTCGTCCAGTCCCGTGCCTCGATCCTCCTGCCTTGGCCTCCCATCCCCACGCCTGGCTAAGAGTTTTGATTTTTGGTTTCAGGCTGGTCTCGAACTCCTGGGCTCCATCGATCTTCCCGCCTCGGCCTCCTAGATCGCTGGGATCACAGGCATGAGCCTCCGTGCTCGGCCTCCTGTACCTTTTTAAATGCTGTGTATTCTCCCCTCAATTTTTATTGCCTGAGTTTCAGCCTCGTACATCTACCCTGGACTCTCAAAGCCAATGTGTCCAAAACAAACTTACTTCTTCATGGTTTTCCACTTTAGTGAACAAAACCGCTGGACTGGCTGGAAACCTGGTGGGCTTCCGTGTCCCCTACCCTCTCCCTTGTCCCTTACCCAGGCTGGGGCCGACTGCCGTGTCTGGCACTGGGACTTCTGGGTCCTCTCCTGAATGGTCTCTGCTTTCAAACCTTCCCCACGAACTCTTTTTCCGCACAGCTGCTAGAACAAACTTTTAAAAACAACCAAACCGTTCACTCTCTTGCTAAAAGTCTCCAGTGATGAAAAACAAAACATAAAAAGCCAAAAAGTCCTCCATTGCTTCCTCATCACAATTTACATCAAGATCTAAACTCTTGTGGGGCTCTGTGCAGGGCTGACACCCGTAGTCCCAACACTTTGGGAGGTCAAGCCCACTACAGTTGTAGTTCTGGCACCATCGTGCCATCAAAGCCGCTTTACAA,False
880,-1406,1.2720797,-1.378478,0.06595464,3.1129656,-3.0577564,0.0020853688,5.5838075,-5.373475,1.74303e-05,1.8061506,-1.6527824,0.030503577,10.3074465,-10.305439,1.1167038e-09,0.019712202,ENST00000500358.6,-1406,GCCGCTAAGTTGTGCGTTCCAGGGTGCACTCGCCGGCGAGGCTGCACGGCGCCGGTTTCATTGCTAAAATCCGACGGACTTGTTGCAGAACTCGTTTTTTTTGTCGGGAAAGGGCTTCCCCGTGTAACTTTACAGCAGTTATCGTAGATAAGACTTGCAAATTACAGATGTGGACGGTGAGGGAACGGGAATTTCACTGAAAGCGCCTGAGAACCAGTAAGAGACCTGCAACAGCTTTGTGCTCCACTGGCGAATGCTTCCTCCCCTAATACACATTATGTGTGCTTGGAGACACAAGGAGTAAGATACAGCCCCTCAAGGGACTCGTCATAGGGAGAGGACACAGCTTTGGGAATAAAGGGGCCACAAAGGAGGAGAGAGGAGTTTGCTGAAACTTCCCAAGCTCCCATTCCAGCAGTTCCTGAAGGATTCATTTCTCTCTGAGGATCTCATGAGGTGGCTTAGCAGCTAGAATCTCTTCCTTAACAGTGGGAAGAACAACTCCTGGAAATTTAGGTCGACTTTGACTGGATTTAAAAGAAAGCTGTACAATTCCACTTCTGTATATACAACCAAAGGAAATGAGATGTGCATACCCATGTTCAATGAAGCATTATTCACAATAGCCAAAATGTGGAACCAATCCTTAAACAAAAGGAAAACAGAAAATCTGCTCAAGTCCCTGCAGGCACCTGAGAAAATCACAACCCACACTTGCGAACCCCTAGGAGACCTAAAGCTGTGGTTTTACAAATAAACAGATAAGTAACATTCCTACTCTTTCCTATAGGTACTCAATCTTCTTAACAACTCCCATCCCACACAGGTTTGCATCCCCAGCAGATACATATGGCTATGTGGTCACCCATTCGATCAGCCTATAAAAGACTTGTCTTATTTGATATTGTGAAACCCATGGTTATCAGTGTATATGAAAATGTTTGGTTCAGGGGTCAATGTACAATATGACAAGCAAAGTCCTCTAATACACAGTTATATAAAATCACTCACCTGAGAGCCAAGTGGACAATTGGCCTTATATTGGCTGGAGTTGGAGCCCCAGAGGGAAAATTTGCCTATTATTAGGCAACTCTTCAAAACTTTACTTATTCGTTTCTAAACACTGTCTCATAAAATGGGGGATGCTTTAGATGAATTAAGATTAGCACTAGATTACTTATTCGTTGAAAATTAGCACTAGATTTCTTATTGGTTGAACAAGGAGGAGTGTGCACCATAATCAATATAACCTGCTGCAGTTATGTAAACACCTCAGGTCACATAGAAGAAGATATACAGAAAATACATGAACAAGCTGTGTGGTTGCGTAAATATAACCAAGGCACCAATCCCAACTGTATCTGGTCAGCCATTAGAAGCACCCTCCTGAGTCTCACTTGGTTGTTGCCCTTCCTAGGAACTTTGATAGTTGTCTTATTATTAATCTTTGGCCCTTGCTTGTTTAAATTCTTGGTAAAGTTTGTGTTTTTTAGATTACAACAATTCCACATAAAGATGATACTGACACAAAGCTTCCAATCCATCCCGTCTTCTGAACCGGGAAATAAAGACACCCTGCCTTTAGGTGTCTTTAGATCTAGATCAGGCATCTAGAGATTTTTACTCCTCCAATACTTGGCAGGGTCTATGCCCGTAGACTCATCAGGATACCATGTAAATGAGGACCTCCCTTGGTACCCCAGAGGCCAACTGTAGACCCTTATGAGAAAATCCTGTCCCCAAAATGAACATCCACTGTCAGCAGGAAGAAGTTACAGAAGACCAGCCTTTGCCCTTACGATTAAGGGTCCTCTTGTAAGTAGAGAGGGGAATGTTAGGAAAGCAGGAGCCTAGGTGATCCAGAGTGACACCATTTTAAAATAAACTCCACCTGAAAACTAGCAAGGCATCTGCACACATCTGTTTAGCAAGTATATACTTCTGTAACTGGAATAAAAAGCGTTATTTTAGAATATGCCTATAGTTTGTAATAATTAGCCGAGGGAAAAAAAGTTCACATTGGTGTAGGAAAAGTGCCCTAATGGTCATGGGTAATAATGGGACCGTGGTTCTGGTCAGTGATTTGATGGAAGGGGTGTAGATAATATATTGTTGTAAATAATAAAAATAAAAAATTGTTGTAAGTAATAAAAATAAAATAATATTGTTGTAAGTAATAAAGTAGGAGAAATATTTGGTCTTTTGCTTTTGGGTTAGTGCAACAGTAGTACCATTACTTGGAGGAGAAGTTAGAGAAGGACAAGAATAGGCTTGAATAAGATGAGTGAGAAGAGAGAAAAATTCCGTAAGTGGAGATGGCCAGGGAACACCAGGGCAGCAGAATCTAACTCTGAATTTAATGCTGTTGTCTGTTCATATTGCACTGCGCTGTAATCTCCCTATCTTTCCTAAACCATTGGCAAAGTCTGCTATCCACTGGGGCCTTGGGTCGGTGGTGCTTTGGGAAATACCAGAAGAGGGAAAGTACGGCAAATGTGCAGTGTCACAGATGATAGGAGGAAAGCTGGCCAGTGGGATGATTAAAACAATTTCGGTGGGAGTGGGAATTCAGACCATGTAAATGGTCTGAATTAAGAAAATTTCAAGAAACAAAAAATGTTTCTAATGAGCCAAAGTGAAAGCTCTTCATGATTTCTTTATAGAGGCTCTCTAGTGCTTGTCCTAATTTCCTGAAATCTCATGGGTATCTTACTCTCCTGGTGCCCGCCTCAAACATTCACTGTAGCAATTATATGAGCAGCCTAGAGAATCCCAATCCCAGTGGTCTTGCTCCCTGGATCTACTTTCTCTTAAAAATCATTCCCCTAAGTTTCCGTCACTTGGTTGAAGTTTAGTAGATATCTCCACATCTCCAGCTAGAACAGCACCAGAATTTCAGGACTAGGGCAATAGAGTCTGATATTAAATTCTATTTCTATCTATCTATCTATCATCTATCTATCTATCTATCTATCTATCTATCTATCTATCTATCTATCTACAGAACAATTTGTGGGATAGTAGCTTTGGGGTCCCAGATCTAGGATGGGCCTGGTCCTCCATGCTGGTTCTCCTGGGTGATATTTCTGTTAGTTTGAACAGTAATCACACTTTTATTACTGTTTCATCTTTTTTTTTTCACTCTTAGACTGATTTTATCATGTGTATAAAACATACACACACCTACATCTCAAGGATAAACATTAATCCTTGAAAAATATGTGGTCTAAAACTATATTGAGGAGAGAAAGATAGGACACTTTAATTGCCACATGATTAACACGAGGTCACCACACAGCTTTCACAAATCTACAAGTCATTCTATTTAGGCTGAGTCAAGTTCTCCCTTGGGCCAGCCAGAGCACAAATAATGGAGCAATGTGACTCTTCAATGACAGATCTCTGATTTCCAGAAAAGAGACTTTGAAATACCCAATTCTAGTAAATATGCAATTAAATTTCCAGCTAAATGACCTTTGCTCCTGTAGTCTTCATCTTGGGGAAGGGAAAGAAGTCTTATTCTGTTTAATAGTTTGATTTTTATAATAGGGTTTGTCTCTGTTATAAATCTTGTTTGATATTTAAAATGTTAGCTAAGAGAAAACTTCTGTTTGTTTTTATTTAGTGGGAAGAAACTAACCCTCATTGAGTGCCTAGTTAACATCAGGCACTTTGTACACATAATCAATTGAATCTTGACCACAACCCTGTGAGGTGAAAAATGAGAAGATTAAATAAGCCATGGGAAGATTTTTTAAAATGACATGAAACTCCAAGGGTAAAAAGTAGGCTGGGAAATCTTAGGATGGTGAACCATCATGTTTCCTGAATGTGAATCCTGTACCTGGTTTGACTGTAGTCACCCCTTCTCCAACACTCTCCACGATGCCGGCTGCCTCATGGCCTAAAATCACAGGAAGTGGGGTCACCATGGTACCACTAACCACGTGGTCATCTGTGCCACAGATTCCTACAGCCACCATCTACAGAGTGAAGAGAAGATGTTTATAAAAGATTGTGAGTCTCAGGATGTTCAACATGATCAATGCCAAATAAATATCAGAATACTTGGAAGTAAAGTACTAATAGTAGGAGTTCCTGATTATCAGGTGCCTATGATGTGACAGGCACATTGTGGCCTGTGCTCGACCAGGAGACTGCTTTTCCAGGCTGAGATCAAAGACGGAGATGTGCCTACCCGCAGATCCTAGATGGCCATGTTTGCAACAGAGGTAATGATGAGCAGTGCGAAGATGTGACTCCAAAGCCTGGAGAAGGACAGACCAGCATCCCTGCAAGAGATCCAACTGTCTTCTTTTCCGCAGAGGTCCATAATTTACATGGGCCTGACAAAGAATACTGTAACTTGCAGAAATTATCTTCAGTTCAAATCCTTCATTTTGGGGGTTAAATAACTTGCCCAAGATGTCGAGGGAGCGGAAATACTTGCTGGTCTTGCAGCGGCTGTGGAGCCTGGAATCCTGCCAAGAAGAGCATGTGTGAGAGATCAAAATGTTTGCTTACATTCCTCCTGTGAAGGGAGTTGGGAAATAACCTAAGAAGCCCAATCCAAAAACAAAGATGTACCATCCAGTCTTCTCTGTGAGAACCAAACTACAAACCATCTGAATGTTCCAAAAGTGTTTTGATGATGTATTGATGTATTTTAAATTATCCTGAAAATGTTCTTGGCAGATGCTTAAACATGTAATTACTGAGATGATGTAGAAATACCAAGTGTTTATTAAAACAATACAGAGTAATACAAATGGTATGTTTGTCGCAATATAAAAGTATCTAAAAATTAAAGAGTTCTTTAATGGTG,False
881,-937,1.5798242,-1.4985313,0.044008948,1.8378946,-2.8311324,0.009294203,9.063001,-8.490026,2.3813145e-08,6.572963,-6.752136,1.6329839e-06,1.4611764,-1.703109,0.04053207,0.018767375,ENST00000597626.5,-937,GTAGGCATCCCGGGGGACAAACGCTGGGTCGTCCTGAGTCGCTCCCACTCGCCAGGTCCCATAACCTTGAAGACTGCCAGACTTCCCCAGCCGAAGCATCGCACCCTGGTGCTCGAGAACTTGGTCGAATTTTCTCCTCTGTCAGAGAAGAGACTGGCTGGCAGAGCAAGGGGTCTTGCTGTGTCCCTCGGGCTGGAGTGCAGTGGCACCATCACAGTTCACTTGCAGCCTCGACCTCCCTGGGTTCAAGCCATCCTCCTGCCTCAGCCTCCAGAGGAGCTGGACTACAGATATGGAGTCGCCTAAGCTGGAGTGCAGTGACATGATCTCGGCTCACTGTAACCTCTGTCTCCCGGATTCAAGCAATTCTCCTGCCTCAGCCTCTGGAGTAGCTGGGATTACAGCTGGGTGCGGTGGCTCAGGACTGTAATTCCAGCTACATGAGAGGATTGCCTGAGGCCAGGAGTTTGAGACCAGCCTGAACAACATAATAGACTGGGAGCTCCATGAGGTCCGAGACAACCTGAAGACGCCCAGCTCAGCAGAGACTGGCTACGGCAATCACTCAGTAACTATTTGTTGAATTGGACATAATAGAAGAGCTGAAGAATT,False
882,-5,1.2472913,-1.2987571,0.0726924,4.8155313,-5.084024,5.019449e-05,6.5932508,-6.2910023,2.5376933e-06,2.0385447,-1.8430114,0.020202175,7.06868,-7.4230433,5.085392e-07,0.018589564,ENST00000418300.1,-5,TTGTTGCTTTTTGATATGATTTTCTTGCCTGAGTGTTGGCCGGAGGGACTGCTGGCCCGGCCTCCCTTCCGTCCAGGCAGCCGTGCTGCAGACAGACCTAGTGCCGAGGGATGGACAGGCGAGGTGGCAGCGTGGAGGGCTCGGCGTGGATGGCAGCCTCAGGACACACACCCCTGCCTCAAGGTGCAGAGGTGGCAGGGATGGCTCCGAAGCCAGAAATGCCTTAAACTGCAACGTCCCGTCCCTTCCCCACCCCCATCCCATCCCCACCCCCAGCCCCAGCCCAGTCCTCCTAGGAGCAGGACCCGATGAAGCGGGCGGCGGTGGGGCTGGGTGCCGTGTTACTAACTCTAGTATGTTTCTGTGTCAATCGCTGTGAAATAAAGTCTGAAAACTTTAAAA,False
883,-1425,5.304343,-5.2490945,2.6102896e-05,1.2794071,-1.4382071,0.061941948,8.897626,-8.6817045,2.3194968e-08,10.146568,-10.063815,1.6700966e-09,1.6082879,-1.8493164,0.030542888,0.018502193,ENST00000500197.6,-1425,GCACACACCACTTCACTCTCCACTCCGAGGCTCAGGGAGCAAGTGCCTGGCATGGGGGACGCCGAAAGAAGCCTGTTTGTGTGCTGCGGCCGTGCTGTGACTTTGGATCTTGTCTTTCAGCCGGCGCCTCGGTTCCTGCCCAGCTGGATTTGGGGGGCAGCATTGCCTGGCGCAGGGAGATCAAATGAGACTGCAAAGAAGCATAAAATGAATAGACAATCCAACCAACCAAAGACCGGGGGCAGCAGCAGGCCAGCAAGACGGCATCTTCTCCTTCCCAGCCTAGAAGCCCTGTGAAATCGAGGATCTTCCCCCTAAAACACATACACACAAGATATGTGCAATCAAGCTGCCACCGCTTGGTAAAAAGCCATGGTGCCTAACCAAAAAGGATCAGGAACAGATCCTTGAATCAGCTGTCACTTCTATAGAATGGGATTTTTTTTTCCTTCCTCCTTAACCTGCGCTGGAAATTGCCGTTGGCTTTATACATCTCTATAGAGAGAGGCTAAAGAGTCTTGCGTGAGAAAGAAGCAATTTACAATGCAAATAGAGGCCTGTGAAGGGACGGATGCTGCTGCTCACTCGTAACAGCTTGCTGCACCTTAATAGCTGGTTTTATTTTCTGATATTAATAGATGAATTGTTGGCTAACGCTGCCGGAGATTACTTGCTGAAAGGAAAAAGAAAAGTTCGGAATAAACTCTGAAGGCAACAGATCTCGTTTGGATGTTTTAGCCGCGCACACACACAAACAGAAACCAGGTCATATTTACATAAAAGGAGGAATCTTAAGCGCGGCAAGTATCCTGGACGACCACTCTTCGGTACTGCCAGAAAGGATCAGGACCTGGAGTCTGGCAAGAGGAAGACAGAGGCCTGTGTGGGAAGCGAGTTGTTATCTTTGGTTATCTAGCTGTATGAGTGTATTGGTCTTCATAAAGCTAGATAACCGAAAGTAAAAACTCCTTCAAGATCGCCGGGGAGCGTGTGAGAATGAAAGACTACAGCCGAGAGACAGTAAAAACCAGAAAGGTCAGGAATACTTATTGAATCTAACTTTGTTTTTGTTTTGTTTTTTTCCTTATGATTAAAGGTGGGATGAGAGAAAATTAAATGACACACACATGCTAAAATATCAAGGTTCCAGATATGTCTTGAGAGGGGTTGTTGCAGCTGCAAAGGAGAAGTGTATAGTGATAATGAGTAAAGATGCATGTGCAGTTTGTTCTATTTTAAGGCAAAAGTTATATCAGGGATTTTTTTCTTAGAAAGGTGTTGCAGAGATGTCTGGTACCTAGTTTAAAAATGATTCCATAATATGTAGACTTGGGCAGTTCCTTTGGGAGGCACCTCCCTCTCAAAATTTGAAGATTGTGCTTGGAAATTACTTTACATGTATTTGGGCTGTATGTCAATTTGTACGAAATTAGACTTTCAGAAAAGTTTATACTGGAAGGTTAATAATTTGTATCTACTGAGGACTTAGAGCTAGCAGGCAAAATGAAAAAAAAAAAAAAAAAAGCAAGGGCTGATTTTTATTCTTCTATTCAAAATACAAGGACAGATGCTTCTCTGTTCCAAGAGGGTTTCCTTGAGGAAGCTACTGAAGCAGAAAGACATGATGGAGACGAGATCGCCTCCCCTCTTGTCAAAGTGTTAAAAAAATGTTCTGTCTTACTCTGCGCCTAGCATTGGAAATGAAAGTGACATTTACGCCACAACCCACGTGTGCGCCTCCTCTCTTTTTGTTTAAGGATGATCAGGTCTATCCAGGAAACAGCTCTGGCATCCCAAACTGAAATAATTAGGACGTATATAGACCTGACAAAAATGGAAAGGGGGTGGGGAATCTGAGGGTCTGTCTTGCCTAATTGATTCCGCTAAACGGAATGCAGGAGATGTGAACGGCAGGACGCTCCGATTCCCACGCTCGGGGGCAAGTGATAAAGCGGGGCCGGGCAGCCTATGACAGACAGCCCTGTTGGGGGGTGGGGGTATGAAAAAAACATCAAGTGCACACACCATACTCATCTCCATCGCTTAAGAAAGTAAAGGCATTTCCCACCCACAGCCATCTGCAGCTTCCCAAATGGCAGCACCAACTGGTCTGTAGCTGCTACATAGTCTGCTTCTGTTAATTTTTTAACCACTGTTTAATCTGGCCATAATTAAGTTTGGCTTTCTTCGTTGTTTGAGATTTTCAGAATTCAAGGCAAGCTAGTAGAAAGCAATTCCAAGAAAGTCCCATGACTGCCTGCCCCTAATGTCAAAATCTCAGTCCATGAGATTATGGCCTTGTGACCACATTTTTGCTTTTGTTTTGGGTGGGCAAATGTGTATAGAGATAAAATACATATCTCTATATAACAGTCGTTATTATAATTTCATGAGGCTTTTTACCTCTTAACATGATACATCTAGGAACTTGGTCTAATTGTGCTAGTAGATATACACTAGAAGTAAAACTATAAAGTCATTAGCCTGTAGAAAGTTGATTATGATAACAATATGATAAAAAGTTTGTTTTGGAATAGTCTCAGCTAGATGGGTCTAAATAGCCATTTTAATGTAATCTAAAAATAACACTATGCCTAGCAGAAACTTTGGCGCTTTGGAGGTCCCCATTGTCGCCTTTTCATAAAAGTCCTTAAGTTTTCCATATGTCACCAAGCAAACATTTGTATAGGCATTTACACAGAAATATAACCATTGCAATTAGAAAATATCCAAAATAGCCTGTTATCTTCCACGTGGCCTAGATTATTGACAATCCCAAATATACAATTTTTCTTTAAAAGTAGTACAATTTCCTTTGTAGCTTCAATTCCTTATATGACTTCAGACTGGAGAAGCCTGTTAAACCACTGTTAGTTTCAGTTAGAAAGTCTGAGAGACTTTATACATAAATTCTCAATTTGGCTGCTGTACACGTGCCAGAGTTTTACTACTGTAGTGACCGTTGAGAAGACCCTTGTTTATTTACATTTGAAGCACTGTTTGTGCAAACAACCTTTCATTGTTAAGTGCCTGTATTCCTTTCATTTACTTCATGTCCAGGGGTGCTATTTACCTAGAACCATTGTCTACTACAATTAACATTTACATTACAAAGTGTGTGGTTTTCTTTTTCAAGGAGGTTCAATTAAGGCAATAAGATGTTTGCTGGAGAAACCTATTGTTTACTGAAAGCACTCAATGAAGTCAAATTACTGAAGCTTTTGCCTACATCTTGGTCTTTTATGTAAATATGTTAAATATAACATCTAAGGAAAATAAACAATATTATAATTATGTGTTTGCCATTGTCATATCAAACTTGCTTTGTATCATACTAATGTTACATAACTTATCGATCAATAAAAATACATTTCAATGTTA,False
884,-1351,4.8407965,-4.9554496,5.565708e-05,7.2435937,-7.3191533,4.7367354e-07,5.3875794,-5.3563814,2.1574837e-05,4.620977,-4.664066,9.279335e-05,1.0147303,-1.2862487,0.0910419,0.01824248,ENST00000427348.5,-1351,GGGCTTGGGCTGGTGACGCGTGCGCCGGCCGGCCGCCGAGGGGCTACCGTTCTGCCTCCGACCGGTCGTGTGTGGGTTTACTCGGAGGTGCTTTGCCTCTGAAGAAAAGAGAAATACTAGGCTTTAGAATTTCACCATATGAATTTTGGGAGAGAGGAGCACAGTTCAGCCCATAACTAACACACGACGGAATGAAGTTGATAATAGTGAGACCTTGTTGGTACAAGACTATGTAACATAACCTGCGCTTCTCAACAAAGAATTGCTTTTCTGACTTCTGCACTCAATAGCAAGACAAATCTCTCCTCTGCCTTCTCCTTATCAGACTACTCAACATGAAGGCAATAAGAATGAAGACCTCTATGTATAATAATTGACTTCCACTTAATAAATAAGGTTACTTGGTACACTGGTCGACAAAACCTTGAAATGTTGATGTTTAAGGGCTGTTGATTGCTGGCAGCAAAGAAGTCCAACTGTGCTGGTACCCGAGATAGCGTCTCCACATTTTCTTCCAGGATCATCACCTTTGTTCTAAATAGCTCCCACATAGTGTGAACAGAAGTCATATGTTTTAGATTTTCTGCCTTGGCACCCAGGAAACCAGTATGATTGAGTAAACATATTAAACTTCCTCTGCATTTCCAGCCTGAACAGATGTTGAGTACAAGCTGATCCACCTACGTTCAACCTGAGAGAGTCCACATCCACAGACTGTTTCATTTCCCTTTTTCAATTTACATAGAAGCATAGATTCTTGCTGGCATATACAAATGCGCCATTTAAGGCAATCAAAAATGGTTCCACATCTCATCTGATTTCCACAATTGTTGCTGTAACGATGGACTACTGAGGAGAGAGACAATTTCTCTGGCACATCTTCCCACATTTTAGCAACATGTTCATGGAGAGCCAATATTCAGTAATTACAGCCCAATTCCTCACAATTTCACAATTCGCTAACAATATGCATTTTCACAATGTAAAGCTGATTTTCCTTTAACCAAATCAAACATGAAAAGATAGCTGCATGCAATGGGCAATCTAGATCATTAGAAGATTGATGTAAAATTAGAGGACACTGAGACTGGAATAGATTGCAAACTTCAGGGAGCTCAGAAAACTTGTAAACTCTACATTTTGAGGAAATATGTTGTCGATGCTTTTGCAACTCTATGCAGTAACTTAACAAATAAAGCCTTAAAGTAACTTA,True
885,-1450,1.0673232,-1.2427678,0.090290666,11.222433,-11.266942,1.7099683e-10,7.906778,-8.034017,1.193991e-07,4.739649,-4.9191885,6.385464e-05,8.291091,-8.135365,7.346501e-08,0.018070942,ENST00000358772.8,-1450,TCTAGGACTCAGAAATATAGATGTTAGTAAGAGCAAACAGACATAACAGATAACACATACAAAGTGCCTACCACATGCTAACCACTGCTGCAGGCACTTTCTATAGAAGAACTAATTTAATCATCACCATAACCCTATGGGGTAGATGATATTTTTACAACCTCCATTTTACAGATGAAGAAACTGAAGCATAGACCTGCTTATGTGAGAAGAAACGCAGGGAGACAGTTCAGTCACTGCAATCTTCATGCCCATCAGTTTCTTGTGAGAAGAAAACAAGACTGGCAACGCCTGCTTCCTCCTCTGAGCTGTCAAGTAGGAAGTCCGGGCTGCTCTGCTAGAAAGAGAAGTCATGTGCAGGAGCACTGAGGCATCCCAGGTGTGACACTCTTCCACCTAGAGCATTCCGTCTCTCATCCTCTGCCATGTGCCATGTTTTGAACCACTAGATTAGAGGGTCAAGCAATTTCTTGGAATTTTACTCTGAATTCTACGTAGACCATTTTCATGTGTATACCTCCTCTGAGTCACCCTCAGGTAGGGACATTTT,False
886,-1426,6.7387543,-6.704616,1.4508337e-06,1.1009306,-1.2133418,0.089947805,11.467689,-11.134953,1.5268532e-10,11.031064,-10.950219,2.8421698e-10,9.218727,-9.302805,9.040675e-09,0.017989853,ENST00000504246.5,-1426,CTGATTATGCATGGGCTGGAGCTGCCTCCTCTAACCTGTTCTTCTCCGAGCCGGGCAGCCGGCGGTCCTCAGCCGCCCACAGAACAGGAGCCGAAACAACCGTTCTCGAAGGCTACAGCGTTTATTTTTCTCTTTTGGGGGGTTTTGGCGGTTGTTTCAGGGGCTCGCCAACTGGCCCCTTTAATTAAAAGCTTCAATAAAAGGCGATCGCGCCAGGAATGCACCCGCTCCTCTTCGCGCAGGATTTGCATATTTTTTTAATGCCCTAATTTCCTTGATGTATGTAAATGTAGCCGGACGTAGAGGGAGACAGGGAGCTGACGTCAATGGACGTGACCTCGCAGCTAAACCTTGAACGTGAAGCCGGGATGGGGGAAAACACGGAGCGGCAGCCGGCGGAGCCCGAGAGCGCGGGCGGCGGCGGCAGTAGCCGAGCCCAGGCCGGGGTGCCAAGGGACCAGTGCCGGCCCCGGGGGAGGACAAGCCGCCGCCTTCTTTCTGCACCGCGCGGCTCTCAGACTCGCCAGCCTTCCGGCCGCACACGCAGACTCTTGCCCTGAGCTTCCAGCCCCACCACACACACGTTCTTTTGCTTCCCTCAGAAAAGCAACACTCCCCAAAACAACAAACCAAAATCAACAGATAAAACAGATGTTTTAGACCAATGCTCGGGTAGCTTATCAGAAAGAAGACTCTGACCACGGAACATATATATTTTTTGGCTTCTCTCCACAAGAAGAGGAGCGAGAGACCACAGACAACAGCAAATCACTCCTAAAACACGATAACTACAAGTGCTCCCTGTAGGGAGAGGTAAATCGCCCAGCCGACTGGTGAAGTCTTCTGGTTTCGACGCCGAAAGAAGCCTGTTTGTGTGCTGCGGCCGTGCTGTGACTTTGGATCTTGTCTTTCAGCCGGCGCCTCGGTTCCTGCCCAGCTGGATTTGGGGGGCAGCATTGCCTGGCGCAGGGAGATCAAATGAGACTGCAAAGAAGCATAAAATGAATAGACAATCCAACCAACCAAAGACCGGGGGCAGCAGCAGGCCAGCAAGACGGCATCTTCTCCTTCCCAGCCTAGAAGCCCTGTGAAATCGAGGATCTTCCCCCTAAAACACATACACACAAGATATGTGCAATCAAGCTGCCACCGCTTGGTAAAAAGCCATGGTGCCTAACCAAAAAGGATCAGGAACAGATCCTTGAATCAGCTGTCACTTCTATAGAATGGGATTTTTTTTTCCTTCCTCCTTAACCTGCGCTGGAAATTGCCGTTGGCTTTATACATCTCTATAGAGAGAGGCTAAAGAGTCTTGCGTGAGAAAGAAGCAATTTACAATGCAAATAGAGGCCTGTGAAGGGACGGATGCTGCTGCTCACTCGTAACAGCTTGCTGCACCTTAATAGCTGGTTTTATTTTCTGATATTAATAGATGAATTGTTGGCTAACGCTGCCGGAGATTACTTGCTGAAAGGAAAAAGAAAAGTTCGGAATAAACTCTGAAGGCAACAGATCTCGTTTGGATGTTTTAGCCGCGCACACACACAAACAGAAACCAGGTCATATTTACATAAAAGGAGGAATCTTAAGCGCGGCAAGTATCCTGGACGACCACTCTTCGGTACTGCCAGAAAGGATCAGGACCTGGAGTCTGGCAAGAGGAAGACAGAGGCCTGTGTGGGAAGCGAGTTGTTATCTTTGGTTATCTAGCTGTATGAGTGTATTGGTCTTCATAAAGCTAGATAACCGAAAGTAAAAACTCCTTCAAGATCGCCGGGGAGCGTGTGAGAATGAAAGACTACAGCCGAGAGACAGTAAAAACCAGAAAGGTCAGGAATACTTATTGAATCTAACTTTGTTTTTGTTTTGTTTTTTTCCTTATGATTAAAGGTGGGATGAGAGAAAATTAAATGACACACACATGCTAAAATATCAAGGTTCCAGATATGTCTTGAGAGGGGTTGTTGCAGCTGCAAAGGAGAAGTGTATAGTGATAATGAGTAAAGATGCATGTGCAGTTTGTTCTATTTTAAGGCAAAAGTTATATCAGGGATTTTTTTCTTAGAAAGGTGTTGCAGAGATGTCTGGTACCTAGTTTAAAAATGATTCCATAATATGTAGACTTGGGCAGTTCCTTTGGGAGGCACCTCCCTCTCAAAATTTGAAGATTGTGCTTGGAAATTACTTTACATGTATTTGGGCTGTATGTCAATTTGTACGAAATTAGACTTTCAGAAAAGTTTATACTGGAAGGTTAATAATTTGTATCTACTGAGGACTTAGAGCTAGCAGGCAAAATG,False
887,-859,4.091921,-3.981029,0.0003117646,4.2826104,-4.94399,9.8377444e-05,7.5483775,-7.521903,2.851415e-07,1.2805619,-1.0901575,0.08543292,2.7475204,-3.0017097,0.0031751178,0.017803693,ENST00000453008.2,-859,GTTCCCAGGCTGGCCTTGTTGGGGAAGGTGGACTTTCCCTGGTGGTCAACATCGCACCTACCAATCAAATCGTAATTTCGTCGTTCGAGGCCCGTCCCTCTTCCGGACGCAATTACCAATGAGAAATGCCCTTCCCCGACGTCTTTTTACCTGATTGGTGCGCTCATCAGTTCCCGGAATACCTTTCCTACAACAGATTGGCCATCGCGGTGGTTGGCCTCGCCCCACAAAGCGAGGCGCTGGAGAAGACTTGAAGATCATTGGTGGAAGTGGATGTCCCTCAAAGGTCTGCGCTAACTGCCTCTTGATTGGTTGGAAGCGGCACTTACTACGTGGCGGATTCTGACTGTGAAGAGGACTGTCCCAAGTGAAGAGTGGGAGGCAAGTGCCTTGTGACCGGGAGGAGGTCGACCTTAAAGGAGCTGGTATTGTAGCTCTTCTAAAGCCTAGTCTACTTAGGAAGGCAAAAGCGAAGCAGCAAGAAGTGGCCACAGAAGCCGTGTGGTCCCTAGAAGTAGAAGGGTAAGGAGGATGCAGGAGATGGTCCTACTTGTGGCCGCAACGGGGCTCAGAAGTCCGCTTGTTAGAGATGGCAGTGACCTGTGACAATCCAGTCTGCCCGACACGCCTCCCGCCTCCTTAGGAACGGGAAGGAGCCCCGGCCCAGTGCACTGACGTAGTTAGCCTAAGATCACGTAGCTGGTTGGTCACAGAATCATGACTTTAATTCATGTCTTCTGACTCTGACCTGGCACGCTTTGTACCTCACCAAAGACAGTGATGAAATTGCAAAAGGGCAGAGTGGAGAAGACTGGAATGTTCAGCCAAGGCATTTGAACTTTTAATGCTGCAAGTCAAGACTTCCTGAAGATTTTTGAGCAGATGAGTGAAGTGATAAGAAAATGCATCTTCAGCAGTGACAGCATCAACGAGGAGGAGACTGGCCGGGAGGCTATTACCCGCATCAAAACCAGTGAACATTAAAAAAAATTTTTTTTTTAGAGAGAGGGTCTTGCTCTTTTGCCCAGGCTGGAGTGCAGTGGCTTGACCATAGTTCTCTATAACCTTGAATTCCTGCGTTCAAGCGATCTTCCTTCCTCAGCTTCCGGAGTAGCTGGGACTACAGATGCGTGCCACCATGCCAGGCCAATTTTTAATTTTGTTTTGTAAAGATGGGGTTTCTGTGTTGCCCAGGTAGGACAAAGAGGAATGACAAAAGGCATGTAACCACCTGAATTTGCCCCTATCAAAGAGCTCTCCAGGAAGCACCACCAAGGAATTTTCACTGACATTTCCCAGGCCAGACCATGCTGCTGCTAAGCAAAATGAGGATTCTGCTAGTGAGGATGAAAGGAAGAATGTGTAATCAGTTTTCTTGAAGTATAATACATGTACAATAAACTGAACCTATTGGAAATATACATTTGGATGAGTTTTGACAGATGTATATACCACAGTCAAGATACAGAACATTCCCATCACTCCAAGAGATTCTTTGTGTCCCTTTGTGGTCAATCCCTCCTACACGAGGCCCCTAGGTAACCGCTGATCTGTTTTCCATCACAATAGATTAGTCTGCATATTCTAGCATCTTTAATAAATGCAGTCATACAG,False
888,-1133,3.6646473,-3.567988,0.00072209205,4.306926,-4.495507,0.00015034419,4.1145606,-3.9865482,0.00030311095,2.7468283,-2.6037986,0.004722765,1.2383956,-1.1761463,0.08207053,0.017593767,ENST00000421767.1,-1133,AGTGGAGGCACATGCCTTGGGAGCTAAGTGGCTGCTGCACTTGACCACTATGAAGACTGGTGTGGGAAGAATCCTTTTGGATGCACTTCAGCAGGGACCCCTGATCCCTGGGTCACAGGCCTGTACTGGGCCACACAACAGGAGGAGAATCTAATGCCTGATGAACTGTCATTGTCTCCCATCACCCCCAGATGGGACCATCTAGTTGCAGGAAAAGAAGGTCAAGACTCCCACTCATTCTACATTATGTCTTCCTGTGTTGCCCAGGCTGGAGCACAGTGGTTTGATCTTGGCTCACTGCAGTCTCAACCTCTCAGGCTCAAGCTATCCTTCTGCCTCAGACTCTGGGGTAGCTGGGACAACAGCCTCAGCCAAGATGTCTCACCCTACTCTCTATGATGCAACAAGAAGCCCCTGGGGAATGTTTCAGTCCCAGTCTGTACTATTGTCATGTGCTCATCACAGTCTGGTGGAATTTAAATGACCTTTTATCAAGATGGATAAACGCAAGTTTCCCAGTGCTGGAATACAGAAAATGGATGGACAAACAGGGTCTTGCTCTGTTGTCCAGGCTGGAGTGCGGTAGTGCTATCACAGCTGACTGCATCCTCAACCTCTCAGGCTCAAGCAGTCCTCCCACCTCAGCCTCCCAGGTGGCTGAGACTGTACGTGCTTGCCACAATGCCCAACTAATAATTTGGACTTTTCCTATACATGGGTTCCAAAGGGCTGACTGCGAAACGAAGTGACCTCACAATGACTCAAGCTACCACTTAGTGTTGATTGTGATGAAATGCCAGCTGTGGCATATGCCTTGGGAGCTAAGTGGCTGCTGCACTTGACCACTATGAAGACTGGTGTGGAAGGGTCCTTCTGGATGTACTTGGGCAGGGTCCCCAACGCCAGAGCCATGGAACTGTAAGGAGCCACACAGCCGGAGGTGAATGGTGTTGAATGAGGGAAGCTTCATCTGTGTTTACAGCCACTCCCCATTGCTCACATTCCTGCCTGAGCTCTGCCTTCTCTCAGATCAGCAGCAGCATTAGATTCTCATAGGAGCATGCACCCCATTGTGAACCATGCATGTGAGGGATCTACGTTGCGCTGTCCCTATGAGAATCTAATGCCTGATGCTCTGTCACTTTCTCCAATATTATCTTCAAGTGAGCCACTCCTGGCCCAATTCCTGTCTCCCGTTGGCCTATAGAGGCCAAGCCTCTGCCTCATGATGGCCTCTGCAGGTCAAGCTCCTCCTCCTGGTTCCGTCTACAGGCCCAACACTTCCCTCAAATAAACTCTTCTGCCCAGCTCCTGTCCAGCTCACGGCAGCCACTGTCGGCATGAAAATTCCTCAATTCAAGCTCTCTAGGCCCACCTTCTGCCTCCCACTGGCCTGGACACGCCCAGCTCCAACCTGACAATGGTCTCTACAGGCCCAGCTCATCGGGCTCTGAGGGACCTCTCCAGGCCAAGCTCTTACCTCACGGAGGCTTCTCCAGGTCGTTTCTCCCTGTCTTCAGGCAGTGGTGACAGGTCAGCTCCTCCTCCACAGTGGCCTCGTTTGGGCAGGTCCTGCCTCTTGCAGCCTCTCAAAGCCCAGCTCCTGCCTCTGAGTGGCTTCTGCGCACCCAAATGTCCTCCAGTCAGCCTGTCCTGGCTGAGCTCCTGCGACCTGGCTGAGCTCCTGCCTCCTGTCGGCCTCTATAAACCCAGCCTCTGCTGTATGGTGGCTTCTTCAGGCCCAGCTCTTCCTCCTGGCGGTGTATACAGGTCCAACTCCTGCTTCCCAATGGACTCTTTAGGCCAGGCTCATGCCTTACGGCAGCCTTTCCTGGCCCAGCTTTTGCCTGTTGGCATACCCTCCAGGCCCACAATGTACTCAGATCAGCCACTCCATTCCCAGCTCTTCTTCCTGGCTGTGTCTACAGGCCCAACTGCTGCCTCACAACACCCTCTTTTGGCCCAGCTCCTGCCCAGCACCTGGTGGCCTCTATATGCCCCAGACTTCTTAAAGTCAACTTTGCTAGGCCCACCTTTGGCCTCCCAGCGGCTTTGACAGGACCAGCTCTTGCCTCATGGCAGCTTCCCAACGCCAGGTTTCTGCCTGCATTGTGGCATCCTTGATGGACCCAACTCTTGCTTTATGCCGGCCTTCCCACACCAAGTTTCTGCCTGCCTCATGGCAGGATCCGATAGGCCCAGCTCCTGCCTCTAATGGCCTGGTTAGGCTCATCTCATCCCTCAAGGTGGCCACCCCAGATGAAGCTCCTGCCTTTTGGCAGCCTTTAGAGGCCCAGCTCATGCATCTCATTGCCTCTTGAAGCCCAGCTCATTCCTCAAAACGGCCTATCCACGCCCAGCTTTTCCCTTTGGTGGCTTCTCCAGGCCCAGAAATTCCTCAGTTCGGCTTCGCAAGGTGAAGTTGCTGCCTCCCTGTGCCTTCTCCAGGCCCAGTTCTTCCTCCCAGCTGGGTCTACAGTCCCATCTCCTGACTCAAAACAACCTATTTTGGCTCGGCTCCTGCCCAGCACCTGGCGGCCTTTGTAGGCCTAAAGCTTCCTCAAGTCAAGCGTTCCAGGCCCAGATCATGCTGCCCAGGGGCCTTCACAGGCCCAGCTACTGCCTGACGATGGCTTCCCCAGGCCCAGGTCTTGCCTTCCCCCAGCCTCCCGAGGCCCAGCCCTTGCCTCACAGTTGCTTTCCCAGTCCACGTTACAGCCTGTTACCCGACGGCCTTGACAGACCAAACTCTTCCTTCACACTGGACAGTTTAGGACAAGCTCATACGTCTTCCAGCCTCTCCAGGTCAAGCTCCTGCCTCACACTGGCCTCTATAGGCCCAGGTGCTGAATCGCAATGGTCTGTTTAGGTCCATCTCATGCCTTTCTCAGACTCTCCAAGCGACGATCTGGCCTGACACTTGCTTCTGTGGGCCATGTGATCACTCACACTGGCCTCTTTAGGATCAGGGGATGCCTCTCCACAGGCCGAGATCCTGCCTGTTGTAGGCCCCTTCAGGATGCGCCGCTGCCTGACAGTGGACCCTCCAGGCCTAGATGTTACGTGATCATGGCCTCTGCAGGTCAAGAATTTAAATTTTCGCAGCCTCTATAGGCCAGGCTACTGCCTCCTGATAATGGCTTCTGCAGGCCCAAATCGTCCTGAAATAAGCCTCGCCAGGAACAGCACGTGTGTTGGATGCCCGAACAACCATAGCTTCTCCCGCACAGTGGCCCATGGGGGCCGGGCTCTTGCCTCAGCCTGGCCACCTCAGGCCCAGTTCTTGCCTGTTGGCGGCCGCTCCAGGCCCGGCTCCTGCCCCTCGGCCTCCTCTCCAGGCCCAGAACTGGTTCCCGTCGGCCTCTCCAGGCCCAGCTCTCCCGGCCACCTCCACGGGCCCAGCTCCTGCCTCACGACAACCACGTTCGGCCCAGCTCCTGCCCAGCTCCTGGCAGCCGTTGTAGGCCCCAGGCTTCCCTGCGTTCAGGCCTCCCGGACCCACCTTCGGCTTTCCGGCGGCCCTGAGAGACCCGGCTCCTGCCTGCCAGCGGCCTCTCCCGGCCCAGCTGCGGCCTCACGTCGGCCTCCCCAGGCCACGTTTCCGCCTGCCTCACGGCAGCCCCGGCAGGCCCGGCTCCCGCCTGCCGGGGGCCTCTTGAGGAGGCTCATCTCGTGCCCGGCCGCGGCCTCCCCAGGCCAGGCTCCTGCCTGCCGGCAGGCGCCACAAGCCCAGCTCCTGCGTCCCGAAGGCTTCTCTAGGCCCGGCTCGTGCCTCGCTGCGGCCTCTTGAGGCCCAGCTTTTCCCTTGTGGTGGCCTCTCCAGGCCCAGAACTTCCTCAAGTCGGCCTCCCCCGGTCCAGTGGCTGCCTCCCGGCCTCCTCTCCGGGCCCAGCTCTTTGCTCGCGTCTGCGCCCGTGGGCCCAGCTCCCGTCTCCAAACAGCCTCCTTCGACTCGGCTCCTGCCCAGCTCCCGGCGGCCTTCGTAGGCCCGAAGCCTCCTCCAGTCCAGCTCTCCAGGGCCGCGTCTTGCCTCGCCTCGCCTCCCCTCACCTTGCCTCACCTCGCAGCAGCCTTTCCAGGCCCAGCTCCCGCCTCCCGGCGGCCTTCCCCTGCCACGCTCGTGCCGGCCTCCCGGCAGCCTCCACCAGCCCGGCTCCTGCCTCACGCTGGCCCCTCTGGGCCCAGCTCATGCCTCGCGGTGGCCTCTCCGGGCCCAGCTCCCACCCAGCCTGACGGCGCCTCCCGGCCCCAAGCTGCCTTCCTCGATGTGGCCCAAAGTGGCCCAAAGCGTCCCAAAGTAGGCCTCGCCAGGCCCACCTCCTGCCCGGCGTAGGCCCTGAGGGGCGCGGCCCCTGCCCCATACTGGCCTCTTTTGGGCCCTCTCTTACACCAGCCCCTGTCTCAGGATTGTCTCTTCACGCCCATCTTCTGCCTCATAGTGGTCACTCAAGGCCTCGCTTTTGCCTGATGATTGCGTTTTCTGGTTTTGCTCTTGCCTTGTATTCCCTTCTTCGGGATACAGCTTTTACGTCTTCCATGGTGAACCTCATCAAGGAGACTAAATCTTCCCTGGTCTGTCATTTTTTTCACTTCACACCAGAGTGCCTTGGGAAAACCCCATCTCTTCTTTTAACCTTGAGAGTGGATTTCTGACGAATTGATAATAAATTTTTTCTCTGTGGTTTCAGTGATTTCTGTTTTA,False
889,-618,1.1828597,-1.1669884,0.087077856,3.6502023,-4.518518,0.00028330018,10.578389,-9.958614,1.2047394e-09,4.401052,-4.489619,0.00013764833,5.004269,-5.153878,3.8757487e-05,0.017507512,ENST00000526706.1,-618,CTCATTTTCTCTTGCTGCTGCCATGTAAGAAGTGCCTTTTGCCTCCTGCCATGATTCTGAGGCCTCCCCAGCCATGTGGAACTGGCTCAGTGTGGTCAAAAGAAGACTATAGAATCAAGGATGAAGAGAAGGAACACAGAATAAAAGGACGTCTCAGCAGGAAGCTCTGTGACTACTATGTCAAATGATGCCATACAGTGAAGCACCTTGAAAGATTGCTGGGATAAGCTGACAGCATGGCAGCCAAAATAGTGACCCCAGGCTTGCAGGAATTCTGTGCTTTCTGGAGGAAATGGTCATGGGTTTCCCAACCTGCCTTTTAAACTAAGATCTCACTGAGCCTGGCCCTGTGGAATTACTGGACCGAGCTGAAGAAGCCCCCGTCTTCCAGCGCATGTTATTCCCATGACAGATGCTAAAAGTTCAA,False
890,-474,1.5955303,-1.903655,0.02933542,3.0162425,-2.9940572,0.0024473488,1.6260339,-1.6380303,0.03682478,1.9128777,-2.1324885,0.017202197,5.7531347,-5.7929068,9.67417e-06,0.017163884,ENST00000518639.1,-474,GCAGATAATTTCTTTATTGAAACTATCAGGAAGTTTTACTATGAAATTTTACATACATGATGGAAAGTGGAAGACATATACCAATTATATTCCAGGAAAAAATACTTTAATAGTATTGTTATATAGTGTATTGGCTAATTCCAGTGGATCCTCATCTCTCACTGCTGACATTATCTCCAATATTTGACTAAAACAAAACAAAAACAAAAATGGTTAAATCTCCAAGTATACATTTAGTTCTAAAGCTATATAATATTTTTCCACACAAAGGAAAATATTGGCACACCTTTAATATAATAAAGCTTAACAGTTATTAAGTTTTTCAGCAATATCAATAGAAAAACTTACTGCCAGTAACTGGAAACAGATTTATGGACTGTCTTGCATATAACTAGAGCTAAGAACCAGGTTCAAGTAAATTATTAAAGCAGCCATCTGTATTATGTTCACCAATTATAGCATTAACTGAGTGGAAATGAAGAGTCCTTTTCAATTGTGAGTCATAGCATGTTCATTAGTGGGTCATGATGAGCATTTTAAACATTGACAAGTACATTGTACTCAATAAGGGTAAGTACTGTTCCATTTTTTGTTAGGTTTTATTATGTATGTGTGTCCTAAGTCACAACGTAATTTGTACTGTGGGACAGCAGCCACAGTTGGAAATCTACTGCTAGAGAACTAGTCCTTGAGAGACAGCAAATGAAGGTATTAGGTTGCTGCAAAAGTAATATTTACTTGGAAAAATGTGTGGTTATTGAGGGCGAGGGCTTTCTGTACCTCTACCCTTGCGAGAGAAATAAGCCCAGGTGTCCATCCTTCAGTTTCTTTCTTTCTCTGTCTCTCTCTTCCTTCCCTTCCCTCCCTTCCTTTCCTTTCTTTTTCTTTCCTTTCTTTTTTTTTTCTTTTTTCTTTCTTTTTTGAGACGGCGTCTTACTCTGTTGCTCAGGCTGGAGTGCAGTGGCACGATCTCGGCTCACTGCAACCTCTGCCGCCTGGGTTCAAGTGATTCTCCTGCCTCAGCCTCCTGAGTAGCTGGGATTACAGGCACCTGCCATCACACCCAGCTAATTTTTGTATTTTTAGTAGAGACGGGGTTTCACTATGTTGGCTGGCCGTGGTCTTGAACTCCTGACCTTGTGATCCACCCCACCTGGGCCTCCCAAAGTGCTGGGATTACAGGTGTGAGCCACCGCGCCTGGCCGCATCTTTCAGTTTCTGTGCTTACAGTAATGATGATCCGTAGTGTCTCCATACTTATTATATATAAGTGGAAGATTTTTAATACATGAATTAGAAAGTTCCAAAGTCCAAATTGAACATTTAAATATTCTTTGCCTAAGCTTTTTGTTCCCTTAGTATCTTAAATGTTAACACCTAAAGGAATTAAGGATGGAGATCTAAGATTAATGGGAATTTAAAAAATTGTTTTGTAATGTGACACAAAAGCCTTGCTTGATGTTTATACTAAGCAAACACTACACTAAAATTTTATCTGACAGTCAAGATACACTAAAAGCAAATCTATTAACATTTAAATTAAGACAGTGAAAATCCATTTTTCTTAGGAAACTACTGAATGTCCCTCTGTATGCACTTCTCAGAATTGGAACTCTTGATTAATGCTGCTGATGACACAGTTTTGAAGGTCACAGCAGCTTTGCTAAGATTATATTGCATAGCAAATTCATTTTATTGAAATCGCTTATAAGAAATCTATTGGGCTGGGCCCAGTGGCTCATGCCTGTAATCACAGCACTTTGGGAGGCTGAGGTGTGAGCCACTGTGCCCAGCCAGGCAAAGGTTTTTAAAGTCTTGCAAGATCTACATGATTCCTACCCTATCTCCTTTCCAGCCCTTCCCCATACTGATACAAGTTATAGCTTTAAAAAAAATAATTGCCACTCTCCTGCTTAAAATCCTTTGGGTAGTGATAAAATCTAAGCAAAATGCTGGCATATAAGAGCCCTCACAATCTGGGCTCACTCTACCTTCCCAGACTTGACTTCTGCTTACACTGTGCATCCTACTTTCTGCCACACTTGTTCCTCTGGATTAGCCAGGCCCTTCTGCAGTCTGCCTTTGCTTAAGGTGTTTGTTTGTCTTTCTCTGGCCTAACTCCCAGTCATGGGTAAACAACTGAAATGTCACCTTGGTATAACTCTCTCCTGTTTCCCCTCAAAGCAGACAGTTGATGTGCCCTATGGTCCTGGTCATAGATTCCTACTTGTATAACAGCACTACTATCTTGGACTCTGTCTGCTTATGTGCTCCAGGAGGGCAGGGGTCCTCGCCTGACTCACTGAATGCCTTATCTAAAGTGCCAGGCACAGTGTACCTATTCATCTGGTGGAT,False
891,-277,5.1863174,-5.2713013,2.8727736e-05,1.7371181,-1.8332094,0.02737609,2.9448917,-2.9563704,0.0027285237,1.4708796,-1.4104319,0.053085178,7.6604214,-7.881345,1.7794947e-07,0.016643738,ENST00000588655.1,-277,AGTGGTGAGGCGTCTTAGAGACGTGCATCTCCATGCGGTTGTACTGTCAGGCCATGGGAATTAGGATCGGCTCTATAGGACCAGTGTGAAGGGACAACGTGCGGCGGAGGGTCGAAGCCCACGGATTTCCATGAGCTCGGCCTGGCTTCCTTCTTGGAATTGTTCGTTTCTCGGAGATAATTGTATAAAAGAAGGAGAAATAACCCCACATCTCTTGACACTAGAGCTCCAGGTCCCCTGACCATGGGAAGCAGTCGCGCTCTGGACAGTAAAGGTGGAGACAGGAACTTGTCAGAGCTTGGAGAGTTTCCGGAATGAAAAAGGCCTGGATCTTCTGCGTCTCCAGCTTAGGAAAACCAGAGAATAAATACAGTTGCTGCTGCTCGCAGAGAACCTAGCAGAAGAGACCATGGAGACTTTGACCTCAAGCTCTTCATTCTCAAGCCTCAGCCATTTCCCAAGATAGGGAGGAGAAGATCATGTCTCAGTTCTGCTTTTCCAGAATCCTGCCCTTTCCAAAAGGAAGACGGTATGATTAAGTTCCAGGAAAGGGTGACATTCAAGGATGTGGCTG,False
892,-202,3.253677,-3.5424633,0.0011168338,4.551872,-4.7128735,9.4695846e-05,4.7970834,-4.369851,0.00010442521,1.375121,-1.4018228,0.058582887,1.9030176,-1.8328385,0.023297045,0.016639177,ENST00000587012.1,-202,GATCTACATGGAACATAGTTTTGTAGGATAAATTGAAACATCAGCAAAAGAAAATGTGAACTTTGATGAAGCCTCCAGGTGCCTGGATGCCAAATAGACAAATACAGAATATAAGAAAACACAATAAGAGTCATTGGCCCCGTGCCTATTTGGCATCATTGCAAGAAACCTGGGGTAGTAATAGTGGACGTATTTAGAGAGTGAGGCATAAGCTCACCTAAACAGCCTAGAAAATGTTTACTATGAGAGTAAGAAGGAAGAACACAAGTGGATATACGAGGAGTCCTTGCAATCTGGCCCATCACGCACCCTTTGCATATCTCTACCTACTTGTGCATAATTCAGCATCCAGCAGAGGAAGACAAAATGTTGCGGACAGTTCCTCTACCAGCAGCATGCCTCCCCCAGGACAAGCGCAAAGTGAAGACTGGTCGTCGCTTCAGTGAAGAAAGAGATCCTGAACTTTCAACTGTTTGCCGGAAGTTTGGTACATTAATGTTATATCCAGGGGCTAATATAAGAAGCTGCTAATCTGGAAGAATTTATATTAGATTCTCCTGTTTATCCTTCTACAATCATCGTCATTGATGGTACACGGAGCCAGGCTAAGGACATTTTCTGTAAGAATTCCTTGTTCTGACACCCCCAAACAGGTGCAGTTAAAAACGAGCATTTCTAGTCAGTATGTAATTCGGATACAGCCAATTAATAGATGTCTTTCTACACTGGAGTGTGCACCTGTTGCTCTTTCCATCTTGGAGAAAAATAATTACATACAAGAGACTTTGCTTCGCCCTCTTGAAGCTTTATGCTCTTTCCAGATTTAGCATGGTGCCCAAATTGGCCCCAGCAAGCAACGCCTTCTGAAAAAATGGATTATATCCTAAACCAATGCCAAAGAACAAACACAAACTCAGGAAAATGGAACTATTAAAGAATAGTGTTAAAATTTAGTACAGTTGTTCTTTTGGTGTTAGCTTACCTGTCTTCATCTAACAATACCAACTTAAGTTTTCATATAGTTTAGGTCTGTAGGTTTTTGACTTGCTAATGAGAATTGCATACTAATCTTGCCCAGAAGAAGGAAGTAAACCAAATATTCATAGAAACAAACAAACGAATGAAAATTCACTGGCTCACTGAAAAGGAAGATTTCATACTGTACTTGTTTTTAAACATGTGCCTCTAATAATACATGTTTTCAAACCCAAA,False
893,-630,5.8746824,-6.0706787,6.4892242e-06,5.979377,-6.2345324,4.9609457e-06,3.7716465,-3.646621,0.0005998282,2.6977503,-2.9823775,0.0034015116,1.1875478,-1.2679002,0.07904105,0.016610768,ENST00000534593.1,-630,CACTGGACTGGCAGAGGGAGCTTGGGAGGGCTTTTGCTGATGCCACTTGTTCTTCTTGCCATAAAGAGTCTGTGTCCCTGGAGGCTGAGGAAGGAACCAGAAGTTGCACTTTCCAACATGGATCGCCTGCTAATTTTCCAAGGCAGCTCAGCCCCTGCCAGCGTCCCCTCCCTCCTTTGGGCTGAGGGCCCAGGAACCCAGCCTCAAAGTTCAGCTTGCTTCCTCCAGCACGCACATTTGGAAATTGAAATTTCCCACATTTTCACCACACAAAAGCCAGGTTGTATTTTTGTTCTCTTCAAAATATGCCAAAGGAATTTTTCCTACCCCTTGAACTTTCTCCAAAAATAAGTAGAAAAAGTCAAGACCATTTTGCCCTGTAAGCTGAGAATAGAAAAATCAACATGCAGGGTGCCATTTCCAGGATGTTACGAAACAGCGAACATGTGAATCCGTCTCAACACCATTTGGCAACTTTGGGGATACAGTAGATGATATTTCTCACCCACAAACTCCTCACTGAGTTTATATTAACATTTTGCTTTTTTTTTTTAAAAAAAAAGAAAAAAGATTCTGAAAAAGGTAAGAAGCCTTGATAAATTACCACCACCTGGATTAAAATTCAGAGTCAGCACACTGACCACCAGCAAATAAAACATGAAACTATACAGATAACTTAGTAAAACAAAAAACGATAGTGGCCCAAGATAAATTAAACTT,False
894,-977,5.7225075,-5.953521,8.494967e-06,6.730049,-6.4988675,1.797852e-06,3.3786538,-3.2085798,0.0013759506,1.1375434,-1.3018804,0.08021541,5.2202225,-4.930944,3.902899e-05,0.016328136,ENST00000479588.1,-977,GGTTTATTCAACGAATGCCTGTGGAGCAGTTTCGAGCAGGTGCACCCACCACTAGAATTTGAACATCCTAAGAACAGGTATTTTTGTCTCTGCTTTGCTGATGTATCCTCAGCAACCGGAACTGCCTGACATCTGATCCTTTCTGTGAGACACCAGGCTGTTGAGGAAGAATCTATGGCAACATTGTATCTATTAATATACAGCTTCTGTATTTATCAGGCCCAGTTCTGGTGATGATTTCACTTTTGACAGAAGCTGTCCCTCAAAAGCAAACATGCAATAGAAGAAACAGATCTCAGTAAGTAGCTTATTTTCCTTACAAACACTACTGAAATTTCTTATTAATGCTCCTAATTTTCCCATTATGCACTGCAGCGTGAGTATGGCTCCAGAGGCTGCACCTAATAACTTCCTTGAGCTCTAATGATTATTGGTATCTTTTACTAATGTGTATCTGTTCTAAACTACACAAAAGCATACAAAGCCATCTCCCTCTTTTAAAAACTTGAAAATGTGGGTATCACCTTTAATTAAATATTTTAAATTTCTCTCTCCAAATCAGATTTATCTATGTGTGGGAGTTTAGATAGTCCCAAGACTTTTGCTAAGACAGTATTTCCAATTTAATCTTAAGTAGAAAAATGTATGTAATTAAGAGATTTATTATAAAACATTTGGCAAAGAAGGAAAGAAAACAGTAACTATGTAGGTAGTTTTTATTAGAT,False
895,-1056,3.9628918,-4.1859345,0.0002889908,3.7829947,-4.2284746,0.00033152726,7.208625,-6.5667057,1.0409971e-06,6.7173176,-6.6994753,1.4899108e-06,1.1349417,-1.301276,0.08045228,0.016215065,ENST00000512185.1,-1056,AGGATTTTGCTACTTGATAATGTGTGTGGGGTCTAGAAGTCAAGGAAGACTCTCTAGGTTCAGGAAGAGGATGGAGTATTGATCAAAACAGGAAGGTCAGAAAAGAACCCCTCTGGGAAGAGTTGGTGCTGAAGATGAGATGGAGTAAGAGAGGCATGTTGGGCTGTCAGTTTCACTCAGGACCCATGGCAGAATATTGCTACCAACGGACCATAACAAAAACAAGAAGAATTGAAACATTTTGGAGGCCGGAAACACCACATTGATATTTCTCTCCAGTGTGAAATATTTTAACCTGAAAAACTTCTAGATGCAATTTTCAGATAAAATAGGCCTATTCTAATGAATCCAAGACAAGAAGAATCTTTCAAGTGTTGCTAACCAGAACTGAGCAGATCCAAGTAGCAATCGTAGCCAAGCCATTAGTCCATGTATGGAGAGACCAGAGAGGGCATCCCCACGTGGTGATGCCT,False
896,-1424,6.021987,-5.9697285,6.195288e-06,1.1796677,-1.2491274,0.08100312,11.312987,-10.895885,2.2636469e-10,14.065757,-13.939468,6.8783586e-13,13.830835,-14.0204315,8.023216e-13,0.016201865,ENST00000502301.5,-1424,AGAGCACCCGGACCCGCGGCGGCAGCGGCAGCGACGCTACCCACCCTCTTCCCCAACACCCACCTAGCCAGCGAGTCACCGAGCCACCGGCCCTCGGGCCGGCGCCTCGGTTCCTGCCCAGCTGGATTTGGGGGGCAGCATTGCCTGGCGCAGGGAGATCAAATGAGACTGCAAAGAAGCATAAAATGAATAGACAATCCAACCAACCAAAGGAAATTGCTTTGGAGATGAGGAAACAAACTCTTATGGATTCTCTTCAGAGGACAAGAGAAGATGTTACATTCTCTGCATGAGGACAATTCTGCAGCATCAAAATCGAATAATATTTGTTTTCTGGCAGCAGAATTTTGTATCATATTTCTAAAGACAGTAAGCACTTGGGTGGACGTCAATGAATACTAAACACTAATTGATCTGATACAGCCGTATGCACATACACAGATATACATGGTGGCTTGTAATGGTTGAAAAATTACGGTTTGGTTTTATTAAAAGATCTGTCACTTTTAGGTCAGAGTGGGATTTTGGAGGGATAGTCTCCCACAATAGAAAACTACCCTGA,True
897,-374,3.662573,-3.7831354,0.00058360165,0.9741086,-1.5194305,0.076312356,5.391808,-4.813509,3.697186e-05,3.0774944,-2.8244755,0.0027265989,3.4148192,-3.4944608,0.0009974807,0.016131403,ENST00000483289.2,-374,AATACAGCTCGTTTAAAACAAGCTGGAGTCTCCATTCCGTTTTCCGCGTTGCTTCTCACAACTCACTGTTAGAATCCAGAAGTAAGAGAACCCGGGGAAGCGTAAGGAAGATGAATAGGACAAAGATTCTAAGAAGGTGGGAAGGAAGAAGGCTGCAGTCTATTTCAAGTCTGGTGAATTTCAATCACTGTAGCCTTTATTGTTATTTTAGAGCCACCTAGACCAAAAGAGAAGGAGCTCAAATTGCTGGTGAAAGAAGACTGCAGCTGAGTTCTATTATCAAAGCAAAGTGCTGTACTGTACTTGAAATAACTCTAGCAAATACTGTGCTTCCTGCACAGAACCTGTTGGATTACTCACACAAATGTCAAAGAACAGGTTGACATTTTAGCAAGTTATCAGCCTGGCCCATATAAAAAAAGACATTTCTAGTTTTTACACTTTGCAGGGTTCAGAGAGCAGTTGAATGTTATTTTTAGTCTATGATCCAAAGCAGCTAATGACAGAGTCTACCTTAGAAGATAAACAGGCTTCTGATTTATAACACAAGGCTAATGGTAGATATTGTGTGATGTGTCCAGTTAAATTAACGAAATAGCTTTGCAACAGTGTGGAGTAAAGACTTAGGCTTAAAACAGAGAATTTGAGGATTGAGATAAGTCCAGAGAAGCAGCAGGATGGAGTGCAGATGCAAGAGAAAGGCTATGTCAATGCCATATTATAAATATAGCTCATAGACAGCATATCCTAGTGTGTGTCTGAAGAGGCCTGTGCCCTTGAGGAAAGGGGAGATTATGACCTTGTCCCCCAGTGTCATTTGCATAAATTCTTAGAGACCTTGGGGCAGTGAGTAGGAGACTGGTTGAGATGATTACTATAGGAAAATTGAATAACTTAAAGTATGGATATCTTACTGTTACAGGAAATGCTTAGGAGGTGAGGTACTCTGAATTTAGAATATGATGGCCTAAGGGATTCGGAGTCAAGAAGCAGGACATGGGATGAAGATACATCCACTGTCAAGCTGGTCATTACGACAGGGAGAAATAGCCCTCCACAGAGTGAGACTAGTGAGACTTGCAAGAATTGAATGATGGTCCCGTTGGACGAAACTCTTTAGGGTGAGTTTGCTTGTCTGGGAAAGACAGAACTCAGAGCCCTAATTGAGATGAACTGCAAGATGGGTTCAGCAGGAGAAAGTGGCTGGAAAGGGGGAGGGACCAGGAGCCAAATGGGTGACTATCTGCCAGGTGGTCTCCTGAGGGCACGCATCTTCCCTGGTGGTGTGACTAGAAAGAGGGAGTCCAAAGCACAGTCCCTTCTCCTCCACTTGGCACACATCAACACTTTCCTCTTTTCCTGTGAGCCAAGGTAGAAGGTCTGGTCCAGAATGGACGATATGGGTGGAGGGGTGAGTCAGTATTGTTTTTCATGTTGGTGGTTGGACTCAGTTTAAAAGATGGATGTCTTAGGGTAGTAGGTAGCATAGTTTTCCTAGCTTTGTTGTCACAGGTGATAGAAGCTGGACCATAAGTTAGGGTCACAGCTCCCTTGATTCTCCTTCTTCTTTGTTCTCCTTCCTCTTTCACAACTCTCTCTCCTAGGTACTTTTAGTCAGGCTGCAGATGGAATTCTGGGCGTTTGCTCCAGAGAGAATTTTCCTAGGTAGCTTTTGCGTTAAACAGACTTCATTATACATTTTGCTTTGCATGGGGCCTCTCTCTCCTGACACAGATACATGGGCCCCTTGTAGCCCACAGCCCCCAGTGTCACACATTAGTGGCACAGGCTTGGTTTTGACATTGGTTCAAGGTACCCAGTGAAGAGCACTTTCTGTAAGAACAGTTCAATGGCAGGACCCATAATGGTTATGAGCACGGAGGCCTCCAGTGCAGGAGCATCCGCAGTGGTTGCTGATCCCCAGAAGGGAGACGTACTCTCTTTCTTTTTGTGTTTCCAAAGGCAAAGGCATACTCTTAGGAGGCAGACAGAAAGATGTACAGTTAAGAAGTGGGGTTTTTAGGTTCTGTTAACAGCTGGTTTATTACCTTTTTTGGAACTTTCTCACCCTTTCTGCAGTGAAATAGGCTATTTCTCTATGTAGGAGTACACCTGTGGGGAAAAAAATGTGTGGAAACCTAGCTATTCCCCAAAAAGGAGCACAAAAAGAAGGACATCTGAGATTGCTGAATACTTTTCAGATGACAAAGAACTTAGAATGTTGAGAGGGGACTTACAGGGAATGGGCTGATAAAAGACTTGAGTGTCATCTAGTATTTACCCCTTTCTCCTCCAACTTGAGTTAGCTAAATACACACACACACACACACACACACACACACACACACACGAATATACCTGCTTATAATAAACGCTCTAATCAACAAATCTACTGGATCATAAGCTCTGCCAAGGTAGCGCCTGTGGTGTTCCCTTTTTATCCTTAGCCTGTAGCACCAGGCCTGGCACATAGATTCTTGGTAAATATCTACTGAGTGAATGAATTGTTGAACAGCTCGTAATGAAGAACTGATTCTGAGAATCTGTGGAATACTTCAAAAGAGAATGAATACAATGCATATATTAAAAGAGGAGGCAGTCTGCAGCCACTGCCACCTCCGCCACCGCCAGCTGTGCGGGTGAGCATCCCCAGGCAGCACGTTGGAAGTTGTTTTCAACCATATCCAGCCCTTGCCAAATACATCCTGTTTGTCACACATCCAAAGTGAGGTCCCTCCAGCTATAAGGTGGGCACCATGGCAGAGAAGTTTTTGACTGTCTCTACTGCAGGGACCCCTTGCAGAGGAAAAAGTATGTGCAGAAGGGTGACCACCACTGCTGCCTGAAATGCTTTGACAGGTTCTGTGCCAACACCTGCGTGGAATGCTGCAAGCCCATCCATGTGGACTCCAAGGAGGTGCACTATAAAAACTGCTCCTGGCATGACCCCTGCTTCCACTGTGCCAAGTGCCTTCACCCCTTGCCAATGAGACCTTTGTGGCCAAGGACAACAAGATCCTGTGCAACAAGTTTGCCACTCAGGAGGACTCTCCCAAGTGTAAGGGGTGCTTCAAGGCCTTTGTGGCAGGAGATCAAAAATGGAGTACAAGGGGACCATCTCGCACAAAGACCGCTTCACCTGTAGCAACTGCAAGCAAGTCATGGGGACTGGAAGCTTCTTCTCTAAAGGGAAGGACTTCTACTGTGTGACTTGCCATGAGACCAAGTTTGCTAAGCATTGTGTGAAGTGCAACAAGGCCATCGCATCTTGGGGAGTCACTTACTAGGATGAGCCCTGGCATGCCGAGGGCTTTGTATGTGTTACCTGCTCTAAGAAGCTGGCTGTGCAGCATTTCACCACTGTGGAGGACCAGTAATACTGTGTGGATTGCTACAAGAACTTTGTGGCCAAGAAGTGTGCTGGATGCAAGCACCCCATCACTGGGTTTGGTAAAGGCTCCAGTGTGGTGGCCTATGAAGGACAATCCTGGCACGACTGCTGCTTCCACTGCAAAAAATGCTCTGTGAATCTGGCCAACAAGCACTTTGTTTTCCACGAGGAGCAAGTATATTGCCCTGACTGTGCCAAAAAGTTGTAAACTGACAGGGGCTCCTGCCCTGTAAAATGGAATTTGAATTTTGCTCTTTGTGTCCTTACTCTCTGCCCTATACCATCAATGGGGAAGAGTGGTCTTTCCCCTCTTTAAAGGTCTCCTGTCTTTTCTCCCGTTTTACAGTATTACTCAAATAAGGGCACACAGTGATCATATTAGGATTTAGCAAAAAGCAACCCTGCAGCAAAGTGAATTTCTGTCCAGCTGCAACTGAAAAACGAAAATTTAAGTAGATTGACTCTTCTGCATGTTTCTCACAGAGCAGAAAAGTGCTAGTCATTTAGCCACTTAGTGATGTAAGCAAGAAGCATATGAGATAAAGCCCCCACTGAGATGCCTCTTGCGGCTCAGCTGGGACCTACCGTGTAGTCACGCGACATGCAAGAGTTGTAGTGGCTGCTTCAACTCGCTGCTCACCCTCTTCTGTGAGCAGGAAAAGAACTTACTGACGTGCATGATTTAACTTCCTCATCAAAACTCTGACCTTCCTTCTGTTATTTTGTGCTTTCAAATGACTAATATGCACTTCCAGAAAATTAACATTTGAACTTAGCTGTAATTCTAAACTGACCTTTCCCCATACTAATGTTTGATTTCCCCATGTGGCATGTTTTCTGAGTGTTCCTACCTTAAAGCATGGAACATGCAGGTGATTTGGGAAGTGTAGGCAGATCTGAGAAAACGAGCCTGTTTCAGAGGAACATTGTCACAGCAAATACTTCTGGAAACTTAACAAAACCAACCCTGATGTCCTTTTTATTGTTTTTAATTAGGAATATTTTTGTTTTAATTGATAGCAAAATAGTTTATAGGTTTGGAAACATCCATGAAAATATTCTATTTATTTTATTTTATTATTATTATTATTTTTTGAGACGGAGCCTTGCTCTGTCGCCCAGGCTGCAGTGCAGTGGCGCATTCTCAGCTCACTGCAACCTTCGCCTCCCAGGTTCAAGCAATACTCCTGTCTCAGCCTCCTGAGTAGCTGGGACTACAGGCATGCGCCACCACACCCAGTTAATTTTTGAATTTTTAGTAGAGATGGGGTTTCAACATATTGGTCAGGCTGGTCTTGAACTCCTGACCTCAGGTGATCCACCCACCTAGGCCTCCCAAAATGTTGGCATTACAGGCGTGAGCCGCCATGCCTGGCCTGCATGAAAATATTCTAGCCCTTTCAGATGTTCCTGTAGTGTTGAAATTCATCCTATGGAAGTAACTGCAAAACTCTATAGGGGGAGTTGAGCAGGTGCCAGGACTGTCATCAACATGGATATGACAGTACAGAGCAGTGGTGAGTTGAATCCCTTGTAACGCAGTTGTCTGCTCTTTGTCCATGTGTTAATGAGGGCTGCAAAGTCCCTCCTATAGCGATTCCTAGGAATTTTCCTCAAGAGGAAATGCGGATTTCCACCTACCACTTACCTGAAATACAGGATCACCTACTTACTGTATTCTACATTATTTTATGATATAATGAGACAATATCAAAAGTAAACATGTAATGACTATGTGTACTAACATTCTTGTAGGAGTGGTTAGAGAAGCTGATGTCTCATTTCTACATTCTGTCATTAGCTGTTATCGTCTAATGTTTCAGTGTATCCTTATGGAAATAAAGCAGCATATGAATTTAAAAAAAGAGGAGGATTAGTCCAGGAACTACAGAATGATTAACTTACTTTTATACTGTAAAAAAGTTAGTATCCCCATGATGTTTCTCCAAAATAGTTTGAAAATAATTAGAAGAATTATAAATTATAGTGTGTCTCTCCTCTCTTACCAAGGACTAAGGGCTAAAGTATCGACATACCTCATTTTACTGTGCTTTGCAGATATGGCATGTTTTACAAATGGAAGGTTTGTGGGAACCCTGAGTTGAGTAAATCTATTGGCGTTGTTTTCCCAACAGCATGTGCTCACTTTGTTAGCTTTTTCTTAAGCAATAAGATGTTTTTAAATTAAGGTAAGTACATTTCAAGAGACATAATACTATTGTACACTTAAACTATGGTATAGTGTAAACATAACTGTTATATGCACTGGGAAACCAGAAAATTCCTTTATTGCAGTGGTCTGGAACTGAATCTCAGATATCTCTGAGGTATGCCTGTATATTAAAAAGTGGTAAGATTTTTTTTTTTACAGTAACCAAGTGTTTTATGCTTTTGTTTTGTTTGATGAGAATAACTTCTAGCACTATGAAACAAATAGCTATTTAATTCAACAATCAGTTTAATAAACTTTTTGTAATCCCAGCTAGCAAAATAAAGTCACCTCTTAGGAAATGAGCCAAAGAGGAAGGTAAACTATTTTAGAAACGTAGTTTAAAATGTATATGTAGTGACAGAGCGAGACTCTGTCTCAAAAAAAAAAGTATATGTAGTTAAAAAATCTAAAAGCATCCATATTTTTTCAAAATGGCATTCAATGATGTTCAAGTAAACTATTTCCTTTACTCAGGAGATGAGTTTCTCACACCTGCACAATGACATCCTGTGGCTATTATCAGACATATCGGAGACCTTGGACCTTGTGTTGATTTATGTAGAGGATTCCCTTTCCAGAGGATATGCTGGATAAGTACAGCAAATTGACTGCAACGCTCTATAAAACAGATCTTTCATATATCTGTAA,False
898,-1449,1.1109815,-1.3294992,0.08013747,11.896713,-11.99692,4.1988184e-11,10.695309,-10.886518,4.2377213e-10,7.767364,-7.9794164,1.4496399e-07,7.8558373,-7.6970744,1.7597712e-07,0.016027559,ENST00000439852.5,-1449,TCTAGGACTCAGAAATATAGATGTTAGTAAGAGCAAACAGACATAACAGATAACACATACAAAGTGCCTACCACATGCTAACCACTGCTGCAGGCACTTTCTATAGAAGAACTAATTTAATCATCACCATAACCCTATGGGGTAGATGATATTTTTACAACCTCCATTTTACAGATGAAGAAACTGAAGCATAGACCTGCTTATGTGAGAAGAAACGCAGGGAGACAGTTCAGTCACTGCAATCTTCATGCCCATCAGTTTCTTGTGAGAAGAAAACAAGAAAACAAGGACTGAAATCCACACAGGAAGGTGGCAGTGAACTCCACAGACGGACCTGGACGCCTCAACACTCCTGGCCTTACCTCCCTTGCTGAACGTCTCAAGTTTCTCTGCGTTCAGGACTGGCAACGCCTGCTTCCTCCTCTGAGCTGTCAAGTAGGAAGTCCGGGCTGCTCTGCTAGAAAGAGAAGTCATGTGCAGGAGCACTGAGGCATCCCAGGTGTGACACTCTTCCACCTAGAGCATTCCGTCTCTCATCCTCTGCCATGTGACGCTGGGCTTCTTTAACAAATTAATCCCAAGTGCAAGACATTTATTTCTTCTGTACCTAATGACCTGAGCAATCCTTCTCTGCTGAACCTGGTAGTGTCATCTTTAGAAGTGAAGACACAATTAACACATGGTCATTTCTTCATTATATCGTTGTTACT,False
899,-140,3.3736608,-3.3740978,0.0011721313,0.8706325,-1.6154724,0.07683803,8.141708,-7.580167,1.4861968e-07,4.7018466,-4.7684336,7.710389e-05,3.7473135,-3.7457144,0.0005566441,0.015728813,ENST00000552511.1,-140,CAGATCCGGACTGGAACCTATACCATCAGCTGTTTGGCTCCAGACATTCAAACTACACTGCGGGACTTTCCTGGGTCTCCAGTTTGCAAACAGATAATGGGACTGTTCACACTACATAATCATTTAAATATGCAGACTGTTCAATGCCATCCTCCAGACCTACTGATTCAGAATCTGAGATCTGAAGTGCAGGAATCAGCATTGTTGAACAAATCCTTCAAGAACTAAGGTTAAACCATGACCACTCCTCGAGGCCTTCCCTGGAGATTCGGGCTCATAGATTCCTTCTTTCTCTGAATTCTAAAGTACTTATGGAAGATTCAGCAGATAATTTTTAATGAATTAAATTTTAATACATCAAATTACTTAATAATAAAATTTAATAAAATTTTCAGTATTCTC,False
900,-181,1.3198699,-1.4247093,0.060393516,5.892381,-6.056282,6.4678284e-06,2.2301128,-1.8744824,0.016228972,3.1332784,-3.1724555,0.0018224786,6.7240067,-6.9853163,1.1120294e-06,0.01569051,ENST00000561191.1,-181,GCAGTGCGCGCAGGCGTGGGCAGCAGCGCAGCAGGCGCGCCAGGCAGTCGTCGGTAACGTGGCCGCAGCCCGAGAGCGTGACGGACGCCAGGTTGGGGCACCTGTGAGGAGAGTGCGGTGACCCGGGGCTCACTGGCTTGTTAAAGCTACCCAACCGCCCCATGGGACCGAGTGGACTCATTTACCGAGGAGGACTCGGGCCCTGCGAGGGAAAAAACAAAGAGCGGACTGTCCCCCTGCCCAGCCATCCTCAGCCATTCCTCCCGACCTGAGCTGAGTGCCAGAAGAACCAGATTCAGTAGACGTTCATCAGTACCTACTATGTGCCAGGTCACTTCATCCTGGCCCAGGTACTGCAGCTCCAAATCGTGGGGATTCTGTAAGAGCTTGCTACCTGTTGACTGAGGAGGCCCACGAGTTGAGCAAAAAGAATGATTCCTCAGCAGTCATTGTGAAATTTTGTGGGCCACAAGTATTGTGCACACATGATCCTTGATTTAGAGTCAACCTGATGTCCATTATAGCTGTGGAAAGGCAGCAGGCAGTTGTGTCGCTCTTCACAATAAGGAACA,False
901,-1165,1.1766585,-1.2987413,0.07760083,6.016172,-5.9872713,6.1230585e-06,4.257787,-3.93062,0.00027777898,7.232177,-7.3594093,4.602083e-07,3.9898028,-3.9034894,0.00037309944,0.01565166,ENST00000521127.1,-1165,CTTTCCCGCGCGACCGGCGAGGGAGGAAGAAGCGCGAAGAGCCGTTAGTCATGCCGGTGTGGTGGCGGCGGCGGAGACTGCGGGCCCGTAGCTGGGCTCTGCGAGGTGCAAGAAAGCCTTTGAGGTGAAGGTGTATGAAAGTCATCATAACAGATGTTTTCCAAAAACTTGTAGAAGGTTGTGAAAAAACTACTAGGATCACGCGGCATGTATTGAGGTACCTAAATTTAATTAATGTTAGTTATGTGATGTATTCTTGACAGATAGGTTTAATAGCTGGCACAATGATGACTTAAATTACTTTTTGCCGTTTACCCAGCTGAGGTTGTCTTTGAAGAAATAATTTTAAGACTGAGATGCCAGTACTGTACATTGATTAATTACTGACATGTATGTAAGGCAATAATTTAATTAAGGGTGAATATTCTTTGTTTTTAGCATATAGGTTGCTGTAGATGAATGTTCTTAGCTGTCATGTTTAAAAATACTTCTGCTTCGTTACCTCAAGTAAGTGATTTGTCAAGCAACTATGTCTGCTGACAGTTCAGAAAGTATCTGAT,False
902,-398,5.6846037,-5.899831,9.309792e-06,4.9720893,-5.1239347,4.124153e-05,7.7321506,-7.574898,2.2502618e-07,4.151789,-4.132458,0.00025239887,1.2649621,-1.2071776,0.07783451,0.015627537,ENST00000562919.1,-398,CCTGGTTCAGCCGCCTCTGCCTGCGAGACGGTTCAATTCCTGCGTGCGGACGTTTGTTTTGTTGGACCTTGACCTGACTAGGAAATTTCCCTCTCTCATTGCAGTTTCGGGCATCCTCGTCCGGAGCACGCTGGGCGTGGCATGGCTAAGGCTCAGCCTTCGAACTTTGTATCAAAGGCGTGTGAGGAGCCAGAGTCCCAGGCCGGAAGTCATAAGTGCGAAGGGGCGTTTCTCTGCACGGTGTGCTTAGTTTTTGTTAATACTGCACCATAAGCGGAAAATAGACTCGGGAACTGATTGAGGTTACTTTGAACGCACCAAGATTTTTTTCCGGTCTCTGGTTTGTGTCTTAATTTCCATACTGTTAATGTTTTAGGGAAACGTAATAATGGTGCATTATTGTCCTCGTTTTGTTTGAAAATCAGATCTTCACATAATTTTGGGTTGGGTAGTTGGGGTTCAGAGGAAATTGGCAAGAGGGCTGGGGTTTTTCGGGGACGTCAGCGTTGCCATTCCAAGCATGCTGCCCAGAACTGCTGTAGATGGGAAGAGAAAGCTGCTCTAATGTGTCCGCAGCCCTCTCAAGTGCTACCATATAATTCGCGTCTTGTTTGGCCTCAAGACAGTTGGCCTCACAATAGATATAAGATGTGGTTTAGTAGACACCTCGTCCAGTGGATAGGAGGATGCTCTCATGGACTGGACACATCAAGTTTTTAGCCTGTTTAATTAAACCTAGAAAAATTGTTACATTTTAGAAAGTTTTTATTGATGATAAAATGTTCTCTGAACTCATTTTCTTGCTTCTTTAAATACGTATCTGGTTTCAATCTTAGCACTGCTACTTACTAATGTTTATTTTATTTGGGTTTTAGTTGTTTTGTAATCAGAAGCATAGGATAACATTTGTCCCAATGGTTTGCTTTCAGTGAATGTTGGGATGACCGAATGACTTCCTAGTGAAAGCATTTTCTTTTCTCCTTCCAACCCCTGAAATTAGACAAATGTATTAATGAAATAATCATTAAAATTCAACTATAAATGTTTACAGAAACTGGTACATCTATCCTATGGAATATTTAGTAACAAATAGGAACACAGTATTGATGAACACACCCTGAAATGAATCTGTAGGAAATTATGGTTAAAGAAAAAGCCAATCTCAAATGCTTATATACTGTGTAATTCCATTATGTAACATCTCAGAATTGATAAATTTATGTAAGTGGACAACAGAATAATTGATTGCCATGGGTCAGGGAATGGAAATCCTGCATCTTGTCTATATTAATGTCAGTATTCTGGTTGTGATATTGCAATAGTTTTGTAACATGTCACCACTGGGGGAAACTAGATTAAAGATATACACGGTCATCTGTATATTATTTCTTAAAACTGCATGTGACACAATTGTCTCAATATAAAAAGTTTGATTAAAAAAATGCAGCTATAGACTTGACAGCACTTCCTATAGACATTCTATAAACCGTTATTAAAACTGAATCTCACTTAAAAATAATTTTTTTATAGTAAATCTGTTCTCTCAGTTAAGGATATGAATGATCCTCAGAAGCAATACAAATGAATAAGACATTTAAAAACTTCACTAAGCAAAATAATGCAAATTAAAATGCATGTTTTAGTCATTTGTATTGATTCACTTGTCAAGTTAACAAAGCTTTACAGTTAGAAATATTCAGTATTTGCAAGGATACAATGAAATGGTACTATTCTAAACTGCTGCAGATAATGAAACTCATTCTGAGAAATTATTTGGAAATACCAAGAGCCAGAAACAAACTAAATGCTCAAAAATTGAAGGATGATTAAATTTGCTGGTGTATTCTTGTTATATAGACATAATAAATATATTTTTTAAAACAATATGGAAAAATGCTTGCTGAATAATGTGTGAAAAATCAGGATAGAAAATTATATGTATGTTCCAAATGATGTTTAAAACAAAACATATACATTCTTACATTCTTTCTTACACGTGTTTCTTGAAAATAAAGGCTGGATGGTAAATATCAAAA,False
903,-945,1.2861688,-1.2382665,0.074162826,2.567412,-3.392521,0.0025734457,8.362742,-7.81631,9.408638e-08,5.430586,-5.5908675,1.6346934e-05,4.6417146,-4.7187076,8.605635e-05,0.015367754,ENST00000456880.1,-945,AGAGAGCAGAGCCACGCCACACGGGAGGCCAGCTCCAGGCACAGAACTCAGCCCACAGACCTCACAATTCCAGGCTTCCTGGGAACCAAAGCAAGAAAAAAGGAGAAGCACACAGACTTTCGATATTATAAGCCTCACTGGCTAATAACACGAAGTGGGTGTTTATCAGGAGACAGACACTGTCTGGCACTGAACTCTAGGACCTGATCTGTGGATTCTGACGAGCACAAGAGCCAGACCCTCCAGGGGTGCATGTGGAAGGGGCAGGGCTGCAGGGGCCTCCTTGGTGTGTCTCAGGGTGACAGGCACAGAGCCCTCCGCAGTGGGAGCCGGAAGTGTGGGTGCCATACTTGCTGCAGGGACAGTGTCCTGCCACCAGCCCCTTGGCCTCGAGATGACAGTCCTGGCCCATGCTCGGGTTCTCTCAATGTTCAGAACCCACGTTCTGAAAGGTGGCAACCTCAGCAACTTAGCCAATGAAACAAGAAGAGAAACGGTTGGTTCCTAACAAAACCAGGAACACAAGGATTTTCAGAGTCCTGGGTAGCACAGGGTCTGTCTGCAGATGCTGGGAAGGGCTCTGAGGGCCTGGGAGGCTTTCTGAATTATGGGGGCAACGTGGGGAGACTGGGCTTTCTGTGGACCATGACAGCTCCGCAGCCGTGCTGGGCTCCTCAGCTCCACTGTCAGGGCTAGGAATTGGCCACAGAACCCCCAGAGCCAACCCTGGGGCCCACTAGGACCCCAAACACCTGTGTTTTCATTCTGCGTGGCCTCCTGGTTCCCTGGAGTTCTTTTTTATGCTGCCTCTGGTGTGAGGTCCTCAGCATTTAATTTGTTCTAAGTTTAAAAGCTGCAAGAGCAAAACAGAACCCCCAAAGCCTGGGGCCCACAGCTGCTGCGGCTGATCAGAGATACGACCCCAGAGGACCACGTCCACCAGGGGCCGGATGGACAGCCACCTATTTTGTACTCCTTGTTTCAAAAGCAACAATAGCAAATAACATTCCAAAAGTTCTATGATAAGACTTCAAGACACTAGGATTTAAAGAAAATCCTAGACATTTTCAAAGAGAAGAAACAGCTACTGCATGGGTCTCCTGATGCTGCTGTAGTGAACCGCCACGGCCTTGGCAGCTTAAAGCAATCAGACTCTTCTCTCAGTCCTGGAGGTCAGGAGTCTCACTGGGCTAAAACCAAGGTTCGGCAGGGCTGTGCTCCTCCCGTAGGTCGGGAGCCTCCATGCCTTGCCTTTCCTGCCTTCCAGAGGCTGCCTGCATTCCTGGGCTGAGGCTCTCCCCTCCCGCCGACGCTCACTGCCACCGTCACATTCCTTCTCCGCCTCCCTCTTCCACGGCCCCTCATGATGATGTCGGGCCCATGCAGATAACCCCAGATAATTTCCCACCTCAGGATCCTCCACTTAACCCCACCCTCCCAGTCCCTTTTGCCACATAGGGCCCCATAGCCACAGGGTTCGAGTGTGGACCTCCCTGGGGCTGTTATTCAAACTGCCACAGATGCCACAAACACCAGGCCCAGAGGAGGTGGACACGTGTGTGCAAATCCACAAAACCAGCAAAGCACGTGAAGACGTGCAGATGAGGAAGACCCCAATGGCACGGGAGGGCAGACACAGAGCCGTCCACAGATGGATCGGAGCTCTGGGGAAGGCACCGCAGAGCCAGCGCCGTCTGAGGCACACGATGGCAGACGGGAAAAGAAGCCACCTGCTGGGATGCTGAGACTCGCTTGCAGGAGCTTTTGGAACTGGCTGAGGTCACAGCTGGAACCACTGTGGCCAGCTGGAGTCTGCACAGCCCGAGTTTCCACCCCAGGGTCCCAGTAACTCCGCCCAAATGTGCACACGAGACCTATGAGGAGACATAACTTTCCAGAACCCCCTTTTCTTCCACCAGCCACTTACTCATCCAAGAACCCACCCCCGAACCTTCCCTAATAGAAACACTGCATTAAAGCCAGCGCGGGGAGACAGACGTGAACTGCGCCCCTGTCTCCTTGTGGGTTGGCCTAGAATAAAAGCTTTTCTTTTCTC,False
904,-430,1.4529927,-1.3918467,0.054948695,1.7269198,-2.7111542,0.011680629,8.611508,-8.036413,5.887069e-08,5.3905725,-5.584584,1.7121527e-05,2.2091928,-2.4569576,0.009320728,0.015193446,ENST00000584934.1,-430,GGAACCGCGGGCCAGGAGCCGACAGGCGGGGGCGGAGGCCCGCCCCCTCCGGACGTCACTCCGCGGCGGCCGCCGCCGGTGTGAACCGGTTGATGAATGGCTAAGCGCCGAGTCGGAGCATCCCCGGGGCGGGGGAGGGAAGGGGCTGCCGGGAGTGCTCCGGGATGCAGGAAGCCTGAAGTTAAGAAGGGGTGGGAGCGAGAGAGATTCCGATTTATCGACTGGAAGGAATCATGCTGCAAACCACGTTTCTCATAATTAAAACGGTCCAGGAGTGCACACATGTCACATGAGGAGACTCGAAGTTTGCCTGAATCGTAAAATGCAATCCTTCTAGGGCTGGAACCGCGTCTCAGTGTCGAGCCTGCTTTCTACTGCCTTAACCACGGTCATCTTTGCCAGTGGTTTACCTTGGCACCTGGGCCCCGAGTACCTTCGTCATCAAATAATATTTATGTCGCAAGACCGCTGTACCCGGTGACTCAACACCTTGCATGCCACGGCCTTAGGCTTGGTCAAGATGAATTCTTGTCCCTGGGGGCGCTTTCAAGCGGGGAGAAACTTACCTTCGCAAAACTTAAGGCTATAGAAGATGGGGAGAGTATCTTTTGATGCAGACGAAGCCCTATGCTCCCTATATTCTTTTTTTGATCACACCTCTCTATACTACGTACGCGTGCAACTGCAGTTGGCTCAATTGTGGCATTTCGAAATCACATGCATCCTTTGTACTGCTGCTCACTTGATATGTTGTCTCAGATAATGAAAGGTTAGGAAGTGCTTAAAGAAAGCGTTTTTAGAAATTAAGAATCCTCGGTTTTGTCAAGCACTGATGTAATTCTTTGCGTCAAAGCTAAAGCTCTTCTTTATGTTCGTTTTCAGTCCTCTTTTACTGACTTCATTATTTAAGCCCCTAAGAAGTAAAGTCTTATCGCAATTCTGTGCCATACAAGGGCACCTCTGTTATTTATAATCTGAAAACCCTTTCTCCTCAGCTCTGGAGAAGGACCAAACAGGACCTTTACCTGCTTTTTAAGAACTCAGTTTTCCACTAACACTGAAGCCTTTTGTTTGTTATTTTCACCGAGTATGAGATTGGAGAGGGCTTTAGGGATCAAATTTTGTCCTCTTTCAGTGCCCTGCAACATCTTAGGATTTATTAGAACTTCTATTTAGAGACTGGTTGTATAGTTATTCAACTTTCTTAACTCTGTAAGTAAAATAAGAACTTTAAAAAAACAAAAACAAACAAAATCCTGGGCCAGACTTTCAAAGGAACAAAAACTCTTCGTCATTTGGAAGAAAATGGCTCACCTACGACACATTTTAATCCATTAAAATCAAGGAAAACTAGCACACTTGAGAAATATGTCCCTTTACAAATAAATGATTTAAAAAAGTAAA,True
905,-1326,1.3653462,-1.322587,0.06368916,2.4540043,-3.4377937,0.0027543986,8.635124,-8.047936,5.6838058e-08,5.4147773,-5.6351295,1.588838e-05,2.2471242,-2.5052302,0.0085574845,0.015003398,ENST00000553465.5,-1326,CAAAAGATCATGATTAATCCAGTTCTGCACAAAACACTGAGGTCCATTAGAAGACAATAGGTCTTGGCTGTTTCATTCCTTTTAAGAGCTGTTTAATATTCCACGGAGCCCTGGGCTCCCCCAGTGTTGCCTGGGTCTGACTTTGCCTCAGTGAAAACTGCCTCGAATTCTTTCTTGCACCGATGGGCAGATGGGCAGTGTCGGAGGATCGTGTCATCTGTCCCGTGGCGCTGGTTGGCTTGGTCAAGTCAGTGTTCAAACTATCTCCTGCTCTTTCAAGGGGATCTGGGGCTCTAGAAGATTAGAGGACTTGGAGAGGTTAGTGACTTGCTCGAGGTCGGCTAGGAAGCAAGACCCAGGATTCCAACTCAGGTCTGTGTGATTCCTCTGCAAAATGGAGAGGTGGAAGGATGGATGTCAGGTCTGATGGATGGATGGATGCCTACATCAAGATACATGCATAGATGGAGAGATGGCTGGCTACCTCATGAATGCTGGACTGTTGTGAGAATCAAACGAGATAATGTATGCTGAGGCATGCTGTGAACACTACGTGCTGGGTACAGGAGAATGGAGGCTCCAGAGTGAAATTAATGACACTTTGTCGATGAAGATCTTGATTGTGACCTCTGTGGAAAATGAGCCATGAACCAACCAATATGAAAAATAAAAGAAATCTACATGGATCCCACTTTGGACAAAGTGCGTGTCAACAGTTGCATGAAATGGTATTTCACTTCTTGATTATTGTTTGTTTTTATTCTTTTTTTAGAAAAAATGAATAAATGATCAAATTATTTTGGGGGTAATTAAATAAAAGAAAGAACACAAGTGAGTCAGTAAATGCTTAAATTAAGGTAGATCTTGGATCATTGCTTCATGGCACACTCTCAGAAATGCTCAAATATGGTGCCTTAAAAAAATTAATGAGGTTTGGGTGTTGATGTGGTTAGGGAGTATACAGATAGATAGTTGTTAGTGGTTACATTTATTACTCTTGCATTGGGTGGATTTAAGGGTTCATTATATTAAGAATTAAACAGTAAGTAAATTCATACATAAAAGGTATGGTTATTCTTGAGTCAATAATGAGAATGTGTTAGGAACCAAGGTTTATGATTAATCTAAAATAATTTCTAAAAGAAGTTAAGTCTTTGCTGTTTCGTTCTTTCTAAA,False
906,-1433,2.6035514,-2.7808058,0.0045668357,3.1579285,-3.5713034,0.0011940235,7.1294403,-6.560836,1.1334128e-06,6.2004924,-6.2362204,3.970112e-06,1.2182456,-1.4143493,0.067069896,0.014567171,ENST00000508878.5,-1433,CCAGCCTGGTTTGCTCTGGGCTCTGACCCGCCGCCGCGAATCTCCGCTCGTAACTCCGGGCCTGAACCTGGAGGAGGGAGGATTTCCTCTGTGCAGCTTTCGAGCGGTAGACTCACCCTGCCAGGCAGACCTAGATTGGCATAACCAGAGATCAGTTCCAGTTGTGATGCAGTGGGTGTCTACACACTTCTGATGACACCTTTATTTTAAAAGCTGATGTTCCAAGTAGAGTCGGGGTTTCACCGTGTTAGCCAGGATGGTCTCGATCTCCTGACCTCGTGATCCGCCCACCTCCGCCTCTCCAAGTGCTGGGATTACAGGCATGAGCCACCGCGCCCGGCCCTTGTATTTTTAAACTTTGACTTTATGGAGACGAACACCATCGTTTGCTGAACACTTGAAACATGATGAAAGAGCCACAGAGTTGGCAGAACTGTTTGAAAATGCTATTTTTAGGGCAGTTTTTAGTGTCATTATGTTGCTGCTACATATTTGGAAGATGGAACAAGCCCAGACAAAGGAGGATTCTTTTTTACTCATCTTAAATCCATTTTATTTTCCTTCATCTGAGCCCCTTAAAACTAATGTGTTACTGGTGCAAGCGGTCTTCTCTGTCTTCTTTATGGCCAGTAAAATTCTCCAGAAGAGATTTATGGCAGCCTCACTCCCAGTAGTTTCTGCATTTAGTGAGATAAGCCACAGCAATTGTCTGCTATTTTAAAAGCACTGTGATGCTTAAATATTCCAGCTGCTACATCGGACAGGTGTCTGATGATCCTGAGAACAGTCATCAAAAAGTAGAACTTGAGCCTGGAATACATTCTCTGGCATAGCCATAGTCAATCACCAGTATAATTAATGTAAATGGACACTGGATAGCTTTTTTGTGAATTCTGATGCAGCACAAAGAGACTTTAATTGTTTCCAAAAAGAAAATGTCTGAGATTAAAATCTAGAGTTTTATGACT,False
907,-1324,1.4431493,-1.3687186,0.056686208,2.6298313,-3.6109104,0.0019446211,8.963817,-8.386566,2.9162454e-08,6.40585,-6.5911193,2.2671852e-06,2.0144973,-2.238123,0.014027342,0.014532094,ENST00000553584.5,-1324,GGTCTGAAAAATGATATTCATTGTCCTAATGTGTAAATTTCGACAATTTGCAAATTTGTAGATTCTTTAGAATAGAACTAACTCAAGCCCTTCATTCTGCAGCTGAGGCTCACTGCCCCCAGTGGGCAGTGGGTCCAGGGGGTTTCTGAGGACAGGGCATGACCCAGCCCTGCTGCCCCCAAGATGGCACCTGGCTTGGAGGGGTGAGGGGCCCTGTTAGTCTGACTTTGAAGAAGACCAGCCTTCCAGACTCGCTTGGTGCCCTGACAGGAGCCCTGGGCTCCCCCAGTGTTGCCTGGGTCTGACTTTGCCTCAGTGAAAACTGCCTCGAATTCTTTCTTGCACCGATGGGCAGATGGGCAGTGTCGGAGGATCGTGTCATCTGTCCCGTGGCGCTGGTTGGCTTGGTCAAGTCAGTGTTCAAACTATCTCCTGCTCTTTCAAGGGGATCTGGGGCTCTAGAAGATTAGAGGACTTGGAGAGGTTAGTGACTTGCTC,False
908,-345,1.519047,-1.4398179,0.0493192,1.7070659,-2.6892653,0.012172469,9.516049,-8.963498,9.428324e-09,7.7146945,-7.9246993,1.6139778e-07,2.1318607,-2.389144,0.01076103,0.014450574,ENST00000601471.1,-345,GCCTCCAGAGGAGCTGGACTACAGATGACTTGGCGCATCTGCTAGAGAAAAACAGCAAATAGCACATCTAAAAACAGCTTGGTGGTTTTTTGCATCTTTAGAGAAAGCTGCTTTAGGAGGGTCTGCAGTATAGACCTCCTGTATCTGCAAGGTGACAGACGGAGGACCCCAAGCCGTGGGAACTGGTCACCTACTGTGGGGCCCAGGCCTCTCCCCACTGCAGGTCAAGCCCATCTTGAAGCCACCACCTGCTTAGTGCTCAAGGTCACCGCTCTCAGCCTGGTCCAGGTGCTGAAGGATCATCTCGACACGAGGGGGCGCCATCTCCTCACATTGTGAGGAAGCCTCTGGCATCGGGATGAATTTTGTTCTAGAGCTTTCCTTCTACAAACCTCGGTGTTGTTCTCGCTCACATGCAAGAAAGAATCGGAGTATTGTGAGATGGAGTCGCCTAAGCTGGAGTGCAGTGACATGATCTCGGCTCACTGTAACCTCTGTCTCCCGGATTCAAGCAATTCTCCTGCCTCAGCCTCTGGAG,False
909,-105,1.1408216,-1.417336,0.07188037,6.862765,-7.004418,9.4963923e-07,5.878305,-5.597907,1.0373855e-05,5.6647377,-5.662834,1.2036296e-05,4.0387836,-4.168392,0.00027261532,0.014435267,ENST00000394742.3,-105,GTACAATGGCACGGTTGTTCTTGCTGACCACACATCTGTTTATACAGTACCATGATTGTTTCTTGAGCAAACAAAAGCAAAGACAGTGTAGAGACGGGGTTTCACTATGTTGGCCAAGCTGGTCTCAGACTCCTGACCTCGTGATCTGCCCGCCTTGGCCTCCCAAAGTGCTGGGATTACAGGATTTTCTTCACCTTATCTCCTCTATGACTCTTCCTGCCTTCCCTCATCATTCTAGACCTCGCTGATCACCTTCCACCAGGAACTATACAAGACTTGGGGTCTGTTCTGTTCAAAATTACAGAAACCCTATTTTCTGCCTATTAGTTAACTTATGAATACATATTAAGTAATAATGAATTGAAATAAATGAATAATAAATGTCTCAATTTCTGTTATA,False
910,-470,5.3390484,-5.4396343,2.0838599e-05,1.1025202,-1.459575,0.07161811,4.3159,-3.9968193,0.0002453157,5.8410745,-5.7812796,8.963378e-06,5.8719077,-6.05479,6.6114717e-06,0.014379968,ENST00000523831.1,-470,CAATGTTGGGGTCAGAGAGTGTAGAGAGTGGTGTGGGGAGAGTGCAGGCTGAAGAGTTACCTAAGGTCAAAATCCTGACCTATGAGCCAAGCCATCGATTTGGGATTTCTACTGAGGACACTGGAAGTCACTAAGAGCATCTGAATGAAAGAAAATAAAAGAGACTGAGAAACCACAGAAATAAAGAAGCGCTGATGACAATGCCTGCTTGCTGATGGTTACGATGATCATAGCAGTGTGCATTTTGTATGCATGAAGCCTGCGACTAAATAAACGTGTGGGGAAATATTTGTAAGGAAATAAGCTATTAATAAAATAAGCTAAAATCACA,False
911,-920,4.7398386,-4.863452,6.7501685e-05,7.491178,-7.5763664,2.8592248e-07,4.8213115,-4.7879066,6.710274e-05,4.569488,-4.6190267,0.000102196114,1.1279312,-1.4388442,0.07130756,0.014308929,ENST00000601850.5,-920,AGAAATACTAGGCTTTAGAATTTCACCATATGAATTTTGGGAGAGAGGAGCACAGTTCAGCCCATAACTAACACACGACGGAATGAAGTTGATAATAGTGAGACCTTGTTGGTACAAGACTATGTAACATAACCTGCGCTTCTCAACAAAGAATTGCTTTTCTGACTTCTGCACTCAGTTCTTTCCTCCAGCTCACTTTATTGTAAGAACCTTGGTGTCTGTAATCGGCTCGGAACCCTTGCTGCTCTTTCACTGAATATCGCTGTCTGGAGCAACACGCTGTCCTGGATAGCTAACGTGTTTATGAATGCAAGGAAATTTTCAAAAAGGGAGTTTGAAATTTAACTCCACAAACTACTATCTGGATTGGAATGCTACATTAAATGTATTATAATTTTGTATGGACATATAAGGATGGGGAATGAAAAGCATCCAAGGCCATATGTTGATAATCTTTTGATATGTTAAGAAATAATCTAGTGTTATTTTCTATTTCTTCTCAAATGTTTTTAGAGGTTACTTGGTACACTGGTCGACAAAACCTTGAAATGTTGATGTTTAAGGGCTGTTGATTGCTGGCAGCAAAGAAGTCCAACTGTGCTGGTACCCGAGATAGCGTCTCCACATTTTCTTCCAGGATCATCACCTTTGTTCTAAATAGCTCCCACATAGTGTGAACAGAAGTCATATGTTTTAGATTTTCTGCCTTGGCACCCAGG,False
912,-1329,1.4966102,-1.406374,0.05200624,10.373717,-10.479881,8.7780244e-10,10.7785225,-10.7692995,4.3842996e-10,2.0374224,-1.9320211,0.018533943,3.6214528,-3.4927328,0.0008128219,0.014270601,ENST00000612281.1,-1329,CGCGTTTAGAGGATCAGTGGCGGCGGCACCCGCGGCCCCGCGCGGCGCGGACGGCGGGCAGCACCGTGCCTGGGCCCCCTCCTGCTCCGAACAGCCCAAGGAGCAGAAAAGAGTGACAAGGCCGTGAAAGGAGGCGCCTGGGGCGTAGCCGGCTCTAGGAGGTTACCCCATGCGGAGTACACACCCTGCTACACCCATCCCGGAGGAGGGAGGAAATAGCCAGCCCGGAGCACCCCTGGACTCTGCCGGTCCCAGAGGCCACGCAAACTCCGCCCAGACTCGGAGACAGGCCCTGGCACCAGGCTCTGGAGACCCCACTTCCTGACTCCAGCGGTGCGAAGATGATACAATACTTTCTGGTGCTGACATTCAGCTGTCTCCCAAACAGCTCTCAATCTGGGGCATGACTTTGAAGGGAAGGTTGCTAAGCCTCCTAAATCCCGATACACACCAATGCCGTTTCCCCACTCATCTGGAAACCTGGTGGGTCCTGCCCAAACGCCTGTATGTCAATTCCACCTCCTGCTTGGCGACCCACCATGCCCACATTTTCCACTCAAGCCTTTCAGATCTGCTTTGGGCACCTGAAGACAGAGAGAATCATCTTTCAAGAGTCAGAAACTTTGCACGTGCCATTCCC,False
913,-98,2.9618504,-3.019278,0.0025196092,2.0373611,-2.6541038,0.009089855,4.621884,-4.133547,0.00015757834,3.6919749,-3.7387803,0.0005923886,1.2880899,-1.496547,0.058160037,0.014103894,ENST00000537514.1,-98,AGCTTCAAGCCTGACGTTCTAGGGGGGAGCCGCTTCTTAAGTACGTGCTAGGATCAAGGGTGCATTTGCAAACTTTTCAAAATGCCTTAGAGGAGTCCTAACCAGCCCCAGGGTGTCTGAGGCACGCTGCCCACAGGACACTTGCTCTCTCTTTCTTGTGACCCCAACATGTCAGCTGGCAAGACTCAACATTCCTGTCTGGGACTGAGCAGCTTGAACCACTTGTATGAGTCACAGAAAAGGAGAATCATACCCCCATTCCACCACCCCACTCCAACCCCTCCACTGTGGCTCCAATGTTACAGACCACTCCTAACTTCAGTCCCGGAAGAATGGAAGGAAGGCTGCAACTTAAGAGACTGCGGTTAGAAGTGATCTTCATAAATTGTTTGCCTTGCCTGTGTCTAGAGTCCTTAAGATGGAGTGAAGGTACCTGAGCGCAGGAACCATGGTCTTCATTGCTGCCTCAGCATTAGCGGAAGTGCCACGGGCCGGCTCCCAGGGGGCCAGAGTTTCCCAGGAACACCATTGAGTACCACTGAACTAGAGTCTGCAAGTTAAAGTAAGGCAAGAAGGAAAACCGGAAACAACTGTAAAAACCTGACCTTTCGTCACCTTAATACTGGCCATCATTTATCGAGTGCTTATTATGTAACAGACATTGTTCTCAGTGTGTGAGTGCAGTGTTCCTCAAACCTAAATGTGGGCCTGAATCGCAGCGGATCTTGGTAAAATGCAGTTTCTCATTCAGTACCTCTGGGGTGCGGCCTGAGATTCTGCATTTCCAACAAGCTCCCAGGATACTTTGTATAGAAAGGCTTTGGTGTATTAACTAACTCGATCTTCTTAATAATCCTATGAAATACTACTGCTATTCCCATTTTACAGATGAGGAAACAGAGGTTAAGCATATATGAACTTACATCAAAATAAATAGACTGCAGGGCAAGGAGGGAGGGGAGAATAGTGTGGGCAGTGTACAGTGCAGAAACAAAGTTCTAGGCAGAGGAAAAAGGATTTACAGAAAGCCTGGCATACAGGGCAGGGGGACGGGGCCTGCACACGGGGCTGTTTCACCGTTAGACGTTATAAGCACAGTACTTGGGGCTATGGGCTTCCTGAAGGTCCCAAGTATTTGAGACCTGAAAAAAATTTATTGACACCTACATAGGAAAAGTGAACTTTTAAATTAATAATTCCAAAATTCAAATCACGAATTGTTTCAAAAATTTTACATGATAGAATTCATATTTAGTAAGCGATACGGGTATATTTTAATGCATTTGATTTTAAAAACGGGGTAGGGCCTACTAAGAACAGGCCAAGCCCTGGCCCCAGTGGGTTTGGATATAATCCTGAGGGCAGCTGGGAACCACTGAGAGAAGCAGGAGAATGTTCTCTGTGGCTACAGTGAGGAGAATGGATTGGAGGGAGGCCAGACTGGAGGCCCAGTGGCTAGAGACCAGATAGGCAGTTACAGTCTTCCAGACTGCGAGACAATCTCTCTTTAGTGCCAAGATTAGCATAAAATCATAGCATTATATAACCCAATTATTCTTTGATTCCTGCATCCCCAATCTGACTCAGCATTCTAAATTTACTTAAGATCTGGGGACAAGGGTTTTTGGCAAATCCTTGAAGGCAAATGATGTTACAGTCAATCAGTATATGCCTTGAGCCAGACAGACATGGGTACGGGCCTCAGTTCTGCTGCTTGCTAGCTATGTGACTTTGCACAAGTGATTTAACTTCTCTGGGCCTTGGATTCCTTACTGGTAACACGAGCATAATCGATTCCTCACAGAATTAAGTGAGAAAACTATGTATGTAGGACTTCTTATGGAGTGGGTACTTAGAAATAAATGGTAGCCGTTATCATTTATGTGCCTTTGTTCTGAAATCTGCTTAAGTTTTCTCTAGGAAGTAACAGAGGGTAGAATAAATTATTTAGTATTTTCATCAATCTTCTGAGATAAAAATTATTATCCTCATTTTGCAGATAAGGAAAAGGGCTCAGAGATTAGATCACAGCTCTGTGAAGTAGGGGCACAAAGTGGTCAACCTGGAAGAGCTGGACTTTATTTTGCTTGCACTTCTGTCCATGCACTCTCTCCAGCAGTTGACATTTGCCCTCTTTGATGGCTCCACGACCAATTTCCCTTAGTCATGGCATGAGTCAGCTGTGAGGGCTGATGGCACACCACCGAATACTCTGCTGTGGCGCCACTAGCCTCCATTTACCTTCTTCTCCAACGTTTTCCAGCCTCCCTCATACCTTGCCCCCCAGTTTTATAGCTTCTGGATTTTCCTTATTAAAGAGCTTGTTTCTGAGACTCAG,False
914,-1187,4.2331047,-4.291621,0.00019845972,2.4558077,-2.635341,0.006113349,4.952929,-4.5194664,7.694099e-05,2.0594587,-2.2263284,0.013575941,1.4322137,-1.5006711,0.05055169,0.014103276,ENST00000584351.5,-1187,AGCTACATCCGTCACCTGACACGGCCCTACCAGGAACAGCCGCGCTCCCGCGGATTCTGGTGCTGCTCGCGTCCCCGCTCCCCTATTCCCCTTATTTTATTCCTGGCTCCCCTCGTCGAAAGTCTTCCATTCTTCAAACTAGATTATTTAAAAATGAAAAAGGAAGAAAGGAAAGCGAGGTCATCTCATTGCTCTATCCGCCAATCAGGAGGCTGAATGTCAGTTTTGAACTAAAAGCCGCTCCGCTCCTCTTCTAGATTTGGAAAACAAGCGAAATTAAACTAAACCGCTGCACGCCTCTGACGCGACATCTGGACACGGCGCGGCGCTGGCGCTGCCGGAGCTGTCGACCCGGCCTGGCGCCGGACTAGGACTATTTGCCACGACATTTCAAAGGATTCCAAGAGAGAATATTGGTGTCCATGCTGTGATGATTCCTCAGCTCCTCTCATCTGATCTCCGTCCTGGCCCCCATGACTTTCTTTGTGGTAGTTAGGGTGTGGTATGTGCCACTGAGGCCCACACCTATTGCTGCAATTTATAGCACTGATCTGTCATCAATACCACTTGCTGTCTTGGATGTGAAGATGATTTTTCCTGCAGGGATTCCCTCTACAAAATTAAAAACACTGGGCATGTGGAAATAATATTCATGCTTTAAATTGTCTTTTCTCTTCACTACACCAGGGGTCCCCAACCCCTAGGCCACAGACTGTGGCCCTAGTGTAGTGAATAGAAAAGACAATTTAAAGCGTGAATATTATTTCCTCATGCCCAGTGTTTTTAATTTTGTACTGGTCTGTGGCTTGTTAGAAACCAGGCTGCACAGCAGAAGGTGGGCAGCAGATATTGAGAAACCACAGAAAGAGAGAAGTTAAATAATTTTCCTGTCAAAGACCACATCAATGATGAAGCCAGAATTTGAGCTCATGTACTTAACCACTGGACTACCTGCCTGCCCTGTCGAGGAACAGCTAAGTGTCCCTTTTGATGAGAAGAATAAGCCTCATTCTGATTCAACAGCAGAGATCAAAGAAAAGACTTCTGTTTTCTGGCCACCAGATATATGTTATCTGTGCTTAAAGAATTGAAAAACACACATCAAAGGAGAATTTTCTTGGAAAGAGAGGGTTCAAGCATCACTGTTAGGTGTGCTGGAATCCTTTCCCGAGTCAGTACTGCTTTCTAGAAGAAAACCGGGGAGATCTATTTGGAATGTATCTAACTCCAAAGAAACCATCAGAGGTAACAGTAGAGACGGGGTTTCACCATGTTGGCCAGACTGGTCTTGAACTCTCGACCTCGTGATTCGCCCGCCTCGGCCTCCCAAAGTGCTGGGATTACAGGTGTGAGACACCACACCCGGCGGATAGAGAGAATTTTGACAGTCTCTCCAATGAACGCCTTCACTGATATCCAAAGCATGAAGGACACACCAGGGAAAAACATAGACCTAACACAGGACAAATGGAATTATTAGAAACATTTTCTAGCAGAAGAACACTATTCTGTTGCCATTTGAATCTTTGCTTCTTTCTAGGTTTGACAATGAGCCTATCATATAAGCCCAAATGTAAACAGAAAGAGGTTGAATCAGTCACGATAAGCCCAATTATGCTGTGGTAACAAACAACCTCAAAATCTCATTGGCTTAAAATATACAGAATTATTCTTACTCATGGCACATATCCATCTATCATCTGCAGGGGATCTGCTCACTGAAGTCACTTAGGAACTTGGACTGATGGAACGGCCACTTTTTGGTCACTATATGTATTAATCTGTTTTAATCCTGCTGATAAAGACCCAAAATTGGGAACAAAAAGAAGTTTAACTAGACTTACAGTTCCGCATGGCTGAGGAGGCCTCAGAATCATGGTGGGAGGCGAAAGGCACTTCTTACATGGTGGCAGCAAGAGAAAAATGAGGAAGAAGCAAAAGCGGAAACCTCTGATAAACCCATCAGATCTTATGAGACTTATTCCACTATCAAGAGAATAGCATGGGAAAGACTGGCTCCCATAATTTACCTCCCTCTGGGTCCCTCCCTCAACATGTGGGAATTCTGGGAGAAACAATTCAAGATATGACACATTCATAATTTAAACAGAAGCCTACGAAGAACTCATAAATTAAAAGAAGATAATCTTTTCACAAGGTGATGGAGGCTTTTTATTTTGCCACAAAACCACTGGTGACGTTGCCTGTGGCCACCTTGGAGAAGACACTGGAGGCCTGGGACATGGAGACTGCTTTTCTGCAGAAACCACATCCCTTGGAGTAATGAGCTACACCTACCTCAATTATTCAGTGCAGTACAACACTCCAGACAGGGTCTCACTCTGTCACCCAGGCTGGAGTGTATTGGCATGATTACAGCTCACTGCAACCTTGAACTCCCAGGCTCAAACCTGAGCAGCTGGGACTACAGATGCACCACCATGCATGGATGATTACGGAGCTAGGAATTTCCTACGAAGCTGGGTGATAAAAGGACATTGGACAAAAACACAGATAGCTTCATTCTATACCAGGATCCATCACTGATTAGCTGTATTATATTTGTCTCTACTGTAATTTGAGGAGAATGATACCTGCTTCTCTATCTTGTTGGGTTTTACAGATGATGTATTGAAAGTTCAATAAAATCTATAAACAAT,False
915,-697,3.4121962,-3.4068484,0.0010915715,0.9537469,-1.6731814,0.06742534,8.946763,-8.386116,2.9677457e-08,4.7060304,-4.7651725,7.703275e-05,4.429414,-4.3636327,0.00015176175,0.013749147,ENST00000550680.5,-697,TGCCTCGCCCTGCTTCGGCTCGCGCACGGTGCACGCACCCACTGACCTGCGCCCACTGTGTGGCACTCCCTAGTGAGATGAACCCGGTACCTCAGATGGAAATGCAGAAATCACCCGTCTTCTGCGTGGCTCACGCTGGGAGCTGTAGACCGGAGCTGTTCCTATTCGGCCATCTTGGCTCCTGGATCTCTGTGTCAACCTTCTTTTATTTTTAAAAGATATTCACTGTCTCTTACTAAAGCTTCCTGTTCAAAGTCTGGCTGAGAATTTTTGCTGCTTCTTTCCCTACCTCCTCATTTCCGAAGAACTAAGGTTAAACCATGACCACTCCTCGAGGCCTTCCCTGGAGATTCGGGCTCATAGATTCCTTCTTTCTCTGAATTCTAAAGTACTTATGGAAGATTCAGCAGATAATTTTTAATGAATTAAATTTTAATACATCAAATTACTTAATAATAAAATTTAATAAAA,False
916,-614,4.7804766,-4.794814,6.9418296e-05,6.636233,-6.856073,1.3815463e-06,1.8031613,-1.5846066,0.032679945,1.5771,-1.73384,0.035197783,5.5501475,-5.546184,1.5167635e-05,0.01359274,ENST00000424148.1,-614,AGACCCAGGCGCGGCGTTTTACCTGCAGCGGCTGTGCTCGCCCCGCCGCGACCCCCGCAGGACGGAGCCGGATCCCCCTGCACTCGGGCGGACCTGGGACCCTCAGAGGCGAGCCGGCTGCCTCGGGTCACACATCCGCGAACTCCGGGGGCGGGCTCCCCAGGACGCCGCCGACCCCCCACGACCCCCAGCCCTCCCGCTTCCGTGGAAAGCCGCCCCGACGACCCCTGTGCGGGCTGTTGAGGGGCCGCACCCCGCCGACCGCTGTGGGAACACCTCCGCGCGTGCGGCGGGGACGCGGCGAGTCCGGGGCAGGAAGAACGCACGGATGGAGACAACAGGAAGGAAAGAGACCTTCCTGGTCACACTTGGGCCACAGGAGAACAGGCAGCGGCCCAGGAGGATCCAGGGTCCTGATGGTGGTTGAGAAGCTGGTTCTTAGTGATCACTCAGAAACGTCGGCCTGGCCTTGTGGGGTCAGACCTTGCATCTCAGTCAGCCCAGGGAGAAGAAGAAGATGGTCCACACCCAAGTGCAGGGAACATCGTGGCAGTCGGCTGGGTGCCTGCGTCCAGGCGAGGACACCTCCCGCATCAGGGAAACACACGTTTCTGGAGTGAGGAGGCTGAAGGCAGGGCCCAGAGGAGAGCTGAGCCATGGAAGGAGGTGTGTGCATGGATGGTGAGCTAGAGCAGGTGCAGGTGCCTCAGGGAGGATGTGTGGGACGAACTGACTCAGGGAACCATAAGAAATGCTTTCACCAAACAGGAGAAACCTGAAGGTCTGGGTCCAGAGCCTCAGATCTTACACTGGCAGCACACAGGGACACAACAGTTGGACTGGCAGCAACAGGGCTTGCAGCAGCTGGACTGGCAGCACACGGGGACACAGCAGCTGGACTGGCAGCAGCAGGGCTTGCAGCAGCTGGACTGGCAGCAGGATGATCCACAGCCTGAGGAGCAGCAACAGGGCTTACAACAGCTGGACTGGGAGCAGCCACAAGAACCACAGCCCCCCTTGGAACCCCCACAGGAGCCACAGCCCCCCTTGGAGCCCCCACAGGAGCCACAGCCCCCCTTGGAGCCCCCACAGGAGCCACAGCTGGTGCAGGAACAGGCTGGCACCCAGGAGCACACGGGCTTGCAGCAGCAGACAGGCACATAACATCTGGAGCCACATCCCCCACAGCTGGAGCTGCAGCCCCCACAGCCAGAGCCACAGCCCCCACGGCCGGAGCCACAGCCCCCACAGCCAGAGCCACAACCCCCACAGCTGGAGCCACAGCCCCCACAGCCGGAGCCACAGCCTCTGGAGCAGCCACAGCAGCCCATGGTTCTGGTGGATTGAGGGTGGAGCAGGTAGAGGAGCAGGTGAGAGGGAGGTGCAGGTGTGGAGCTCCCTGAGCCTGGGCTCTTTATATACCTGTCCAGATGTCAGGCATGACACAGGGTCCCTTTCTTGTGACTGTTTACACTATTTTTCCAGAGCTCTATTTTTTTCCTCTTTGCTAGTGACTTCCTTCTGGCTCAGTTGAGCATCTACTTTCTTTGTTTTCTAAATTTGTCTTTTTCCCCATTTGTTTTGGCCCCTACAATTAAAACCTCAGCTCCAGGCTGTCTGGTTCTTCCTGCAAAGCTCCAGGGTGCTGGTCACCTGCTCTCTGCTGACCACATGTGACCAATGGGCAACAGCCTCTGCCCACGTGCTCTCATCTTTCCTGTGTTGACTCCCTCAATAATATTAATTTTACATTTTTAGATTTCAAAATTATCCACGATCTTTATACTCATGCCAGTCTCAGCTTTCCGGGTGTGTTAGACCATTCTTTGCATTGCTCTAAAGAAATACTTGAGGCTGGGTAATTTATAAAGGAAAGAGGTTAGAATGGCTCATGGTTCTGCAGGCTGCACAAGCATGGCACCCACCTCTGCTCAGCTTCTGGGGAGGCCCTCAGGGAGTTTTCCTCACGGTGGAAGGCGAAGCAGGAACAGGCACACCACATGGTGAGAGTGGGAGCAAGGGGTGAGGAGGAGCCACACACTTGTGAACAACCAGATCTGAGTGAACACACTCATCGCCAAGGGGGTGGCACTAAGTCACTCATGAGGGATCCACCCCCATGACCCAGACACCTCCCTGCAGGCCCCTCCTTCAACACTGGCCAACAACTATATGAAAAAATGCTCCACATCACTAACTATTCGGGGAATGTAAATCGAAACCACCACGAGATACCATCTCATATCAGTCAGAATGGCTTTTGAT,False
917,-223,5.042115,-5.0336084,4.208725e-05,1.0697986,-1.5801433,0.06599259,12.856285,-12.308369,1.1779577e-11,8.367843,-8.6364565,4.1221774e-08,11.421116,-11.489874,1.1217177e-10,0.013206944,ENST00000579201.1,-223,TATGCATCAGGACTGGGCTAGCCACTGCCTCCGTTTTCTCTGGGCTCCTGAGATAACCTCCACCTGCCTCTAGATTCTGTGCCAGCTGATCGTTATCTATCTCATCAACTCTTGTTCCATCAGGAAACTGCATCTTGAGACCCAGACACATGCAAATGGCCTTCTGAGTTCATTCTTGATGGAGAGGAGCTGGAAGAATCCACTAAGGACAAATTGCCCTGTGGATTTAGTAAGAGATCTGTATATAGTGGAGCCCCCTGAGGCTGGCTTGTTAAAGTAGTATCTTCTGCTTCCCTGACAGCAAATTCGTGTGCACTGTTTACTGGGAAATAATTATGGTTTTCGGCACTGGCAAATGGAGTCCTATTTCTAATGGGAGACAGTGGTTGGCAAACATGAAACCCTGAGTTTCCCTCTGAGTCTGAGCTGTGAACTGAAGTCGATGACATTGACAAGTCTACTGGAATATCATCTCTCAGAGCAGAATGCATGAATGATGCAGGAGGGTTATAGGATGAATTCACTGATGATCTTGGAGATATTGGTCTGCCAGAAATAAAGTAGTCAAGAGAATTTTGAGAACTGT,False
918,-971,2.7644691,-3.1410732,0.0027169022,3.6033792,-3.7297945,0.00065306947,5.3656178,-4.9132605,3.434986e-05,3.1238189,-3.4530258,0.0013902996,1.2312653,-1.4994752,0.061183613,0.013195647,ENST00000519043.5,-971,AGACACGCTGTGGCACACGCCACGGGGAGCCAGAGAACGTGTGGTGGGGGTGGCGAAGGTGTGGAAACAGGAAGAGAACTAGAACTGGAAGTAAAGCATTGAAGATGTGACTGAATTGCTGCAATCTCATGATCAAATTTGAATGGATGAGGAGTTGCTTTTTAGGGATGAGCAAAGAAAGTGGTTTCTCGAGATGGAATCTACTGGTTGCTCCTTGAGGGCAGGACAGTTCTTATGGCTTTATCCGTTGCGTAAGCACAGAGAGGTCTGCGAGGTCAAAACTATTGTCATGATAGCAAGATGCCTGTCTTTTTCATTTATTCTCACGGTGTGCAGAGGCTACATGATGTGTGATGACATCCTCATTGATGTTAATGAATGGTGCTATACTTGAATTTTCTAAGGTGTCATTAGCAATTCTCCTGCCTCAGCCTCCTGCATAACTGGGACTACAGGGAAGCACCATTTTCCACAAAACTCTCAAGAAGGACTTGTTGCAACTGGAAAAGCAATTAAATGTGAATCGTGATCCAGGAGAAAGTAACAACTCACATAACTCCCAAATTAAAAGTTTTCCAAAGATATATCATTTTTTTTCTCTTGGCCTTTTAAGAAACTAGCCAACAAATACTCTTGACAGGTTTGTGTTTGGTTTTGAAAACACACACCTTAGTGTACTGAAAGAAAAACAATTTCTTTTAATTTGGTTTGTTGGTCCCACACCCCATCTATCAATGTATGTGCTATTTACAAATAAGTTCTATACAGTATTTTTGCAGTACCTTTGATAATTCCTAGACCTCTATTTTCATTCTGTGTATTAATGTGAATAACAGATGGATATTTTAATATTTAAGGCAGATGGTAAACTTTCCTATAGGTCTTGTGAGACTTCGTCTTATAGGCTGAACACCATTCACAAAATGTAATAATGCTTCATTCCTTCAGGTTGAGGTAAAGAACTTGAGCAACTGGATTAGCAAAGCTGCAAAGAATGAAATGTGGCCTAAGATGTAATTATGTTCTCTGCCCTTCCTTTGGGCCAGGGTAGTTTTGCACTTGACACAATGGAAAATAGGCCATAAAGCCTGAAAATAAAATGTTCTAAACCCCAA,False
919,-376,3.246783,-3.309349,0.0014193552,1.1077532,-1.6367158,0.06039979,5.015755,-4.459648,7.670992e-05,3.1646755,-2.8699071,0.002388776,4.159595,-4.2453904,0.000223699,0.012901666,ENST00000469301.1,-376,AATCCGCCGGCTGGCGCCCCTGGAATGGGGAGGTCGGCCGCCTGGCGGGGCCAGCGGTCCTTAGCGGTGCCTTCTCTCCCCTCTTCCCTCCGCTCCTGCTGTGCGGGAACTGGAGAATCGTTAGGACGTGGAGGAAGCAGAGAAGTGGATCAGAGAACAGGAGGGCTGGGAAGAGTCCTGGTTTCTCAATCCTGACTGAGCATCTGAATCACCTGAGAAGCTACTAAAATGCAGATTCCCCGACCCCATCCCCTTAGAGTCAGAGTCTGTGCATTTAGGGTGCGGCCTTTCTCAGAGGGATCGACTGAGACCTACTGAACCCTAGAAGTCTTTACCTGAGGCAGTTCCTGCAATGTACTGTATATTTCATGACATTCCATGTAAAAGATGACAAGACCGAGACCGTTGAGTGACAGAGATAAGAACTGACTTATCTAAGGCTCCACAGGTGGTAGATGGCAGAGCCGAGACCTGAGCCAATTATCTTTTCTCCTGCACTGTGCGGGGTAATACAGCTCGTTTAAAACAAGCTGGAGTCTCCATTCCGTTTTCCGCGTTGCTTCTCACAACTCACTGTTAGAATCCAGAAGTAAGAGAACCCGGGGAAGCGTAAGGAAGATGAATAGGACAAAGATTCTAAGAAGGTGGGAAGGAAGAAGGCTGCAGTCTATTTCAAGTCTGGTGAATTTCAATCACTGTAGCCTTTATTGTTATTTTAGAGCCACCTAGACCAAAAGAGAAGGAGCTCAAATTGCTGGAGGGGATTTAGTGGCAGGAGGACAAAGTCAGAAGAGAAATTTTTCACAGTATATCTTCTTGAGCCATGTGACCATATGCTCTAATTTTTTTAACTATAAAATTTAAATTAAAAAAACCACAAAAATTCGACGCAAGAGCAGCAGCCACAGTGGCTGAAGATGAGAGGACTCCTGTGCCAGCCAAGGTGGAAGCAGAAATTACTCCCCAGTCTCCACTGACTACAGGAACAGGAGGGCCACACACCCATTTGGTGGCCATAACATTGAAAGCTGGGACAGCAGGACTGGTCTGGACCTGAGGCGTAAAAGACAACACTTGCAGCCAGCCCTGGTACTTGCATAGTGGCAAAATGTCCCAAGCTGGAGGAAATGGATAAGAATTGGGTACACATCACCCGTACTGGGAATAAACAAATGTGTTCTGATTATTTGGAAAAAGCAGACATTCTAGGGGTAGGGAGTTCTAAAGCCTTGGTGCACTTGAATGGATAAACTTCCCAGGAGCAGAGTTTTCCAAGCATGGCTCCCTGTGGTTCACCTCTACCAAGCTTAACCTACCTTCTGCTTAGGCAGAGCGAAGAGGCACCTCAGCATAACTCAGATCAAAATGGAAGCATCTCATTTCTTAAAAGCTGTCAAAGAATTGGTGTGAGGTTTAAAAACGTCTCTGAGCTTGATGGAAGGAAGGTAGGCGGTGATAGTTCATGCTCCCTTTCCTCCAGACACTTCTCATTTTCCTTTCTTAACCTGCTTTGATATTATGATTTCTTTTGCTTCATTTGTTAAGTTCTCTTACAACACTTCTTGTTCACAAGTGAGTGAAGAGCTGTTCTCTGCTTGTAACGTTGGAAATGGGGGAGTGTTTCAGAAATGACACAACAAAGCATTAAGCCATGAAACAAGAAGGGGAACTTCAGACAGAATTACAACAGTCATTTGAGAATCTCACTGAGAGCTAATAAAAGCCACACACACACAGA,False
920,-1065,6.0566406,-5.896464,6.439173e-06,5.515944,-6.1455827,8.619054e-06,2.353659,-2.0322692,0.012298198,6.961829,-6.831369,1.0225626e-06,1.347138,-1.5570781,0.05194553,0.012851963,ENST00000399247.6,-1065,AGGAAATTTCTGGTGGGCCTTCGCGGCTCCGCTGGGTTGGCAGCCGCTTGAGCCACTGCGAGGAAAGCAAAGTCTGGGCCATGGAGATGAGCCTAGTCCTGCTGTTCCTGATCCGCACTGCCCTTTTTGCACCCCAGGGAGCTGCTGCTGACGGCGCCTCCCTCTGTCGCCAAAGTTGGAGTGCAGTGGCGCGGTCTCGGCTCACTGCAAGCTCCGCCTCCCGGATTCAAGTGATTCCCCTGCCTTAGCCTCCTAAGTAGCTGGGATTACAAGTGCCCACCACCACACCCGGCTAATATTTTGTATTTTAATAGAGACTGGGTTTCACCATGTTGACCGGGATGGTCTCAATCTCCTGACCTCGTGATCTGCCTGCCTAAGCCTCCCGAAGTGCTGGGATTACAGGCGTGAGCCACCACACCTAGCTGGAAGAGGAGATAAATATATGAAGGTGCTGTTTGGCACAGAATTTAATAGGGAAGAAAGAGACAGTATAACTCACCAGTGCTGGGTCTCATCATCCTGCAATTTCAGAACAACTATGAATACAAAAAGAATTTTAAAATCCCAGTCCTGCCTAGAAAGGGGAAGTCATCTCTAAATATGGTGGCCCTGGGGCAGCTGGCCTCCCTGCCAGGCCTCTTCCATGGGGGCCCTTTCTGCAGTGACTGTGGTTTCTTCCCATTTTACTCTGTCCTGTGTCCTGACTGAAGCGACAAGGTGTGTCTGCAGCTGTGCTCACACCTGGAGGAAACCTCAATGGTCACATCCTCTTTCCTGTGTCAAGAAGCATCGTCCGGGGAGGTGAGAAGAAGACAGTCCTCCCTAGAATTGAAGAACCAGGGAGAACCAGATGGGCTGGGCAGGTGGGTTTTCACCTGGAACCTGGAGGATGAGCAATGACATCTCTCCACCCTGAGCTCAGCCCCGGCATCCACCTCCTGGGCTCATGAGCAGTGCAGTGGTGCCTCCTAGTGGTCTCTGCTCTTCCTTTTCCAGATCAAGCACAAACCTGAGATCCAACTGTCCCTCTTATGCGCCTGGGTTTCTTCACTGGACACCAGTATGAGTCAACTTTCCTGTAAAGCAGAACAAGCACGAGATTGGACCATGTTAGAGGAGGAATGGTGTCATCTCCACTTCTGGAGAGATCACTGTCCCCGTGTTTGGGGGAAGGACCAAGCCTCACTCCCATGCAGAGAAGAAGCTCTGACTGTAACTGCACCTGTGGAGAGAGGATTGCGGCCTGTTGGCAGAAGAGTAGTGTCTTGGGCCCCAGCTGACCTGATGAATATCAACATCCAATGCCCTGTAATGAAGTCATGTGTGCACATATCATCACTTCTGCATGCAGTCTCATGGGAAGATGGTGCCAAGAACGAAGAAGGAAGCTCCTGCCCCTCCTAAAGCCGAAGCCAAAGCGAAGGCTTTGCAAGGCCAAGAAGGCAGTGTTGAAAGATGTCCACAGCCACAAAAAAAACAAGATCCACATGTCACCCACCTTCCGGCGGCCCAAGACACTGTGACTCCGGAGGCAGCCCAAATATCCTTGGAAGAGCACCCCCAGGAGAAATAAGCTTGACCACCATGTTATCATCAAGTTTCCGCTGACCACTGAGTAGGCTGTGAAGAAGATAGAAAACAACAGCCTACTTGTGTTCACTGTGGATGTTAAAGCCAACAAGCACCAGATCAAACAGGCTGTGAAGAAGTTTGTGACATTGATGTGGCCAAAGTCAACACTCTGATTCAGTCTGATGGAGAGAGGAAGGCATATGTTCGACTGGCTCCTGACTACGATGCTTTGGTTGTTGCCACCAAAATTGGGATCACCTAAACTGAGTCAAGCTGGCTAGTTCCAAATATATGTATATCTTTTCACCATTAAAAGAATCTTAATCTCTC,False
921,-1281,1.3463714,-1.3396997,0.06380029,3.9430723,-4.8077593,0.00015830455,10.416675,-9.780887,1.6916504e-09,4.24511,-4.321305,0.0001903578,4.959822,-5.0915403,4.3125066e-05,0.012838414,ENST00000530169.5,-1281,GCTGCTGCCATGTAAGAAGTGCCTTTTGCCTCCTGCCATGATTCTGAGGCCTCCCCAGCCATGTGGAACTGGCTCAGTGTGGTCAAAAGAAGACTATAGAATCAAGGATGAAGAGAAGGAACACAGAATAAAAGGACGTCTCAGCAGGAAGCTCTGTGACTACTATGTAATTCTTACAATACAGCAAATGATGCCATACAGTGAAGCACCTTGAAAGATTGCTGGGATAAGCTGACAGCATGGCAGCCAAAATAGTGACCCCAGGCTTGCAGGAATTCTGTGCTTTCTGGAGGAAATGGTCATGGGTTTCCCAACCTGCCTTTTAAACTAAGGACCGAGCTGAAGAAGCCCCCGTCTTCCAGCGCATGTTATTCCCATGACAGATGCTAAAAGTTCAAGGGGATAATTCAATACAAGAAAGAAGATTTGCTTGGGAAGGTCTGAATGGCCCTAGCTTTGTTTGTTAACCATAACCTCTACCAGCTGGAAACACAATGCCCC,False
922,-1012,6.690917,-6.817349,1.359671e-06,6.6175356,-6.603996,1.8111788e-06,6.749053,-6.477479,1.8021435e-06,1.395609,-1.2859312,0.064071454,12.990709,-13.034971,4.9795554e-12,0.012815285,ENST00000510764.1,-1012,AAAGCAGAGAGCTAGTCACCAGAGGGATGTGTTTGATCCAGCACACCCCTTCTCTTCATAGCAGAGAATCGACACCCAATCAATCACAGCAAAGGTGCTCACTGTGCCTGACATTTCTATTCTACCTAAAATTAATCAGCATTGACTGAGCATCTCCCTAGGTCAGTACATTTCACAAATTTGGAGTAAACTTTTATGTGTACTCAAGGGAGATGTTTAGAAAGGGTTATCTTCGAAGAGACGCTTCAGAAAGGAGAGAGAATTTGGGGAACCTTTTCCATGATTTGAAGAAGACGGCAAGAAGCCTCTCAACACATGTTGGCACCTCCATATTGAAATTCCCAGCGTCCAGAACTGTGAACTAATAAATTTCTTCATTGTAAATCA,False
923,-1469,4.629653,-4.740269,8.524271e-05,8.469819,-8.63183,3.739794e-08,1.6369516,-1.1058381,0.060495157,5.6625094,-5.612907,1.2680705e-05,2.9786544,-3.254906,0.0019586084,0.012510344,ENST00000462305.5,-1469,CACACCCCGAGCCCTGCCTGCGGGCCCAGCCCCCCCATTTCCGGAGCCTGCGCCCCGGACCCAGCGGGGGCTGATCCCTGGGAAAGGCCTGGCTTCCTCTTCCTTCCTGTCCCTGCCCCACCTCCGCCGGGCTCCACAGCCGCCGGGAGCCCAGGGCCGAGACGGGAGGAGGGCACCCACCTGGTCGGTGTCACATGCTGCTTCGGCCCCAGCGTCCCCTCCAGGTCCCGGCGCCGGCCGCAGTCCCCAGAGCCGTCCCCAGCGCAGGCCCGGCCGCCCCACCCGCGGCCCGCCCCTGGCCGCCCGACGGGAGGGAGGGATCGGGTTCTCCTAGGAAGTTTCAGTATGCATTCTTAGAAACCAGATATACAAAGACAAGATCTCTGCTTTCAAGAAGCTCTCAATCTGATTGAGGAGAGAAACAGGTAGCAAATAATGGCAGCAGAGCATGGTCATTCAACATTTATTCAACCAAAAATACTAAGTCAGCTCTATACAAACTAATGGAAGGATACAGCTATGCAAATATAGAACACTAAAGTGTTACATGACAGATGTATGAGTCTTGGATATGTCTTTATCAGCAGTATGAAAACTGACTAATACAGTAAATTGGTACCAGTGGAGTGGGGCGCTGCTGAAAAGATACCTGAAAATGTGGAAGCGACTTTGGAACTGGGTAACAGGCAGAGGTTGAAACAGTTTGGAGGGCTCAGAAGAAGACAAGAAAATGTGGGAAAGTTTGGAGCTTCCTAAAGACTTGTTGAATGGCT,False
924,-364,2.6636689,-3.0289066,0.0033595755,3.4300246,-3.5711138,0.00091001525,5.732952,-5.271886,1.662082e-05,3.522282,-3.8367608,0.0006364026,1.2582642,-1.5408216,0.05737361,0.012459245,ENST00000523354.1,-364,TCAAGGAAGCCTTGATACCCTCACCCTTACTACACTGTATCCTCCATTTGAATGTTGTCAAGAGCTCTTCTCACAATTGTAAATAATAATTGTGTAATTTTGTTTTTTTTTTCCTACTTTAGGTTGCTCCTTGAGGGCAGGACAGTTCTTATGGCTTTATCCGTTGCGTAAGCACAGAGAGGTCTGCGAGGTCAAAACTATTGTCATGATAGCAAGATGCCTGTCTTTTTCATTTATTCTCACGGTGTGCAGAGGCTACATGATGTGTGATGACATCCTCATTGATGTTAATGAATGGTGCTATACTTGAATTTTCTAAGGTGTCATTAGCAATTCTCCTGCCTCAGCCTCCTGCATAACTGGGACTACAGGGAAGCACCATTTTCCACAAAACTCTCAAGAAGGACTTGTTGCAACTGGAAAAGCAATTAAATGTGAATCGTGATCCAGGAGAAAGTA,False
925,-251,5.0711594,-5.0373487,4.072987e-05,8.898757,-9.215427,1.3586552e-08,11.262509,-11.3642,1.4905452e-10,1.2886878,-1.4339042,0.06165335,8.254915,-8.322204,6.319011e-08,0.012338831,ENST00000588798.1,-251,GAAGAGGAGGAAAAGGATGCAGGTAACAGCAGCTCAGCCACACTTGGCCTCTAGTCAGAGGGAAGAAGCGGCCCAGTGACGCGAGGGCAGCAGACCATCTCCGGGTGGAAGGCACACCTCGGACACCCCATGGAGCCCACCCCTGGTGCCAGCAGGAGCCCCACGGAACCCCTCACCGTCCCACCAGCCCTGGAAGGGCACAATTAACCACAGCGGTGGGGAAGCCACAGTGCCGGAAGAGTGGAGAGCCAGAGCTGAAGGGCCGCAGTGCCAGCAGGGGGCTCCTGCGGGGTGCTCCCTCGGCGTTGGCGGGCAGCGTGGACCTCCAGGCCTGCCCCCGATCCTGAGACCCGGGGAGTGGGGTGGGACCCTGCCTCCTCCACATGTTCCCCAAGGAAGCCAGGGTGGGAAACCCCTGATTCCTTCAACACCTTCATTTTGCACACGGGTAAACTGAGGCCCAAGGAGGCCCAGCCCTTTGCCTGAGGCCTCTGGGTGGAGCTGCCTCACTCTCGGCCTATGCTCCTTCCCAACCCACCT,False
926,-598,4.8333874,-4.9103985,5.86546e-05,2.6741247,-2.9198325,0.0037064885,6.4638343,-6.2657633,2.9621356e-06,1.4709598,-1.3200023,0.057814516,7.310078,-7.1944795,5.0205404e-07,0.012316625,ENST00000600376.5,-598,GCAACGTGTTGGACCTTCCGGAGCTTCTCAGAAGACAGAGGGTTTTCTTTTGAGATCCCTCCCGTAGCTGTCATACAGAGTGCGATTTATGACTTGTAAGTTGTGCTATGGAGCTTGACAAGTAAGTTTGATTTCATTTAATATTTTCTTTAAACCATCTTAGATCTTCTCTTTGACAAGTATTTCATCTGTTAGTGTTCTCAAAATGTAAAATGGGTAACTTAATGAGAACAAAAATTGTACCCTAAGACATATTTGCACTATCTACATATTTGCAATTAAATCTTAACAGATTTAATTGTAATAGAATCTAATGGTTTTCCTCTTGAATTTTTTTAGACACCAGAAATTTTCATTACTAATAAATAATGTTTAGCTTCCTAGTCACAAACCAAACAGAAAGCAAATTTCATCAGAGTTTAGAATGGTTAAAACCAACATAGCTGCAATATTTTTAGTTTTGCTTTAAAATTTTTTGAATCAATCAGTAAATCAATCAGAGTTGACCAT,False
927,-141,3.2636178,-3.2681575,0.0014542998,1.0171353,-1.767501,0.05816007,8.060373,-7.5197363,1.7125542e-07,4.454755,-4.5309186,0.00012517483,3.725317,-3.7225537,0.0005823417,0.012064411,ENST00000550118.2,-141,TTGATTCTATAAACAGCAACTATAAACACATAAATACAGAAGAATGAACCTCGGAGTCCTGAAAACACTGCCACTATGAAACTATGAAAAAGGAGACAGCGAAATAGACTTGTCATCCTGTGCAGTTTTTTGTAGAGACAAGTTCTCACTATGTTACCAAGGCTGGTCTTGAACTCCTGGCTTCAAGTGATCCTCCTGCCTCAGCCTCCCAAAGCACTGGGATTACAGGTCTCTTACTAAAGCTTCCTGTTCAAAGTCTGGCTGAGAATTTTTGCTGCTTCTTTCCCTACCTCCTCATTTCCGAAGGAGGTACCTTTCTGGCTTCTCTGTTGAACATTTCCTAAATAAAGTGTGGATGAAAAGCAATAGAGGAAGGAAATGCAGAAAATTATAAGGCTGAAATAGAAACTGGCCACAGCAGAGATTAAAGGCCCTTCCTGGGTTAGCTGATGCTCACCTACATTGATGAGGACAATCTTTGTTTAGTTTGCTGATTCAATTGCTCACCTCTTCTGGAAACACCTTCACAGACTCACCAGAAATAATGTTTTACCAGCCATCTGGGCATCTGTTAGCCCAGTCAAGTTGACACTTAAAATTAACCACCAC,False
928,-906,1.8125682,-1.8665578,0.024623409,13.326684,-13.670145,1.8854963e-12,11.449581,-11.588284,9.880581e-11,1.5687549,-1.7644157,0.034450606,10.173553,-10.279405,1.3103689e-09,0.011814803,ENST00000429730.1,-906,AGCCCTTTTCCCTTTCTGCCCTCTGCCATGTGAGGTCACAGTGTTCCTCCCTCCTGAGGATGCAGTGTTCATGAAAGCAAACACTGGGCCCTCACCAGGCAACAAACCTGCTGGTGCCTTCATCTTGGACTTCCCAGCCTTCGGAACTATGGAGCCCGCACTCTCCAGTTCATCACCACCCCAGCATCCCTACTCTTGCATCTAACAGTTTCCGCTATTTTGCACCACCTGCCTGGCCCTTATGGGCAACTCAAGGAAGAAAGGAAAGAAGAGATAGAGGAAAAATGGATTCAACAAATGAAAGTGTTCTTTCTGACTACTGCTGTGTTTACAAACATTTTAATCATCAAAACATGCTTTATTTGATAGAAAGATCAAATCTGCCTTTGTAAAACAAGAGACTATTTTAATCATTAAGACAACACACATGTTTGATTTGGAGGCGTGTTCTCATTCAAAACCTTGCAAAATATAATTTCTTCTTGTCTGGGA,False
929,-380,2.5857723,-2.5193043,0.006029301,1.3304595,-1.5861377,0.05133918,7.2415385,-7.081526,6.0196567e-07,3.526345,-3.4092486,0.0009716007,5.30193,-5.3959813,2.2591566e-05,0.011672655,ENST00000424769.1,-380,CTGCAACCCACGCTTCGAGGGCCTTGCGCATTGCAGAGGACACGGCAGCCTGCTCATCACGCTCAACTACACCTCCTGCGAGAGCTTTGGCCACCTTGGGAGGCAGGATCTAGATATCTCCCCACAAACCTAAACAATTTCGAGAGGGACTTGTGTTCTGCAACCAGTCACAGAATATCAGGTGAGCTGGGCGTGTCTTCACTGACCCACCCGCCCAGGGATGCTGCACTCCTCTCCACCCTGCTCAGAATCACTAGAATGACCGTTCTGTGGCTACAGCCCTAAAAGAGCTACTAAAAAGACCAGAAGTAGTATGAGAACTTATGAATACGAATATAAATAAAGGACATCTGGAG,False
930,-135,8.009972,-7.9147015,1.2133953e-07,2.6274323,-3.0539536,0.00339725,6.9616065,-6.721384,1.1417e-06,9.169216,-8.865055,1.4716872e-08,1.2643619,-1.5812778,0.054907143,0.011661134,ENST00000556613.1,-135,ATATTTTAAATTGCACCCGTTCTGGTGTGAGGGCGAAGGCGAGTGAAAGAAGGTGACTGAGCCAGGAGGAGAGCACAGATGGCTTGGTGGTGGTATGGTGTGCTCCATCGGCTGCCAACCTAGGGCCATCGTCTGCCTCCATCACCCCTCCGCCCGCCCGCCTACCCACCCAATCCCAAACGGGTGCTGGATCAGGTGCTGAATCCGGCTGCCTCCTCGGGTCCTCCTTCCCCTTCCCTCTTAGGCATGGGGAGTGGAGCAACAGACGGAGAGTGGCATGAAGACACAAAGGAGGAAGCACACCATTGCCAAGACCCCAAGGAAGAAGGATGGAAAGCGCTGGCAGTCCTGCCTGGCCCCCAGCCAGTTCCCTGCTGAAGATGGCCAGATCCCCTTGTCTGGTCTGTATATGCCACTTTTGCTGGGGTGGAAGGAGGGAAGGGCTGGCTTGCTGAGCTGGGCTCTAGAATGGGAAGGGTACCTTTCTGCAGATCCCATTTGGACTCTCCACTTGAACAAGTGAGGTGTCTGATTTTCT,False
931,-1036,10.092303,-10.37212,1.2954288e-09,1.3885883,-1.4508878,0.05522787,3.180639,-2.8842301,0.0023176784,8.899011,-9.046449,1.6083701e-08,6.1842484,-6.2423697,4.010388e-06,0.011509915,ENST00000503452.5,-1036,GTTTGTAGATGGAAGGAAGAACTTGTGTGCTTAGACCTGACGCTGGGAGGAGATGCTGCCACCTAGGTTACTTGTAGGACCCTATACGGCAACCTCCTTTGCCAGGAACTATTTATAAACATCCTGCAGGAAAATGAGTCTATATGTCAGAATACACATTTCCCACCTTGCCCAACAGTAGAAAAACATAAGAAGAGAAAAACATTAAAAAATGACAAGGAAGTTAATGGAAGCAATGTGATGGTGTTTGGAGGTGGAGCCTTCAGAAGGTAATTAATGCCCTTGTAAGAAGAGGCCAGAGAGCTTGCGCACCTTCTTCCTGCCATGTGAGGAGCCAAGAAGCCGGCTGTCTGCAACCTGCAAGAGGACCCTCACTAGAAGCTAGCCATACTGGCATCCTCATCTTGGCTTTCCAACTTCCAGAACTGTGAGAAGTATATGTTTGTGGTTTAGTCAATGGTCTATGGTAATTTTTTTATAGCAGTCCCAGCCAAGACAGTGCCTCATTTACTACATACCATTTATATTATTATATAGGCTCCTTTCAGAAACCCATGTTCAAATAAGAGATAAGATACTGAAACACATAACACCTTCACTAGTTTTTAGTATACAAATATTGAGAAATAGTTTGTTATTAACTATCTCATCCAAGAAATGCAGATTCATGTTGTTTCTAATTTTTTATATATAATTGACAAAATGAAGAAACTTAACACCATCCTAGATTTTAGCTGC,False
932,-939,2.3067405,-2.2318654,0.0105752675,2.2495704,-3.3116403,0.0038293991,10.241513,-9.671173,2.2492133e-09,7.2623744,-7.4837584,3.943081e-07,1.3851727,-1.715514,0.043078944,0.011496802,ENST00000594370.5,-939,AAGGAAACTGAGGATCAGACAAGGATATCTAGCTTATCCATGATTAGGTAGAGCTGACAATGGGATTAAATAATCAAGTCCTGCTACTGCCAGGTTAAGAAAACCCAGCTCTTTGTTGTTTTATAACAACTGGGGGAAGCTGGTGTGCATCATTGGCTGATAGGAAGAGAAATTGAATTCCACATCTATGTCCTACTTCATGCATGGATTGCTCTCAACAACCGTGAAACGGAATACAAAACAGTGAAACAGCTGGGTGCGGTGGCTCAGGACTGTAATTCCAGCTACATGAGAGGATTGCCTGAGGCCAGGAGTTTGAGACCAGCCTGAACAACATAATAGACTGGGAGCTCCATGAGGTCCGAGACAACCTGAAGACGCCCAGCTCAGCAGAGACTGGCTACGGCAATCACTCAGTAACTATTTGTTGAATTGGACATAATAGAAGAGCTGAAGAATTTTAAACAAGTCACCATCAGTGCAGTGGATTCCTCAAAGCAAACCTGGAAATCTCGGCATGAGTTGGATTTAAGGCAGTACATTTTCAGCTCCTGAAAATTTGAACAGTTTCTCAAGAGAACAACTTGAAACAGAAAGGCAAGGATGTAGATGTGGTTGTAGAAGATGATGTCTGCGGCCACCAAACTGTCCACTGTGAAGACAAACCATGCATGTTTAGTAGGCAGTGGCTCCTCTTCCC,False
933,-1364,5.6599483,-5.8179493,1.0356378e-05,1.5911471,-1.7495741,0.03420033,7.312518,-7.3823175,4.150628e-07,3.2639952,-3.5527868,0.0010940415,1.8270572,-1.9607172,0.02214446,0.01148992,ENST00000420279.5,-1364,AGAAGCGAGGCAGCCGTGAGGCGGAGGACAGGCTGGGGGATCCCAAAGGGTGCGCTCCAGCCCCCAACCCAGGCACTGGGACTCTGGTGGCACCCTGGGTGGCAGGCAAGCCTTGAAATCAAGTGCACGAGCCTTGGAAAGGAGGACCGGGAGAGTTATGGCATTTATGAATGAAGAAGAGAAAGAGAATCACTCGGATGGGAAAAGTTAACTGGATTGTTCCCACCTGCATGGATCACCGGGATGAAGCTGTGCCACCCTGTAGGAATTAGAAGACCATGTCCAGGAATTGAGCACTGGGTGCAGGATCCAGTCTTCTGAGGCCCTGAAACCACATGAAGCAACTTAGCCGTCTCGCCTTGCGGCCTGGAACCCCTGGCAATTTCCGGAGCACCGGCAAGAGACTTTTGCACAGTTTCTGCTTGGAGTCTACCGACTGTCTGTCTCAGAGGTCTGGACAGCTGCTTGTTACATTTGGCTCACGCTAGCTTAAAAAAGGAATTTATGGACCTTACTGCAGAACGTCCCAATTCTTCAGGCCAAGGTGCCTGTGTT,False
934,-310,2.197051,-2.260478,0.011458158,6.38451,-6.6389747,2.2078586e-06,1.7156504,-1.3283159,0.045478683,4.6141577,-4.701011,9.003983e-05,6.549893,-6.469002,2.2180182e-06,0.0114062615,ENST00000446816.1,-310,GCAGCCTCCGCGGGAGCATGCCGCCTCCCGCAGGGCCCGCCGCGAGCTTCCGGGGCCCAAGGAACCAGTCCGGAGGGGCGCAGGCGGTGGTCGCAGCGTCCCCCTAAATGGCCGGCCACGAACCCGTCTCACGGTCCCGCGGCCAGGAGCCGCCGCTCATCTGTCTCTGCAGCCACCGCTGAGGAAGAGTCTCCTCTGAGGGGAGAGTCGGTCATGGCAGCAGACGCCGGGATGGCTCCGCGACTGCTACACCAGGCACTCCTGGGCCCGGGCAGCAGACCAGTCAGCCCTGTGGCTCCTCGGCGACCTCCAGCGGGCGCCCGGGGCCGGGATGCAGGGCGCGCGGACAGAAACGAGACAGACAGCTCAGGCCCAGCAGCACGCAAGCTCCCGCGCCTTCCGCGACTGCCACACGCGCGGCGCGCGCGCACCCTACTTTTTCTCCGCCACCTGGGCCGTGATTGGGCGCGACCTGGGCTCCTGGGTGCTCATTGGCGCCGTGAAGTGCTCGTCACCGCCCCCTCCTGCCCCTTCATGCATGCGCGGAGGCCGCCTGCTAGCAAGGAGGGGGCTGTATGTGGAATTGCAAGGCCAAAGACATCTCGGGTCAACTCTTCTCAGGACCAGATCCAAGTCGCCAGTGAGAACACACATTCAGGCAGCCTCCACCAGCGCCCTGCCTCAGGAGCGAGGCTCCCTGCTTCATGTGGGCAAGAGCTGCCCTTGTTTTCCCAGCGGGCAGTTGGGGGTCTGGAGCCTAGGAAGCAAAGTGAAGCACACACTCCTGCTTCCTTCCTTCCCTGCAGTTGAGACGGGAGTCTTACTTTGTTGCCCAGGCTGGTCTCAAACTCCTGGCTTCAAGCAATCCTTCCACTTTGGCCTTCCAAAGTGCTGGGATTACAGGCATGAGCCACCATGCCCAGCCTCCTTCTCTTACTAGCTGAGAACTAAGAGAAGACACTCTGGAGACAGAGGAGGAAACAGTGACGATGCCACATGATGAATACATAATGGAGGGTGAAGACAAGGCTCCGTCAGGGGCACCAAGGAGGGAAACCCAGTTCTGTGGGGAAGGTATGGGGCAGCTTCACAAGCCCAGTGTCTGCTCCCTTTGTGGGAGACGTGTTGTTTCAGCATCCATTCCCCCTTCTTTTAGGAAAAGTGCTTGAATTTCCTTTTCATGGAACCACCCACCTCCCTCTCATCCATGCATTCTATTCCCAGTATCAGGGGTAGACAAGTGACTTCAGGCTTGGCCAATTAGGGTTCTGACTCTTGGTCAAATCAGAGTGAATCCTGAGTCATTTGTAAACTCCAAGGAAAGGGCTTGCTTTGTTTTCTGTTGAATGCAGTGCTCTGAGATAGCCGGAAATGAAACTGCTCTCTTGCCACACTGAAGGCTAGAGAAGGGCCTGGCCAGGAAATGATGCCAGTGATCAGGGGTGGAGCTGGAAGAGGGGGAGTGAGGAGGCCCAGACATCTTGGGAGCCCCAAATTCACCTCAGGATTTAACTTCTCCGCTGCTCA,False
935,-1438,1.4304485,-1.5800369,0.046954416,3.40101,-3.7553172,0.000779306,3.8263113,-3.5155318,0.00064743584,3.6580455,-3.6342964,0.00068026874,2.362029,-2.4835188,0.007801961,0.011372677,ENST00000422059.5,-1438,GTGCAGAGCCCAGGCGCGTGGGTCGGTGTCGGGTGTGTGTGTACGTCTGTGTGTGTAATGAAACTGGACGCCTTCCTTCCCGGCGATCTTGACTTAACCTGTCAGCAGAGGGCTTGAGGTTAGACCACAGGTTGAACCTAGGTGGCTGCTGGAGAGAAACACTCTGTCTTCCTGCTTTGAGGACAGCTGAAGTCTTGCCACTTCTTCTGGATGCTCTGACCATCAGTAAGCCACCTCAGTCTCACCCTCCGCAGAATGCAGGCCCACTCCGTTGCTGAAGGGCCTCCTCCTTGGGCCAGGGCGCCTGCTTCTGCCAGTGGCATCATCACCCCACTCCTCAGCCGCCAGTCATCAGAGACACGGTCTGACTTTGTTACCCCGGCTGGAGTGCAGTGGTGCAATCATGGCTCACTGCAGCCTTAACCTCCTGGGCTCAAGTGATCCTCTCGCCAAGGCTAGGATAAGTAGCTAGGACTACAGATGCGCCCCATCACGCCCAGCTAATTTTACAACTTCTGTAGAGATGGAGTGTTGCTGGGTTGCCCAGGCTGGTCTTGAATTCCTGGGCTCAAGCGATCCTCCTGTGTCCGGAATTGGTGGGTTCTTGGTCTCACTGACTTCAAGAATGAAGCCGCGGACCCTCGCGAGTCTGTATCCACCAGCTACTCTTCCAGATTCATGAGGCAAGGCCTGCCTGCTCACCTGGCTGGCCCCAAGCACCTCTTCAACCTGTTGCCACCGTCCTGCCTTGCTGCCCTTCTCAGCTCATCCAGCAGGGTCTCCAAGTCGTGGAAACAGAAGCACATATACACACATGCTCATATGTACATGCCCACAGTCACATAAGCACACCGAGAAACACCATCGCAGACATGTTCTCACAAGCACATGTGCATAACACTCACTACCCCTCACGCGTATACACATTAATACACACACTCATGCACACTCAGTCTTACACACACAGACACACAGCCATAATCACTGTTGTTGGTTGAATTGTGCCCCCCCATCCCCACCAAAAAGATAAGTTGGAGTCCTAACCCCCAGTACCTGGGGATGTGACCGTAGTTGGAAATAGGGTGTTTGTAGATGTAATCAAATTAAGATGAGATCTTACTGGATTAGAGTGGGCCTTAAATCCAGTGACTGGTGTCCTTATAAGGAGAAAAAGATTTGAAAACAGAGACATGGAGACACAGAGCAGAAGGCCATGTGATGATGGAGTCAGAGATTGGAGTGATGCAGCTATGAGCCGAGAAATACCAAGGTGCTGGCAGCCCCCAGAAGCAAGGAGAGAGGCAAGGAACAATCTCCATCAGAGCCTCTGGAAGAAACAGACTCTGCCAACACCTTGATTTCAGACTTTTGGCCTCCTTCACTGTGCGAGAATACGTTTCTGTTGTTTTAAACTACTGAGTCACCAAGTCTGTGGTACTGTGTTATGGCAGCCCCGGCAACAAATCCAATCACACACACACACACACACACACACACACACACACACACACACACACACACAGCTGGCTCCAGGCTCAGTGATGAGCTCAGAGGAGTTCCCCTTGGGAGCTGCTCTTTCTCTGTCTTCCTTCCTTAGTGATTGGTCCAGTGGATCCACAAAAGCTCATGGCCCAGAGCAGGAGCCCAGTCATTTTTAATTCCTCTTCCCTGGAGTTCTTAACCATGCGTTGCCCTCAAAATCTGCTCTCAAGATTTGGGTTGCCATATTTAGGAGCACCAGAAAACATACAGGAATGCTGTGTCTGCTTGCATCATATTAATTAAAAACTGGAAATAACCTAAATGTCCCAGAATAGGTACATAAACTGTGGCATATCCACTTAATGGAATACTACTCAGCAATACAAAAGGAAAACCTAGTGTTACTTGAGCAACATGGATGAACTTCACAGACATAATATTGCACAGCACGAGGCAGACACAAAAGTGTGCATATGCTATGATTCCATTTACATGAGATTCAAGAACAGGCAAAGCAGATCTATGGGGATAGAAGTCAGAATAGTGGTTACCTCTGGAAGGTGGAATTGACTGGGAGGGGCTTCAGGGAACCTCCTGGGGTGCTGAAAACATTCTGTGCTTGCACCGGGTGGTGGTTATGTGGGCATTACATAAAATTCACCAAGCTGCACCCTTAATGATTTGTACAATTTGATGCACAAATCTAACATCTCAAGAAGAATAAATTTTACAAAGTACCTAAGAAGCAAA,True
936,-1057,1.4440076,-1.5737357,0.046630695,2.35879,-2.5866876,0.0070652436,2.9836614,-2.9722168,0.002583874,8.9131155,-9.034808,1.6044115e-08,4.6504207,-4.691836,8.7633765e-05,0.011273492,ENST00000521133.1,-1057,AGTGTCAGCCACGTCTAGCGCACAGTCCCAGGCCCCAGGGCGAAGGCGGCCAGGGGAAATGGGGCTCAGGGATTGCTAAGCAAACGCATCACTGGTGGTCTCCAGCGCCTGCGGAGCATCAAGCTTATGAAGATTTCCAAGACTTTATTGTTGACCCTTGTTGAAGAGAACTCTACTTGGCTTCTTTCCTGGCTTTCCTAAATTGTTCACATACAAGATAAACTACCGTCATTCAGACTTACAGAAGTGAGAAGACAAGCTGAACCAAATGTAAAATGGTAGCAATTTACAGGTAATTCTGTATCTTAATTTCTCCCACATTTTTAGGGTAAAAAATTGTGATATATGGGGGTTATTTGGATCAAGTGTTTTCTAAGTAGAACTTTGTCATAATTAATTTTATGTATTTATAGTAGTTCTCCCTGTGTCCCTTTATCCAAGCAACACAATACAA,False
937,-282,7.818343,-7.883972,1.5155528e-07,6.8509173,-7.2562475,7.470266e-07,2.0185478,-1.9365506,0.0187967,2.6895523,-2.567526,0.005183498,1.6526986,-1.765423,0.03173389,0.011142997,ENST00000596521.1,-282,GAGCGCGGCGCGAACCACCGGGTGCTCCACGGGGGAACCCGGCCCCGGGCGGGACCACCCTTCGGGCCACAGGGGACACCCCGGAGCGGCGGGGGCTGCGGACAAAGGCGTCTGCCTGATACATGCTTTGCAAACTCTAGTTTCACTCTTGCAGCCCAGACTGGTGTGCAATGGTGTGTTCTTGGCTCACTGCAACCTCCACCTCCTGGGTTCAAGCGATTCTCCTGCCTCAGCATTCCGAGTAGCTGGGATTTCCCAGATGCCTGCCACCACGCCCAGCTAATATTTTGTATTTTTAGTAGAGACAGGGTTTCACCATGTTGGCCAGGCTGGTCTCAAACTCCTGACCTCAGGTGATCCACCCGCCTTGACCTCCCAAAAGTGCTGGGATTACAGGCATGAGCCACCGCACCCAGCCCTTCTCATATTTCTAGAGAAGCTGGATGCCACATTGCAACTGCAAGGTGCCCTGTGAAGAGGCCTGCAACGGCGAGAAAACAAGGGAGACCTCCAGCCAACAGCTAGGAACTGAGGCTCTCGGCCCCATCACCTGTGAGGAACTGAATCCTGCCAACAGGCATGTGAGTGGGCTGGAAGTGGGCCCTCCTCACGGAGCCTTCCGATGACTGCACAGCCCCAGCCACCAGCTCGACCGCAACCCCGAGAGCCTGGGAGCCAGCAGCTCAGCCAAGCCTGGATTCTTGACCCCCAGCAACGGTTCGTAACGGAAAACAGCTGTTCACAAGCGTGGGTACTCCCAAACACAGATATTCAGGACAACTACTGGAGATAGTTGTAGAATCTCACCATCTTCACACAGACTTGTATTTAGGAACCAGCGCCGTATTGCACTGTAGTTCAATTACTATTTATGGTCTGCATTCACACAAGAAACATCTGCCAACAAAGGCAAACTGGACAATGTCTGTTCCTTCTCATGAGTCTGGATTCCGAGAGCCTTTGGGGGAATTTGGTCTTCAACCCCAGGACGTAGGTGAATACAGTCCGGGCCACCTCTTTCATTTCTGAAAGCCGACTGCAGCACAGGAAAGAGTAAAGGTTTTTTTTCCTTGCCGGTGGATTCCCCAGGACCAAGCATACACCATCATACATTCAAGTAGCTGTTTGTGGACATCCTTGCGGAGAAATATTCAGTGTTCAGAACGGTCATAACCTTGACCAGAAGTCTTTGACTAACCTTCTCAGGGGAACCCACTGTGGCTTTTGCCTGATTTAAAATGAACCAAGTTGGTTAACTTGAACAGTTCAGATTTCTTCCACAACCAAGTCACAGAGCTTCTGTGAAATCTCTCAGGTCAAGTCACCATCAACTCACTCGTGACTGAAGTCCAGGAGCGGAAGTGTCGAGAGCATCGCGGTGTGTTCTGTTCAGTTGCTCAGAACAAGTCAACTCCTGATGATGGATGCAACGACCCAACTTCCGTGTCCTTGCCAAATGCTGTCGCCTTGGATCAAGGTGTCCTGCCAAGTCCCCCTGTCATGACGCTGTCTGTAGTTGTGCTTCGGAACTCTGGCCAGTCTATGTGAAACTTTTCTCTCAATATACAAAAAAAATTAGTCCTTTCCCAGTGTTGGGCCTGCCTTGGCACCATGCCACAGACTTCTTCGGTCACATCAAGATTCTTAACACCACAAATAAATAAAGCTAACTGGGTGGTAATAGTTTATGAGCAGCGAAAGAAAAGGCCACAATCAATTTGACTCTTTCAAGCAACTGGACTTGTAAATCCCCCGAGTTATCTCCAACTCACTGTGCAACGCAAATGCCCGTTAGACTTAAATAACGGTCTCAACAGTCATGTGTTTCTGTGCAGGACACGTCACTCTGCTCCTTTATAAACTTGCCATCTGCTGTAGCTCTGAATGCCCAGGTCATTCTTCTCACGTGATTCCGGAACGGCGTACCACTGCCGCGCCACTTCTGTTAATTCGCTTTTCAAAACAAACCCTATTGACATTTGAGTCCCTTTTTCAGTTCGTTGAGGATGGCATCTCGAGTCTGTTCTGTGTACTGGTCGTAGCTCTTACTATGCTTTGATTCATAGTGGCGTTTCAGGTTGTATTCTTTCAACACAGACACGATTTGTTTGCATATTAAACACATAGGCATGCTCTTCACTTCCACAAAGAAATA,False
938,-191,5.426879,-5.327475,2.1351774e-05,1.2096094,-1.760218,0.04880773,3.5183003,-3.1327236,0.0012910289,2.730258,-2.5974095,0.0048319222,5.109559,-5.3487306,2.8708457e-05,0.010996148,ENST00000558935.1,-191,TAAAAATGAGGAACCGCTCCTTGAATGTTCTGGACAGAGCACAGAATTGCTTCTTAAGTCAGCCCGGCGCGGTTGCAATAGACAGCAAAAAGGTAAACGTTTGCCTGAAATCCGCACGCCAGCTCCACCGCCCCGCCCGATGGTCCCAGTTCCTCTGGGAATCGTCCTGTATGCAACATCTTCACAAGAGTGGCAGGCAGTTGAATCTCTGGCCTTCGTGGGACCACTGGACATCTGGCAGAGAACCAGGAAACCACGGTTCCCTTCTGTGAGTCCCTCAGCCGGAAAACTACAAGGTGTGTGACTGTAGGATGAGGCTTTTTGAAAGATGAAGTACGACACTTTGAGAAAGTGTTTGGAAAGAAACTGGCTGATGTCGAATGGAAATCTGAACATTCACAGATTTCTTTTCCTAGATATAGAAACGCAAAAGCTTACATGTACACATTTAAAAAAAATTAAATTATCTTTTCTTTCTTGCC,False
939,-735,1.4655926,-1.4439001,0.051686298,2.8128862,-3.7574258,0.0013993991,9.103233,-8.490781,2.285689e-08,4.9021316,-5.0351505,4.8336147e-05,4.8297253,-4.939728,5.716834e-05,0.010638244,ENST00000559298.5,-735,CCGGGCGGGCTTCACCGCGTGGGCGCGGCAGTCGCCACTCACCGAGGTTGACGACCTTGAGCGCCGTGAAGAAGCGGTTCTGCCGGGCCAGACAGGGTTTTGCCATGTTGCCTAGGCTGGTCTAGAACTCCTAGGCTCAAATGATCTGCCCGCCTCGGCCTCCCAAAGTGCTGGGATTACAGGCGTCTGTTTCTCCTCTCCAGCTCAACTCTGCTTCTCTTCTTACTAAGGAAAGAGATCAAGGGGATTCTTGTGAGCAAGGTTCTTCCTGGTACCTGATTGGGCAACTGGATGAAGAAGAGGGAAAGGAAAAAGCTGCCTGAGCCCCCCAAGACATCAGGTGCCCTCCTTATGGTGACTGCAGAGATCCTGGGAAGAGTCAAAGGTTATTCAAATCCAGACTGGACCCAAAGGGGTTCACAGAGAGGCAGGAGACCGCTTGGAAAAGAGACAAGATCTTGTTGCCCAGGCTGGTCTCAAACTCCTGCGTTCAAATGATACTCTCGCCTTGGCCTCCAAAAGTGTTGGGATTGCAGACCTGAGCTACTATGCCTGGCTGAATTCTATTTCTATTGGATTGGTTGTAAAGAAGTGCATTGTAGCCTGCAAAGGAGCAGGGCCAGTGGGGTGGAGAGGGCAGAAGTGCTACAGAGGCCCCTGCTCTCCACTGCCCTGACTGCTACTGTGCTGGATGCCGTGTGAACCACAGCTGCATCTGGAGGCCTTGGGCAGGCTTTTCCAATTTGGAGGCACAAATAAGTGAGAACTTGGGGATCCACTGAGGTCTGAGGCACGGTGGTACCAGAGGAGATGAAGGGGCTTTCAGCATGAAGCTGGTCCCCTGTCGACAGCACGCTGATTTTCCCGTTGGGCTCTATCAGCATGTCCACTGTGAGACCATGCTTGTGAAAATACCAGGACGGTAAATTAGTGAATTCCAAAGTCAGGATTTTTGTTGGATCTGGCACAGTCACAGGAAAGTCTGAGTTTTCTCAAGGGCATCCCTGTCTCACCGAGGGGCACCAAGGACAGACGACCAGAAGCAAATGGCGCAGTCACCGTCAGAGGAGAGTAAAACTCATTCTGAAACGGTTCCAAATGCCCATGCCTGCTCTGTGGTTTTCAGCAAAGCGGACCTTTCCAAAAGACCTCCAACAGGGACTTCCTGGATGTGAGAACACTAACCAATTCTCGTTCCTCTCATCTTTTGCTTTATTCCTTCCTTCCATGCTGTTATTGCGAAAAACTGGTAGTTAAATTCAATTGATTCAAAATATTCGGGATCCATATGGCCGCCAACCCTGGAGCTGAAGCGGCGATAGCGCCTCACTGCTGTTTTCAAGCATTTGCCTCTCCTCCAGTCCCCAGATGGTGGGAGTAACATTTAAACCTCCTTTTCTCTGCCTTGTACAATAGACCTTGGCACCATTTCAACTGTTTACTCCGGTAATTAACAGCTCTGATACCACAACAATTACAACTCCTACACTCTCACCACAATAATGCTATGAATTAGTGAGAGCTAATGGCTGGAAGGTAGAGTGTTTCCAGACTGTGGGATCTGTGCATTTTTAGAATAAAATAAAAGGTACAAACAGCACGCTTGCAGTAGACAATGATTACCTAGTAATTAGTTTACACAAAGCTTCCTATTTAATGGCAAAACGCTGTAATTAACGTGTGACAGAAAATCAAAGGGTACTTTGTAAGCATATTAAAAATTAACACTGCAGGCCCATAGCTTTATGTACTGATTAGAAGCATATTAAATCAATAGGACACACAAACCAACAGCTTGGGTAGCTGATTATTATAGGTCCTCAGAAGGGGTACCCTGGCTTTCATTTCACTTGGGGAGGCAATTTTCCTTCTCCTGTCATCTTCCTCAGGCACAGAGAAACACCTCAAACTCAACCCTGGCAGCTTCATGAAAATAACCACTGAACTGGAAGAAAACATTCTAAGTCATTCTCAGAGATGAAGACAAATATGTAAATGATTAAGACTTTCCAATGATTGTGGTGACGTGCTGCTACACTAATTAGAAAATACACCAACTGGAACCAGAAAATAAAGCCACTGGGTTGCAATCTTCCGGTCAGAATAATCTCTACTTTGTCAAGCCTCTTTATTCAACTCATAGAAAGTTCAAATAAATGGAACTGTTTTATATTTCTAAATGATAAGAAAGCAGGCTGCTATGAAGACTTATTCTTTCCAAGGCACTGTCTGGGTAAAGCATAGGCTGGGAACAACTGGATCAACCAACATTCTGTATCTTCAACAGCCACAACCCCATATAATGATGGCTGATGGACATAGACAGCAATATCCTGGAAGCCTACCAGAGCCTAAAGAACCTTCTGAATCACCAAAGAAAGATTAAGTTGTATGTACTTGTTCAATGTTACCTGTATTTTGTTATAATACAATTTTATGGTAATAATAACAACAATAATAATAGGTAGCATTTCTTAAAGTCTTATTATGTGCTAAGCACACTGCTAGCCAATTCATAGAATTATCTCATTTACTTGTCACCACTTCCCCATGAGACAGGTACTAATCTCTCTTTACAGATAGAGAAAGGGAGACTTGGAGAGCTGAAGTAATTTGCCTATAGTTATCCCCCAGGGAGCATGGGAGTCTAACCTAGGTGTCCCTGGCTATGGAACCCCAGGAAGCCAAACTACCTCTTAGTTACCCTGAATGACTAGCCTGTTCCAACACTCATTCTGCTTAAAAGGCAGTTTACTATGTCAACCTGGAATAGGAGACTAAAAAAATTAAAACAAAAACAAAATATTTGGTTGCTTATTTTTTTAAAAAACAGGGTGTTTCTGCTTTTAGAGATAGGAGTCTTGTTCTGTCACCCAGGCTGGAGAGTGGTGGTGCAGTCATGACTCATTGCAGCCTCAAACTCCTGGGCTCGAGTGATCCTCTTTCTTCAGGCTCCTAAGTAGCTGGAACTACAGGCACACACCTAATTTTTAAATTTTTTGTAGAGATAGGGTCTCACTATATTGCCCAGGCTGGTCTTGAACTCCTGGCCTCAAGCCAACTCCCACCTCAGCCTTCCAAAGTGTTGGGATTACAAAATATTACAGGAGTGATCGACTGCACTGGGCTAAAAACAAGGGTTTTAAATGCTTACCATATTTTTAATGCTACATCTGATTGTGAAGGTGGGCTACTCAAAGCTTTTTGGGAATTTACAGGCTCACTAAAATGATCACGATAGTGTATTAAATTGAGAAAGGCATTGAAAATCTGTCATTCCCATGAACAACCAAAGGGTGATGTCTAAAATTCTCTCTCATCACCCATGCACATAACCAGGTATATGAGGCAGTTGGGTTGCAAGAGCTGAATCCTAGAAACTCCTAGGCAGGGCTCCTCCTCTCCAGCTCTGAGGTGTGTGTATTGATGGCCCCCTACACCTCCCAGTTTGCTGCCTTGTGGGAAAAGGAGACCAGCTCTTCTGTTATCTAGGAAAGGGAAGAAATTTGAGAGCAGTGGCCTCTGTGTTCCAGGAATATTTGCGTTTCCCACAAATCTCTGGAAAGCAGAAAGCTTGCCACAAGGGCAGCACACGGTATGAGTCACAAAGGCAAGGACCTGAGGGAGAACACTTCCCAGGACTTTCAAATAAGGTCTTTCCTAAATGTACTTGGCTCAGTGTGGCAAAAGCACTGGGCTAGCAGCAGTCAGATGTGGGTTCAAAGCAAGGCACAATCATTTATTAGCTATAAATTTGGGCAAGTCACTTCTTGAGAATAAGTTTCTTCATCTGTAAACAGAAGTAATACCTTCCTTATATCTTAAATTGGTGTGGAAGTAAATGAGTAAAAACCTCAGGGTTTTTCTGAGTTTAAATGAGACAATTCATGTAACGTGCTTAGCACAATACCTGGTACCCAGTAGGTACTCTGCAGTATTTATTGATGATGATGATGATGATGATGATGATGATGATGATGACAAAGAAATACAAGGAAATGTCAACACCTTAACAGTGCATTCATAGATCTACAAAATGCTTAATCTCAGTGTTCTGGCAACCACTAAATACATAAAGATAATCTAAGACATCAAGATTTCAACATATAAAAATAAATATAAAAACAAGTGAACAATAATCATTTATATGTAGTTTCATGACTGGAAAAAATAATAACCTAGATTTTTTCTTAACCTAGAAAATCTAGATTAAAAAATAAAGATCTTGCATTTTTGATATAAAACACAAATAATAAGGACATGAAAAAAGAATATCCCTTGCTAGTAATCAAATAATAGCAATGAGAAGCTGGATTCTTATATCTAAAATAAAAGTGCAAATAGTTCATAATATCCATTGGTGGTAAGGTTGTGGTAAAACTAGTATTCTTATTCTCTGCCAGTTGCTTTGGAAATTGGTACTATCTTTTTAGGAATATGGCAATATGTAACAAAAGCCATAAAATATTCTACTCCTGGGTCTTTCTCCTCGGGAAGTAACTCAACAGAAGCAAAAAGAGGTGTATACAAAAACCAAATATAAAAACAAACAAATCTTTCCTCCCTCTTTCCTCCCACTGCCAAAAAATGAAAGCTGGGAATAGCCTAAATTTCCAACTTAGTTGAATTGTTCAATATATTAGAGTTCATCAATATGAGAGAATATTATGCATCTAATAATTGTGACGACTATGTATAAACATGGAAAATATTTAAGATCTGATGTTTAACTAGCATATACACTATTATTGTAGCTATGAGAAAGAAATACTGCATATTTAGAAATTAATATACAAAAATGAAAACAACTATGTTTGGGGACAGTGATTATGTACTTTTAAATTTTTTTTAATCTTGTTATCTTTAAACTTTTCTAAAAATGATGTGATTACAAGCAATGGCTCTTTGGGATCACCTAATAAATACCTACTAAATTCTAGACGGGACAACGAGCTCTGCCATCCTGCAATGGCTCCTGTGACCTAGTTCCAGGGCCATTCTGAATGGACAGAGGTCTTCACAATGGAGGTGGAGATGCAGGGAGCTCTATGGCATGAAATGGTTAATGATTCTCTTTTGTAATTGTGTTTTCTGTTTGCTGCCTTAGTTCTAAAAGGAGGCAAAACAACTGTGGTTTATTCTACCTTTTCCAGGCATAGTTCTTCTCCTACCTTTGTGATCCCCAAATTAATATCAAATGTCTAATTAGTTTTTTTCTCCATTGGTGATCCCCAAATTAATATCAAATGTCAGACAAAGTAAATCAAAGTACAAATAAAGGTAAAACTGCTCTTGCAAAGGGCTAAAATAGCAATGTTTACTAGAAGCATTCAAGAGCCAGTTCAATTTCCTATTTCTCATTAAGTGGTAAAATAGTAATGCCAAGACCACATCCCAGAATCTCCAGGGTAACAGAGGCCCAACGAAGGGCTGCAGAGAAACTTGAAAGTAAACTGGCTTAGTTCTTTACACACAGAAATTGTTCTACAAAGATCTCTTGCAAAGCAGTGTCACCAGTAGCATCACTGCCACTAAGCCAATGTCCCAGGAATTGAGGAAAGGAAGACACCCTTAAAGAAAAAAATGGAAAAAAGCCACAAGGACTGGTACCACAGTAAATGTCTGCCTGGGTCTCCCTAAACTGTCTTAGGTGAGCTTACCCAGGAATGTTTCTCCCCTACATGTTTGCCTTCCTTTGTTTAAGCCTTTATTCCTCCTAAATGAAAATAAATACCCCCGACTGGGGAACGTGG,False
940,-445,3.2464955,-3.2146368,0.001560586,2.855957,-3.4404576,0.001839511,5.491328,-5.4052305,1.8521521e-05,1.7027258,-1.5762131,0.036300823,2.0794058,-2.216795,0.013437189,0.010631326,ENST00000428939.3,-445,TGCTAGAAAGGAAAGGAATAAGGAGGAGATAAAATGACGCCGAGGCCCTGAACTGTTCATGGCATCCGCGGCTCAGCCAAGCTGTTGTTTTAAAAGAGCAATAAAAATGAATTATGACTAAACGCCTTCTAACTTAATGCTTTCGGACGGGGATCCCCGGCAAATAACGTAAGAGGATTTTTATTTGTGCATGTGTTCCTGCAATTGATCTCTTTGATGACATTCTCATTCATAGAAAGCGTTTGATTTATGAGCGTAGGACGAATCGCATCCAGGAGCTGCGCAGCCCTGGCCGCTGCCGGGACGCCCTGCTCCGCGCTGAGCTTGGGGCCAGAAACCAGCCATAGTCCCCACACTCCGCCGCCGCAGCTGAGATTTAGCGGAGGAAGGGGCGAGGGAAGGTAGGGAGCAAACCTATGAAGAAACATCGCGTTGTCATTGGAACTTCCAAGCCTTTGCTGTTAAGAGCCAGGTTCTTAAATCAACCCGCCCCACACACATGTTGCTTACATGCTGCGTTTTCTCACGGTCTGTTTTGCCTGAACCCATCAACAGCTGGGAGATTAATCAACCACACTGAAAATGTGGAGGGATTTATGGGGGAGGGGGTTGAAATGTGGGTGTTTGAAACAAAAGTGTATAAACAAATGAATTGTTGATAACTTAGTTATTGACCTGGAGACTGGTAGCTTATTAAAGAAACTCCGTGTTACTCATTCCTGGAGTTGGGGGTTTCTGTAGGCACTTTATTTCTCCACTTTCAAGAGCTTGGGCTTGGCCCAAATCTTAGACTGTCCAATTCTGCCTCTATTACCAATTTAAATCTATGGCTTGAACCTGTGCACTGAAAATCAAATCCTTTAAAAAGAAAGAGGAGAAGAAGAAGCAA,False
941,-106,6.3527546,-6.7892694,1.961059e-06,12.610673,-12.588631,1.1378418e-11,11.404323,-11.252076,1.4469417e-10,1.2527689,-1.629101,0.053057116,8.901285,-8.473418,2.8461816e-08,0.010611821,ENST00000538231.1,-106,TTGTTCTTGCTGACCACACATCTGTTTATACAGTACCATGATTGTTTCTTGAGCAAACAAAAGCAAAGACAGTGCAACGAAAACACAAAAAGTTTTATCTTCTAGTAAGAACTATGAGAAGTATTTTCAGGAAAGATTGACTCTGCAATTCTGCCACAAAACTCAGTGATGTGATTATGCCTCACCAACAAGCAATGGAAAACTTTTATGGGAAAAAGTGTGTAGTATCAATTTCCAACTTTTGGTCAACTGAACTGAAAAGAATCAATGGATGTATTTATCTGAACAGGATTTAATTTGAATGCGCAACTAGCCACAGATTACAGCTCAAAAAAAGTGTATGTACTTAAAAGGAAGCTTATGTGAATTTTTTTGAGCCTGGTGAACATTATGTGTGCTGTACAATATATAAAATAACATCATCATTACATATTAGAAATAAAATGTGAGAAATCAG,False
942,-313,1.903969,-1.8273621,0.023400228,1.8669251,-2.8924475,0.008498146,9.358709,-8.821531,1.2718088e-08,6.7535925,-6.9662414,1.1004026e-06,1.7826983,-2.081716,0.020544285,0.010488754,ENST00000594898.1,-313,ATAGTGCGCATGCTTGAGCCCACTTACCTAACACCTGAGATCTTATTGGGACGCTGCTGATAACCAGTTTCAGAGACAGGGTTTCACCATGTTGTACAGGCTAGTCTCCAACCCCTGGGCTTAAGCAATCCTTCTGCCTCGGCCTCCCAAAGTGCTGGGATTACAGGCTTGAATTGAACAAGAAAGTCTGAGAAAGGAAGAATTTGGTCTCTCTCTACTTGACTGTCTTTGAGCTGGGACATTGGTCTTCTCCTGCCCTTAGAACCAAACTGGGACTGGAAAGTACACCAACAGCTCTCCTACCTCTCAGGTCTTTGGACTTAGACTGGAACTGTACCATCAACTCTCCTGGTTTTACAGTTTGTAACCGAAGATCTTGGGACTTCTCGGCCTCCATCATCTTGGTGTGAACCAATCCCCATAATAAATCTCTCTCTCCTTCCCTCCCTTTCTCTCCTTCTCTCTGCACACACACACACACACACACACACACACACAC,False
943,-1037,9.515765,-9.828204,3.972106e-09,1.4474709,-1.4832739,0.050654504,4.4425244,-4.2223015,0.00017251991,9.250342,-9.418635,7.801282e-09,7.493632,-7.569381,2.8722118e-07,0.010165464,ENST00000514597.5,-1037,CCTGACGCTGGGAGGAGATGCTGCCACCTAGGTTACTTGTAGGACCCTATACGGCAACCTCCTTTGCCAGGAACTATTTATAAACATCCTGCAGGAAAATGCAGTGAAGTAGAAGAGACAGGGATATCCCAGAAGGTTATGCAAAACATCAAGAGAAGATGAGAGGAGTCTATATGTCAGAATACACATTTCCCACCTTGCCCAACAGTAGAAAAACATAAGAAGAGAAAAACATTAAAAAATGACAAGGAAGTTAATGGAAGCAATGTGATGGTGTTTGGAGGTGGAGCCTTCAGAAGGTAATTAATGCCCTTGTAAGAAGAGGCCAGAGAGCTTGCGCACCTTCTTCCTGCCATGTGAGGAGCCAAGAAGCCGGCTGTCTGCAACCTGCAAGAGGACCCTCACTAGAAGCTAGCCATACTGGCATCCTCATCTTGGCTTTCCAACTTCCAGAACTGTGAGAAGTATATGTTTGTGGTTTAGTCAATGGTCTATGGTAATTTTTTTATAGCAGTCCCAGCCAAGACAGTGCCTCATTTACTACATACCATTTATATTATTATATAGGCTCCTTTCAGAAACCCATGTTCAAATAAGAGATAAGATACTGAAACACATAACACCTTCACTAGTTTTTAGTATACAAATATTGAGAAATA,False
944,-1431,3.4528263,-3.6613503,0.0008128289,3.2472491,-3.6679063,0.0009916429,7.730413,-7.1253443,3.5336757e-07,6.0806212,-6.1046014,5.105318e-06,1.3891369,-1.5844004,0.04863578,0.010089142,ENST00000514573.5,-1431,CTTCCCACTAGGCGCGTGGTACCCGAGGCCGGGCCGGAGCCGCAGGCCAGCCGCGATTCCTTCGGGCGATGCTGGGGGCTTTCCGGTCGGGGCCGCAGCCGCTTCCGGAGCCGCGGGCGAGTCGATTCACCATGATCTTGGCTGGCTGTCTTCTTCCTTCATGGCTGCTAGTAATGACAATTCAGTGGCTGTTTCTTCAGCTGTGCAAAGTTGGAACATGTTTGGGAGTTCAACGGCATTGGTTTCTGGTTGGTGCAAGCGGTCTTCTCTGTCTTCTTTATGGCCAGTAAAATTCTCCAGAAGAGATTTATGGCAGCCTCACTCCCAGTAGTTTCTGCATTTAGTGAGATAAGGAATGGATTTTCTTCTGTGTATTGCTGACACGAACAGGAGACGGAAATACTGAGTAGAAGAGGGCGGTTCCCTGGCTAAGGCCCCACCCTCAAGCCTGGATACCCGCGGCCCTAAATGAGAAGAGGCGTTTCTGTTTGGGGCCCAAAAAGTTGCTTTTTGACCCACCACGCCCCCTATCCTGCCCCCATATAAACCCCAAACCCCAACCTCCAGAGCATACCAGCAGGTGAGGAGATACGAGGCAAGCCGACTGAC,False
945,-1185,4.29348,-4.350314,0.00017618602,2.8509169,-3.0218525,0.0028071646,5.5527635,-5.122657,2.3105407e-05,2.3366911,-2.5011976,0.007861474,1.5681359,-1.6269851,0.03934975,0.010043536,ENST00000583719.5,-1185,AGCTACATCCGTCACCTGACACGGCCCTACCAGGAACAGCCGCGCTCCCGCGGATTCTGGTGCTGCTCGCGTCCCCGCTCCCCTATTCCCCTTATTTTATTCCTGGCTCCCCTCGTCGAAAGTCTTCCATTCTTCAAACTAGATTATTTAAAAATGAAAAAGGAAGAAAGGAAAGCGAGGTCATCTCATTGCTCTATCCGCCAATCAGGAGGCTGAATGTCAGTTTTGAACTAAAAGCCGCTCCGCTCCTCTTCTAGATTTGGAAAACAAGCGAAATTAAACTAAACCGCTGCACGCCTCTGACGCGACATCTGGACACGGCGCGGCGCTGGCGCTGCCGGAGCTGTCGACCCGGCCTGGCGCCGGACTAGTGTCCCTTTTGATGAGAAGAATAAGCCTCATTCTGATTCAACAGCAGAGATCAAAGAAAAGACTTCTGTTTTCTGGCCACCAGATATATGTTATCTGTGCTTAAAGAATTGAAAAACACACATCAAAGGAGAATTTTCTTGGAAAGAGAGGGTTCAAGCATCACTGTTAGGTGTGCTGGAATCCTTTCCCGAGTCAGTACTGCTTTCTAGAAGAAAACCGGGGAGATCTATTTGGAATGTATCTAACTCCAAAGAAACCATCAGAGGTAACAGGATGATTACGGAGCTAGGAATTTCCTACGAAGCTGGGTGATAAAAGGACATTGGACAAAAACACAGATAGCTTCATTCTATACCAGGATCCATCACTGATTAGCTGTATTATATTTGTCTCTACTGTAATTTGAGGAGAATGATACCTGCTTCTCTATCTTGTTGGGTTTTACAGATGATGTATTGAAAGTTCAATAAAATCTATAAACAAT,False
946,-50,7.7583466,-7.995595,1.4392958e-07,2.692635,-2.8202548,0.0040182206,3.330658,-2.9442198,0.0018794824,1.4800653,-1.5909582,0.044318456,8.662318,-8.572606,3.2731617e-08,0.010043267,ENST00000438597.1,-50,TCCATCCCTGCAACTGAAAAGTCCGAGGTGTCGGGACGTGCTCTCGGCGGCCTGATTCCACCCCTTCACCCACCCACCACTTTCTAGGTGAAGTTAAGGCTCACCTTCGAAGTGAGGGGCAGATGGTTTTCCTGGCGTCAGGTGGGAAGTGGAGGGCACAGGTGCAGAGCGAACTAAATGGTCACAGATCGACGGTAGCATGAAGCCTTGAGAGGCGAGAGTCCTAGGAGCGGGGATGGAAAGGAAGAATTCCAAACGCCTTTCGGACTTAACAGAGGAGAGACCCCAACTAAGCACTTGCAGAGCGACTAGGAGTCCTGGCAGTTGGAAGGCGCAGCGCACGAGTTCATCAAATGGCTATATTGAAAGATAGCCAAGCATAAGATGCTCTTTGCAGACTCCTAGAGCCCCCACCCCACCCCTTCCAGAAACAGATGACATTCTTCTACCAGGGAGACATGAGGAGCTAACTTAGGAAATGGGTTTTAATAATGTGTAAATATCACGATTTCAGAGTCTAAGGAGCTTCTGTGTAAAATGATGAGCTTCTGTTTGGATTTAGTTAGGGATTCAGGGGAAGGGCATGAAAAGTGACTTATGCTACTAATAAACACTCTTTAATTAAA,False
947,-453,4.9485016,-4.871354,5.4358476e-05,8.097499,-8.365926,7.079873e-08,1.5898623,-1.3566432,0.04990193,5.6445274,-5.4198747,1.5659745e-05,7.116719,-7.251875,5.7517366e-07,0.009994519,ENST00000445938.1,-453,GGGAACAATCTCCTCGTTCCAGAAGGGCAGGGCCCGGGCAATGGTGTCCTTGAGGCTCTCGCAGGTGGGGAGTTCCCCGGGCTTCAGGCCTGCGTACCGACGCTCCTGGGGGACACAGGCACGCTGCTTTCCCTCCCAAGCCAGTGGGCCCCCACCCGACTCCCCACTCTGCAGCTTCCCAGAGGCCTTCCCAGCAAAGGCAGCCCACCTTGCTAATGGAGTTGTAGTAGGGGTGCTTCTCGTCCATCGGGGGCGGCGGGATGTCGAAGGAGCGCCTCCAGATCTTCACCTGCTCCTCCCCGTGCTTGGCGGCCGTTTCTGCCTTGTTGAGGCCTGTGAGGCCCCCGTAATGCCGCTCATTGAGGCGCCAAGTGCGCACCACAGGCAGCCACATCTGGTCCGTGCCGTCCAGGATGGCCCAGAGGGTGCGGATGGCCCGCTTCAGCACTGACGTGTAGCAGATGTCAAACTCCATCTTGGCATCCTTGATGGCCTTGGCTCCCCGCTTGGCCTCCTCGGTCCCCTTTTCACTCAGCTCTGCATCGAACCAGCCACAGAAACGGTTCTCCTGGTTCCATGTGCTCTCGCCGTGCCGGACCATCACGAGGCGCCAGGCTAGGAGGCGGCCCTCAGCAGGCAGAGGAGGAGAGCCAGAGGAGCTGGTGCAGACCACAGCTTTGTGGAGAGGAGTCTGGCCTTGTGGAAGGT,False
948,-1373,1.580219,-1.5114026,0.043454178,2.5237193,-3.5657806,0.0022614165,8.358598,-7.7784176,9.812571e-08,6.150849,-6.3540683,3.70836e-06,2.6091385,-2.8538296,0.004223041,0.009988488,ENST00000427447.5,-1373,CAATGGCGGGCTCCCCTCCCCCAGCCTCGCTGCTGCCTTGCAGTTTGATCTCAGACTGCTGTGCTAGCAATCAGCGAGACTCCGTGGGCGTAGGACCCTCCGAGCCAGGTGTGGGATATAGTCTCGTGGTGCGCCGTTTTTTAAGCCCGTCGGAAAAGCGCAGTATTCGGGTGGGAGTGACCCGATTTTCCAGGTGCGTCCGTCACCCCTTTCTTTGACTCGGAAAGGGAACTCCCTGACCCCTTGCGCTTCCCAAGTGAGGCAATGCCTCGCCCTGCTTCGGCTCGCGCACGGTGCGCGCACCCACTGACCTGCGCCCACTGTCTGGCACTCCCTAGAGAGATGAACCCGGTACCTCAGATGGAAATGCAGAAATCACCGTCTTCTGCGTCGCTCACGCTGGGAGCTGTAGACCAGAGCTGTTCCTATTCGGCCATCTTGGCTCCTTATTCTCATTACCTTCTTGAGTTGTGGCTCAGACACTACAACAGAGCTCTGTCACCTCTTTCTAAAAGCTGGGAAATGGTTATTGTCAACGCCAGCCCCATTTTGGAGGCACCTGGTTGCAGGGGACCACAGCTAGCTGGGTGCGGTGGCTCAGGACTGTAATTCCAGCTACATGAGAGGATTGCCTGAGGCCAGGAGTTTGAGACCAGCCTGAACAACATAATAGACTGGGAGCTCCATGAGGTCCGAGACAACCTGAAGACGCCCAGCTCAGCAGAGACTGGCTACGGCAATCACTCAGTAACTATTTGTTGAATTGGACATAATAGAAGAGCTGAAGAATTTTAAACAAGTCACCATCAGTGCAGTGGATTCCTCAAAGCAAACCTGGAAATCTCGGCATGAGTTGGATTTAAGGCAGTACATTTTCAGCTCCTGAAAATTTGAACAGTTTCTCAAGAGAACAACTTGAAACAGAAAGGCAAGGATGTAGATGTGGTTGTAGAAGATGATGTCTGCGGCCACCAAACTGTCCACTGTGAAGACAAACCATGCATGTTTAGTAGGCAGTGGCTCCTCTTCCCTGTGGGGAGTCCCACTGCTTCCCTGGCCTGGGTGTTCTCTGCCGGTAGATGTTATTGACAAAATAAGCAAAGTCCTCTGATTCTGAGAATTAGAGTTAATGATAGCTCTAGATTGCCTCTGCCATGCTATTTAAAGTCCTGCTTTATTGTCTGACATGAGTTCGGCATCTATGAGGACTTGTCCAGTGCAAAGTACAATCTCCACTGAAAGATATCACCAGCACATCTTGTCACTGTGCTGTAGCAAGCTGGGCAGTACAATGATGTTGGCAGGATCCTGTTTAGGTGGAGGATGGCCACCTGGGCATCAAGAATCTTCTACCCTGATTCCACATTGACTCCCCAAAGTGGGCTTCAGACAGCTCTTTACTTACGTCTTCTGATTAAAGCAGCAGACAGGGTCCCAGCTAGAGAAAAGTTCTGGGAGCAGGAGAGGTGTTGGTGGCTTTAAAACCAGGGGTGAAGATTGAATTAGGAGGTTAGGCAGGAGTAGGATCAAAGACTTAGAAAATGCTTGTTTCCTCCTATTATTCTTATGAGAGCTGATACGGGGCTTTCAGTTTTGGGGGAGAGCCTTGGAAGAGAATGAGGGAATTTAATCAACTAGCGGGACCTTTCCAACTTACATTTCCCAGTGTTTGTTGGATGATACGTTTGCCTAATAAGTTAAAGCTTCCAAAAATAGAAAGGAAAGCTTGGTGACACTAAGCTCTGGCATGCTGTCATCTTCTGGCTAGGGGTCTTGTGCTTCTGTTTTTCTATTTCTGACCAAAGACATAAAATGTGTTGTGACCTCTCAGGTAATGCTGTGGTATCATGTCCAAGCAGTAACTAACCAGAGTGGAGTTTTTACAGGTAAAAAAGTATTGAATAGCTCAGCAACAGGGAGGACTTAATGATAAATTGCTTTTTCAGAAAATGACAAGGGGACAGACACTTGCGGTTCTTCCATTGAGAGCCTTAAGGAAGTTAAGCGAAGCCTCTGCTCACCCCTTCAAGTAACGATGACCCATCAGATCGTGGTCATAACCAGTAGCATCTGAGGCACCCCTAAGCTCTCTGGGCCCCAGATTCCTTGTTAAGTTAAATGAGGTGACTTCCCAGTTTACCATTCTAGGGGTTCCTGAGGAGTTAAAAATGAAGGAGAAAATGCAACATGTACCAAGTGAGCAAGAGCTCAAGGCTTATCTCTGGCACGAAAGTGACCGCTGTCCGTTAGAGATGTGATTGCCCTAGATTTCCTTTAGGAAATGCAAACATTGAACTCTGGCCTTCAGGACCCAAGTCCCGGCTTGCATCTATTCTATACACTTTCTGTTATTTGTTAGGGCTCACAAGGAACAGTTATTTATCTTTTATTTTCTATTTTTTTTTTAGAGATGGAGTCTCACTCTGTCTCCCAGGCTGGAGTGCAGTGGTGCCATCTCAGCTCACTGCAACCTCCACCTCCCGGGTTCAAGCAATTCTCCTGTCTCAGCCTCCTGAGTAGCTGGGACTACAGGCGTGTGCCATCATGCCCGGCTAATTTTTAGTATTTTTAGTAGAGGCAGGGTTTCACCATATTGGCCAGGCTGGTCTTGAACTCCTGATCTCAAGTGATCTACCCTCCTTGGCCTCCCAAACTGCTGGAATTACAGATGTGAGCGACCACACCTGGCCCATTTGTTTTCTTTCAAACCCTTCTGTAAGACCAGTGCTTTAGGTGAACACGTGGACAGAACAAGATCATCACTATTTTGCAATATGAAGACCAACTGCGCTGTGACCAGAAAAACAGAGGCAAAATGTTGAGCTTAATGATACCTTTTTATAATTTGTATTTGGTGTTTCTCAATTTTCCATTGGATAGTTTGAGAGATAAGTACAAGTCAATGACATGTTCTCTTTCGTACCCTATTGTCTAATCCTGCTAACACACACACACACACACACACACACACTGATTACCTAATTTATCTGTTCCCCGATTATTACACTCTCAATTGCTGCAGAGTCTCAGAAGCAGCATGGTGTAACAGAAAGAATATGAGGCTTAGAATCCAAAAGCCAGAGTGTGAATTCCAGCTCCACTGACTTGCTGCGTGACTTGAAGCAAGTCATTACGTGTCTCTGTTTACTCATTTTATGACTTTCCTATTGCCTCTGTAATATAGCACCACAAACGTGTGGACTTAAAACAACATGCATTTATTCTCTTAGCGTTCTGGAGGTCAGGAGTCTGACATCAATTTCGTTGGGCTAAAATCAAGATGTTGGTAGGACCAAGATCCCCGTGGAGGCTCTGGGAGAACCCATTTCCTTGCCTTTGCCAGCTTCTAATGCTGCATTCCTTGCATTCCTTGATTGTTGACCTCTTCCCCCATCTTCAAAGCCAGCAGAACAGCACCTTGTTTCATTGCCTTCTTTACTGTCAAATCTCCCTCTGCCTTCTTCTTATAAGAACACTTGTGGTTGCATTTAGAAGCTGTGATAATCCAGAATAATATCTTTATCTCAAGATCTTTGACTTGGTCTCTTCTGCAAAGTCTCTTTTGCCACAGAGGGAAATATTCACAGGTCCCAGGGGTCAGGCTGTGTACGTCTTTGGGGGACTTTATTCTGCCTACCACACTCATCTTTTTTTTTTTTTTTTTTGGATGGAGTCTTGCTCTGTCACCCAGGCTGGAGTGCAGTGGCATGATCTCGGCTCACTGCAACTTCTGCCTCCCCAGTTCAAGCAATTCTCCTGCCTCAACCTCCCAAGTAGCTGGAATTACAGGCGCCTGCCACCACGCCCGGCTACTTTTTGTACTTTTAGTAGAGATGGGGTTTCACTATGTTGGCCTGGCTGGTCTTGAACTCCTGACCTCAGGTGATTCCCCCACCTTGGCCTCCCAAAGTGCTGAGATTACAGACGTGAGCCACCATGCCCGGCCCCACACTCATCTATTAAGTAGAGCTAGGAATTCCTATCCTAAGGGACACAAAAATGAAAAAAGATAAAATTTGTGAAGAGGCACATAATGAAAGCCCATACATGTCACTGAGTTCAGAGGAGGGTGGGTCTGACCTCCCATTGGCTGGTCTCTGCCTGATGGACATCGTGAAGAAGAGAGCCAGGACTAGTGTGGCTGGGGGATGTTCAGGGGCCAGAGTGGCTTCAGGTGCCAGCAGCCCTGGCCGAAGGATGACTCCAGGAGCAAGGCTCAGAGCCGAGTGGAAGAAGCTTCATAAACGCAACTGAGCCAAGCATGATGGGATGTGCCTGTGGTTCCAGCTACTCAGGAGGCAGGTGGGAGGATGGCTTGAGTCAGAAGTTCGAGGCTGCAGTGAGCTATGATCACACTACTGTACTCCAGCCTGGGTGACAGAATGACACCCTGTCTCTAAAAAGAAAAGGCACCTGGATGCTCATGACCGAGATGGGGTGGGGTGGGTGGGGTGGGACAGCCGCACTTTATAACTTTGCTTTCAGCATGATGTGGATTAGTGTCTCCCATGTGGGAAAATTATGTTTACCACTTAGAGACCTGATAGTGCTTGCTTACCCCATAACGCTGGACGGTGGCAGGCTTAACTCCCCCATCAAGGGCCTTAATGTATTTGGGGCCCTAGTCCTAGCAACAGCAGCAAATCTCCTTTTTCTTTTCCTCGAGCTGGTTGTTCACCAGGCAGTTGGGATGTTAATGGGAAGAGAAGACACACACAAGTCCCTTGTTTTCAATAAGGCAGTCTGGTCACGTCCTTAGCAGGTTATTAATCTTTTTCAAACCCCTCCTCTCCACCAAGTTTTATGATCCTGGGAAGGAGATTCCTACCTAGCATCCTTAGAGTTATCGGGGGTTAGGATCGGTGCATGCAGTCACTTCCGTGGAATCATCAGTAGCCCTCCAGCCTCTGGGGAGAGCTGCCAGTGGTCAGAGATGTTGGGAATTACGAGGGAGGAGCTAGGGAGAAGGAACTCACAGTCCCTCAGTCTCTGAAGGTGGCTCCTGGCAGGAGAGGGGGCCAGTCCTAGATAAGAGCTCTCCCAGGGAATTCCAAGGGTCCTCCCAAGGTCCAGCCACAAGATGAGGAATTACTGTTGGGCTCTTCCTCAGATGTGCCTGTGAATTCATATCACAGATGCTTGATGCATTTGACAATTGTTTAATTGCTTGAGCCCAACTGATACTCTTTCAGTCACTTTAAGGGAGTGATTTCAAGTATGATCATTGCCTCAAATCTGTATGGCTTTCCTTGCCTTTCAGGTGCTTTAAGAGGGCTTATGTTCTTTGACTCCCCTAGTAACTCAAAAGGGTGGCTAAGATGCAACTCTGGAGGTTTCCAAGCTCTCTGCAAAGCCTGCCTTCAGTAGTCTGTGCACCACAAGAAGCATAACTTTATTATCCTCTAGCTGAATTTACCTCCTGCTTCGAGCCCCTGTTTTCCCATGTCATTTTAGGGGTCCAATGTTTTTCCTGGAGGCATATACACACACACACACACACACACACACACACACACACACACACACACACACACATATATACACACACACATTCCAGGGGCCTCTGAGGTGCCAAGACATGTGTGGGGTCCATCTGGTTCACACTGATGTCCATGATCATTGAGTTCATTTTTTATATCAACTATGTGACACTTCCTATAGTTTCCAGTTCCTGGTTAGAATTTGCAAAGTTGCCGACTATTTCTTTGAATAGAGTAGCTAGATCATGGGTCTACACCAGTCATCAAGCAGCGATTTCCCTGTTGGAAGCTCCAAGCAAATTGTCAGCTCCAGCATTCCACACAGCTGTGGGTGCCACACTCCTTTTCCTTTTAAAAGATGATGATCTGCTAGTGGTGAATGCTCTTGGAGTTTTATTTGTAGGTTTTTCTTGTTGTCGCAAATGTCTATATTTCATCTTCCCTCTTGAGGGATATTTTCCATGGGTAGAGGATCTAGGCTTTTCTTTTGGATTCCATTGTGGCTTTAAAAAAAAGTCAGTTGACTGTTTATTTATGGCTTCTCTAAAGGTGATCTCTTTCTTCCTAAGGCTGCTTTAAAAGTTTCCGTTCCCTCCCTCCCTTCCTCCCACCCCATCCCCCTTCTTCCTTTCCTTCCTCCCTCCCTTCCTCCCTTCTCTTCCTCCCTTTCTCCCTTGTCTTCCTCCTTTTCTCCCATCCTCCCTTCCTCCCTCTTTCCTTCTTTTTTCCCTTCCTCCCGCCCTCCTTCCTTCTTCCATCATTATATATTAAAATATTTTCTTTCTTTCTTTTTTTTTTTTGAGATGGAGTTTCGCTCTTGTTGCCCAGGCTGGAGTGCAACGGTGTGATCTTGGCTTACTGCAACCTCCACCTCCCTGGTTCAAGCGATTCACCTGCCTCAGCCTCCCTAGTAGCTGGGATTACAGGTGCCCGCCACCACACCCAGCTAATTTTTGTAATTGTAGTAGAGATGGGGTTTCACCATGTGGGCCAGGCTGGTCTTGAACTCCTGAACTCAGGTAATCCACCCGCCTTGTCCTCCCAAAGTGCTGGAATTACAGGCATGAGCCACCACTCCCAGCCTATTAAAATATTTTCTTCTGGGCCTTCCCTCCTTTTACTTCTTTTGATACCGCCATCAAATGCATGTTAGGTTGACTCACTGTGTACTCTATTACCCTCTCATCTGGTTTTTAATCTTTCTGTCTCCTTATACTGTAATCTCAGTGTTTCTTCTGCTTTAATTTTGGTATATGAATTATTCAGCTGTGTTCAAAGTGTGGTTAAAGCGACTTATATGCTCTTTAATTTTTAGTTATTGTACTTTTCACCTCTAGAAGTTCTTCTGTGACACTTCTTATAGTTTCCAGTTCCTGGTTAGAATTTGCAAACTTGTTGACTATTTCTTTGAAAAGAGTAGCTAGAATTGTTTTAGTCTGTGTATAGTGAGTTGAATATCTGAAACCTCTGTGAGTCTGTTTCTTTTGTCTGCTAGCCCTACTCATGGCGTCATGTTTTCCTGGATGTTTAGTTGGTTGTCTTTGAATATGTCCAACTCCAGTTATTTCTGGGAATACCCAAAGGCACACCTGTTCACTATCACCCAGTGAACTGCCATGTGTTTGTCTCCTGTCATGGTAACATTTGCATTCAGGGAGAGGCCTCTGCTCTCTGCAGAACAGTGTGAAATCACCTCATTTTTGCCTTCAATGAAGGTTGTCTCTTGCTGGTCACCACCACTTCCTCAAATGACTAATGCCACTCTTGCTCACAGTGCTAAGGCGCTAAGGAGTTTTCAGAGGGCTAGAGTGATTCTGCATCCTCTGGGGTTCTCAGGAAACGAGGCCACAGGGCCATCTGTGCATGAGTGACAGTGGGGTGGGGTGGATGAGCAGTGGCAGTGGTGGGCACCTATGCTGCTGGCGCCACAGCTTTTTATATCTTGGTGAAAACAACGCCTTGCGTTTTCACTTGTAGATTCTCCGGCTACATTCCACAAGAACAAATTCTGGTCACAGAGGCCAGAGTAGACTATCAGTGTAATGGCCCTTCCCCTTTGATGATAGCAGCTTTTTTCGGGGGAGCAGGGGTGGCCAAACTTCCTAGCCTTATTTTATCTTCCTTTCTAGTTCTCCCCAGAGGCTGCTGGGTCCACCTCTCCCTCTGCCAGACAGACAGGCTCAGACATGCAAGAACGGAAGGGGGTGTGGGGGTTGGTGGGAGGATTAAGTTGGGGAAAGCCAGTCTTGTCTTTGTAGATTACCAGAACTGACACACGTACACACACGTACACTCACTCACTCACTCACTCATCTATTCATCTATTTTTGGCCTAAGTGCCTTTGGACACTTCTTCGGAAAAGCACATGAACTCTTCGGAGTCTCCTGTTCCACTTGGTAAATTTCCTATAGCCACGCACTGAAAGTCCCTGCTGCCCTCCTTCCTCTGAGCTTGTGGGGCCCACAGATCCCCTGCTCCACTTCCTGCTTCATTTCAGCTGATGGTGAGTCCAGGGCAGGCTTGTAGGAAGGGCGGGCTAGGCGTGGGGAACTGCAGCACCCACCCCACCCCCCGCCCCAGTGCTTGTTGCCCCAGCCTCTGTCTCCCTCGCTGTGCCCTTCCCTTAAGCCCCACTCTTGGCCTCCCCAAAGACAGAGTTTGTTCTGTTTTTATTGATAGGATGACACTCCCTCGTTCTAATACCATCTGAATGCCTGAGCAATTACATCTTACAACCTCATGAAAAACACAGCAGCTTGTCACGATGAATGATGTTACCGTGAATAATGCAGTTTTGAGTTCAAACTCCTTCTTATTCCAAGAATGAGTAAATATCCCTATTCCCTCCCCTCCCCATTGCATTTGGGTTTGACATGACATGAATCATTGTGGTTTTACTCCTGGGTAGAATTGTTTTTCTGTATTGCATTGCCAATTGATGGAAGGACAAAAAAAGGAAACTTACCAATGAGCAGTTTCAGATGAACTTAAATTCTCAGAAATCTTGAAGAATGAATGAACTATAACTTTCTGAAGTTGCAAAAATGTTCAAGTCGGAAGTGACCCATGGGAAGCAACCTGGTCCTTAATTAGGACTGGAAAGAAAACGGAGGCCCAGCGAGGGAACAGTGGCTTCCCCAAGGTCACACTGCAAGTGAGTGGTGGCACTAGTCACCCAGGAGTCCTCCTGACTCCATGGTATCCTGACCCCAGACCAGCAGCCTTATTTGTGGTTAAAGAACGTGGAAAAACAGCTTATGTTTGAATTTTAAAATCATGCCAGTACTAAAGATCTGCATTCCATGAATATTGAGCTTTGCTGTGTGCGGGTTGCTACGAATTTTGTAACTATTTTCTCTAAGAGCTCTCAGTATTTTACATATACAATTCCATTCTTTATTGTCCAGGGAAAAAGTTGCATTTACTGAGCAGTAAGAGGGTGATTTGAAGTCCCTGGGGTCCCCCACCCTTGTCTTTCTATGTGAGATTGTATTGCAGGGCTCACATTTATTCTCTCAGCAGCTCATTGCACAGACAGTGTATTTATTGAGCACCTACTGTGTGCCAGGAGCTATGTGGTAAGCTAAGCAGACAAAAACTCCTGCTCTCACAAGAAGAAAGAATAAACAAGCAGACAATTGCA,False
949,-1017,10.288711,-10.487033,9.488755e-10,1.4790903,-1.49989,0.04838456,3.966399,-3.8396575,0.00040709515,4.8683743,-5.1973567,4.25099e-05,6.912681,-6.8301063,1.0754317e-06,0.009767048,ENST00000509715.1,-1017,TGTGAGTGTGAGAGCGAGAACAGCCCCGCAGGTCCCGAGGCGCTGGCTGGGGACAATGCCGCGGAAAGTTCCCAGTCCCCAGCCGCAGATCTGCAGAATTGAAATGAAATGTTTTGAGCTCTTCAAGCTGACTCGTCAGAATCCTGGAGCCTTTTAAAAAATGACGAATTGGAAGGAAAAATTACTTTATCAATAACCAGGCTCCACCAGGATTGACCTAGATGGTTGTTCCTGGCACTTGTCATTCTCAGCAAGCACAGCTCAGAGAACAAATACAAAAGACCCAAAGTGCATTGCATCTTTTATGGAAGTGCCCAATGTGGAAATCATAGATTTCAAGGAAGGAACAAGAAAATTGATGAAACAAGTTCAAAAGAAAGGTACCTGTGCCTCATCATTCCTAAAGAACACTGATCAATGATCCCAGAAGTATGCCATGTTCTCTTAATTCATCAGAGACTGAAAGCAAAGGAAAATCAAGAAATAAGCTTGGCCAATTTGATGTCAATGGAAATGCGTGAGATTTTTATTCAGCATTCACACCTGAGCAATGCTTTTGGTATG,False
950,-373,4.0752096,-4.2278304,0.00024770125,1.3094698,-1.8296367,0.041522667,5.4240746,-4.8500214,3.451453e-05,2.6632974,-2.4370868,0.0060574873,3.4919553,-3.5774775,0.0008499925,0.009742472,ENST00000487580.1,-373,GCACTGTGCGGGGTAATACAGCTCGTTTAAAACAAGCTGGAGTCTCCATTCCGTTTTCCGCGTTGCTTCTCACAACTCACTGTTAGAATCCAGAAGTAAGAGAACCCGGGGAAGCGTAAGGAAGATGAATAGGACAAAGATTCTAAGAAGGTGGGAAGGAAGAAGGCTGCAGTCTATTTCAAGTCTGGTGAATTTCAATCACTGTAGCCTTTATTGTTATTTTAGAGCCACCTAGACCAAAAGAGAAGGAGCTCAAATTGCTGAGACATTCTGTTAAACATCAAGTTGAAAATGTGGGATTCCACAGGGTGTGAGCAGAGAGCACTCCACCTTGCCAGCTCAAACCTGCTTTGCAGAGATAACTTCCCCACCCCTTGGATGAAATCTCAAGTGGATACTATGACTTTTCACCTCCCTCTCAGATAAAAAGCAGTCCTCCAGTCACTTTCAGTCATAACATAGTTGTATTTCAGAAATAAAATACCTAGTCATGAATAATA,False
951,-392,4.998103,-5.378234,3.1160223e-05,1.5667908,-1.5294788,0.043261394,2.8822415,-2.8100417,0.0033605543,3.5412972,-3.706663,0.0007111184,4.2065735,-4.2920694,0.00020370318,0.009513586,ENST00000509723.1,-392,TGTGGCTGACCGATCCATAGTGATGCTTTGAGCACAAGGAAGGACTTTCTGGAATCTACTTATCTGACCAAGAAAGCTTCTTTCCAAAAGAAATGCAATTGTCTTGAGACTTCTTCCCTAGGGATCTGATCAACTAACCAGAAAAGAGCAACCACCAGAGAAGAGACTATTGTGGTCTACTCTATAGAAGGGATCATGCTTTGAACCTCATCTTGAAAGGAGATTCAATCTTTCCTTCTTGCTCCTAATATCAACAGAGGGTGGAATATATGTGCAGGAACAAATAATATCTCTGTACTGGGAAGTGCAAGATTGTCTTCTAGTCACCGGCACTTGACACACTAAATTGATGCACATCCATTTTAAACCCGGCATTTGTGCTCCATATCTTGCCCTTTGACCTATTTGGATTCATGTGGGAATGTGACCTCTGCTTGAATAGGATGATGACATTTTCAAAGAAGCTAAATCTTACCAAAAATCAGATTCTGGTACGATTGTGATCAAGTAGTATAATAAAGCTAATCGTGGCTTGCAGAAATCGAAA,False
952,-475,4.0347605,-4.2245092,0.000258781,1.423247,-1.5946621,0.04662333,3.691004,-3.6809986,0.00062821317,7.0786805,-7.269945,5.867742e-07,8.509788,-8.428318,4.4042686e-08,0.009502192,ENST00000568248.1,-475,ATATGTTCTGAAATTAAACTTGAACTTTTTTCTGTGAATTTTGAAGATTTGGTATCTTATAATTATTTGGTGAGCATTTGGCATGAATTATTTAGCTTCTCCCCTGTTTATGATTTATTTCTCTTGTCATCGATTTCCAATAGGAAAATGTTATGGTTCTAAATGTCTCCTGTAGACTTCAGTAATTGAAAAATGTCAGTCAAGATGGGGGGAATCTGTAATATATAATAGAGTTTATCTTTTAGTTATGTTCATTTCCACTTTTTTTAATGTGTTTTTTTTTTAGTAAATGTCAAAAGTGTTACTCAGTGCAACATATTATGCAATATTATAATCAACTAACCTCTTCATTGATAATGACTTCATATTGAGAGGTTTTTTAAATCTAGAAATATTCTTGTTTTAAATTCCAGGTTAAAATGTAAAGGTATTTTTATTTTTTTAATTTTAATTCTTCTCAAAGCTACTAGTACATTATAAAACAACAATTTCACATTTAGAATTTTTATATGTATATAAATTAGGATTATTTTTTAATATTAGCCTTAACTTTCTTTAACTTTTATGAAAAACAACTAGTCCCAAGGGTATTTTTACTATTTAATATACATTATTCCTGTGATTCAAAATCTTAGCAGTAGAACCTGTTGAGCTACTTAACTTTCTGTCTTGGGACTATCCAGGTGCAGTTATAACTGGTTTCAAAGTTGTGACCTTTTCCTTGCTTGTTTCAAAATCATTCCTTAAAAAATGTTCAGTATTTTTCTTTTGTCAAAAAATAAAAACAGGATTTGTGGGTTGTTCTGTTTTTTAAAATTAGTTTGAGAAACTTCCTTTGCCACTTGTTTTCTGTGCAAATGTTGTAAGAGCTCAAATTCCCTGGGGGTAGGGAGGACTTTTATAAGGTTTTTTTGGTTGAAGGGTATAAAAGGCACTTAAAAGGTATACAGTTACTTTTATTTCGATATCCCAGTCATTTTGACATTATGATAAGCTTTCCCCACTTTATAGGTTATCTGAAAATTTGGTGGGGGGCGGGTATTTTATTTATACTTAATATAACAAAATTATTTTCCTATGTGTAGTCAATAGCACATACAAAAAATTATCTCCTGTTTGTAGTCAGTAGCACAGTCAGTATTCACCAAAATACTGAGTTATTTTTCAAGTAAAGGTATAAGTATGAATGAGAAACAGTTTGTGGGTTGGGTATTGTCAGTCCTTCTTTTTCAGATAACTTTCTAAATGGTCATTCAATCTGTAATCTTAAACTTTTTTAATGTTATAAATTCTTCAAATCAGTATTTGTATTAAATGCAGTGACCAGACTATGTCACTGATACAATGTCATGATTAGATGTGCAGAAGACTATGTTACATGGATGATAAATGAACTTTTAACATATAGAAATTAATATCAGATTAAACTAAAACATTAAGCAAAGTTAATACATGCTTGCATACATATATATATTTATTTATTAATGATATGTGGAGAATCTTTGTGCTTCATAGTCACTAGACCTAAAGTAGAAGCAGTTGTCAAGAATGTCCAACTGCTATTCATCTTTGTGGCCAAAGTAAATTTCAGATTTTTTTTTTGTAATGGTTTTCTTTAGTCTCTTTATTAACCCATCATCATGACAAGTCTGTCAAGTGACACATGTGAAAAGCAGATGTCCTTTCTTATTCCTGGTGCTTCCTAAGGAGGCAGTGCAATGCAGGAGAAGGAACATTATTAGAGATAAAGGAAAAAACCAGAAGTGCTTTCTCCTCTCACATTCCACTCAACACTTCTCTCACCAAATGTGTGTGGGGATTTCTCTCCACCAACAACCAGCAGTTCTTTACTGCAGATTCTCCAGTGGATACCAGCCAGGTGTCCTCTAATTCAGTTCAATTCTGACATTATCTACTGGGAGATAGTGTCAGATCCCGCAAGTGGAGGGCTCAGTCCTACAAGACTACCCCTTACTTCAGATGTCAGTCACAAGCAGTTAGCGGTTTGTGATTCTGACCAACTGGCTAGAGGTCCCCCTCCTCAAGTGTGATTAATTTGCTAGAGCAGCTCACAGAATTCAGGGAAACACTTTATTTACATTTACCCATTTATTATAAAGGATATTATGAAGGATACACATGAACTGCCAGAAAGACAAGGAGCATAGGCAAGATACTGAGAAGGGTCACGGAGCTTCTGTGCCTTCTCCAGGTGCACCACCCTCTGGGAATAGTCAGTTCATGTGTTCAGCTGTCTCGAAGCTCATTCGAACCCTGTCCTTCTGAGTTTCTGTGGAGGCTTCATTACGTTAAGGTTCAGAAATCAATACCCCAAAATATGGGGCTTTGACATGCTGAATTAAAGAAGCAGCCTCAAGGCCTCTTGGCCTTCTCCAGCTCTCCTCACCCAAATCCTGTCTCTCCCAAAGCACAAGATGAGGCTGTTCACCAAAGTTCCCTTATTTACCTAGAAACTGGACCTTAAAGAGGAACACAGTTGCCTGCGATTCCATCCCTGTAATTTTATTAACCAGAGATTAAAACTTATATCACAGAGGAAGAGACTAAAAATTAAACACCACACCTGGAGCCCAGATGACCTGTCCCAATCTATTATCTGTTCTCCAGTCCCATTTAGTTCCCAAAGGGAATCATTTACAAACCATTGTCTGATCTTCCGGCCCATTTATTTACAGCTCCCCCTCTTTCCCCAATGAAAATGATACTTAAGTGTCAGCCATCTATCGGCTCTTTGAGTTTTCACATTTTGTATGACTCCTGTGCACACACATGCATGTAATAACTGTTATACTTGTTAACTTTTTTTCATTATAGGGGTATCCACCATGATTATATATGATGGGGAGGAAAGGGATTACTCCATTTCTGCCCCTGCAGTCTGTAGGCATGATTGATTACATCATTGGTCGCCGGTGATTAACTCAGTCTCCAAGCCCTGTCGTGTCCCTGGAGGTTGGAGGGTGGCACTGAAAGCTCCAACCATCTCATCATGCTTTGATCTTTCCGATGACCAGACCCCACCCTGAAGCTATCTACGGGTCCCCAGCAACATTCATTTCGTTATCATACAAATGACATTCTTACAATTTCAGAGATTCCAAGGGCTTTAGGAAATGGAGATGAAGAGCAAATATATATTTCACAATATCACAAACATACCCTTGGGAATTAGACCTCTGATCTAATCTAGGCTCCCTCACTTGCCATTTTTGTGACCTTGAACAAGTTGTTCATCTTTTCTGGATAGTTCTCTGTTAAAAAAATTAAAATAAAAAAATGGTGGCTATCAGGTTGTTAGGAGGACTAGATAAGAGAACTATGTGAAGGACCCTGCACAGTGCTAGCAACAAAGTTGTTTAGTAAGTGCTATTTCAATTTATTTTGCTTCCAAGCTCATGTGAGCTCCCTCAGTGTGTACCACCAAATCACATGATGTGTATCCCAGTCAAATCTTAAAGGTCATCCACCTTGAATCTTTAAGTTAATTAACGTGTGTTTTTAAAACTGCATTATAAGAACGTTAGGGTTTTTGTTTTGATCCTATGGAAGTTAAATTTTTTACACAAGCATTCAACTGTTTAGCTTCAAACTGAACAGATAAATAGTCTGTATTATTTCATTATGTATTAAAAAATGATTAAGCCTGCCTCAGGCAGTTCAGGCAAAGCAGGTAAAAGATTATCAAGGAGTAACATTAGAAAACACTAATCAGAGTGCCTAAAAAGCTTTATGCGGTCCAGGTTGTACAGGGATGTTGGAACAGTAAAACAAACAAAACATTACAAGGTATGAAGCGTTCGAGATAGGTAGAATAGAGCAGGTTATATTAGAGAAGTCTCTTCTAAAATTGTGTTGGCTAGCCTGGGATTTGAACTTATACCGTGTATGTATGTCCATGTGTAACAGGTTGAACATGCAAGAAGCAGTGTTCATAAAAGGTGGCAAACTTGTTTTACTTGTTTCTCAGTCTTTTCAGATCAGTACTTATAAAACACTGATATTTACAGTAAATATCTTATATTAAATATTAGCTAACCCTATTAAATTGTGTGTCCTTGTGCTGCAGTCATTTAATGACCTCATTCTTTGGTAAGTTGGCATGTGATTTGAGATAGCTCTAAGTGCTAATGGATTGTTTGAAGGAGTTAAAGGCAAAACCAGGAAGAGAAAACTATTTTTAGGAAAAAGCGATCATACAACAGGCCTTAAATAGAAGAAATGAGATATCTCTATCTTTACTATGTAACCTTTAATTCCTTACACATTTTGACTTCATATTTTTTGTATGTAAATGAGAATGTTATAGTCTTGTAAATTCCTTTTCCTCTGTGACTACATTCAGTTATTTATTTTATTGTGTGTTTGTGCATGTCGGTAGAGCACAGTATTTAGTAGAATGAGTTATTGGTTAAACCACCTGGATTCATTTGTAAAATGGGGCCACCTGTCTCTTAAATTGTAATGAGGATTTGATTAGATAATCTAGATAAATCACTTAGCACAAGAGTCTCCAGCCCCCGGACTCTTGACTGGTACTGGTCTGTGGCCTGTTAGGCACTGGGCTGCACAGCAGGAGGTGAGCAGGGAGCAAGCTAGCACTAGGGCCCAAGCTCCGCCTCCTGTCGGATCAGTGGCAGCATTAGATACTCATAGGAGCACAGACCCTGTTGTGAACTGTGCGTGTGAGGGATCTAGGTTTCGTGCTCCTTACAAGAATCTAATTAATGCCCGATGAGTTGAGGTGGAACAGTTTCTTCCCAAAACCGTCTCAGGAAACCTGTCCCTGGTGCCAAAATTTGGGGGACCTCTGACGTAGCACACTATCTGGCACATACCAAGCACTCAGAAAATATCCCATTTCTCAAAACTCAGTTCCAGTGTCAAGTCTTAATAGTATATTGATCTTGGAACTCCAAGGTAGTTGGTCCTCTCTTTGTGCCATAAATGTGCCTTGTACTCAGTAGTGCTAAATTGCTATCAACTAGTGCTAAATGTACTACTAATTCATCTGTGTGTCCACTTCCCTTCTTAGATTGTGAGCCCCTTGAGGACAGAGATGGGTTTACTCATATTTATAAATTCATTGGCATGATAAATATTTGCTGAAAGAATAAAATTGTATTCTTATGTTTTAAGCAGGGTCCCCTCCACCTCTGAGTGGAAGATGGTCTGGGAGCAAAGGTGACAGGTCTTCTAAAAAATCTGGCCACATTCTCAACCCACCACACCCCCGCTTTTTTAAACAGCTATTTAATTGCCATTGTAATCCTAAGGATTGGATCAATTTTTCACTTCCCTTTTTCACACTTTTTTCCTTTTACTAAGAAAATAAAGTAATAAAGTGACTGCCAAATGGAGAAAACTGTCCACTAAATATGAATTAATAAGTGCTATTATCAGAAATTGTGTAAAAGCAACATAATGGCACTATAAAAAGGTATTATCTTAGAATCAAAAACCTTGGGTTTATATTATAGCCCTGCTACTTTCTAGTCATATGACAGTGATCAAGCTATATTACCTCTTTGGCTTGACAAAATAGGGGTCATCTCTATTTCTGGCTTGTTATGATTGATGTGAAATATTCATACAAACTACCACTGTGCCTGGTAAGTAGAAGACACTCAAATATGTCTTGGAGTTACAGTTAATACTGTATCGTTTAAATTTGAGAAAAACCAACTTTAAAAAATCACATAGATACAGTTGTTTACTGCTAGAAATTTTATTTAAATTAGTTGATACTCTTGGTTAGGTAATGAAAAACAATGGTTTTATCTCCATTATGCTGTGATAGGGAAGAGTAACACAGTTCAAATGGCAAAGGCATACCTGACAATTAAAATGCATAGTTAAAGGCTAATACTTCCTGAACACAAGAAGACAAGTCTCTACTTGATACTACTCTCCACAGTTAAATCATTGATACTTTGTGCCATACAGTGAAAACAGAACCATCTAGGTGTTCACGGATTGTATTTTTCCTTATGAAAGGTAGAAGGTTAGAGAAAATTATTCCCAATACAATTAATACAAATAAAATTGGTTATTAGGTGCCTTTTAATTAGGCAGTAAGGGCATATGAAGCTTCATTACCTATGAGAATTTTGTCAAAATTATTTCCCAGTTACCATGTTTTAAAACAGCCTCTCAGAATTCCCCACTTCTAATTTCTCCTTTCTATTCTACCAATTTTACTCCATACCTTTTTGCTAAATAAACATTTTCTTCC,False
953,-1342,1.5264504,-1.5180395,0.045455955,2.7519298,-3.5680375,0.001796768,8.843593,-8.324532,3.499274e-08,5.239902,-5.4022627,2.3886716e-05,4.937992,-5.129088,4.245262e-05,0.009463819,ENST00000445791.5,-1342,ATCTTGAAAACGGAAAATAAAAACAGCAGACCTATGAAGGTCGAAGGGGAAGAAAAGCTGTATCGATTGTTGAGATCTGGCGACTTGTTTAAATTTCATCAGCCTCACTTCTATGAACTCTCAGGCCTCACGTGTACCAGCTCTCTGCTCTCCTTTGCCTTGGGACGTTCCATCCCTGGAAGTTTCCCTGCCCACATCTTTGTAGAGAGTCCATTCTCCAAGCTTCAGTGTGTCATCTGTGAGGACCGTGACCCACCTGGTACATCGCCTCAGGGCATTCATTTCAGGCTCCTTCTAAATGGCCAAGGCCATGAGAGAAGCAGTACCTTATAATGGTTCCTTGTTCAAAGCACTCAATATTCCTAGGATGTGGTCTCCCAGCTGACTTCATAACTGAATCATCAGTAATTAATTTCATTGTTCTATTAGGACTTTACTGAAGACTCTAAGGAGGACCTGTATCTGTTGGGATCCTCAGGGCAAGCCACAGAAACAAGCTTTGGATACTAGAAGCAGAAAATGGAGATATTGAAGACTATTGTGGAGTTTACTGTGAGCCAGAGAACCAGGCTGGGGGGCTGTATCACTTAGAATGAGATCCAAACTCACACCATAGTTCCATCCTTGAGGTTGCCATGTTGCTGCCACCCCTCCTGCCACCCCACCACTGAAGCTTTGGATGCTGGATTCTGGGCACAGCAGGGAGAAGTGTTGCTTATTACCATTTTAGTATGTTTTCTTTCAAGACCTTTTCAAAATATACATACGTATTTTTATTTCTATTCAAAATGGGATACATTTTTGAAGGTTAGCAATATATTGTGAACATTTTCTTTCCATGCTCAGAAACATTTTTCTATAATGTAATTTATAGTGATATAAACTATCTCATAGACCTACCATAGTTTACCTAACAAATCCCAAATCATTTGTGCCATTTCTAAATTTTTATTATTTTATGTAATGCTTTAATGAACATCCTTGCATTTATATTTTATACAATTTTAGAAGTGGAATTACTGGTTCAAAATACATGGTGATTTTTAATTCTTCTGTTGAATATTGACAAATTGCAATCCTGAGAGTTATCTTGAAGGATAGAGTACATGCCCAGGGTTCTTTTTTAAGAAATAATTTGTAATGTGAAACAGAATAGGCTAAATGTTTTTTATTCTCTTAGTCCTACTCTGTCATTCTGCAGAGTTTCACTTATTTGGATTCAAATTCTAATTCCAGCCTACCTCTCTTTTTATATAATTGTTAGGAGGATTAAATTAGATGCATAAAATTGCTGCTTACTACATACATTGCACAAACTAAAAACTTTTCAAAGGTTAACTGTTTTTCTGGTTTATTTTTAAGACACAGGTTCTTGCTCTGTTGCCCAGGCTGGAGTGCAGTGGTGTGATCACGGCTCACTATAGCCTCATCCTGCTGCACTGAAGTGATCCTCTTGCCTCAGCCTCCTGAGTAGCTAGGACTACAGGCACGTGCCACCATACCCAGCTATTTTTTTAAAAATACATTTTTGTTGAGGCTGGGTCCCCTTTGTTGTCCAGGCTGGTCTTAAGCTCCTGGCCTCAAGCAATCCTTCCACTTCTACCTCCCAAAGTGTTGAGATTAGAGGTGTGAGCCACTCCACCTGACCCAAAGGTTAACTATTATTATTGTTATTATTAGTCTGTTTTTTTCCATTCATTTCCTCATTAGTCAACTTTTATTGTTTCAATGTTATTTTATTGTTTTTCAAAGACTCCTTATAGTCACAATATGTACATAATAAATTTTACCCTTTAAGGACACTGAGGTTCCAAATGAAAATGATATTTTTAAGGTGAAACAATTATAGATAGAAAAACAACTTTTTTTTCTGTGAGTACTAGATTTCATATTATCCTTAATGTCTTTCTAGGTAGTAACCAAGTGATTTCTCATAAACTGGAAAACATTATTCCCACTGATATTCTTAAAAACATTTAGGATTAAAAAATGTATTTTAAATTCTTCTTGACAGAAATCATTTATTGCAATTACATTGCCAATTCATATATATATTACATATATGTCACCTTGACTTATAGTAACCTGAAGGGGAAATTTGTAGGTTTAGCAAATCCCTTCGAGTAACACCCACAGAACTGAAATCTTATTCCATTTCTTGGTGGTCTTCTACCAATCCAGTCCTCCTGAGGACCATAAAAACTATTGGTTCCTCTCCTAAACTGCTGTAAAATATATCCTGTGAGACCCAGGGGAAAATCTTTCTGAGGTTGAGCATTCCATGGAGACTCAATATTCCAGATTTTGAAATGTAGCTAGAAGTGGAAATGGATTTATTTCTCAGGATCTCTTTGTTCATAATTAAGGATATAAAAAATAGAGTTCAGAATGTGAGTGAAATGTAACTGAAAAGGAAAGCCTTGATTTTACATATAAAATATCTTTACCAGATGGGTGAAGTAAGGTAACTTAAGACAATACTTAAAATTCAATAACAATGATGAAACTATGAAATACAAAACTTCTGGCACCCATAAGCTAGTTCCTAGAAAGAAGGTTATCATATATTGTTAATGTGTTCACACACTTAACAAATATTAATGTGTTCATTACATTTAAGGCATGAGAACTTACACATCATTCAATGGTGATATTAATAATAATTCAGTAATCATTAATGATGTACATGCTGTTAATAACCACAGGGCAAGTTTATTTTTCTGTTTTCTCTGAGTTCACTTGACTTTCCCTAATTTCTGAAGAATTCATTCTTTTCTTTGTGTGCTAAGAAAGAAAGGCATTAATATTTATTTAATTTTAGTCATTCATTTAAATATAGTCTATCTTGTTCTAAAATGTATTTATGGCCAACATGTTTCTATTTGTTGTCAAGAATTCTTTAATAATTTGTGTATTTTTCTAGCAGTATTGTCTTCCATTTTTCCCTCCACTCATTGGGAAAAATTGCTGATTTCTTTCTTTCCCTTCCTCAAAGTCATCAAATATAGAACACAATCCCTTGTGTGCTCAATAAAATATCCCTATGGAATTCAAAGTCTTTGATAACATTTAAATTTGGTCTTGGGTTGCAGTGACATAGACTTAGTTATCACATTGGCACTCGCTTAATTAAACCTTTCTGCATGATTGAAAACCCTGGTTCCAATGTCTTGAGTTCTGAGATCTGTTTCAGCAGAAAAAGCCCATTTTTTTGTTATGCATTCAAGGCTTGTGTTCTTTAACTGTATTCTGGAGAGAAGGGAAGGCATTCACAGTTTTTGAGTATCTACCATATGAATTATTTTTTTTCTTAGTAATCCTCACAGTCACCTTTTGTTTTATTACCTTGTCCATTTTAAGAATGTGTAAAAAAGTGTAATGCTAATTAGTAAAGCTGAGATTCAAATCCAGCTTCACCTTCATTTTTTCAAACAGCAAACATGTATCATATGCCTTATTGTATAAGAAAAGTTGTCCTAAGTTGTCCTAAGTTATAGAAGTGCTATAGTGGTAGAATTGATTGCAAAGTTGCTTCATATTCTGCAATACTGTTGCTGAAACTATTTTAGGTATGTCCTTGGTATTTCTCAAATATTAGAATTCTAATGTAGTAAAATCAAATTTAATTTGCAACTGAATCATGCACAAACTAAACAGCAGCAAACAAAAATACACTGATCGTGTCTACACTGGCATGGTCATTAACAGTGACAAGGTCTTCATGTAGTCTGGTTTAGTCTGAGAATCTGCAGCCTGGAATATTCATCTGGACTCAAAGCAAATACTCAGCTGGTATGTTCCAGTACACCCATAGCCAGAGGTAGATTTTCATGAAACTGATCATATGAAACTTATTTATACTTAGGATCCTGGTAGAGGCCCTAGTAATAATCTTTTTTCCTGTTTTTTTCTTTTCTTTATTTGTGAAAGTAAGACAATTTGTATTTATTTTCTTCATGGACATATTCCAAATTGTATAAATGTTAGTCTGAACAAATCATTTATCCATGTCTAGTTGTATTAATTTTAAAAATATTGACCTACTTATATAACTGGTTAATTAGTCCTCAGGCATTATCCCTACACTCTAGCTCCAAGGGCTTCTCCTTAGAAATCATCTGGATATCTTTATGATCCAGCAACGGAAAGATCATATCAGCACAGCAGGGAGACTGCAGGACTGTGCCCCAGGTCCAAGGGTGGCATCTGTTTGGATTGGTTGTTACATGTGCTGTTATCAGTGGTTAAATATTTTGAATATCACCCCAAGTAAACCTGAAAATCTAACTAAATTTCAAAACTCTCATAGCTATTGAAGGACACTCTTAAAGCAACTCCAACTATTTTGTCAGGATATATTATTCATATGTAGAATAGCTGTATATGTGTGCATATATACAGCATGTTTGTGTGTGTGCATGTGTGTGTGTGTGTGTGTGTATGAGTAGAATAGTCCTAAAGGAATGTTCAACATTAAACATAAAATGCCAAGGAATCTTCTGAGGTATTGGTATTTTCTGTTTCTTATCTGTGTGCTGATTATAGAGGTATGTTAAGTTTGTGAAAATTCAGAGAGCTATACAATTATGTGCAATTTTGGCATTACATTATCATTAAATACAAAGTTTAAAAAAA,False
954,-921,3.7992613,-3.9022188,0.00045195315,5.5771174,-5.726471,1.2328448e-05,2.378493,-2.3947392,0.008382157,4.46241,-4.38635,0.00014353894,1.4756931,-1.8064663,0.036188327,0.009035661,ENST00000597267.5,-921,GCGGGGCGCCGCGGGACCGCCCTCGTGTCTGTGGCGGTGGGATCCCGCGGCCGTGTTTTCCTGGTGGCCCGGCCATGCCTGAGGTTTCTCCCTCAGCCGCCCCTCTGCGGGCTCCCAGACAGGGTCTCACTCTGTCACCCAGGGTGGAGTGCAGTGGTGCAATTATGGCTCACTGTAGTCTTGATCTCCTGGGCTCAAGCAGTCCTCCCAACTCAGCTCCCAAGTAGCTAGAACTACAGACGGAATGAAGTTGATAATAGTGAGACCTTGTTGGTACAAGACTATGTAACATAACCTGCGCTTCTCAACAAAGAATTGCTTTTCTGACTTCTGCACTCAATAGCAAGACAAATCTCTCCTCTGCCTTCTCCTTATCAGACTACTCAACATGAAGGCAATAAGAATGAAGACCTCTATGTATAATAATTGACTTCCACTTAATAAATAAGGTTACTTGGTACACTGGTCGACAAAACCTTGAAATGTTGATGTTTAAGGGCTGTTGATTGCTGGCAGCAAAGAAGTCCAACTGTGCTGGTACCCGAGATAGCGTCTCCACATTTTCTTCCAGGATCATCACCTTTGTTCTAAATAGCTCCCACATAGTGTGAACAGAAGTCATATGTTTTAGATTTTCTGCCTTGGCACCCAGG,False
955,-1282,1.5391195,-1.5271678,0.044519488,3.7438197,-4.626304,0.00023163317,10.653184,-10.034313,1.0364171e-09,4.8881984,-4.985248,5.152219e-05,5.493951,-5.629202,1.4766233e-05,0.008963482,ENST00000533693.5,-1282,CTGCCATGATTCTGAGGCCTCCCCAGCCATGTGGAACTGGCTCAGTGTGGTCAAAAGAAGACTATAGAATCAAGGATGAAGAGAAGGAACACAGAATAAAAGGACGTCTCAGCAGGAAGCTCTGTGACTACTATGTGTCTCATCTTCAGCACTTCTAAACTGTGGGAAACTATGTGAAAACAAATGGAGTGGCCAAACACACCATTCATCACTGTGCTTCTGGACAGCTGCAAGTCCATACGTGTTCTGATGAAGTCTGGCTCTGTTGCCCAGGCTGGAGTGCAATGGCACAGTCTCGGCTCACTGCAACCTCTGCCTCCTGGGTTCATGCAATTCTCCTGCCTCAGCTTCCCAAGTAGCTGGGATTACAGACATGCACCACCATGCCCAGCTAATTTTTGTATTTTTAGTACAAACAGGGTTTCACTATGTTAGTCGGGCTGATCTTGAACTCCTGACCTCAAGTGATCCACTCCCCGCAGCCTCCCAAAGTGCTGGGATTAC,False
956,-173,11.254337,-11.424829,1.4143726e-10,12.394279,-12.785021,1.1608327e-11,1.5947534,-1.4680567,0.04466764,5.385899,-5.684238,1.5570185e-05,11.142036,-11.390664,1.6374684e-10,0.008936642,ENST00000563103.1,-173,ATTAATGCTCTTGCGTGCCCTCAGATGGCTGCGAGGGTGGAGATAGGCTAGAACAAACAATGACAAATCAATGACATTGCAAGGGGGCGGGGCTTTCAACAGAGAAGAGTTCAGGCGACAAGCCGAGGTCCTGTGTCCCTAGTAGCTCGCCGTGATCGTATAGTGGTTAGTACTCTGCGTTGTGGCCGCAGCAACCTCGGTTCGAATCCGAGTCACGGCATTGTGAGGACAATGGCACGGCAAGGGGAGTTTGTTTTATTGTACCAATCCGTTTTTAATCCTGAGTTCACAACATTGTGGAAAATGGA,False
957,-916,4.749522,-4.869261,6.646404e-05,6.831929,-6.934055,1.0507728e-06,5.4810405,-5.4578657,1.7753579e-05,4.9203515,-4.986071,4.9850976e-05,1.3769307,-1.690763,0.044459704,0.008918965,ENST00000596223.5,-916,GTGTCTGTGGCGGTGGGATCCCGCGGCCGTGTTTTCCTGGTGGCCCGGCCATGCCTGAGGTTTCTCCCTCAGCCGCCCCTCTGCGGGCTCCCAGAAATACTAGGCTTTAGAATTTCACCATATGAATTTTGGGAGAGAGGAGCACAGTTCAGCCCATAACTAACACACGTGATGAAGAAGACATGCCAACAGAGGGTTAATTCCAGATAAAATGAAATGTTCCAAACAGTACGTTTGGTTATTTGATTCATCTGTGGGGGAAGGAAAGATAATTTTCCAAAGGACATTCCTCCTAAATTCTGTCTTAAAGTTGTTTACGGAATGAAGTTGATAATAGTGAGACCTTGTTGGTACAAGACTATGTAACATAACCTGCGCTTCTCAACAAAGAATTGCTTTTCTGACTTCTGCACTCAACTACTCAACATGAAGGCAATAAGAATGAAGACCTCTATGTATAATAATTGACTTCCACTTAATAAATAAGGTTACTTGGTACACTGGTCGACAAAACCTTGAAATGTTGATGTTTAAGGGCTGTTGATTGCTGGCAGCAAAGAAGTCCAACTGTGCTGGTACCCGAGATAGCGTCTCCACATTTTCTTCCAGGATCATCACCTTTGTTCTAAATAGCTCCCACATAGTGTGAACAGAAGTCATATGTTTTAGATTTTCTGCCTTGGCACCCAGG,False
958,-781,2.2379935,-2.1194534,0.01264901,2.9510074,-3.5315154,0.0015276086,5.1517725,-4.8989906,4.3150943e-05,4.228983,-4.034721,0.0002576362,1.6100394,-1.8686347,0.029925153,0.008880512,ENST00000562391.5,-781,TGCGACTCTGAGTCATACTGAATTCTTTGTGTCACCTCCGACGCAAAGATTCGTTTTGCTGTTTATCAGAAGAGAAAACACAGATTCCATACCTTGTCAGCTCCTATTTAGTTCGGCTTCCCTCTTAATGTCCCAGCCCCTGTGAGCTGTCAGGTTCTAAATTCAGAATTCTCTCAATTCTGTCAGGTTCTGCACTACGAGTCAGTGTCATCCCTCCAAGCCCTGGCTCTCTGCCAGTGCAGCAGGGCTGTGAGAATCAAGACGGCACAGGGAAGGCATCTGTCCCAGCATTTGCACATGACAGGTGCCCACGGTGCAGGAGTAGAATCTGTGGAAGCAGCAGTGGCTTTAGTTGCTGTGCCCTGCCACCTCCTCCCCAAAAAGGAGAAGTGTCCAAGGGATAGCAGACCCGTAGCACTGAGCGGCCTGCCGTGCTGACCACTGGATCCAGGCCACGTGCTGCAGACAGCGGCTGTGGGCGAGTGATGAGGCCACTACCCAGAAAGCTGCATGTGCACTGTGTGGGCAAGATAACTTCAGGTTACAAGGCTCTGGTACTTGACCATGATGACTCCATGAGAAAACAGCAGAACGCCAGCTTTGCAGGTGGATGAAGACCTGATCATTGAAGTTCACCAGTTATTTTTCTCAAGAATGTGAATAACAATGGGATTTGCACTCATTATATTTTTAGAATGGCTTCGCATAATTTTCATGCATCCTGTGGACGATGAACACAAATGCAGCTGTGGCCGTGCCTGGCCTGTGTGTGTTGAACGCGTTCCTGCCGTGCGGGAGCCACCTACCCAGCGGAGCCTCAGAGTCTGAGTTCTCAATGAGTCAACATTTTGGGTGTGTATGCCAAGAGGTGACACGAAACAGAAGTTGGGATCACTGTGGTTAACCTGAGCATGTTGGAGACCAAGGAGAGGCTGATGTTAATGTTGGATTTTTGTGAAAATGATTCCTTTCAAAGAAAGACCTGTGACAGTTGGTAATTGCAGCTAATGTGTTTCCACAAACAGCCATTTTGTGTTGGCAATCACACCGTCCACCATCAGGGTTGCTGACAGGAGCAGTGTTCAGGAGTCTCAGACAGTGGATTGTGCTGCTTCAGGCGCCTGGTGGCTGGAGGGTTTGCAGGCTGCCAGGGGCCTCAGCTGAAGACCTGGACCCACAGGACCCACAGAGGCAAATTGTTCAGTTGACTGTACAGTGTGAGAATGAAACATTAATTCCCCTTCTCTACCTCATATGAGAAATGTGAATTGTCTTTTTTAAATTTGGGAATCTGGGTTATAGTATGTGTGAGTCAATTTTTTCAACAATGACTTTTTTTTTGGCTCAAAA,False
959,-1201,1.6669612,-1.9273336,0.026745098,1.7806326,-2.242842,0.017576242,7.1957564,-6.9897594,6.907298e-07,9.442296,-9.68859,4.9154325e-09,5.6088567,-5.420352,1.622065e-05,0.00886765,ENST00000416381.1,-1201,CCCACAGGACCTTGCAGTGGGATTTCATCTGCACCATCAGCTTCTTCAGAGAGAGAGGTTGTTGACTCTTCATGTGGATGTCTGAGCTCATATCAGGTGTCTGAAAGAGGCAGATTCTGAGGATTTGGGTCATGATGGCTGCCAAAGCTTCTACTCCTGACTTAAAGGGCAACAATCCTAGGAGACCACCAGCACTTACATCCCTGGTAGGACATGACACCTGCTTATGGCTCAGAAGTGACAAAAGAGAATTATCAGGATGGCAGTCCTTATAACCAGATGCTTATCAACATTCTTCACTACATTCTGAAGATGAATTTCTACAAGGGAAATTGTTTATGTAAGTGGTGTGTACCCTTTGATATGTATTGACATAGTGGCACACATAGAGTTGTGCCATTTAAACTCCCCAAGGGGAGGCATGTGAGGTCGGCCACAGAGGACTGAAGAAATTAGTTAATGCTGACATCCTATCACATAGGGTGGGTCCTGGACTCCGTCATGGACCTGCTGTCATGCCATTGCCACAATTGGAAGACGTGGAAGTGATCAGATGCAATCAAATTTTGTACACAAGCACATCCTGATGTAGCGATGAGGGAAAGGGGGAAGAGGAATGATCATTGCTTGGACTTACAGGACAGAGGCAGAAGGGCTAGGACACAGGCACTCTTTATACGCATTCTTTTTTTTTTTTTTTTTTTGAGACGGAGTATCGCCTGTTGCCAGGCTGGAATGCAATGGTGTGATCTCAGCTCACTGCAACCTCCGCCTCCTGGGTTCAAGCGATTCTCCTGCCTCAGCCTCCTGAGTAGCTAGGACTGTAGGCACGCACCACCACGCCCAGCTAATTTTTTGTATTTTTAGTATAGTCGAGGTTTCACCATGTTGGCCAGGATGGTCTCCATCTCTTGAGCTCGTAATCCGCCTGCCTCGGCCTTCTACAGTGCTGGGATTACAGGCGTCAGCCACCACACCCGGCCCTATATGCATTCATTTTTATGTAAAACATATGCATCAATTCTTTTGTATGAAAACGTTTGGTCATTACTGTGGTACAACAGAAGACCAGGTCAGTACCATATTTTTTTTTCATATGTACACGGATTTTTATTTTGTTTTAGACATTGTCTTACACACAATAGACATTCAGTATTTGTTGAAATTAATGAAAGAAAAGAGAAACATGAAAACGGTCTGAGAAGACAATAATCTGCTTTTTAATTTATAGACAGCAATTAGGTCAAACAATTATAGCAATGATGACAAAGAACAATATCTGAGGTACACTCAAAACCTTATGAGGGTTATTTGCCAGTTTTCCTGGCTATTTCTACACCCTTTGATCTCTAGTGAATGTTTCTACTTACAACTACATATTTTGTAAGTTTTGCCTACTGTATTTCAATCAACACTGTAAAAAATGAAGAGAGTCTTTTTGGTTCAAATTTGGTTTTTAGTTAATTATGTGATGTGTATATGATTTTTTGTTACCTTTTCTGTATAGATATCAGGAGAATCGAAAATATGTTGATGGTGGAATTGTGGTATGACATTTTTACTGACTACTACTCTGCAAAAGTTTTATCTATGAGCTCTATGGGTTGTTCCTGGCTTTTGAAAATTTACTTTAAGGAAGTGTTTTTGGAAATGGATTATAAGTATACAAGTATGCAATCTTATGTATTTGCAACTGTCTAAGATGTTATGATACTTTCCTCCCTGCAATCTGGCATTCATCCATTCAAGACATTTTAATTGAACTCTTACAATGTTCTTAATACTATGATAAGCCCTGAAGGTAAACTGTGACTAAAAATGTTGCAGGATAAAATACAGGATTCCTAGTTAAATTTGAATTTTAGATAAACAACATTCTTATACTAAAAATTATTCCATGTTTATCTGAAATTCAAATTTAGCTGAGTGTCCTGTAACTTTTTATTTTATTTGTTTACTTGTTTGTCTGTGATAAATATGGCAGCCCTAGTAAAAATAAATATAGCCCCTGA,False
960,-1225,2.652428,-2.8852518,0.0039202194,1.5569013,-1.6957678,0.03723109,6.705356,-6.2847843,2.2827192e-06,4.0510273,-3.9977453,0.00031939172,3.4921274,-3.5596168,0.000865148,0.008467627,ENST00000580056.5,-1225,CGACCGGGAGCGTGTGTGGTGCGCGCCTGCCTTGAGGCCAGGCCTCAGAGAAGGGTGTCCCAGATGTAGGCAAAGCGTCCTCCATGTGTTCCTGGAGGACCGTCCCAAGTCCTTCTCCATTCTCCCAACCTCTTGGGCCTGGGATGTCCTCCACCTTTTCAATCTGATTTGCTCTTTGCCATGCAGACCTGTGGATGAAGAGCCAGAGTCCTCCAAGGTGAAGCTGGACTGAATATTTCTGTCCATAAGACTATTAGAATCCCCCAAAGTGGGATACCAGTGAGGACCTCACCAGCAGCTGCTGTCTCTCCAATGCAGGTGATCTCAGGGCCTGTCCCTCTCCATGGGGCCTCTCCACCTGGACGACTTGAGTGGTGCTCAAAGCTCCCAAGGGAGCAAACACCGAGGCTGTCAGGCCTTCTTGAGGCGGAGGCCCAGAGTGGCACAGCCTCACCCCCACGGCACTCTCCTGGAATGAGTCCCAGATAGTCCACAAGGGTGTGATGTTGGGTGACCGTGCT,False
961,-1059,4.975357,-5.1407743,4.042059e-05,4.750425,-4.955297,6.093013e-05,9.85983,-9.976123,2.4285955e-09,3.7340124,-4.141186,0.00037990918,1.4644691,-1.7304418,0.03935768,0.007967789,ENST00000518818.1,-1059,CCGTAGGAGCGAAGTCGAATGGCGCCCCCAGCGGCTTGGGGTGGGATCTCAGTGCCTCATTCCTGGCGGCCCCGGGAGGGCGATGCCAAGTTTCGCTCTTGTTCCCTGGGCTGCAGTGCAGTGGCACCATCTCGGCTCACCGCAACCTCCGCCTCCCAAGTTCAAGCGATTCTCCTGCCTCAGCCTCCCCAGTATCTGGGATTACAGGTATGCGCCACCACGCCCGGCTAATTTTGTATTTTTAGTAGAGACGGGGTTTCTCCATGTTGGTCAGGCTGGTCTTGAACTCCCGACCTCAGGTGATTCTCCCGCCTCGGCCTCCCAAAGTACTGGGATTACAGGCGTGAGCCACTGCGCCTGGCCTACTAATACTAGGTTTTATTCCGGGCCCTTCACAGTTAATGTTGGAGGCCTCTGGAGGATGGCCACACCTGGGCTATTTGCAGAAGCCTGGACAGCACAGCAGGCAGAGTTAAAGCAGTTAAGGCAGTATCAGCTGAAGGGCCACCCAGCTGTGCGTGTGCCCAGGCTCCAAGAATAAGGAGGTTGGGGGGCAGTCCTAAGAAAGGAAGTCATTACCTATCGGCAACCCAGGAGCAGACGCTGGCATAACGGCGCACACACAGTAAAGGTCAGAGGTTCTTCTTAGAATAGTCCTTAGGTGTTAGTCAAACCCATGCCCTGCCCCAAGGAGTTCATTCATTCATTCACTCATTCATTCACTCACTCACTCACTGGTTCTGTTTATTCACTCATTTCTCTATCACATATCCATTTATTGTCATTCACCCACTTATTTACTCATACATTCATTCATTTGCTCATCAATTTATTTGGTACCTACATGGAGCCAGGTACAGGTCTTGATTAAAGAGATCTGGGGAGGAGTGCTCCCAAGAAGTTCAGAGCCTCACTGGTGAAGGAAAGCCATGTAAAGACAGATCTTGAGAACCCAAGATCATCAAGGAGTATCCATGATCAAGCAGAGCAGGGAAGGCTTTTTGCTTTGTTTTGTTTTGTTTTTAACATGCTGTGTGGTTCAGTAAAATTAAAACAGGCACAATGATATCCTGGATGACAAGAGCTGGAGGCTGTCATTCTAACAATGTAGTGAGACTGGCTGTCTTGTCTCATGCCCACCCCTGGAAACATGCGCAGGAACTCAAAGCACCTAGCACAGAGGAAGTGTCTGGTTGTTTTAAAGGAAAAACAAAACCAAAAAAAGCACCTCCTGCTCTGACCACCCCTATTTCCAGTTTTCCCTTTTGGCACAGCAAAGATGACCTTGGGACTGAGGTGGAACCATGTAATTCTTCGTAATCCCAGAGTCAGGCAGACCTGGGTATGAATTCCATCTTTACTAACTGTGTGACTCACTGTGTGGCCATGCCAAGTTACGAGGTCTCTCTGTTTCCTCCTTCCTAAAAAGGAGATAACATCCATCTCGAAGGAAGATCTGGCCTGAAGAGCAGTCACTCTTGCCTGGCATGCAGAGAATGCCAAATCATATTAATGACTGGCCAGAATGAAGTGCGTGACCTCATCACTCCATAACTGACAGGAAACAACTGCTAGGGCAAGAAAAAAGGGTCTCCAGTGAGTATTCTTGTCCACACACATCCCCACTCACGTTCCTGGACCACTGCATCTAACTGCCGCAGCAGCTAATGAACCTTCTGGAATAAAGGACCAGTTTCTTAAGAAGGGATTGAGACCTCCAGTGGCCTCCCACATTGTTTCCGGCAAGAATTTAAAAATTATTTGTAACATATAGTAATAAAAACTAACCACAGGCTGGGCGCAGTGGCTCACGCCTGTAATCCCAGCACTTTGGGAGGCTGAGGCAGGTGGATCACCTGAGGTCAGGAGTTCGAGACCAGCCTGACCAATATGGTGAAACCCTGTTTCTCCTAAAAATACAAAAATTAGCTGGGCATGGTGGTGGGCGCCTGTAATCTCAGCTACTCAGGAGGCTGAAACAGGAGAACTGCTTGAATCTGGGAGGTAGATGTTGCAGTGAGCCGATATCGCGCCATTGCACTCCAGCCTGGGCAATGACTCCGTCTC,False
962,-62,4.076685,-4.3833814,0.00021171331,4.2808394,-4.4015403,0.00016951837,5.2040296,-4.750787,4.749604e-05,1.827927,-1.8067946,0.025712688,2.1562214,-2.1674194,0.013078242,0.007843931,ENST00000562082.1,-62,AAATTTTGTCACACCTGATCTGAGAATATAAAATTTGTTCATTTGCAAAACATGCTTCTGAAATATTTTGTTTCCATTATTTATTTAGCCAGCTAGTTTCTTATGGGTACTAAAGAAGGTCTCCCAAATTACCTAAATTCCACAATAGGGCTTAGATTTATGAAGTTTTATATTTTTTCCTCCTTATAAAAAGCTCTTTTTATAAAGAATATCCATGTAATACTAAAACGGGGAAATCTCCTAAATAATATATTTTTTAATATTACTTTTTTAAAAAGCTAGGGTGAGCACCTCACAATCAAAATTTAATGTATTTGTCATATTGAAATGCAGGGTTTTTTGAAGGAAACATGGTAGGTAAACATTTTAGTTCCCAACTCCTGATCGTTAAAATGCAAAATTGGGCCTGGTGTGGTGGCTCACGCCTGTAATCCCAGCACTTTGGGAGACCAAGGCGGGTGGATCACGAGGTCAGGAGTTCAAGACCAGCCTGGCCTAGATGGTGAAATCCCCGTCTCTACTAAAAATACAAAAATTAGCCGGGCATGGTGGCAGACGCCTGTAACCCCAGCTACTTGGTAGGCTGAGGCAGAGAATTGCTTGAACCCAGGAGGCGGAGGTTGCATTGAGCCGAGATTGTGCCACTGGACTCCAGCCTGGGTGACAGAGTGAGACTCCATCTCAAAAAAAAAAAAAAAGCAAAATTGTTGGCATCTCTAAGACAGAGCAAGACTCCCTCTCTAAGAGATAGTAGTGTCTCCCACTTAATTGAATTCGTTTTGTTTTGTTTGCTTTGCTTTGATTCTTGCCACGTAAAATCTGTGGGTCTTGACCCAGAGATTTGCTCAGACAGTTAAGAAAAATAATAAGATGTATTTGTAAATTTTTACATAATGAAAAATGAGATGTATTTGTAAAATTTTAAAATAACCTCTTTATAAATACGTTTATAAATATAAAGAGGTAGGATGTTTTGGCTAATTAGCACATTCTGGGTCATACACACACACACACAAACAGGCCAAACACTCTAGATAGTCAAATAAATTCCCCTTTTGGTGATTCAGTTCAGTAATGGTGATTCAGTTCAGTAACTGCCTATCCTCATCAATGCTTGTTTGTGATGATGAAATAGTTGACAACCGGGACTTTACAAAAATAGCTCCTGAAAAAAATTAAATATTTTATTGCAATATATGTTCATATTTTTTTTAACTTTTATGAAATAACATTGTGATAGGTGCTTTAAGAAAAATATTTTTCCAGAAGTGGTTTATAGTATAAACTAAGGGCAGTTTTTACATTGTGATGTGTGGGTGGATGGTCATATTTAGTTAGGTTATTAAGAAATCATGAAGTGTTCCCTAACAAGAAACTTGCAAAGCTATTTGGCAGGAAGAAAATCATTAACTTCTAGTTTATTTATTTTTTTTCTCATGCTATACGCTTAATTACCAAGTAAATTCACTTGCATACCATTACCTTAATTCAAAGGAGAAGCCAGAATGTTTATCATTGGTGGGAGTAAAATATACACAGATTCTTTACCATGGTGAAATAGAATAATACTGAATTCCCAATACAGAAATACTAATTTCATAAGCTAATATTCCTATCTTTTAGCTGACTTCTTTCTCTCTTCAGGATATATTTACTATTTATTATTTACCTTTGAATTTTTGATTTGGGGGATTTTTACCTATTGCCATCCTACTATCTTAAGTATCCTGTACAATGAAATATCTTAGCAAGGAAACACTTTTAAAACTTCACAAATATCCAATTTCATTCTTAACATATGGGGGAAGCAGTAAAAGAAAAAGCACTTCACCACGTAGAAGAGAAAGTGATCATTTTAATTAAGATAATTTCAATTCATTATCAACATTTAATCCTCTGCAAACAAGGGAACACTTACTAGCAGTACTTGAAGACTTGTGAGTTGGAATTGCATGTTACTTGAAAGATCTAATTAAGCTAAATTTTGGTGCACAGCAGGTTGTACATGATTTCATGTTTATGTAGCAAAATGCATTGAAATGTATTAGTGTTGAAACATACATGTAAAGGTAGTTGTGGAAATTGTTATATTTTCCTTGTGTGTCATTTATTTAGAGCATAAAGGTTTTTTTTATTCAGCCTAACTGAATAAGGCTAAATGAATACTGTAATTGAAAATATATTTTAAATCTTTGTCATGAGTTTTTTTAAAAAAAACTATTGCAAATTGTATCATTCCTGATTACACAGAACTTTGTGGGTGGTTTTAAATAAATTTTATACTTCTATTTTGCA,False
963,-387,2.9524357,-3.326792,0.0018713395,5.097329,-4.991266,4.1549047e-05,1.7014655,-1.6378894,0.034245484,3.3295856,-3.3882973,0.0012076348,7.9085765,-7.9556236,1.2890364e-07,0.0074732276,ENST00000562049.1,-387,GCAGGAAGAGAGCCAGCAAGAAGACACCTACCCTGGCAGGAAGACACGTACCCGTGAAGATAGAGAAAGAGGCCATCCAGTTCAGTCTCATTGAAAAGAAAGATGTCTACATCATTGAGAAGAAAAAGAAGCCCAATGTGGATTCAGCACAATTAACACGGAGTACTTGTCAAGGCACAGACACTGCAGGAATAAATTGTAGGCTGCATTTCTGGTCTTAGGACTCAGTCAAATGGGACATACAAGCCATGCAAGCCAACAGCATAATTGAAGACAAGGTGTTGGAAAAACAATATGAACAAGTTTTTATAGGATCAAAGGAAAGAAAGAATTCGACTGGATCTGAGGAGTACAAGAATATTCCAGAATTGGGGAATAAATAGGAGAGATCAACAGAAAGGCCATTTGAATCAGAACCAGCAGGCAGGAAGTATGAAACCATCTAGCAGCCTGTTCTGTAAGGACAAAAGATCATTAAATAGGCAAATTGCAGAAAGCCAGGGATAGTATGGTTTAGCTTTCTTTAATTCCTCTTTGTTGAGTTTCCCATTGTCTTAGAAATTATTCAGGAGGTAAGACCTACTGGTGTATGGCACAGCAGGAATATCAGGCCTATTAATCACAATCAAGTCTCTAATGCTTGTATTAATAAATCATGTTTAATGTAGAATAATTTCTGAAAATAATGCCACAGATCAATAAATAAATCTCTAAGAAAAGCTGAAGTTCCCAGGGTCATATCTGAGAACTTGAGGCCAGGGGAGTTTAGACACTCTAAGTAGAAGACACCCAGGCAAGACTTTTGTGGATAAGGACAATTATACAAGTTCATAGCCTTCTGAAATAAGCTTAGTTCTAATAATCTCAGGAAAAACACAAAATAATTTAGCTATACTGATGGTTTTTGGAGAACAATTTTCCCCAGATTTAAAAAAGATGATGGATGTGGCTAAATCACTGTCCCTAACCTCTTTATAGAACCCAGAGGTTCCAGCCTTAAGATTTAATTTCCAGGGTTAGGATGCAAGAAGTGACTTACTTTTGAGTTCTACCAGGAAGCAAAATGGCACACATCAAAAATAACTCGTTTGGCGATTTCATGAGTTTCCAAGCACTTTATAAAATGTACAGTCATCAGCTTTTTTCTTATTGCAATAAGAAACTATTTAAATGCTAGAAAATTGTATATTTCCAGCTTCAAAATGAAATATGTCATCCAACAGAATTAAAGCAGTAACTACAGAAAGAGTAATCAATAAATAGGCTCTTCCTCTTACTACCCTAGAGAATGGGGAGATGTTATTTGATCAATTGTTTTTCTAAAATTTATGACTGTTAGAAGCCAAGTCTAAATTTATATAGAAAAAGTTCAAGGAAATGATGTAACTATTCTCTAAGAAGGTGATTTAAGCCTCTGGATTACAGGAGGTTTAAGATGTTGCCCTTGTGGTAATGCAGTGTTTTAACTTAAGGGCCATCGTGAACATCAATTTTCCCTCATGAAACAAATCACCAGCCAACCAAAACCTCTATTACTTCTATATTTCCTGAAGGACTCTTCCATTCCCAAATTGAGTGTATGAATTGCAGCCTCATAAAGGTACCACCGAAATGTGGCAGTCTCATTTGGAGACACACATTACAAAAGAGTTTCAGCCAAAATAGTTTGAATCAGAAAGTGGTCTTTGAATAGTGATTCAGCCTAATACATCACTAAGAAGGAGAAACAAATGAGGCATTGGAGACCTTTCATCCAAGTGTCAAATAGGAAAAGTCGTTCATGTACCATGGCATGTACAGGAAAGCAGTGATGTTTCAAGAACTAACTGGCAAAGACTATCAGATTTTAGAAACAAAGTCTGCATTTCATGATGCCCCAAAATCTAGTTGAAAACATAATATTCAATATTTGTTACCTCTTTTTTTGTATATTTATTTGTTATACTGAACTGAATTATTCACTTATTATTTGAAGTTATGTTCTTATAGGAAGCTAGGCACCAACCAGCAGTTGCTAATAATATACTATAATTTAGTAAGTAATTCAATTGAATAAAATTTATGACAAATTTAACAAACATGTTAATTAAAATGCATACTCACGCTGCAGCGTCACATTAATCTTTGTGCCACCAGTGCCTATGCCATGCTTAGTATGCATCAAATATTTGAGCAGTACACAAGTGAGTACTCTGAGAGCTCCCCCCACCAAAAATATGATGATTAAATACAGTTATGATCAGATCCCCAGAGTGTGGCTCTAAACTGTATGGGGGCCAAGTTTGAATACTGTTGTGTCTTACACTGTTATTACCTATCCAGTATCTATTTCCCCATATTCCTTATAAATAAAACCTAGATTTTGATTGGGACAGTAAGGTGTCCCACTGAAAACTCATTTCTCTAACCAATGTGATGCCAGTGCTTGCCCAAAAAGAGGGCATCCCTTCGAAATAAAAAGGCAAAGCTTC,False
964,-616,1.6331122,-1.6263065,0.036989912,3.8580742,-4.6867223,0.0001945171,9.6967,-9.084833,6.970825e-09,4.50207,-4.6021523,0.00011118295,4.7647696,-4.8642564,6.578674e-05,0.0074722804,ENST00000530846.1,-616,AAAGTGCAGAGACTATCCACCTCAGCTATAGCACAGGGCTCAGCACTGTATTTCCAGTTATGGAATACAGTTATTTCATATATGTTATATTATTCTTAATTCTGTCCCTAGTTCCTGCTACTGAGGAAGTCCATACTCAGCAGGACAGTCTCCTGGTCTGCCATGAATTCAAACACAATCTGTAAAGACAGTGAAGGAAGCTACATCTGTGCATGGGGGCTTTAGAGAATTATTGGCTTGAAGCAATAAGAGGAACATCTGGGCTGAGTAGTCCTCGAAGACTCTCATGTGATTCAAAAGTCCTTTTCTTCCTTATTATTTCCTATCTTGCTCTCAAGCATCTCCTCTGGCAGCAGCAACTGGAACTAAAAGTGATTTCTCTATAACAGCGAGCAAGTTTCTCATGGCCTTTGCTATTAACTCTTTCATGCCTGCTGACCTGCAAAAGAATCAGGAGGGCTGGTGCTGGAGCAGATGGCGCACTGATCCCTGGATCCTCATTCCTGATATAAGACTAGTTCTAGATAATTCAATACAAGAAAGAAGATTTGCTTGGGAAGGTAGATGGGGCAAAGCATTACCTTGTGTAAAACTGCTGCTAAAATATATTCCTAGTGAGAAAGGTCAA,False
965,-262,1.8551042,-1.9354494,0.022084363,5.035311,-5.127395,3.8581216e-05,3.5120537,-3.1874423,0.0012300172,5.8986783,-5.805311,8.260732e-06,2.177453,-2.0804908,0.0139539,0.0074630245,ENST00000586784.1,-262,TCCAATGGCAACTCTGCCAAGGCGCCTATGAGAGCCTCTTGGCTTTTACCTGGTCTGCGAGAAATCAAACTTTGGGCACAAGTCATGAAGCCGACAAGCCCGGGAGACACAGTGTCAGAATTACAAGGAACACTACAAGGCCTGTTAGAGAAGAAAGGGTAGAATCCCGAGAATGTTTTCCCCACAGTGCTGATAAGGAGAGACCACTATCCCATCTACTGCTACAGCTCTGGAGACAGAGCTCTCCCACCTGTCATATAGAACACAAGGACCAATCTGCAGAGAAAGAGCATCCAAACCTGATCCAGTGGACACTGGGGAAAAACTCACCACAGCTGAGTGTGGAAAAACAAGGCCAACACACACATCTCTGCACAGATACATCTCCCATAAAGAAACTAAAGTGTTAATTTACAGGGCACTGTTGCAGACCCACTTCAGCTGGAAGCTAGGAACATGGACAAGGAGCCTCTCTACCACCAAGGGAGAGAGAGGAATGTGCTCTTGTCCTGGCATTGCATCCACAGGAGGGGCAGGAAATTCTTTGAAGGTCAGTAACCCCATACCCCAATTAACAGTGCTTAAGTGTGAGGCTCCCTCAGAACATCAGAGATATCCTCACTCCCTCACCCCTGCCACCAGGCTAAGAAGCATGG,False
966,-972,2.904839,-3.282907,0.00205024,3.419983,-3.5623577,0.0009272674,5.9714394,-5.51122,1.03071825e-05,3.5217066,-3.8222964,0.00064604013,1.5347832,-1.8228753,0.033645272,0.007455825,ENST00000521609.5,-972,GCTAGGTGTGGAAACAGGAAGAGAACTAGAACTGGAAGTAAAGCATTGAAGATGTGACTGAATTGCTGCAATCTCATGATCAAATTTGAATGGATGAGGAGTTGCTTTTTAGGGATGAGCAAAGAAAGTGGTTTCTCGAGATGGAATCTACTGGTGAAGTTGCTGTGAACATTGTTAAAATGCCAATAAAGGATTTAGGAATTACAGAAACCTGGTTGATAAAGCAGTGCCAGGGTGTGAGAGAGTTGACTTCAATTTTGAAATAAGTTCCACTGGCTGGGTGTGGTGGCTCACACCTGCAATCCCAGTACTTTAGGAGGCCGAGACTGGTAGATCATTTGAGGTCAGGAGTTCAAGACCAGCCTTGCCAACATGGTGAAACCCCACCTCTACCAAATTAGCCAGGTTGCTCCTTGAGGGCAGGACAGTTCTTATGGCTTTATCCGTTGCGTAAGCACAGAGAGGTCTGCGAGGTCAAAACTATTGTCATGATAGCAAGATGCCTGTCTTTTTCATTTATTCTCACGGTGTGCAGAGGCTACATGATGTGTGATGACATCCTCATTGATGTTAATGAATGGTGCTATACTTGAATTTTCTAAGGTGTCATTAGGTAGGTTTAGCAATTCTCCTGCCTCAGCCTCCTGCATAACTGGGACTACAGGGAAGCACCATTTTCCACAAAACTCTCAAGAAGGACTTGTTGCAACTGGAAAAGCAATTAAATGTGAATCGTGATCCAGGAGAAAGTAACAACTCACATAACTCCCAAATTAAAAGTTTTCCAAAGATA,False
967,-131,5.987685,-5.9066696,6.8288e-06,1.5652753,-1.7191695,0.036108695,5.9042945,-5.7479324,8.699578e-06,4.2196546,-4.163774,0.00022857249,9.9219475,-10.112039,1.992282e-09,0.0072705597,ENST00000602192.1,-131,GCTCCAGGTACCTGCCAGAGTGCTCCCCATGCTGTAAACTATTGGTCTTTACAGAGAGCTGGGAGAAGGCACTGTTTTTCGCGTTTTACAGAATATGCAGAGAGGTTCAGCGACTTGCCCCAGGCCACACAGAGGCACAAAGATGCAGACCTGTGGTGTCTGCATCGGGGACGCCTGTAGTGTCGTGAGGGGAATGGCATCCACAGAGTTCCCGACAGGTAGACCCAGGACACTTAGGTAAGGTCCCAAGCCGTGTGTCCCAAGGGATGGGCTTCTTTCCATCCCTGGCTCGGCCTCTCTCCCGGGAACCAGAGGCGCCCCAGGAGGGAGGCTGAAGGTAAAGCGACACCTGGATACCAAACATCCTCATGGCGACCTTTCTGGATGATCAGCCACAAAGCGGAGGTGAGAAATGGGAGCTGGAGCAGGCAGGGCCAGGCTCCCAGAGCCAACCCCGAGGCTAGGGGAGCAGGGCTATGGAGTGGCACAGTGGCCCCGGCCACAGAAGGGCAGGCATAGGTGTTTCCTGCACAGCCTCACTCCATGTCTTGGGAGGGGTATCAGAGAGGGTAGAGACTGGAAAAGGACTGTGAGGAAATTCACAAGCTCATTGTGACTGGGAGAGCCCCGCGGGACAACACCCAGCATGTCAGGGATGCACTGGAGCCGTGGCCCCAGAAATCTGGAAACGAACCCTCGATTCCGGACAACCAGGGCTGGCTCTGAGGTGCAGCACTGAGCAAGGCTGGTGACTCCTGCGTGCCCAGAGCTCATGCTGCAGCGGAGGTGACATGGCACCTGGGTATGTGACAGCCTCCATGTGGTGACGGGAGGGCACCTGCTGGCACCTCCCCCTCCGGGGCCAGTGTGACGTGTGAACAGGTCCCTGTGTCCCAGCAGCAAGCAGGTCCTGGTCCACACACGGACGACTGAAGGACTGCACTTCTGAAGTGGGGGACAGGGAGGGGAGGGGCAGGAGAGGAAGGAAGAGGAGGAGCTGCTGGACTTCTGACTTTTTTTATGGCTTTGCCCAGCAAGGAAGTCTGGAATTCACATTAACATAAACTATAAACGCAGAATCAGTTGATGAGGACAGTTAGTGAGGAGATGGTCTTTTGGGGATAAAATCTGGCAGGATTGCTGACCTGGACTCTGTCATCTAAAGTTCTCACACAAATGACCATTACGTTGTGATGCATGAAACAAGTAACTTAATATGTATTTTTGTCTGAGTATAAAATCATTGTGTTCACTTTGGAAAATATAGAAAATAAAAATAAAATATACTTTAACAGCA,True
968,-639,4.5330477,-4.524938,0.00011644381,1.3484505,-1.9357947,0.03611564,13.018652,-12.427394,8.890437e-12,11.157256,-11.356934,1.6680583e-10,10.968015,-11.022677,2.8155533e-10,0.007246417,ENST00000501964.1,-639,GTGCTGTTCTGTGTAAGTGTACCGCAACTGCAGGGTGCTCGCCTCCACTGCCAACTGATGATACACTAAAGAAAGCCCGTTTTTTATCCAGATGTAAAATGAAGCTGCACCCCTCCTATACCTGCCGGAAACTACATCTCTCTGCACACACCCTGGGGTAATACGCACTGCACCCGGCGAGTTACCTGGAATACGTTTACTAAATCGACAGGAAGAAGGAAAGATCAATGCGATTCAAGTGCTGACGGTTGTACTCGTGAAGGAAAAAAACAAATGCAAGCCGGGAAGTCCCCAGTGGTGCCTGCACCTAGGAGGCGACTGCAACGGATGGATGCGGGGGTAGATAATCAGCAACCCCCCAAGACTGTGCCTGCTGCACAACTACAGAACGCAGTGGAAGACACGCTGAATTCTGAGTCAGAAGGTTGACTTTCTAGCTGTGGGGACTTGGCCAAACCTCCTCAGAGCTTCAGTTTTCTCATCTGTAAAATAGAGATCTTAATCCCTACCAATCTCACAGGACTGCTGAGAGTATCAGATGAGGTAAGTATATAAAATAGCTGTGCAAATTTGTGTGAAGGCCTCCAGAGAGAAATAGTGCATGCAGGTGGCATTAGAAACATAGATTCTAGTCCTGGCTTTGCAACCAAATTATTATGTAATTTTTTGTCTTGATCATCTTGTCTCTTACGATTTCTTCATAAGTTAAATGAAAAGACACCTTTCAGCCCTGACCACTCCCAAACCTTCAGGACCCCCACTGGGTTGTGAGATAGGAGCAGCCACAGGCAAGGTCACCCAGGACAGGAGTTAGAGCTGAATCGTGCAATATGAGTGAGGTGTTCCTCTCAGCTTCAAAACCAGCTCTGGGTTGTAAACAAGCTACCACTTCCTCTATCCCTCTGAAGTAACATCAAAGTTGGGGTGCAGGATGGAAGACAGTACCATATCCCCCTCTGTCCCATCTTGCATGGCCTTGCTCGGATGCTGCCCAGCATCATGACGAAAATCAACATGCACGGAAATGTAATGATAGACTCACAGCTGTGTATAAAACAGTCTTAAGCCTGTTGTCAGACTTTAAACTGCCCTCCTCTGTCCTACTGCCCATCTTAGGCCACTGGAGATGGAGGTAGAGGACAAACACACAGAGGTCACAGTGTCCTACATTTTTATCCAGGTGGAGTCATGTTTAAAATAGCAGCAAGGACAGCCACGAAGAGGAAAAAACTCCCCAAAGCCTAATTTGACTTCTTTCTGTTCTTTCTCTTCCTGTGGCCTTCTCACATGCTCACCTCCTGGCTGGCCAACTTCTATTCAGCCTTCAGGTTTCAGAGCAGCCTCCTTAGGCACCTAGGCTAGGTTACAGCCCTCACTCTAAGGCTCTAGTCCCCTGTAGCCTTTGATACTTCCTCTCTGGTCACTTGCTTAATCTCCATCTTCCTCTTAATCTACAAGCAGCAGAATGACAAAACCAGTCTATCTCATTCAAGTCTAGACGCCCAGTGCCCAGCATACTCTTGGCACATGGTGGCACTCAATGATATTTATAGGATGCATGCATTTAAATGAAGGTGAGAAGTGACACCACCTTTGTCCTGGTGGCAATGGTTGGTTAAGGGGCCAATGTAGTTGAATCTCAGATCTTTTCTTACCACCATCTGCTTCCCACCTCGTTTTCTCCCCCAAAGCAGGCCTCTCTGAGTCACGCAACCAGACCAGAGTCATTAAAGCAGAAAAGGGACTTCCCTGCCCTTAGGATGGTAAACATTGTTCCCTCTTCCATGTTACTTTGGCCAAATAACTACCATTGACCTCACCAGCTCAGGCAAAATAGAAATACCCGCCTGCCCCCAAAGAAATAACTCCTTCTCCTGCTGTTGCCAAAATCTACTTCAGTTAGGAAAGCGTCCAAGATAATTGATGAGGTTTAAAATACAAATGCACCCAGAGCATAGAATAAGTAACTTATATTCTCACTCTTGATTAAATTAAATCCAAAGAGGAGTTTCTGGAAATAGCAGTAAGTTATTTTGCATAGCAGTGATTTACATTTGCATAACATTATAACAGCATTATCTATCTCATTCCATCGCACAGCAACCCTTTGAAGTGGGCCAAAGCGAGAATTATTGTCACCCCCATTTTACAGACCTTAAGCATTGAAATTCAGAAAGGAAGACTATTTGCTTTGCCTAAAGTTAAACAGGCTTGCTAACTTACTGTTAGTAAGGGATAAATTTGAACCCAGGCTCCCTTTTTCTGCCACATCTGATACCTCTCTTAGGAAGAGAAGAGCTGGTATTTCAAGTCCTGGGTATAGTGGAACAGCGGGAATTAGGGCAGAAAGAAGGAAAGGGAGTGGCTGTAGGCCTCACCTCCTTCACAACTCAGCCCTGCCTTAACCAGCACTGTCTCCCTTCCTAGGTACCTAGCCTAGGTGAGATGCTGTATCTGCTTGACCCTCACGCCCTGATTGGGACAAGTTAGCAGTAATGTTACAGTTACAAAGCTCACAAGTCCAGTCCTGTTTTCTATACTTTTCTAGGAGATGAATTTAGCGAGGGATTTGGTTTCCAATGTGTTTCAAAACCTGTGAGAGAGCGCAAGTTTTAGAAGGTCCCTCAGACAGGCACAGTGACTTATGCCCTTAATCCCAGCACTTACAGAGGCCAAGGCGGGAGGATCGTTTGAACCCAGGAGTTCAAGACCAGCCTGGGCAATGTGTCGAAACCCCACCTCTACAAAAAATACAAAAATGAGCCAGGCATGGTAGCACATGCCAGTAGTCCCAGCTACTTAGGAGGCTGAGTGGGGAGGATCGCTTGAGCCCAGGAGGTCAGGGCTGCAGTGAGCTGAGATCGCACCACTGCACTCCAGCCTGGGTGACAGAGAGAGACCCTGTCTC,False
969,-745,4.908802,-4.823119,5.935462e-05,1.4253134,-1.9373482,0.033482984,4.9506984,-4.554899,7.442844e-05,3.1262753,-3.016874,0.002143543,5.2751675,-5.483161,2.1267093e-05,0.0071563153,ENST00000502125.6,-745,CTTAAAGGGAAACGACTTTGGACTCACGTAGGCATAGGAGAACGAAACTTCTGTACATTTTAATCTGAATAATTCTTCAGGATTTAAAATTAATTGGCTCTGGCTTGGTTGGACCGTACTCGGATCTCGCCACCTCTGCGTTTCCCGAGTCACTGGCGAAGAGGTCCCAGTTCCTCTGGGAATCGTCCTGTATGCAACATCTTCACAAGAGTGGCAGGCAGTTGAATCTCTGGCCTTCGTGGGACCACTGGACATCTGGCAGAGAACCAGGAAACCACGGTTCCCTTCTGTGAGTCCCTCAGCCGGAAAACTACAAGCTCCTCATGCAGCTGCTGTCTACAGACCCCCTGGACTGCCTGGGGAAGTGAGTCGGAGCTCCTGCAGCAGAGGGGTGGAACAGCTACACGAAGATCCGAAGGTGGCCAAAAATAACAGCGCTTTCCAGATGAGGGAGCCAGTTGTCCAGCACAGTGTCATGGGACAGTGGGCCCTGGTGCCACAATGCCCGGCATCTCCACCAGATACAGCTTTGAGATCTTCATGATGAAGCTTGCTCCAATCCAAGGGCTGTCAGGTGGGGTTTGCGGTTCAGCTGCTAACCTTTCTTTGATCCAAATCCTGTCTTCACTGGCTTCAAGAATCCTGTCTTCACTGGCTTCAAAACTGGGATGAAGGAGGCTCCTTAGTGGAGAGCAAAGCAAAGAGAAACTCAAATTGGATCCATATTAAAGAAGAGAAGGATGGATTTGTTTAGACAACACAAACCTAGGAAGGGTTTGAGAGGTGAAACAAACTGGGTTATGGATGAACGGGGGCAATTGGAATGTAGAATTGAAGCAGTAATTAACATCTTGGTAAGTTACCCACCATAAAACGCTTTAGAGCAAGATAGATTTTTGTTTTTCTTTTTTTTTTCTTCTATTTCTTCTTTTCTATTTTTTTTCTATCTTCTCATGTAGGACACCCTTTTTTTTTCTCTAATTTTGAGATCCTCATGGATGAAAACAAAACATATATTGAAATATTGCATAGGAAGAACACAAATAGCTTTGATAATGCACCAACTGCAAGTGGATTCATTGGCTCTGTGTCAGCTGGTGCATGTAGGAAGCTGAAGAATATTTTCTTGCCAACGTTTTGGCAAGACTTATTTTTTCCCGGGGGGTGGGCGCAAGGGTGCAATCCAATAATAATTAAAAAAAAGACTGTATAACCATTGTGTAGGAAGAGCTTCAGCCACCCTACAGCCGAGAGCGAGTTGGTCTTCCACAAGTCACTGGGGGAGATGAAGGGTACACTGTAGTCAGGTGGAGTCTCTTTGGGCCTAAAATCACTATAGGACACTTTTCCAAAGTACCCTGGTGTCTTCAGTGATCCTGAGTGCTGGCACTTGCACTTTGTCACTACATCCATCCCAGAGCTGCCCCAGTGGCTGGAGGCCTCTTGAATATCAGCATCATGCTCTCCCCCAACCTAGGGGATTCGTTTTCCTCCCCTGCAGTAGACATTTGCGTGAAGGTTAATCCACAGTTAGGAGTTGCTTAACTCAAGCCTCAGAAAGCGTACACTGCATCTTTAAGAAATAGTTTACTTGTGAATCAGTAAACGTACTAGACAAAGCAGCCATTACTTATGCATTCCTGCATATCCAGCAAGGTGAAAATAATAGAATAAACATCATATACTTCATTATGATATCGGTTTACACTTCCAGGGTACACAAAAAGAGGCCATTTCATCAAGCTAATTGCCTGAAAGTAAAAGAGAGAGAACTTTAGCTATTAGTCTATTATGGGGCTTTTTTCTTAATCACAAATAGGGGCCGTGTGTCCCTGGGGGGATGTGTATTCTAATTTACAATTGAACTACAGATCAGAGCAATCAATCTTGGGCAGCACTTTTACAGTGTAATTGCTGCAACATAACAAAT,False
970,-560,3.321883,-3.498177,0.0010904653,7.99161,-7.907519,1.2447897e-07,1.7012826,-1.6499766,0.03385395,6.727053,-6.961284,1.1356124e-06,10.936715,-10.99156,2.9968894e-10,0.0069891354,ENST00000596952.5,-560,GGAGCTGGAAAGGTGGAGGCGGAAGTGACTGATCAATTCAGGGGCGTGGGGTTCGTTTAGGTTTTGCCCTGTGTATGACCTCGTTTGGAGCCATGAAACCAGGTCTGTGAAATTTAGTGTCTATTTTCTACCATAACACATGTTAATTTGGACTAACCACATTTCGAGTGCTCAGTAGCCACATGTGGCTAGCGACTACTATCTTGAGCAATGCAACGATAAGTCTGCACTTACGTTCAAAAAGACTTAAAGCAGGGATCGACAACCCCCAGGCCACAGACTGGTATGGATCCATGGCCTGTTAAGAACTGTGCCACACAGCAGGAGGTCACCATGTGTGATGACTACATCCAAAGAGAGTGAGTGGCTTGAGACATTGGTAGTATGTGTATCTGATCATATCAATATGTTAAAATGACGTTCAAAGTATGATCTACCTCAGAATAATCTAGCCTCAAGCTTTATTCTAGGAAGGTAATTCTGAAGATACCTATCTTCTTGAGAGTGAAATTTTATGGAATCCTAGATTTCTCATACCTAGGAATAACAATACAAGGGACAGAATAGTTAGCAGTGTTCCTGTTGAAAGGTCCAAGTATCTCCCTAGGCACAGAAAACACCCAA,False
971,-1344,1.6818173,-1.6636829,0.034042824,3.2534032,-4.0746684,0.00065640785,9.900914,-9.390677,4.185701e-09,5.445912,-5.601202,1.5932821e-05,4.7995677,-4.9877124,5.615829e-05,0.0069542653,ENST00000431734.5,-1344,TCTTGAAAACGGAAAATAAAAACAGCAGACCTATGAAGGTCGAAGGGGAAGAAAAGCTGTATCGATTGTTGAGATCTGGCGACTTGTTTAAATTTCATCAGCCTCACTTCTATGAACTCTCAGGACAAACTGCAACAGAGTCACATCGAGTTGAGACTTCTCCAAGGGCCATGGGGTTGACATCTGTATTCTCAGGCCTCACGTGTACCAGCTCTCTGCTCTCCTTTGCCTTGGGACGTTCCATCCCTGGAAGTTTCCCTGCCCACATCTTTGTAGAGAGTCCATTCTCCAAGCTTCAGTGTGTCATCTGTGAGGACCGTGACCCACCTGGTACATCGCCTCAGGGCATTCATTTCAGGCTCCTTCTAAATGGCCAAGGATCAGAGGGAAACAGACCATTTTCTATTGTGACAAAGAGAGAACCCAGGAAAGGGGCAGTGTTTTTCCCCTCACAGGTGATGGAGTTTTTATAAAGAATGCAGCGGATAATGGCAGGCTTGTCCTCTGAACAGATGGTGATGGTCTTGTT,False
972,-928,6.83949,-7.0781283,9.0293184e-07,4.4314485,-4.649405,0.00011381146,9.735464,-9.884979,3.0126572e-09,2.8599393,-3.2246032,0.0022726299,1.6141459,-1.7877951,0.032234866,0.006924443,ENST00000424205.1,-928,ACTTGTCAGAAGCAACTTAGCCGTCTCGCCTTGCGGCCTGGAACCCCTGGCAATTTCCGGAGCACCGGCAAGAGACTTTTGCACAGTTTCTGCTTGGAGTCTACCGACTGTCTGTCTCAGAGGTCTGGACAGCTGCTTGTTACATTTGGCTCACGCTAGCTTAAAAAAGGAATTTATGGACCTTACTGCAGAACGTCCCAATTCTTCAGGCCAAGGTGCCTGTGTTCCTGCTCGGTTTCTGGATTGCTTGGTACTTAAATGAAACATCTTATTAATCATTTCCCGGGAATGCTGTGCAGGCAAAAGGAAAACAAAGGCATTCAGGAGCCACAGAAAAGTGTACTGGCTCCTGTCCTGGATCAACTCAGAAAATGAAACACATCGGATTCTGTCCAGGCCGGGCACAGCAACCTGGCCCATCCATGTGGAGCCTGCAGTGACCACTTCCGCTGTCTGCACAAAACTGGAGGGAGGCTGGGGGTGCTCCAAGTATAAGTTTCCTCATCAGCAAACCGGAAAGAGAAAGACCGACCTGGAGGCTGGTTATGGGGATAAAATAAATATGTCCTTATATATGTGTA,False
973,-1180,1.679971,-1.6670966,0.033991322,4.341904,-5.1897054,7.251755e-05,8.340577,-7.7714996,1.00603785e-07,6.903342,-7.1170793,8.1471956e-07,6.660811,-6.7528906,1.4945228e-06,0.0068132496,ENST00000519861.1,-1180,AGAAATCCCGCGAAGGCCGCCCGGGATCCTGGTAGAGGCGACGCTGTGTGCGTTTATGGAGCGCTTGCGATGGACAGAAGTGAGGACATTCATCGGCCGCATTTTACTAATGGCAAGGAGATAGCGACTGAAGGGCAAGAACCTAGGGTTTCCTGTCTTTGATATTTCTCATCTTTGAGCAAAAGGAGAGAGGCCATTATGGGGAAAAAGATCCAAAAGGACTCATCTAAAACACAAGTTGGGTAGAGGAGATAGGTGAGTACTATTATATTATGTTCATGGAAAATGAGTTCATGGGCTTTCCTCTAATTTTTATTTTAAAAATAAATGTAAATATTAAATAAAATTTTTTAAATGAA,False
974,-1137,1.6774747,-1.6708832,0.033948977,4.58521,-5.4509387,4.37862e-05,8.66471,-8.127402,5.096573e-08,7.280059,-7.507413,3.7834016e-07,7.1760116,-7.2633586,5.3587195e-07,0.0067987465,ENST00000438538.1,-1137,AGACTTTCACAGTGTCAGGTTAGTTACCTAAATCTTAGGTAACTTTAGGTTAGTTACCTAAAGTCACTCTGTGACTTCATCCTGATATAAAGGAACAAGGAAGAGAGTCGGATTAGGCTAACTCACTATGATGGGGTAACACATAGAAAAGGCACGGAGAAGTTAAGTGATTTGCCTGTGGTCACAAAGCCTGTTAGCAGCAAACCCAGAACAAGAACCTAAGATTTATGACCGCCAGTTCCAGCTGTTTTTCTTCGTCATGTATCCTCAGCAATCAACATAATCAAAATCTGTTTGGAGACTACTGATTTGTATAAAGGAAGATAACACCGAACAACCAAACAGGAAGTAATCCAGCGAATCTGGAACAGCGGTGGAATTTAGAAGCAAGGCCAGATGAGGACCCTAAGACCTAGAGAAACTAAGTCATTTGCTCAAGAAGACAAAGGCATCGTCTGGTCCAGTTCAGCACAGAGCTAGCTGCAAGTGACAACCTAAGAGAAAAGTCAGCGAGAACAAAGATCCATCTCTTCGTTGACTGCCTTAATCCCTAGAGCTGTGTTCTTCAATTTGTTACTATTTGCTACAATTTTTCTGCCTAACAAGCAAGTTCTATCCTGCCTAGGAGAGAAACTTTTAGTAAATTCATCTTCATTCACTACTATTCAGCTCATGCTGTAAAAACTTAGATAATGCTGTCTGAAATACTTAACTCCTGGTCAAATGCAGCTGCTATTTCATTC,False
975,-586,9.692991,-9.644656,3.9973007e-09,2.8398423,-3.4904695,0.0017783103,5.005404,-4.7668467,5.7008616e-05,1.6994578,-1.7149265,0.03184893,4.919885,-4.4334707,8.6666594e-05,0.0067541837,ENST00000528689.5,-586,GGTTGAGCGTCTAGCCCATCTCTGCGTGACTTCCGCCAGCGTTTAGAGCGTTTTCGGGGTCCGAGTTGAAGAGCAAAACCAAGTGAAGGAAACTTCACTAAGTTCAGGGTGACAAGGGAGGAAGTACAGAGACTGCACTTTAAATTCTGGATGACAGACCTATCAGGACTGAGTGGACCTTTGAGTGACAAGATGGGGGTGTTCCAAAGAGACCATGGCAGCCTGCAGCTAGGACTTTAATTGAACTATTGGCATGGCTCAATCCATTGACCTGTTTTGGTTCCTGATGAAGTTTTGTTAATTTAAATGAGAAAAATAAGGACAGTGAAAAACAGAGCGCTTAAAAAGCACTGTCTGGATATCTTCAGAGGGAAAAAGGAGAAAGTTAACTGAATTGGTGACACTTCGGGTCTCTCACAGAGGAAGAGACCACCAAACCAACAGAAGCCACCAGGACAGCACACAGCCATTCCAAAATTCCAGACCAGGATCATTCCAGAAAAGCCTTACATCTCAGTCCAGTATATGGATGGTTTTATTAGATGAAGGTGACCTTCCCCTTCGCC,False
976,-990,11.529773,-11.367663,1.1370245e-10,1.5394348,-1.9209923,0.030459419,9.44549,-9.291638,7.2873254e-09,11.716512,-11.444886,8.7323815e-11,2.7588596,-3.0969193,0.00285513,0.0066629113,ENST00000512802.1,-990,GCTGACCTCCCTCTTGATTAGTGCAGGGGAAAAGCACTTTAAAAAGCTGTGTCATGCGTAACTTGCACATCTTCTGATTCTGACCTGAAACTGCATCCCAGGTCGGCACAGACGCAACCCAGTCTCCTCCCACCTCCGAGAGTGCAGTGTCCTGAATGGAGAACCCCAGCACCCAGAAGCATCCACTGAAGGACGTGTGTCCTGGAACCCTGGCTGCACCCACAGATACAGCCACTCCTGGGCCCATGTGGATGTAACCTTCGAGTGCCGGAATGCCTCGTCTCCATGGAGACCAAACTCAAGGGCCTGACTGGCCCAGTCTACCGAGACCATG,False
977,-989,9.425095,-9.241629,7.8188895e-09,2.332418,-2.6853938,0.0065754717,8.3470125,-8.181691,6.632468e-08,11.009186,-10.695239,3.74876e-10,1.6582388,-1.9442637,0.026532285,0.0066215666,ENST00000503709.1,-989,CCTCCGCGATGCTTCAGGCACGTACCAGGGCAGCCTGGGCAGGGCTGGTCACTGTGATCTCATGAGGTGTGAACTTGACCCCGGCCTTCTTTCCTGGGATGCCGGCTAAGGACACAAGTTCAGTGTTTGCCCTGGCTTGTAGCCCAGCGGGGGCTCCGTCATCCCCTGGGGAATGCCTCGGCCTGCAAGACCGCATACCGCATTGGAACAGGGAAACCACCTACTTCAGCACCTCCCTCAGCAAGGTGGCAGGTCCCAACAAGCCTTGCACCACGAGGAAGTGGCAGTGGCATTCGGGATATGGCTCCCTGGCCAGCTTGTGAAGTTCAAGGGGCTCGTTACTTCTTACAGCTCACAGTCCCTCCCGGGTCCAGCACACCTGAGGGCTGACCTCCCTCTTGATTAGTGCAGGGGAAAAGCACTTTAAAAAGCTGTGTCATGCGTAACTTGCACATCTTCTGATTCTGACCTGAAACTGCATCCCAGGTCGGCACAGACGCAACCCAGTCTCCTCCCACCTCCGAGAGTGCAGTGTCCTGAATGGAGAACCCCAGCACCCAGAAGCATCCACTGAAGGACGTACTTCTTTGATAGTGCCTCCATGCATGCAGAAGATGACGTGGAGAGCTCCGCGCGGCACAGGGCAGGAAGCTGGTGTGCACTCTCATGGATCCGAAGCCAACACACGCCTCTCAACTGAGGACTCTGCCCCTCTGGCATTCTTCCAGCCACCAGCCCTGGGGGCCAGGAGCCACTGAGTGGGTCACACAGCCTTAGAGGGCAACGAGGGCAGGAGCTCGCCCTGGCGGTCCCCATGCAGACAAGAGGGTCACTGGCTTCCTTGCTTTGCTCTTCCTGGACATCTTCCTCGACATTCATCTTTCCATCCTACCAAGAGCGTGGAAACCACAGGGCATGAGGACAGGCGGAGACAACGCTGGACCATCTCACAGCCACATCAAGAGGCTGCCCACATCAGGGCTTTCTACGTGGTTGCAAGGAACACAAACCTGTGTGCTCCATTTGCCCACTGGCACTAGGCCTCCTGCCCACCACCCGCTTCTAGGCTATTCGAGCCGCAGGAGCTACAGGCTGCTAGAGAACCCTGCGGCAGGATGCTGGGCGCGGTTCAGCTTTTGCCAGGGAGCAGCATGGGACTGGGATTTGGAAGGTGTACAGTGGCTGCGGGCTTTAGCAGGAGGAGTGTCTACAGCACCTTCTGCTCCTCCAGAAATAAGGAAACTGAGGCACAGCTATAAAGCAATGTCCTGAGACTGGCACCTGGGGGCTGCCCTCTTCCTGCCAGACTGAGTGCCTCAGAGTGCTACAACTGACCAGAGGGGAGAAGCCAACTGAGGCAGCCTGTTTACTTCTAAGGGACTAACCCACATGAAAAGACCCAGGCCTCCTGCGCCGGCCTCACGGCCCCTACACGCGTTATCAAGCTTGGAGTCAACTGGACGACCTGCTGTCCCTCAGACAGCTGTGAGTGCCACACTTCACCATACCGGGACAATGTGCCTTTGCATGTGTGTCCTCTGCCCACCCTGGGCCCATGAACAGCTCACTCCCCTTGCAAAACTTGACTGTAACTCCCTCTAGAAGAATTTTTGGAC,False
978,-151,4.1403522,-4.1561003,0.0002493378,2.8227277,-2.9088256,0.0032315615,10.695238,-10.482377,6.3486033e-10,1.7528735,-1.7760048,0.028501635,11.354984,-11.494638,1.1927102e-10,0.006396507,ENST00000554123.1,-151,TGGCAGATCTCCAACCGCTCGGGGTCCCGTGATTTCCATTAATGAATTCGCACACTGGCGTTACCACTCAACACACCGACGAAGCAAGACGATAGACAACAATTAGCTAAATCTACATTATTGGACATGATGGCTAAGTAAAAAACATCACACCAGAATCAAGGATTTTGGTATCTGCATGAGTCCTGGAATCAATCCCCCAGAGATACTGATGGGATCTTAACAATGACAGTAATTGATGGTGTGTGAAGAAAAAAGGGAAGATCAGGAGACTTTAACCTGTGGTATTCCCATGTTTAGAAGCAAAATGGGGAACAAAAAGGAAGCGAATAACAATCAGAAAAATAGGAGGATAACAATAGTGTAATATCATGGATGCCAAAGGAGAGTTTCAAAAAGAAGAAGGCAACCAATAGTGTCAAATGTTTCAGACAATTGTAAAAATTCAAAAATAAAAATATTTAAAACTTTCAAAATAAAATATCAAAATATCAAAATAAAA,False
979,-873,1.8159969,-1.75634,0.027322635,2.536848,-3.5236835,0.0023277292,9.362828,-8.816729,1.2726775e-08,6.254991,-6.499239,2.89006e-06,2.8849783,-3.1757462,0.002327282,0.00639611,ENST00000599755.5,-873,ATAGTGCGCATGCTTGAGCCCACTTACCTAACACCTGAGATCTTATTGGGACGCTGCTGATAACCAGTTTCAGAGACAGGGTTTCACCATGTTGTACAGGCTAGTCTCCAACCCCTGGGCTTAAGCAATCCTTCTGCCTCGGCCTCCCAAAGTGCTGGGATTACAGATACTACAGTCTATCCAAGTTAACGTAACATTACTTTCTCAATGATCACAATGATACTGGGAGTTGACGAGGCTTGTAACAATCTACTGGGATGATGTGAGCCTTTATTAACCTCATCAGAGATGCTCAAGCACTGAATTGTCTTAAGAAAACAAGTAAGGTTTTGTCACCTATCCTATTTCTCACTGCAAGTTGAAAAAAATCAAATCCAAACACCACCACCCCTTCTATGACAACAAACGGCTGTGGAG,False
980,-209,6.7150087,-6.832114,1.3078522e-06,3.412085,-3.6715891,0.00083798304,8.05412,-7.7785463,1.3303328e-07,3.7541625,-3.7310135,0.00056102936,1.7829508,-1.6744018,0.030550344,0.0063901595,ENST00000589451.1,-209,AATCTTCTCTCACCTCCTAGACACACACACACAGAGGCACCTCCGGGAGGCTCTGGCCAGGCCTGGGTGTGGCAGGATAGAAATGAAAGTTGTCCTGGCAACACACAAGATTTCATCAACATTTCCATCCCCAGCAGCTCCTGGGCCAAGCCTCATCTTGCCCAGTGTGGCCTGTCAAGATGACGGCCTGGAAGAGAAGCCAGACTGGGCAGCCAGGCCTCTGCCCCTCCCCTTGCCTGGTGGCACAGCCAGCACTGGCTCACTGGTGAGTTGACTAATTTCCTCCGCCACCATTAGTTGTCCATGTTCATTGCTGCCTGACACCCAACACCAGTCTGCAAGGGCACCAGGAGGGGATGGAAGAGACAGGGTGTCTGGGGAAGGGTGGGTCTGAGTGCGAGGGGGTGGGTGAGCTTGTCTCAGAGCCTGACGCTGGCTGGTGGTATCTGCGTTACCCAGGCTGACCCAGCTCTCTCTGATGCAGACAGGCGAGGGCCTCACACACTTCAGAGAATTCACACCCACATGATGAGGCTGAGAGGAGCAG,False
981,-698,3.5381043,-3.549705,0.0008345279,1.3427213,-2.1410007,0.029778948,8.249096,-7.6924562,1.1930862e-07,4.883715,-4.9448695,5.388607e-05,3.6854796,-3.683311,0.000630233,0.006259543,ENST00000548631.5,-698,GTTCCTATTCGGCCATCTTGGCTCCTGGATCTCTGTGTCAACCTTCTTTTATTTTTAAAAGATATTCACTGTCTCTTACTAAAGCTTCCTGTTCAAAGTCTGGCTGAGAATTTTTGCTGCTTCTTTCCCTACCTCCTCATTTCCGAAGGCTGGAGTGCAGTGGCATGATCTGGGCTCACTGCAACCTTCGCGTCCTGGGTTCAAGCGATTCTCTCGCCTCAGCCTCCTGAGTAGCGGGAACTACAGAATCAGCTACCCTGCTGATCTGGAGGCCTTTGGGGACATGAACTCTTGTAGCAGGAATCAAAGAACTGGTGTAAGAAAACGAATAGCAGAGCCATAGTGTTTTATCCCCTCTCTGCACTCCCCAAATTAGACTGCTTGTTTATTGAAATTGGTCAAACAGTTTAATTAGCATTCCATGTTTGTTATTTCTTTAATCGAGGTTTCAAACAGAACAAGGCAACAAGCCAGGCCAGTAATGAGTCTCCTCCACCTACTCTTAAGTTAAATACTTGCTGAGATTCCCATTGGTTTCCCAGAGACATCTCATCACTGATGTACTTTCACTTATCAACA,False
982,-1060,5.7972345,-6.041654,7.218269e-06,4.7422757,-4.970567,6.0497805e-05,9.499802,-9.667107,4.741519e-09,3.8575518,-4.2581286,0.00029872727,1.6426302,-1.8359416,0.029928112,0.006058912,ENST00000518894.1,-1060,ATCGAAGCCCCATTTCCGTAGGAGCGAAGTCGAATGGCGCCCCCAGCGGCTTGGGGTGGGATCTCAGTGCCTCATTCCTGGCGGCCCCGGGAGGGCGATGCCAAGTTTCGCTCTTGTTCCCTGGGCTGCAGTGCAGTGGCACCATCTCGGCTCACCGCAACCTCCGCCTCCCAAGTTCAAGCGATTCTCCTGCCTCAGCCTCCCCAGTATCTGGGATTACAGTAAAATTAAAACAGGCACAATGATATCCTGGATGACAAGAGCTGGAGGCTGTCATTCTAACAATGTAGTGAGACTGGCTGTCTTGTCTCATGCCCACCCCTGGAAACATGCGCAGGAACTCAAAGCACCTAGCACAGAGGAAGTGTCTGGTTGTTTTAAAGGAAAAACAAAACCAAAAAAAGCACCTCCTGCTCTGACCACCCCTATTTCCAGTTTTCCCTTTTGGCACAGCAAAGATGACCTTGGGACTGAGGTGGAACCATGTAATTCTTCGTAATCCCAGAGTCAGGCAGACCTGGGAGATAACATCCATCTCGAAGGAAGAT,False
983,-872,2.1824625,-2.1398258,0.013095709,1.9536101,-2.960225,0.0072907237,9.299304,-8.740066,1.4642032e-08,5.969371,-6.177768,5.3034987e-06,2.170154,-2.4717505,0.00954729,0.005987808,ENST00000600693.5,-872,AGCTTCCAATATAGTTGAAAGGACTATACAATATGACGCCAAAAAGAGGGAAGATAGAGATGAAAACTACAGGAGGAAAAACTAGATCTGTAAGAAAAATTAACGGAGGTAGATTAAAAAAAAAAGCCAATGGAGAATTTGAAATGCAGTAGAAATCTTGGCAGCCCACATCTTCAGAAACAAATGCAAACACTGGAATCTGTGTAATGAACCAGAATGAGTACGTGGTCTCGCTCTGTGCCCAAGCTGGAGTGCAGTGGTGTAATCACACCTCACTGCAGCCTTGACCTCCCAGGCTCAAGCAATCCTCCCATCTCAGCCTCCCAAGTAACTAGGACTACAGAGATGCTCAAGCACTGAATTGTCTTAAGAAAACAAGTAAGGTTTTGTCACCTATCCTATTTCTCACTGCAAGTTGAAAAAAATCAAATCCAAACACCACCACCCCTTCTATGACAACAAACGGCTGTGGAGGTAATCTTATTTTCCTAAGGGTAGTTTCATGATGACAGTGTCAAAAAATTACTGTGGATAAAGAAAAAATTGTCTCAATGAAATAGAATTTTTCACTGAACACAGAAACCATCTCAATAGTTGCTGCTCCCTGGTTTCCAGGCCACGCAACAGACATCAAACCAGGAAGCCAAACTTTCATGGACCTGTGTTAAGAAAAACACACATACATGGGCATACTACTTTTTCCAGAAAAACGGAA,False
984,-981,1.6744947,-1.8646352,0.028219137,10.066303,-10.403145,1.2889368e-09,3.59426,-3.5167005,0.00081544527,10.288797,-10.556841,8.848188e-10,3.7794657,-3.8773224,0.0004726003,0.005901437,ENST00000498624.1,-981,TGCCACAGACAGAAGAATGAAACTGGATGCCTATTTCTCACAATACACAAAAGCGATTCAAGATTAAAGACTTAACTGTAAGACTTGAAACTGTAAAAATACTAGAAGAAAATCTAGGGAAAACTGTTCTGGACATTGGCCTAGAAAAAGAATTTCTGACTAAGACTTCAAAAGCACAGTAAACAAAAATAGACAAACGGGACTTAATGAAACTAAAACTCTTCTGCAGAGCAAAGAAAATAAGAAACAGAGTGAACAGACAACCTGCAAAATGGGAGATAGACAATGGAGACTAAGAAGAGCAAAGGAATGACAGAGAGGTGGAGGATGAGAAATTACTTAATGGATACCTTGACTATGAATAATAGTTTCAATAAGGAAGACAGAATGAGTTCTGACACGATGGTTGGGAGCTGTGACAGGCAGACGAAAAATGGAGCCAAATGGCATGGAGGTGTCATGATGTTGGAACAGTAACAATAACTCAACCAACCAGGGCTTGTCTG,False
985,-619,1.7623265,-1.7550535,0.028821744,4.1049967,-4.948526,0.00011696462,9.225629,-8.605813,1.8026158e-08,3.884147,-3.9839408,0.00038261912,4.471655,-4.5878453,0.00011626761,0.005887523,ENST00000533684.1,-619,GCCTCCCCAGCCATGTGGAACTGGCTCAGTGTGGTCAAAAGAAGACTATAGAATCAAGGATGAAGAGAAGGAACACAGAATAAAAGGACGTCTCAGCAGGAAGCTCTGTGACTACTATGTGTGAGTAATTCTTACAATACAGCAAATGATGCCATACAGTGAAGCACCTTGAAAGATTGCTGGGATAAGCTGACAGCATGGCAGCCAAAATAGTGACCCCAGGCTTGCAGGAATTCTGTGCTTTCTGGAGGAAATGGTCATGGGTTTCCCAACCTGCCTTTTAAACTAAGGTAAGTCTCTTATAAAGACCTTTATGAGAACTGTTTGAGCCCTCATGACACTGCAAATCCATCTGAGATGATGACTGGGACCTTCACTGCCACTGTCTTCATTCTCATGGGTGTTGCCTGGCTCTTTGGCATTCAGAGCTAGCTCTCAGTTGCTTTGGTGCATTAATAGAACCACTATGCCTGTAGATTTGAAGAAAAATTGACATGGAGAATTTATCTAAGAAATCAGTAAGTAAAACTTGTAAAAATCATTTTACAAGTTGTAAGATAGAAGAAATTGAAATTCTGTCCAACAAGAACTTATTCAATGCTGACTTTGTGCCAGGCATTTTGCCAGGTGCTTGTTATACAATGATGAATAACACTTAGGCCCATTCTCAAGGAGCAGTGGGAGGTGCTGGGGATGACACACACACAGATAATATCAAGTGGCACCAAATGCTATGTCAGGGGCAGGCACAGGGTGCTAGGAGAGGATAGCACAGACGAGAAGCATTTAGCTCATACCACAGGATCTTCAGAATGCTTCCTGAAGAAGCTGACAACTGATTAGATGCTAAAAAGACAGGCTGGATCTAGGCAGGAAAAGAGGGGTTGAAAGGACAGCACAAGAAAAAGTTAAAGCAGAAGCAAGGGCATGGGGGTGAATAGAAAGCACTGTGTGAACCACCAGCCATTAGGTGTGGCCCCAACATAAAGTATAAGGAGGAGATGGAGGCAGGGTCGCAGAGGACCTTGAATGCCAAGGTAGGGAACTCGATCTT,False
986,-46,9.644986,-9.5866165,4.4444857e-09,2.8906054,-3.5428195,0.0016043596,5.1932898,-4.9644375,3.8773793e-05,1.767126,-1.7937746,0.027628215,4.9084973,-4.4114304,8.96124e-05,0.005872193,ENST00000526176.1,-46,GCGGTTTCGGGGAAGAGACCGGGGTTGAGCGTCTAGCCCATCTCTGCGTGACTTCCGCCAGCGTTTAGAGCGTTTTCGGGGTCCGAGTTGAAGAGCAAAACCAAGTGAAGGAAACTTCACTAAGTTCAGGGTGACAAGGGAGGAAGTACAGAGGTAATTTATAGAATTCCAGAGTAATAATAACTTGTTGAACATTGATTATGTGCCGGGTTTTGTTAGATGCTTATAAGCATCATCTCATTTAGACTTCATTAAAGGGGAGAAAAGGGATAGTGGAGAGATACTATCATCCCCTCAGGTGAGGGCTCTGAATCAGAGAATGCAGTTCTCTGCGCACAGTAGTTCACAAGTAGCATAGCTGGGATATGAACACACATCCTCTGACTCTGTGCTCATAAGCACGACTTCAAGAGGTGGAAGGAACATAACAGTTCATCTGGTCAAATCCTCTCGCTTTCACCGATATGAAAACTGGACTCAGAGAGAAGTGATTTGTTAGAAGTTATACAACTGCACTTTAAATTCTGGATGACAGACCTATCAGGACTGAGTGGACCTTTGAGTGACAAGATGG,False
987,-417,2.383539,-2.3353248,0.00884636,1.9179646,-2.8515677,0.00841297,9.441045,-8.879243,1.1056054e-08,4.1946006,-4.339289,0.00019664972,2.0964289,-2.3584383,0.011488345,0.0057888674,ENST00000505668.1,-417,TGAAGATATGTGTCATATTTCTTTCAATGGATAATTTTAAGTGATATTAAATTATGTCAATAGTTTGAATAGCAATAGCAACCATTGAGCTAAAATTATGCAACAAATAGTTGCTTGTTAACCTAAGATATTTCAACATTTTTGAAAGATTAGTAATAAAACATGCCATATTTAAAAAGCCTTAATGTGAATCTTCTCTCCACTGTAGTTCAGGGGACACTCAGGATGCTAGAGTAATGCTATAAAAAAAGCCACTCAGACAGGTGCAGTGGCTCACACATGTAATCCCACCTACTCAGAAGACTGAGGCCGGAGGATCACTTGAAGCCAGGAGCTCAAGAACAGCCTGGGCAAAATAGCAATACCCTCCTCTCTAAATATATATAAATATATATATATAGATAATTAGTTGGGCATGGTAATGTGCCGGTAGCCCCAGCTACTCGGGAGGCTGAGGTGGAAAGATGGCCCAGGAATTTGAGGCTACAGTAAACTATCTCACTGCACTCCAGCCTGAGCGACAGAATGAGACTCCATCTTTTAAAAAAAAAGGCACTGAAATGACCCCATCAAATCCAACCAGCTATGCCAGGCTCTATTTCCATCCTATTTCTGAGGAGTTTTTGTCCTTGCTGGGTTTCCTTTGGCTTCATACCCAGATTCTGCTTGCCCTATATAACATGGATGGTCTGTCTGTCCTTTGTTCAGTACCTGCTCAAGATGCCACTTGCCCAGAGCTAGAGCCCACGAGGCAAGGGGCATCTCTTCTCTCACTGGTCAAAGGTAGGTGGTTGGAAGTGGATATTCTGGATTCATCTCTCCAGGCCCTTACTTCTAGGAAAACAAACAAACAAAAACAAGCAGTTTCTCTAAATTAATATGTTAATATAATTCTAAAAATTAGCACAGAAAAATTACCCATTTAATTTATAATGGTTTTTTAAGACATTTGGAAGGAAATATTTCTTTCATAATACTCAAACACTTAAAGGTTGAACATTATAAAGAAGCATCAGTATTATCAGAGATTTTTCAAGATTCTGTTAAATTCTAAACATCATCTAGAAAGTTCTTGTCTTATATCTAATACCTAACCTTAATGTCCCCTCCTTTGTTAAAACTTTTCTTGACTCTCTCTCTTCCCGTGCCTGTACAAAGACATGCATGTGCATGGGAACACACACACACATACACAAACACACACACACACTAGTAATCACAGCCTCCCTTTTGCCAGCATGTATATAACATAATTTTTAGCATTTTCCCACATTAAAGAAATAATTGAAAGCTTATATATTTATTCCCCAAAGTAGATATCTAATTATTTAAAAGAAAGGCTTATATTTAATGCATCTATGTTTTCAGGGCTTGAATAAAAGTCTGTTTAGCAAGGTTTTCTTTGATGGAATTATTTGATTCATACTGGAATCTCTGGTTCATTTTTCTGTTTACAGAAGTAAGTTCAGATTGTAGTATATTGCACAGATTGTCCAGGTAAACCTGGTTAAGACTTTCAGGGGAACTTATTTTTGCTGCTATTGTGATGTGGAAATGCTGTTACTACTTCAGTAACACTGATATAATGTATGTACTTATTAACAAGAAATGTGTAGATAGTAGCTCCAGTACTTGAAGCATCATTAAATTTGAATGAATTTTCTATTTGTAAATATACTCTGTCATAAATACCATTGAATATATTTCACTATGTAATAAATTTTAAAATCAAGGAAGTAATAAATCATAACATTTAATTTTAAGATTAAGAATATTGGCAAAGATTTGTTTATTTTTACCTGTCTTTATTCAAATGTTCTAATATACATTAGTTCCAAGTTCTCTATTACTTCTAAATAGAATATACATGATCAAAAGAGTATGCCTCTTTCTAAATGAGAAAAACTTTATATTATAAATCCAGTGATACGGATACTATCCATCATTTTGTTTTGTATGGCCTAATGTATATCAGTAAACTAAATAGACTTAAATGTGGCTGGATTTTGACTGGGAATATGGGAAGAACAAAGCAGGTGAGATCATGTATGTGACTAAATATAGCGTTGATGCTTAACGATGGCCTCTGAGCATGTTAGTGTAACTTATATTTTGCAGCCAAAAACTGTATGTATCAAGCTCCAACCATCTATAATAAAGTTTATGGTTCAGTTCTAAGATTGCTAACCAAGTGATTTTTTTTTCAGAGACGTTAAAGAAAAAGTACCTTCAACCAATAAATTCTTAAACATTTCATCAAATAGTTATTGAACAGCACTGTGCTAGGCACGTGGGATGTGAAAATCAAAGAACACATGACCCTACCCATAGCAACTCAGTGATAACAATGATAAAGGACTATGCTAGATTCCACATCGTACCTGGAGTGGGGGCAGAAGTGGTACATAATCCAGTTAGGGGGTGAAGTGGAAAATCCAGGGCAAGTTTCGTGGAGGAAGTGATGCCTGAAATGTATCTCAAATAAGTTAGCAGAGCTAAAAAAAAAAAAAAAAAAAAGAAAAAAAGAGTAGAAGTTAAAGGGAATAAATGGAACCGGGTGTAGAAGGGTATTCAGAACAGAAGAAATTATATAAGCAAAGACAAAGAAGCAAGAAATAGTATGCATGTTTGGGTTCAGGAGAAGATGGTTTGACTAGAAAGTTTAACATTAGAAATAAAATTATTCCTTTACAAAAAAAGAAATACTTAAAAGAATATGTTGGTTTTCAAAACAGATATAGTGATTTTTGCTTAGTTGCTTATACATCTTGAAACCAAAACTGGAGTTCAGCTATTTATTGTGTTCATTTTAGCATAAGCATTACAAAGTCCTTCTCTAGTTAATCAGGTTCACACTTTGCAACTAAGAAAACAGAAGTGGGCCAGGCACGGTGGCTCACGCCTGTAATCCTAGCACTTTGGGAGGCCGAGGCAGGCGGATCATGAGGTCGGAAGATCGAGACCATCCTGGCTAACACCTCATCTCTACTAAAAATACAAAAAATTAGCCGGGCATGGTGGCAGGCGCCTATAGTCCCAGCTACTCAGGAGGCCGAGGCAGGAGAATTGCTTGAACCTGGGAGGCAGAGGTTGCAGTGAGCCGAGATCGTGCCACTGCGCTCCAGCCTGGGTGGCAGAGAGAGACTCTGTCTCAAAC,False
988,-1150,6.2133627,-6.426946,3.2387873e-06,8.025646,-8.156411,9.380416e-08,4.4828115,-4.4898977,0.000126808,2.3836024,-2.398011,0.008312782,1.8804327,-2.0638893,0.018996485,0.0054878816,ENST00000489488.1,-1150,GAAAGGCCTGGCTTCCTCTTCCTTCCTGTCCCTGCCCCACCTCCGCCGGGCTCCACAGCCGCCGGGAGCCCAGGGCCGAGACGGGAGGAGGGCACCCACCTGGTCGGTGTCACATGCTGCTTCGGCCCCAGCGTCCCCTCCAGGTCCCGGCGCCGGCCGCAGTCCCCAGAGCCGTCCCCAGCGCAGGCCCGGCCGCCCCACCCGCGGCCCGCCCCTGGCCGCCCGACGGGAGGGAGGGATCGGGTTCTCCTAGGAAGTTTCAGTCTTCCTCCAGACAGGCACGCCATACAACCGACTACACTTGGGCTCACTGAATGAATCACATTCTTCTGCTGTGCCTCCCAGAGATTTCATCAAAGCACCCGCAGTGGCCTTCTGGAGGCTCCTCAAACTCTCCACTCAATGTTTCCTGAAAGTGTCGTGTTTCTCACCTCTAGATTGTTATTCTCATCAGTTACAT,False
989,-182,1.8301461,-1.803524,0.025739046,2.8888636,-3.8408866,0.0011934055,8.553052,-7.9444427,6.8427305e-08,5.2214036,-5.3648953,2.5259096e-05,3.8559804,-3.9714568,0.0003984869,0.0054712533,ENST00000559285.1,-182,ATCAATTTGGGCCTGAGGAAAATTCAGGTGGAAGACAATTAAATAACTAACCACCTCCGCAAGGTGCAGAACTCAAACCCAAGTCTCCCTCCCACGCCCTGGGCTCCAGGGAAGCCCTTGGGTGTTGTTGTTGAAACAGGACGAGGCGTGACCCCGGGTCTGCGTTGTTTGGCGTGGGTTCTCACTATGTTGCTTAAGCTGGTCCAGAACTCAAGCCAGTCTCTCACTTCAGCCTCTTGAGTCGTTGGGATTACAGAAGCCACCATGTCCAACTAGACAAGATCTTGTTGCCCAGGCTGGTCTCAAACTCCTGCGTTCAAATGATACTCTCGCCTTGGCCTCCAAAAGTGTTGGGATTGCAGACCTGAGCTACTATGCCTGGCTGAATTCTATTTCTATTGGATTGGTTGTAAAGAAGTGCATTGTAGCCTGCAAAGGAGCAGGGCCAGTGGGGTGGAGAGGGCAGAAGTGCTACAGAGGCCCCTGCTCTCCACTGCCCTGACTGCTACTGTGCTGGATGCCGTGTGAACCACAGCTGCATCTGGAGGCCTTGGGCAGCACCTAACAGGAAGCCAGAGTAGGTCCTCTGAAGGTGTTTGTTCAATGAACTTGTCATCCTCCTCAACTTAAAGCCTTTAGCTTTTCCAATTTGGAGGCACAAATAAGTGAGAACTTGGGGATCCACTGAGGTCTGAGGCACGGTGGTACCAGAGGAGATGAAGGGGCTTTCAGCATGAAGCTGGTCCCCTGTCGACAGCACGCTGATTTTCCCGTTGGGCTCTATCAGCATGTCCACTGTGAGGTTGGTGACATTGTCTGCAGGTGGGAATGCTTCGATCACACCCCCTGGTGGGAAAAACATGGAGTAGGTGAAAGGACACATGCATTTTGTTTGACTTGGGCTCAGATTCTGCATCTGCCATGTCTT,False
990,-582,9.982716,-9.930288,2.2484967e-09,3.0260882,-3.6807027,0.0012210882,5.3746986,-5.146515,2.695773e-05,1.7960924,-1.8281035,0.02597769,4.9411864,-4.4318905,8.497424e-05,0.0054621426,ENST00000449680.5,-582,GCAGGAAGTGGGAGCACCGCGGTTTCGGGGAAGAGACCGGGGTTGAGCGTCTAGCCCATCTCTGCGTGACTTCCGCCAGCGTTTAGAGCGTTTTCGGGGTCCGAGTTGAAGAGCAAAACCAAGTGAAGGAAACTTCACTAAGTTCAGGGTGACAAGGGAGGAAGTACAGAGTGAACTATTGGCATGGCTCAATCCATTGACCTGTTTTGGTTCCTGATGAAGTTTTGTTAATTTAAATGAGAAAAATAAGGACAGTGAAAAACAGAGCGCTTAAAAAGCACTGTCTGGATATCTTCAGAGGGAAAAAGGAGAAAGTTAACTGAATTGGTGACACTTCGGGTCTCTCACAGAGGAAGACCTATTAGAGTGCTAAGGAGAAGACAAGTTATTAGCACCCAAAAGAAGCACCAGTGCGGATGGAAATACAAGGTTGACATTCGCTGAGCTGTGTTTTTTTTTTCCAGGGAAATGGTTATTCTTGATATTTTGAGCAAACTCTTCTTCTCTGATCAGTGCCCAGAACAAGGAAACAGGTTAGTCTCTCTGAGCCTTAGATTCCTGATCTGTAAAATAAAGATTAAGGATAGTTCATTTTAAACAAGGGTAATGCTATTTTCTACCCCTTAGGCTTATAAGAGGATATGTACAGAGCCTGGTGAGTTTTATATCATCTCATCTTGAAGGCAATCAAAACTCCTTCTGGGCCTCCATGACACCCTGATGGAGTGTCAGCAGTTATTAAAGTAAAAGAGCAAAGATAAACAACAGGAGTCTTTGATCCCAGGGCC,False
991,-1345,1.8078687,-1.7937994,0.02655384,3.49968,-4.3017592,0.00040897835,9.790801,-9.276444,5.238422e-09,5.530854,-5.6961894,1.3309181e-05,5.0271554,-5.2088227,3.5855483e-05,0.005402398,ENST00000414256.5,-1345,TGAAGGTCGAAGGGGAAGAAAAGCTGTATCGATTGTTGAGATCTGGCGACTTGTTTAAATTTCATCAGCCTCACTTCTATGAACTCTCAGGACAGCTCACAGTATGGCAGCTGACATTCTACAGAGTGAGCAGGTGAAGGAAAGAAAGAAAAGGCCTCACGTGTACCAGCTCTCTGCTCTCCTTTGCCTTGGGACGTTCCATCCCTGGAAGTTTCCCTGCCCACATCTTTGTAGAGAGTCCATTCTCCAAGCTTCAGTGTGTCATCTGTGAGGACCGTGACCCACCTGGTACATCGCCTCAGGGCATTCATTTCAGGCTCCTTCTAAATGGCCAAGGTATTATGGTTGACCCTAAAGAAGCATCAGCTTGGCTTTGCACCAAAGAAGTTTTTAGTCAAGTTGGAGAGAGATCACTACTCAAAGAACGCAAGAGACTAATGGAAGACAGAATATATTGGCAGCAGACTAAAAGGCAGAATGGTCACACTTCAAAATGTTTGGTACAAGCTATGGTGATGTTATTGATCTTCTGATTTGATGTTCCTGTGAAGGTTCTATGACCTATTTTGATATGTAGACAGTGGTAAAATGCTCAAAGCTCTTT,False
992,-87,3.8289955,-3.7727757,0.00049931626,1.6483413,-1.9794616,0.025886584,8.846598,-8.731356,2.3226933e-08,5.903559,-6.0095296,6.702061e-06,5.921763,-6.006711,6.5997356e-06,0.0052798446,ENST00000528466.1,-87,AAATCCAGCACGAGGGGCATCTGGGAACAGGGTTTCTGCCAGCCCCACCTTGGGGCCGCATTTGGCGGGAACTGGATCTGCCTTCACCTGCAGCCCTGTGCGGGGCGTGACGGAAAGAGCGGGGAGAGGGGCGTCCTGGTGCGGGGGTTGTTGAGCTTGGACACCAGCCCTGAAGCAGGGAAAAGACAGATGTACTAATTGTCATGGATGGCAAACTGTGCCCCCAAACTTGTACCAAGCCTCAAAGCCTTGGTTTAATACTCCTGAAGGAGTAATAGACCCAATGTGACATTTTGCATGCAGGAACCCCTTAACAGCTACCTCCATATTATGCGTGCTTCATGAATGGAGACACCTACGTTATATGAAGTTCTCTATTGGGCTGTAAACTTCCTGAGACAGGCCTTCTGGGAAATTACTCTCTACATCCCAGGACTGCAATGTCCAGTGCAGACCCGTGCATTTAGATGTTTCCAAAATAGCAGTTGTTTCCGCGGCATTATGTTCTGCTGGCCTAGAGGTCTTAGTTCCAGAGGGAGGAATGCTGCCACCAAGAGACACAACAAT,False
993,-1283,1.8158891,-1.8170848,0.02575651,4.0306053,-4.885568,0.00013418272,9.619009,-9.012866,8.096175e-09,4.2021394,-4.3018985,0.00020260739,4.496301,-4.592076,0.00011295851,0.0052412534,ENST00000504206.6,-1283,TCTTGAAGGGCTCAGTGTGGTCAAAAGAAGACTATAGAATCAAGGATGAAGAGAAGGAACACAGAATAAAAGGACGTCTCAGCAGGAAGCTCTGTGACTACTATGTAATTCTTACAATACAGCAAATGATGCCATACAGTGAAGCACCTTGAAAGATTGCTGGGATAAGCTGACAGCATGGCAGCCAAAATAGTGACCCCAGGCTTGCAGGAATTCTGTGCTTTCTGGAGGAAATGGTCATGGGTTTCCCAACCTGCCTTTTAAACTAAGGACCGAGCTGAAGAAGCCCCCGTCTTCCAGCGCATGTTATTCCCATGACAGATGCTAAAAGTTCAAGGGGAGAGCTACAAGAAGTGCGTTTTCCTGTGGCTACTTTCATGTCTGGATGCAATGCCTAGACCTGCATCCATCTTGCGACCAACCTGAAGATGAACAGAAAGGAAGGAAGGATGGCCCAATAGCCTGGGAAGAACTGGTGTTCCTGATACCATCATTAACCACAGAATCTACAATCCCGGAACCCCCCATCCTTAACCATGGAATCTACAATCCTATCTCTAGACCCTTTGTCCAGATGCTACAGTTTCTTTGTTCAATCTAGTTTGTGTCAGGATTTCTGTTCATTACATCAAAAGTATTCTAATACTTGTAGCAAAGCAACTGGAGAAGTTTTCACTTTGTCTTTAACCAAAGAAGACTTCCAGGAAACATCTCCTCAGTGGGTTTCTCCCTCACCACTGGATTTTTATCTCTGTACTAGTGCTTTGATTTGTTTTAGGAGTCTCACCTCTCCACCTGTCATATTTCCCTGGCAGGCTCATTTCTGCTAATGCCCACAATATGTGTATCAATGAGCTTTCAACGTTAGGTACACAGCTCTTCAGGCATGTATAGCACATTAATCTGTCTGCTTCTAAGTGGTCTGTTGACATGTTTGGGTGCCAGTTATATCTACAAGGCTGTGATCATTGTCCTGGGTTATTCTGTTTGTTCTCTCTGCAGGATGCATTAGGACACCCAAGGCCATGGCCATCACTTACATCTAGGATTCAATCTTATCTCCTGTGAATCACTGGAAACCTCCTGTCCTGGAACCCTTTTTTTCCACATCCCACTGGATGTCATTCATAGCAACTGGTCTTGTGGGTTGTCTATTTTATTGTGTTGTCTTACTCTTCCTCCTGGTATCAGTTTTTAAATCCTCTTGATGAGATCAGCTGATCAGTCGCTAAGCAACATAGTCCCCCATGTCTTTGTAAGATTCTCTGCACTCATGGCTAGAATGATTTATTCTGGTATCTTAAGCTGTGTTTCAGAACCTCATTCTAAATATCAACCTATTCTTGTAAGTCCACTACTGATCATCTTTAGATATTCTTCAGTCTTCCAGAGTTCCAAAGGGCAGTAGGAAGAAGCAATGAAAATACCACCTGTATTCTCACATCTTTCATTGTTCCACTCAAAAAATACCACCATGTTCACTTCTGGTGGAACGTTTATGTCCATGAGAAGCAGTGGCTTTGAAGAGTTTTGGCAGACTATGGCGCCTTACTCAACATTGGGAAGGTATCTTGCCATCAGACCTTTTGGGTCTCCATGAAACTTCTTATACCCCCTCTGGGAAAAGTCACTAACTGTGATCTTACTGAGCTTCTAAACACAGCATTTTTTTTACACTTAAGTGAGCGGGGGTCCTCCTCATTTGTGCTTCTCTTCTTGTAAGGGTGACTTCCTCCCAGTAGGATGAATCTCATGCCTATTTGTGTTATTTTGCTAATTCCAGCTTCTTTTCTACTCAGGGGGGTTCCAACTCTTTTAAGGTCTCATCTTCAGCACTTCTAAACTGTGGGAAACTATGTGAAAACAAATGGAGTGGCCAAACACACCATTCATCACTGTGCTTCTGGACAGCTGCAAGTCCATACGTGTTCTGGTGAGTCTTCAGGTTGTACGGGAACAGAGGCTGAATCAAGGCAGTTCAGTGAGAGTCTAGATGGGAGTGCTTATGGTGTTCTATAATAAAGTACTTATGGAACAATAATAGAAATGGATTCTTAGAGAAGCCCAAGAGAAGGAACTATGATTGCCTCATTTCCCTGACATTTCTAAGTTTGGTGGCATAATCTAATTGACCCAACCCACCTTGGGGTGCCAGGCCATGTCATAAGTCACTGGACAGCCCATAAACAGCTTTCTGGGAGCATGTCCCCATCTTGATCCAATCACCTGTGGCCAGGACATTTTACAAACCTCGGTGGTTAGGGCTGCTTGTTCAACAGATATTAGGGGTGAAGTTGTACATGCATGCAGGGGAGGCTGAGATGGTAGGCACCGTGAATAACATGTTCCAGGGTGGGCTCTGCCTCTTGTCTGCTCTGTAACATACCCCTGCTTCCTTGTCCTGACCTCTCATTTGCTAAAGTCTGATTTCCAGCTTTGAAGTCTCTGCTCAATCTCTCCAGCCTTCTGCTCATGTCTTCACCTCCTACCTTGCAGCCTGTCTTTTGACTTGATGTTGCTTGACTGCAATTCCTGTGACTTGGCCTTGGGGTCCACTCCCATGAAATGCTTCTCTGGCAGCCTTGGCAGGTGTGTCCCAGTGTTCCTGAGTTCCAGTGTTCCTGGCTGTGTCCTTGCACCAGAGCAGGCTGCTTGAGATTAGACACGCTCCTCCCTCCTATCAGTCCACCTTGGCTCTGACACTTTCCTCAGCCTCCTTTTCTTTGTCTGCTGGAGCACAGCAAAGTTTCCCAGAAGGTTTAAATTTACATTCTTGGTCAAGGTCTCACACCATCATGACACTGAAGCAGATAGAGTGACTTCCTTCTCTTCTAAGCTGTGTGCATGCCTCCATGCCCCTACTAGTTTGTATAATTCCAGTTTCTATAATTTCTTCCATTCTTTCCTGAAACTTTGTGCTTTCTGTTAAAGTAGGTTTTTAGGGATATTTTTCAGGTCGGTTCATCCCTCTGAATGTCTTGGGTTTGTCTGATTGAAGCCAAATGGACACAGTGAGTGTTTCCTTTCTGAGTGGAGGGAGGTGGCTCTTGCATCACCTTTGGGTCCTTTAGAGCTTTAGAGTAAATGCTCAAAGACTGCCCACAGCTGGATTTGCTGGCTGTGAATTAGATCTGGGAGGAGAGGACTTAGCAGGAAAAAGCTTCTGTATCTAATGCTGAAATCAGAGATGAAGTCTGAACAGAAGTGCGACATCCAAGAGTCAGGGGCGGGATGTAGGAGGTGCATGGGATGACAGGGGCGGGGCTCTGATCTGAGAAGGGCAGTTTCAATGTGCACAGCAGAGCACTGGGGAGGGGATGTGTTGTTCCATACAAGCTGATGGAAGTTGATAGAAGAATAGGAACAAGGCTTGGATGGTGGCAAAAGACCTACCTGCACCAATGTGAAAAAAGGGGCCCTTTCAAGGCTGAGCCAGGTTGGAAGAGGGCAGAGCTGCTTCCAGGACACCAGAGAGTGCAGCAAGTATGCAGAGAAAACCTGGGCACCAAGAGACCTGGGAGAGAGGAGGCAGATGGGTGGGCCAAAGTTCTGGTAGTTGGGAAAGGTGATAGAAAGCACTGCATTAATGCTGGGTCCTCTGCCCTTGTACTAAGAGCAGCACATGGCTGCCTCTGAATCCTGCCCATGGAGTAACATTTGCTTCCATATGCCACAAAGATGAGATGGGGCCCTGATGTGCCTGTTATAGGAGGGCAGAGCATCCTGTGTGCTCTGTGAGAAGAGCTGGGCCACGTATCTCCAGGTCAAAGCCCGCACAGCAGTTATCCCCTCCCTCTCTTGTATCTTCAACCTTTCCTTTCCTATTGGGAAGGATTTCCGTATTTCCAAGAGCCTGCTCAAGTGGGGTCAGCATGTGTCTCTGGTCACCACCCTCTCCCCTGTGGAAGGCTGACAACTCTCCCATCTATACAAAATTTGAAACCACCAATTATATGATTGACACTATTACACTGGAACAATTTCCTGTCAGACTCCCCCACCAGACTCTTTACAGGCCGGTGCTTCATCTACATCTCTCTGTCCACAGCACTTGGTGTAGTATTCGCAACCTAGCAGGAATGAAAGAGTCCGTGTGGAGTCAAGCACCTCAGGGAACCCCTTGAAAGCAGTGACACATACCTCCAACAAGAATTGCCTCTTCCTTCCTTCTGTGGCTTTGCACAGCATTTTTCTTTAATTATAAACACAGTTGGTCTCTCTATGCTGTTTAGGCTAAGCACAGCACAGCTTCAAACTGGAAGGTTAAATATTTGTGGTAAAAATAACTTATTTGTGCCCATGCAAATGTGGCAACACAAACTCAGGCATGTAGTGTTCTATGCAGAGAAGCTAAAACCAAGGAATGACATTAATTTCCGGTGAAAATATGTGATGACAATCTTAGAATTCTGGCTTTTCAGAAAAAAAAAAAA,False
994,-495,7.9985065,-8.296741,8.3765364e-08,6.230551,-6.640274,2.5719983e-06,1.7514564,-1.8883703,0.025585108,3.6021879,-3.9527638,0.0005232375,5.0596147,-5.2788916,3.236157e-05,0.0052286726,ENST00000561973.1,-495,CAGCACCCCTGCCTCATTAACCAGATGGCTGGGATAAGACTCTTGATTTTGAAAATTCAACAACCAGAGTTCAGCTATTTGCAGTGATTTGCAGTCATTTGTCACTATCAAAAAGGAAAATAACTAAAATGTGGTGTGTTGGCATTAGTTACTTACTAATGAGCAAGATCAGCACCTGCATTTCAGCTTGGCTCTGTCATTTTCTATTTATTGGAAGAATGGTGTTGTGGTTAAGTGTGTGGTGTGTAGAGGAAGACTATTTGTTTTTTTGTCTTGTTTTGTTTTTATTGAAATATAGCATGCATACTGAAAAATGCACAAATCATATGTGCAGAGCTCACTGAATTTCACAGAATGAATACACCCATGCAATAGCACTCAGATCAAGAGACAGAACATTAGCAGCACCCCCAGAAGGACCACCCCCAGGATCCCTTCCAGTAACCACACCCCCTCCAGTAGAAACTATTATCCTTACTTCTAACATCACAGATTACTTTTGCTTGGTTTTGTAACTTATATAAATGAAATCACACCATATCTACTCTTCGTGATTATTTTCACTCAACATTATGTTTGTGATATCCATTCGTATTGTTACAATAGTTGTTGTTGGTTAACTCTCATTGCTGTATAGTATTACATTGTGTAAATATACCAAAATTTATTTATTCAATTCATTGTACTATTCATGGTTATTAGTTTGCAATTATTGGCAATTATGAATAATGCTGCTATAACCATTTCTTTATATTCTTTGTAGTGAACATGCATGTATTTCTGTTGTTATATATTTAGGAATGAAACTGCTGTGTCATTTTGTGTGCATATATTCAAATATAATAGTTGTTGCCAAACACTTTTTCAAAGTGGTTGTACCACTTTGCATTTCCACCAGCAGTGTATGAGTGTTCTAGTTGCTCTAAATTCTCACCAACACTTGGCATTTTGGTATTTTTTATTTTAGCCAATGTGGTGATCATGTGGTGACCTCTCATTATGGTTTCCTTTTGCATTTCTCTGATGACTAATGAAATTGAGAATCTTTTCAATATATGTTGACTGGCCATTGTACATCTTGTTTTGTTTGTCTTTTAGATGTCTTTTGTCATTGATTTGTAAGGGCTCTTTATGTATTCTGGATATGAATCTTTTGTCAAATATATGCATTGCAAATATATACTTTTTTACTTATTGATATCTTTAATTTGTTTTAAGAAAATTTTTAATTTTTATGGAAATTTTATAGAAATGCTGAAAATCAAACGTTATCTGCAGTGGTAACAGTCTGACTTCTAAACTGCTATATGTAATAGAAGAACAATACATAATTGTTGTATATATTTATGAGGTACATGTAATATTTTGATACAAGCATAAAATATGTAATGATTGTTGATCTCTTTTAATGAACAGAATTCCTTAATCATAA,False
995,-408,10.939797,-11.169033,2.5018274e-10,1.7819246,-1.8537565,0.025688661,8.313014,-8.016209,8.0967034e-08,9.479756,-9.7102,4.6334843e-09,8.522861,-8.489532,4.088944e-08,0.0051377574,ENST00000508123.1,-408,TTTATAAACATCCTGCAGGAAAATGCAGTGAAGTAGAAGAGACAGGGATATCCCAGAAGGTTATGCAAAACATCAAGAGAAGATGAGAGGTACTCTGTGATGTCGTAAGGATAAGAAAGATCAAGGGATCAGGAAAATGAAGATTTTAGCTTCATTCATCTTAACGAGGTTAACAGACATGATTTTCCCACTCTCCTTCAACACTCACATATCAATTTCATATTTGTGGAAAGTTTTCACTTACAACACTCAGTATATACCACTTAGAATTATGAAAGTATATCCTGTAGGGCAGATCCACATGCAGAAGAATGAAACTAGACCCCTATCTCTCACCATACACAAACATCAAATCAGATGGATTAAACACTTCAATCTAAGACCTCTCACTATGAAATGACTATGAGTAAACATTGTAGAATATTCATCTGGGAAAAAATTTCTTGCCCCACAAGCACAGGCAACCAAAGTCAAAATGGACAAATGGGATCACATCAAGTTAAAAAGTTTCTGCACAGCAAAGGAAACTATCAGTAAAACATAGAGGCAACTCACAGAACTGGAAAAAATAT,False
996,-1404,10.14488,-9.982122,1.8153224e-09,2.5597644,-2.963861,0.0039754836,7.4221525,-7.2688828,4.166432e-07,10.4665985,-10.168689,1.0919636e-09,1.7399236,-2.0745246,0.021574166,0.0051100138,ENST00000505731.5,-1404,CTCTTCCGGCCGGAGTCAGTGGCGGGGTTCTCGCCGGTCCTGCGGGTCGCTGCTTGGCTGTGGGTTAGCAGCACCCTGAGCGGAGCGGAAGAGCTGCCCGCCGCCGCGTAACCCCGAGGCCGAGACTCCTGGCCTGGCCTCCTTGGGCCCACGACGCCTGCCCCGCGGAGCGGACCCATGGGCCTGAGGTTTGTGTGCGGGGCCTCAGGCGAGCGCTGGCGCAGCCTGTCCCCCATCGTCTGCGCCCTGCGGGCCTGGCCCTCCCCGTGGAAGGACCGCGGGCTTCGGGGCCCCACGCTGGGGGGCTGACTCCTGCCACACACACAGCGGTGGCCGCGGGCCTGGGGCGGCAGCACAGCCATTCTGCTCGGGCTGCGTGAGCTGACCCCGCTCTCTGTGCACCTACTTTTGCTGCGTTTGGTGCTGAGCCTGAAGTCCCAGGACAGGCGGCTGAGGGGGAAAGATGGTGTGAATTGGGTGGGCAGAGACAACTGAAAGCCACAGGACCCGGTTGGCACCTTTTTGGCCGCCTGCGCCTTTGCCTGCAGCCCCGCTCCCTGGGTCACCCGAAGGAGGAGCTGGCGCTCTTTCCGGGCGCAGAAGCACCCGACCCACGCTGGAGGAAACGGTCCCTCTGGGCAGGAGAAGCTTTGGGCCTGGCTGGAGCACACTCACGGAACCACGCCAACGCCTGGCCTGTAGCCAGCTCCCACCTCCCCTCCCACCTTCTAAAATGCTTGCGGATCTCACGTGGCCGACCCTAACCAGATACACATGGGGAAAGGAATCAGGTGGCACACATACCGCCTTTACTCCATAGAGAACTTCCAATTGTGGGTCGGCACAGACGCAACCCAGTCTCCTCCCACCTCCGAGAGTGCAGTGTCCTGAATGGAGAACCCCAGCACCCAGAAGCATCCACTGAAGGACTAAATTCTACACATGAAGGCAAACGTCCGTGGTTGACAGAAATTACACTGGCCAGAATCCCCAGTCCCCATGAGGCTTGTCCAGACGCAGTGAACCAGTCGCAGCTGATAACACACAGACCATTCCCGATCCCAGAGGTGCATTTCAGGATTCATTCTATTTCATCAGAGACGGGGTCTTCCTGTGTTGCCCAGGCTGGTCTCGAACTCCTGGGCTGAAGCAATCTTCCTGCCTTGGCCTCCCAGAGGGTTGGAATTGCAGATGTGAGGTACTTCTTTGATAGTGCCTCCATGCATGCAGAAGATGACGTGGAGAGCTCCGCGCGGCACAGGGCAGGAAGCTGGTGTGCACTCTCATGGATCCGAAGCCAACACACGCCTCTCAACTGAGGACTCTGCCCCTCTGGCATTCTTCCAGCCACCAGCCCTGGGGGCCAGGAGCCACTGAGTGGGTCACACAGCCTTAGAGGGCAACGAGGGCAGGAGCTCGCCCTGGCGGTCCCCATGCAGACAAGAGGTACACACTCCCTGGCATGCAAAGCCACCCAACTGGGTTTCACTGAAGGGTGAGGGGCGGGGTGTCTACCGTGCTTTCCAAATACCGCTCAGTCACCCAGAGCTTGAAACTTACAATGAGCCACCCCATCCCAGCCACAAATCTAAAGGGGTTCACTTGTTTCAAAATCAACTTGTTTGTGGTTAAAAGTCAGTCCCAGCTCTACAGTGGCTGGAGCGGCACGTGTGAGAAGCCGGCTTGCGCTGTGAGGCTCACAAGCCCTGGGTGACCACCTGCCCACTTGGCATGCTGACACCATCATTCCACCTACCTTAGTAACTCTGGAATGTATTTTTATGACTCTAAATGGGAGAAAAATTGTTCTGCTTAACCCCACATCCCAGATGACACACCATTTTTACTTACACAACCAACTTATCAATGACTGTGAGGTCTGGTGGGTCATCTGTAGCCAAATCGCCAACGTATTCCAAAAGAAAGCCAAACAGTTTCTGCAGGAACATGAATTGGGAAATAAAGCTCAGTGCTCAGCACCAAGAACAAAGCCACAGGC,False
997,-142,7.051937,-7.049847,7.510569e-07,4.437,-4.6008077,0.00011881697,4.291005,-4.5218563,0.0001487847,1.8144358,-1.9259038,0.02319524,3.3408327,-2.9014046,0.0019417207,0.0050810627,ENST00000557373.1,-142,GGAGGCAGAGAACCGCGGGCCCGGGGGCCACCCGTCACTTTCAAGTCGCCCCGCCAGAAGCCCAGGGCGAGGAAAAGGAGAGAGACAAAAGAGCGCTGCGGGGGGAGTCCCCACACCCCCCGCGGCCCCGCACACGGCCCGGCTCTTACTCGTAGTGGCGGAAGATCTCGTTGGTGACTTTACAGTAGAAAACTTCCTCGTCGGGCCGCAGGTCCGCGGGCGGCTTCTGTCTCACAAACGGCTTTCGGTGTAGCAGCGGCATCTCCCGTCCGCCCGCGGGCTCGCCTGGACCCTCGGCCGCCCGCGCCGGCCCCGCTTCCCTATCAAAATTGGAGGGAAAGGAAAGCCGGTAAGGTGGGGAGCCCTCGGCGGCAGCGTGGGCCGGTCCGCGCGCTGGGAGAAGCTCGGCTGCCTTTTGTGTGACTGACGCGCCGCGGCCGCTACCGGAGCCGAGTTCGTTCCTGCCGCTGCCCGGGTGTCGAGCGAGCGGAGCCGCCGCCGCCCCTGCCCCCCGAGCGCGCCCTACCTCCTCTCGTCCTGCCGCCGCCTCACAATGGGGCAGGACGCCCCGCCGCGGGGGGCAGTGCGGGAGCGGCGGCGGCCCCCTCCCCCAGCGCCGGCTCCTCGCCCGCCGCCGCCGCCAGGCTCACAACGTGCTCGGCGCGCAGCTGGCCGGCCGGCCAGCCCAACGCCGCCAGAGCGCTCGCCGCGGGCGGACCCCGGAGCTGCTCCGCTTTGTTCCCGGCTCGCCTCCACTTCCCCGCCGGCGCCGGCCGGCTCCCGAGCGACCCTCACCTGCGATCACGCCGACTGCCACTTGTCCACCTTCTCCACTACAAAGGCAACGAGGGGAGACCCCGTCCTCCCAGGGGACCGCCTCTCTCCGGCCCCGCCGCGCCCCTGGCTGCCGCTTCTCCCGCTGCCACTGCCCGACTCCGCGCGGGGAATTGCGTCCCACCGCCACTTCCCCGCCTCTCGGAGCTCCTGGGAAGTTTCTGATCTACTTTCGGCTCTGAAGGAGGAAGAGCTGTTGGGAGGAGCTTTTCACTCCTCGCTTCTACCTTTTTATTGGCTACTCGATGACTTTTACAGCCTGTCACTGATACAGGAAGAGACAGCGGAGAGCCTGGGAGAACTACATTATTAATTAATGGAGCAACCCCTCGTGAAGATTCAGAAGCATCCTCCATGTTTGAGATTATCAGCCAAAAGATCTAGGGAAAGCGCTGGGGGTTCATAAACACATGGCTAACAAAGTAAAGCCTTCAAGTCTGGCACAGACTCTTGACTACACGATGGGAAAAGGGATTCCAATTACGATTTAACTTGTATTTTAAAGATGAGAAAAGAAATGAATAAGAAAATTTGTTGCTATTTTTCTTCTTCCAAATTAGAATCTATATCTCTAAAAATACTTTGCATGTTTAGTAAACATCCATCTTGAACAGAAGATACCTTGACATCAGTTCTATTTAATACTTATGGCAATTAAGAGATTTAGAAAGCAGAGGAAAAGACCAAAAAAAAAGTATGTGTTACAAAGTGTCATCATGCTTGTAGGACCCCAGCATTCTTGAAACTAACGCACCTTTAAAAAGTAATATTTACACTGCTGTAAATATTTGCAAAGTATCAATGTTTAATTCACTTAGAATTTTAAGGATTATGGATTTACTAGCGAAAATTCCCCTAAAGCAACTTTCCCATATCAGTAACTTTTATTTAGGGAAACAAGTTTAATGTACATAATACATGTGACCTTGGAATTCAATAGAATTTTCGAAACTAGAAGTAACTCAGAACGTTCACTAGATGTGTTTTAAAGTCTTTTTTGATACTGTCCTTAACATTTGCTTATTTGCAAATTAATATGTAAGAATGAGTCTAAAAGTAAGTTTTAGGAATGGTTATTCGACAAAGATGTTATTCCTATTACCAATACTGCGAAATGATAATTACAGAAACAATGTGGGATCCGTTTTATAACTTCAAATTTAAGTTCCTTTGTACTTTGGAGCAGAAAATGTAAGAAATCGAAATCAAGAGTTAGTATTTTTTATCTTTCAGGCTGGCTTTAACTGTTCATACACCTAGCAAAATAAACATTTGTGAAAGGC,False
998,-583,10.032829,-9.982905,2.0289739e-09,2.9632983,-3.6210923,0.0013798624,5.4204335,-5.190957,2.4633193e-05,1.8599931,-1.8906715,0.022962453,5.0108423,-4.5018435,7.390281e-05,0.0048881704,ENST00000427213.5,-583,GGTTGAGCGTCTAGCCCATCTCTGCGTGACTTCCGCCAGCGTTTAGAGCGTTTTCGGGGTCCGAGTTGAAGAGCAAAACCAAGTGAAGGAAACTTCACTAAGTTCAGGGTGACAAGGGAGGAAGTACAGAGAAACAGAGCGCTTAAAAAGCACTGTCTGGATATCTTCAGAGGGAAAAAGGAGAAAGTTAACTGAATTGGTGACACTTCGGGTCTCTCACAGAGGAAGACCTATTAGAGTGCTAAGGAGAAGACAAGTTATTAGCACCCAAAAGAAGCACCAGTGCGGATGGAAATACAAGGTTGACATTCGCTGAGCTGTGTTTTTTTTTTCCAGGGAAATGGTTATTCTTGATATTTTGAGCAAACTCTTCTTCTCTGATCAGTGCCCAGAACAAGGAAACAGGTTAGTCTCTCTGAGCCTTAGATTCCTGATCTGTAAAATAAAGATTAAGGATAGTTCATTTTAAACAAGGGTAATGCTATTTTCTACCCCTTAGGCTTATAAGAGGATATGTACAGAGCCTGGTGAGTTTTATATCATCTCATCTTGAAGGCAATCAAAACTCCTTCTGGGCCTCCATGACACCCTGATGGAGTGTCAGCAGTTATTAAAG,False
999,-503,5.7944384,-5.880229,8.506536e-06,4.995634,-5.3550634,3.196946e-05,4.8751197,-4.843725,6.0135786e-05,1.8653082,-1.8544161,0.023666952,5.103761,-5.177105,3.4281627e-05,0.004760369,ENST00000457283.3,-503,AGGAGGGACGTCAGTAGAGCCCCCGAAGGCCCACTAGAGGGGATGGAAACTAAGGGCCGATGGCTGCGAGTCCATGGTCAGAACTGGACGATGTCTTCAAATAAAACGGCGGCAGCGCGACCTCTCGACCTTTGCCCCTGCGCAATTGTACCCACGACGACGCCCCCCTCCCCGCGCCCCCGCTCCAGGCCCAGTTCTCTCCTTGCCCTAATCCAAAATGGCCGTTGCGGCTACAGGCGCCGGCCTTGAAAACCAGCCGCGCATGCTCCGGCCCCGCCAGGTGAGGCGGCGCAGCTCAGAGCTTCCGCCCGGGTTTGCGGGAACAAAGCAGCGCCCTGCGGAAGGCAGCCCTCGTGAACTCAGAAGTTAGTTTTCGTCTCTGGACCTTTTTATAATCGGACTTCAGCCCATCACTGTCTCGTTTTGTCCTCAGAAACGGCGACAGCAGCCTCTTCCCAATGTTGAGAGCAAAAAGTGTGAACCCAGAAATTCCGAGACAGATCTCAATTACTTGCCAAGGTTGAGGACGCGCGCGTGACAGCCTCAGGAAGTCCTCACGACATGTGCCCAAGGTGGTCTGGGCATAGCTTAGTTTTATACATTTTATGGAGACATGAGACATCAATAAATGTATGTAAGAAGTACATTGGTTCTGTTTGGAAAGGCGGGGCAACTTGAAGCAAAGGCAGGAAGACGTGAAGCAGGAAGGGGGCTTCCAAGAAACAGAAGAGACAAGTGAACATTTATTTTTATGTCTTTCTTCCTATGTGTATTTCAAGTCTTTTTCAAAACAAGGCCCCAGGACTCTCCAGATTCAATTATGTCCTTGGGCTTGGTCGACTGCTGCAGGAGTCTTAAGGAGCCTTGTGCAAATGCTAGAGTGACTCATTTACCAACATTAAACCCTAGGATAGATGCAACAGAGAAGTACTACTTCCTCCATGGAATGTGCTGATTTCAGGCGACGTGGCACCCAATGTAGAAAACGCTGGAATTTTTCCTTGGAACTGGACTGTGATGAGAGGTGCTTGCCATGAACATAAGCTACTGTCTTTTTTTTCTTTTTTTGAGACGGACTTTCACTTTTTTTGCCCAGGCTGGAGTGTAATGGCGCGATCTTGGCTCACCGCAACCTCCGCCTCCCAGGTTTGAGTGATTCTCCTACCTTAGCCTCCTGAGTAGCTGGGATTACAGGCGTGCGCCACCATTCCCAGCTAATTTTTGTATTTTTAGTAGACACAGTGTTTCTCCATGTTGGTCAGGCTGGTCTCAAACTCCTGACCTCAGGTGATACGCCCGCCTCAGCCTCCCAAAGTGTTGGGATTACTGGCGTGAGGCATCGTGCCCAGCAAGCTACTGTCTTTTCTTTGACCCTTTCCAGTTTTTGAAGATAAAGCAGGAAATAATCTTCTCTGAAAGTACTTGATAAAAATTCCCAAAACAAC,False
1000,-346,2.1884263,-2.117581,0.013307804,2.1018772,-3.123225,0.005351022,9.147228,-8.570226,2.020263e-08,6.1857657,-6.3791065,3.4925579e-06,2.584065,-2.8031142,0.004554025,0.0046432726,ENST00000600155.1,-346,GGCCCTGTGGTTAACGGTTGGAGGCTGCTGTTGACAAGGCCTGTTGCTGTGGCAGTTTTGCTCCGGAAGTGGCCATTTTCTGGGCAGGGCTCCACCAGAGCACCATCTGTCTGTGCCTTTTACTTCCTGTCAAGAGGCAGCAGGCTTCGTGAGCTGGGGAAGTGCCAGAAGCAGCCTTCGAATTAGACAGACCTGGACCCAAACCCTTTCTCTTCCCCCCACCCATTTTGGCATCTTGGCACGAGACTGTCCCCATTTCTGGAAAGGGTGTTCACAAGAACAGTCTGGCTGGGTTGTTGGGATGACCGAGTGTGATCATGCGTCTCTATGGCTGGCCATGGTGTTTATTCGATGGCAGGTATTACCAGGATGGAGCGAGTCCCAGTAGGAAGGGCCTTTAGGATGTCATCTGGTTCCACCCAACAGGGATGGGAACTGTAATTCCCCACTCTCCCTGTGGAGAATCAGGGCGGGCTCCGGATGGATGGCCAAAGGCTGCACAGAGCCCTTGTTCTTTAGCCACAGGTTGAAGATGACAGTAGATCCTAAGGAACCTCAGTTCTATCCCGAAATGCGAAGGCCTTTTTACTCAACCACAAAGAAGTGGTCAGCAGAAAACTGGTCATCCCGGCCTCTGGGGCCATGCACAGCACTCAGGAGGAGCTACTATTTTCCCTGCCTGTTTACATGCGGCCTGGGGCCTTGTGGGCTATTTGAAAATTAGGACACGAGAAGTCCAAGCAGCACCTGACTGGGAGCTCCATGAGGTCCGAGACAACCTGAAGACGCCCAGCTCAGCAGAGACTGGCTACGGCAATCACTCAGTAACTATTTGTTGAATTGGACATAATAGAAGAGCTGAAGAATTTTAAACAAGTCACCATCAGTGCAGTGGATTCCTCAAAGCAAACCTGGAAATCTCGGCATGAGTTGGATTTAAGGCAGTACATTTTCAGCTCCTGAAAATTTGAACAGTTTCTCAAGAGAACAACTTGAAACAGAAAGGCAAGGATGTAGATGTGGTTGTAGAAGATGATGTCTGCGGCCACCAAACTGTCCACTGTGAAGACAAACCATGCATGTTTAGTAGGCAGTGGCTCCTCTTCCC,False
1001,-1407,3.7945912,-3.9350877,0.00043939197,4.6079984,-4.686614,9.190963e-05,4.1510854,-3.8765347,0.0003262174,1.938178,-1.8622262,0.021872625,9.119458,-9.104079,1.2179186e-08,0.0045460314,ENST00000509295.5,-1407,GTAAGGGAGGCTCTCTTTGCTAGCATGAGTCTGGTGCTCACTCCTCAGCCAATGAAATCTCACCAAATTTGTGGAGTTTGGGAAGAGTTTGACAGCTACTATGGCAGTCATGTGGACATCCTTGAGCAGCTGAAGAGATGCCCTGCCCGGAGAGGAGGAATCTAGAGAGGCAATCTGGCTACAGTGGCTTTGCCGAGCTACAGTGGGCTCTACCCAGTTTGAACCTCCTGGCAGCTTTGTTTACACTGTGAGGGGAAAACCATCTACTTAAGCCTCAGTAATGGCAGACGCTCCTCTCTCTAAGGTCAAGTGTAACTGTTTACTTCAGACTGTTGTGCTGGCTGTGAGAATTTCAAGCCCGTGGATCTCAGCTTGCTGGGCTCCATGGGGGTGGGATCCACTGAGATAAACCACTTGGCTCCCTGGCTTAAGCCTTCTTTTCAGACACAGAAGAAAGATGATGATAAGAAGCCATACATTGTAAGACATTTAGGCTCACTCAGGTCATTCACAGTTCTGTTTTTCCTTTGACTGGACTAAGCTCCAGCTTTGAATCCAAGTGGTGCAGTTAACAAGGAGGAGCAAGAAAGCAGGACAAATAAAGCAGAGAGCTAGTCACCAGAGGGATGTGTTTGATCCAGCACACCCCTTCTCTTCATAGCAGAGAATCGACACCCAATCAATCACAGCAAAGTACATTTCACAAATTTGGAGTAAACTTTTATGTGTACTCAAGGGAGATGTTTAGAAAGGGTTATCTTCGAAGAGACGCTTCAGAAAGGAGAGAGAATTTGGGGAACCTTTTCCATGATTTGAAGAAGACGGCAAGAAGCCTCTCAACACATGTTGGCACCTCCATATTGAAATTCCCAGCGTCCAGAACTGTGAACTAATAAATTTCTTCATTGTAAATCA,False
1002,-167,2.295698,-2.2451215,0.010552132,2.614923,-3.6202433,0.0019554715,8.934428,-8.373888,3.0415446e-08,5.7054033,-5.8924885,9.185347e-06,2.1447392,-2.4389908,0.010113394,0.0045260424,ENST00000559841.1,-167,GTTTATTTTGAATGAAACGGGATCTTACACTCAATGAGCGGTAGGTTTAGTTGTGCTTTACTGTTTGATTTTGCATCTGTATGCCTGCATATATCCTCTACAAGAGATATTCTATCTCTGTTAGAAATTTATTTTCTCCATTTATTAACAAAAGACTAATATATATTGAGACTATCATAACTTTGCTGCTTTTATAGATGCTATTCTAAAAATGTGAAATATGCCTTTGAACTGAATTGGAAACTTTTATTTTATTTTTTATTTTTATTTTTGAGACAGAGCCTCACTCTGTCACCCAGGCGCGATCTCGGCTTACTGAGAACTCTGCCTCCTGGGTTGACGCCATTCTCCTGCCTCAACCTCTACTACTACAGGCATGGTGGCAGGCACCTGTAGTCCCAGCTAATCAGGAGGCTGAGGCAGGAGAATGGCATGAACCCGGGAGGCGGAGCTTGCAATGAGCCCAGATGGCGCCACTGCACTCCAGCCTGGGTAACAGAATGAGACTCCGCCTCA,False
1003,-1366,7.987529,-8.22646,9.0856055e-08,5.148235,-5.310269,2.8702325e-05,9.874776,-10.04491,2.2335236e-09,3.295026,-3.6820452,0.00093216205,1.8394576,-1.9963279,0.021128338,0.004417859,ENST00000439558.5,-1366,GCATGGATCACCGGGATGAAGCTGTGCCACCCTGTAGGAATTAGAAGACCATGTCCAGGAATTGAGCACTGGGTGCAGGATCCAGTCTTCTGAGGCCCTGAAACCACATGGTGAGAAGTTGAAGGTCACACAGCTGGTGCCTGTGTTCCTGCTCGGTTTCTGGATTGCTTGGTACTTAAATGAAACATCTTATTAATCATTTCCCGGGAATGCTGTGCAGGCAAAAGGAAAACAAAGGCATTCAGGAGCCACAGAAAAGTGTACTGGCTCCTGTCCTGGATCAACTCAGAAAATGAAACACATCGGATTCTGTCCAGGCCGGGCACAGCAACCTGGCCCATCCATGTGGAGCCTGCAGTGACCACTTCCGCTGTCTGCACAAAACTGGAGGGAGGCTGGGGGTGCTCCAAGTATAAGTTTCCTCATCAGCAAACCGGAAAGAGAAAGACCGACCTGGAGGCTGGTTATGGGGATAAAATAAATATGTCCTTATATATGTGTATAAAGCCCCAGCACAAACAGCAGTCGCCGCATGGGTCAGGGAGGCACTGCTTGGAGCCTTATGTGACCGTGTTCTCACATTATCTTCCAACTGGTTTGGGAGACAGGTACTGCTATGATCTCTGTATTACACAGAAGCAAACTGAA,False
1004,-868,1.9131391,-1.9115729,0.021358576,3.5765023,-4.3685703,0.0003542786,9.478888,-8.956293,9.856047e-09,5.865294,-6.014384,6.929765e-06,5.2370563,-5.417964,2.3581611e-05,0.004348675,ENST00000423031.1,-868,CAGAGGGGAAGTGAATGACCAACTGGGTAGGCTGATGAATATTTTCCTGGTAAATGCATAACTTTCCCCACAACTGTGATGCTTTATCCTTTGACATTAAGAATGCTGTTTGCAGAAGTAACATTCCTTTGAACACTCAGCTTTCTGAAATGGTGTCCCACCGCAAGGACTGGAGAAGGCGCCCATTGCTAGTTGCTTCCTGGAGGAATTTCCCAAAATAAAAGTGCCTATCCACAAATCCTTCTCCTGAGGCTGCTTTTTTGGAGAATTCAAGTTAAGGAAGATTTCTATTGGATCAGTATATGTACATGAAGTTCACTTTACTCTTCATTCCCAGTGAAAATGCTTTGGCAATTTTGAGACTTTACTGAAGACTCTAAGGAGGACCTGTATCTGTTGGGATCCTCAGGGCAAGCCACAGAAACAAGCTTTGGATACTAGAAGCAGAAAATGGAGATATTGAAGACTATTGTGGAGTTTACTGTGAGCCA,False
1005,-1097,1.9322746,-1.8945279,0.021314923,3.8292089,-4.7670045,0.00018477012,8.260743,-7.7103214,1.1583898e-07,8.003394,-8.225691,8.9494904e-08,5.571787,-5.7731776,1.182876e-05,0.0043023457,ENST00000428044.5,-1097,CTGTTGTACAGCGCCTCATTTTTTACAATGTGGGCCAGTAACTATTTCGTATCACCTACTCTGACCACCTTCAGGGTTGTTATGAGGCTCAAAGGAACGGCTGCTGTGAAAAAACATGCTTTGCAATTTATGAAGCACTGGATAAACATCAGGAACGGTATAAAAGCATGCTGCTTACTCAAGAAATACTAGTTGAGTGCCTGTGTGTTGGGCACTGGCTAGAGATAAGGGTCTCCTATGGACAGAAGTGCGGGCAAGGAGCTTTGTTCCTCCCCGATGTCACCCTCCCACAGCCCACTTGCTAGCAGGCAAGAGAGGGGTGGAGGCCGGCAGTAAGGCATGTACTGAACTGGACCTCTGGTGGAATGGGTCACCCACGCTGGGCTTGATTCCACATATGGTATCTGAGACTCACACAGTG,False
1006,-291,4.418888,-4.488757,0.00013533187,10.230855,-10.451775,1.0414742e-09,9.488023,-9.345716,6.6162293e-09,1.9920529,-1.894469,0.020104112,3.4096632,-3.3356223,0.0011750305,0.0042828964,ENST00000423704.1,-291,CAGCCAGTGCTGCAGGTCAGGGGCCGCCATCCCCCAGAGCTGCTGTGAGACATCGACCAGCACATCAGTGGGCTGCTTTCCGCTGGTTTTATTTGCATGTATTTTGGTCTGTTTCCCTACCTAGAAAATAAACTCCCTGTGGCAGAAGTTTTATCTCTCTGCTCCCTTCTTGGTTCCCAGCTCTTGGAACAGAACCAGACTTCTGGCCGGGGCTCAGTCAGTGCTTGCAAGATGTTTGTTGGCACCAGGCTGTGCCAGGAGAGCATCATTATAAACTGCTGATCTACTGTTTCTTTGTCAAACGGGAGGAGATAACATGAGGGTCATGAGAAATGTTTGCAGACGGAGTGAATGCCTTGAAAGTGCTGCGACCAGGTGCTGACACCCGGAGGTCTGGCTGCTCAAAGTGTTAGCTGACACGGAAGACACACGGACTTTCCCTCCATTCCCCAAAACTCCCCTTCCCTGACTCGTCAGCTGCATAAAAACCCTCTCCTTATCTCTTTGTCAAGGGGATTTGAGAAATCTTGCTGTCTTGTCTTCTTGCTTTGGCCAAATGGAATAAACCTTTCTCTGTCTCCAGA,False
1007,-145,1.8566594,-1.9945416,0.020811854,4.033521,-4.3172913,0.00023614867,4.22802,-4.3372917,0.0001905679,4.4052176,-4.530009,0.00013165073,6.2333264,-6.251982,3.7817927e-06,0.0042748,ENST00000554129.1,-145,GTCCTTAGTACTCTGGTTTCCACAGAATAATCCTCATGCAGTGAGTAGTGGAAGTCAGGAGGAATAAACTGCCTAGATGTCATGAAGGGAAAACAATGCACAATAGACTTGTGCAGAATCTATTCCTGTCCGTTTCCCTGTGAATCCAGATTGCTGAACACTGGCCGATGTCTGAGCTGTGGTTTCCCCCTGGATTTGAAATTTAGTTACTAGAAGACAATGCTTTTGAATGGCTTCTTGGCCATGACTTTCACAGGGCCTGCTGGCTGTTGCCTGATGATTGTCTGATAGGCCTAGCCCCTTGGCAAAGCAATGTTTCATTTGCAAAACTACGCTTGTCCGGTGCCTCCTGGGAACTGAAAGCCTGGCATCAGCAGAGGAACGCAAATTGGGCAAATCACGGATCTCCCAGGCGTGCGTTGCTTGGGGGCCATGGTACACAGCACTGCTAAAAGTCTAGGACAATCTATGTGTTTTAGGAGCAAACCAGTGCCTTGCACTTCTAAGCTGTATCCTTTGCTCCCTCCCTGAGAGGCAGCCGTGTGCTCTGGGCTTCCTAGCCTTGTATGACCTCTGAAAATATGACCTGAAGCAGATGGATGCACTCACATAAGAAACATCACCTGTGGCCTTCATCGAAAATGGGCCTGCTGCTTGAAGAAGTTGGGCTCTTGGAGTTCTCTAGCACAGGGGCCATGAAAATCAATGACTTCCTTGTTTGCTGACGGAGCAGAGGTAGAATCTCTTGGTGTTTCCACGGAGAAAACACTGACCATGAAGAGCCAAGAAAGATGACATGATGAAGCCATCAGGGGAAGCACCAAACATCCTCAACTCTGCTCACCCATGGTTTTCTCCCGCCCTCCCAGAGCTCCTCCTGCGTGAGTAATGCAGTGTGTGCTGGTGCAGTGTCTCACTGAAAAAAGAAAGAAACCCTGATTTGCAGCATTGGCCAATTTCTGTAGTGTAAATACTCCCACCATAGCAGATTTCAGGTTACCAAGGGTTTCACAACTGGTTCACAAGTCTTGACTGTAATGACCAGCTCATGCAACTCCAGCATCTCATCATCTCCGCCCTGTCCCAGAAAATCCCCACATCACACCCAGGCTGAATATCACTTTCAGCTTCTCAGTCAGAAGGAGAAGTGGTTAACTATGCCAGGATGGTAATGACTAAATATCAGAATGGTGAGTGTGGAGGGTCAGGATGTCTGCCAAATTGGAGATGACTCTTCACTTCTCAATCTTGGTGTCTCATCTGGGGAAGCTGGAGGGAGACATGCACAGCTTCTCATGAACAGTCCTGGAAGCCCTTACCCCAAGGCCTCATGGGGCTCTCTCCAGGGCTTGCTCTTTGTCACTCCTTTAAAAGCCTGTCATTCATTGCCAGAGAACAGAAGACTCCATCCTAAGGCCAAGTTGAAAACGGCAGGCTTGGGAGCTGTCTAGACTCTGGGTCCTGGCTTTTGTCTTGGCTGGTGTCAAAATGGACTCTTTAAAAACTGTCCTCAGGAAGATTCCCCATCCAACTCTGAACAGCCTGGACTGATCTTTTTCTGATTTTTAGGGGTCTTGTGAACAAGAGTCAGGTGGGCGGGCAGCTCTTGTAAAGCTGAACATAACCAAATTTGTCCATAGCCTGTGACAGCAAAGATCACAAAATTCTTCCCTCCCCTTTAGGGCCTGGGAGTGACGCCGAACCAAGGGGAGGATAGTGACCTATTTTATCTCCCAAACATTGGGCAGCCAGTTGCATTTGCAGATTTAAAATCCACCCACACTACTGCAGTTTCTGTTCTCCTGCCCCCCCGAGCATACTTCTGGCTGGAGCTGGTTTTGTAAAGTGGAGTTGGCTGTGGGTGTGGGAGTCCTCCTCGGAGAGCCTGGTCTGACAGCCCCAGTCAACAGCCCTCCCATGGGCATTTGGGCTGCTCCAGTCCCGGCAGGTGCACAGCTCAGGGGAATCTGGTTTTGTCTTGGTCTCAGCCAGGGAAGTCTAGTTAAAGAAAGAAAAGGTTGGCCGGGTGCAGAGGCTCACACCTGTAATCCCAGCACTTTGGGAGGCTGAGATGGGCAGATCACGAGGTCAGGAGTTTGAGACCAGCATGGCCAACATGGTGAAACCCCGTCTCTACTAAAAATACAAAAATTAGCTGGGCGTGGTGGCAGATGCCTGTAATCCCAGCTACTTGGGAGGCTGAGGCAGGAGAATTGCTTGAAACCAGAAGGTGGAGGTTGCAGTGAGCCGAGATCGCGCCACTGCACTCCAGCCTGGGCAACAAGAACAAAACTCTGTCTC,False
1008,-444,3.2728686,-3.2330809,0.0014922908,3.065086,-3.659973,0.001199011,6.206984,-6.1185637,4.436909e-06,2.0743906,-1.954149,0.017488996,3.3763518,-3.4523938,0.0010810447,0.0042531556,ENST00000425358.2,-444,GATTTGGAGTGCTGGAGCGAAGAAGAGCAAAAGCTGCGTTCTGCGCGCGCCCGACTCCGCTGCCCGCCCCGCCAGGCCTCCGGGAGGTGGGGGCTGGGAGGCGTCCCCCGCTCCCGCCCCCTCCCCACCGTTCAATGAAAGATGAACTGGCGAGAGAAAGCGTTTGATTTATGAGCGTAGGACGAATCGCATCCAGGAGCTGCGCAGCCCTGGCCGCTGCCGGGACGCCCTGCTCCGCGCTGAGCTTGGGGCCAGAAACCAGCCATAGTCCCCACACTCCGCCGCCGCAGCTGAGATTTAGCGGAGGAAGGGGCGAGGGAAGGTAGGGAGCAAACCTATGAAGAAACATCGCGTTGTCATTGGAACTTCCAAGCCTTTGCTGTTAAGAGCCAGGTTCTTAAATCAACCCGCCCCACACACATGTTGCTTACATGCTGCGTTTTCTCACGGTCTGTTTTGCCTGAACCCATCAACAGCTGGGAGATTAATCAACCACACTGAAAATGTGGAGGGATTTATGGGGGAGGGGGTTGAAATGTGGGTGTTTGAAACAAAAGTGTATAAACAAATGAATTGTTGATAACTTAGTTATTGACCTGGAGACTGGTAGCTTATTAAAGAAACTCCGTGTTACTCA,False
1009,-743,5.123497,-5.0423245,3.846124e-05,1.9061164,-2.4390125,0.0128037715,3.8754146,-3.5281627,0.0006086993,2.5242395,-2.3842924,0.007329204,4.060153,-4.2875457,0.00023688514,0.0042034043,ENST00000560800.5,-743,AATAGACAGCAAAAAGGTAAACGTTTGCCTGAAATCCGCACGCCAGCTCCACCGCCCCGCCCGATGGTCCCAGTTCCTCTGGGAATCGTCCTGTATGCAACATCTTCACAAGAGTGGCAGGCAGTTGAATCTCTGGCCTTCGTGGGACCACTGGACATCTGGCAGAGAACCAGGAAACCACGGTTCCCTTCTGTGAGTCCCTCAGCCGGAAAACTACAAGATGAGTGTAAGGCCATTATCATGGACTTTTTCCCCAGCTGCAGGTGATGGTCTTGTTTTCCCAAGCTGCTACAGAGCTTCTGCAGCTCCAAGCATGACCACTATATTTGGCTGCTTAAAAGCATAACAAGGGCAGAAATCATAAAGGCTTTGCCCAGAGGGCCTTGATTGTCCTTGCCTTCTTGTCCTTTGGTGAGAACTTCATTGGTGGTGGCTCCAAAAATCAGGAGACTTTCTGTGATGAATTCACCATAAGAACGTGGGACCCAGCCTCCCTTGAAGGACGTCCTATATGATGCCTGTTTCCAAGGGAAGAAGTAAAGTCAAGAA,False
1010,-1463,3.9637163,-4.25937,0.00026831345,6.6305246,-6.6358714,1.7317167e-06,8.698911,-8.3949,3.769226e-08,4.299479,-4.277461,0.00018836503,1.8448936,-2.0220556,0.02049334,0.0041903574,ENST00000487102.5,-1463,GGAGGGATCGGGTTCTCCTAGGAAGTTTCAGGGAAACGTTGTGTTCTGTTAGTCTTGGAGGCCAAGGCTGAGTGGGTTTATCTCTGTGCCCCTCCAGTGACTTCAAAGAATGCCAAAAGTCTCTCGAGTGTGCCTGTGTGCACACACAGACACACACAAAGCACATCTTCACAATGAAATCTTCACAAGCTCAGAACCATCAACTTGCTACACTGTGTTCCTCCAGTGCCCAGTTCACAGGAAGCACTCAAGAGTAGGATCAATTGTTATCAACCTCTAGCAGATTATTGAATAGACGGTCGTTACATGAAACTGACACTCAGTTCTTCATGGTCCACGATAGTTCTTATATCCAGAAAACGTACTTACGTTATCAACTCTGACTCCATAAGACAACTTTGCAAAGTCTTGGCTCATAACTATGTAAGCAATGAGATAACTTAGTTTTCATTTCTCACTTGTTACTTACAAGTAAACAGCCCTGCAGCTCAGCTGAGCTACAGATTAACTACAGGTAATCACTTCAGCGATTCTGCTTTACCCATGCCCAAGATTTTAAAAAAGAACCTGACAGATCATTAAATTTTGAGATTTGCTTTTTAAAATGCAGGTTCCATAAAGTTACGCTGTTTTGCTTATATATACAGCAACAAATGCCTTCTTAGATATTTACTTTAAAATTCTAGTTTCCTTACCATGTATTAGCCAGATAATCTGTCATTTTTTAAATTCTGAAATTGTACATATATAAATTAATGTAC,False
1011,-1315,2.574954,-2.9490242,0.003974087,6.372808,-6.2464633,3.3076433e-06,2.0981615,-1.9962571,0.01639225,4.4608655,-4.670663,0.000108188324,5.2313943,-5.3453445,2.550174e-05,0.004100667,ENST00000412224.6,-1315,CTCCGCGCGCCTGCCCACGCGCTCCGGTACTCGCTGCTCGCGGCTGGCCGGCTCGGGATTCCGGGCTTTCTTCCCGAGACCGCGTCCCCCAGCTGGGCCGAAGGTGGACGCTCAGGGGCTGGAGGCTCAGCGGAATCCCCTGCGTTCAGTAGCCCCGCTCTCCCCTGTCCCGAAGGATTACTCTGCCCCTCAGCGGTTCCAGTGCCCTCAAAGCAATCTGTCTCTGAAGTACTGGCTATCTTCTGAGCGTGTGCCAGAAGATCCAGCTTTGTTGAAAAGCGAAGCCGTTAGTCCCTTAATACAAAGGAGACAAATTGATTTATGCCTGGGGCACCATCACCAAAAGAAGAGGAAATGGATGCAAGCCTTCCCAGAACAACAGAAAGAGTCTCGCTCTGTTGCCAGGCTGAAGTGCTATGGTGTGATCTCAGCTCACTGCAACCTCCGCTTTCTGGGTTCAAGCAATTCTCATGCCTCAGCCTCCCGAGTAGCTGGGATTACAGGCACATGCCACCACGCCCAGCTAATTTTTGTAATCTTAGTAGAGATGGAGTTTCACCATGTTAGCCAGGCTGGTCTTGAACTCCTGACCTCAAGTAATCCGCCAGCCTCAGCCTCCCAAAGTGCTGGGATTACAGGTGTGAGCCACTGTGCTCAGCCAAAAAACTTGCATTTTAAAGAAAGTTTTCCAGAACTGGGCTTGTTCCATTCAATAAGTAGATTGAGTTACAACTATGCACTTAGCTTCATGTGACACTGAAGGGAATATGAAGAAGAAAGAAGACAAATTCTGCTTATACTCTGATAGGACGACCTCTGCTATTTTCCTTCTGAAGCTTTGCAGAGAGCAGTGAATTGTAATGAAAGGAGATTTGGGAGTAAAGACTCCGTGAGGTATTGAAGTCTCTAGGGGAACCTCATTATAGCATTCCTCTTCCCAGCCTGGATTCTGAACAATTTGAGAAATAAAAAGCAAATGTGAAGCACACTGAGGCCAAAGTATCACCTTTAGAACCAGTAAAGATGAATTGGAATTCCAGGCATGGCAGGCCAAGGCAGACATCATCCTTAGAGGCAGAGTCCCTGGAGGGGAAGAGGAAGGAGATAAAGCTGAAGCAAGCAAGCCAGGGCAAGTCACTTTGACACCCCAGGGACAGAAAGGGACCAGGAGTATGGTCAGCTGCAACTAGGAACTGGGGAAAGATGTTCCCGCATCACTGGTTTTTTCCGCTCCTCAGATGCGTGACGTTGGATGAGTCCATTAATCCCTCTATCCATTATCATCTTTTCTAAACCAAAGGATTTTACTAGATCATCTCTGAAATTTCTTCCAGGTCTACAGTGGTATGATTATATAAATTACTAGACCCATAGTAAATCATCTAAGAGCTCATATGACCTTATTTAGAAAGGAAATTACAAATCTTTTACACTTGGATCTGGAATTGCTTTTGTAAATGTGAAGCTACTATGAGTTGAATTACACTTTTGTTTCAGAGATTGACTTTATGAAGATCCTTAGGAAGTTTTAAAGTTGAATAAGATTCTTCTTCTTACCTTTAATCATCACTTTTACATCTCATTTGTGGAGAATCAAAAGTCACTGGAATCAAAAGTCACTGACCCACAAAGTGTCTTCCTCTTGCAAGATGGGCAAATGGATCCACAACAACATAAAACCCAGCATCACACTGACGGTTACAGATCTGTTTCTGCCGGGTTGAGTCTCCTGGCCACCAGAATCCCAGAGCTCTCACCCAGGCTGAGATGCAAAAGCCACAAGCACAGTGGGGAGAGAGGAAAATAAGAGAAGGAGCCCATGACTTTGAGATGTGAAATAAAGGAGAACCAACAATACTCTGTGCCTACTCATGAGCACCTCGGTGTACTCCAGAACTTTCATTTCAAAAAGTTAAATAGGAACCTTTGTCCAGAGATTGGCTCAGATGTTCTCATTAGATCTTAGCTTGAAGCCTCTTCTGCCAGTTCCTCCCTGTTTTTATAGTAAGTCTCATAAGGCATGGTCCTGGACCCACAGCCCTGTATCATATGGAAAAATGATGCAGGCCGGGCATGGTGGCTCATGCCTGTAATCCCAGCACTTTGGGAAGCCAAGGCGGGTGGATCATTTGAGGTCAGGAGTTCAAGACCAGCCTGGCCAACATGATGAAACCCCATCTCTACT,False
1012,-934,4.7717466,-5.1247196,5.034977e-05,6.59848,-6.396302,2.2721483e-06,7.78219,-7.5580254,2.1768518e-07,6.467889,-6.204179,3.1375423e-06,1.9044517,-1.9702413,0.020338472,0.0040788897,ENST00000416218.1,-934,GGCCATTTCTCATGGAAAATCAGGAAAAGAGAATGAAACATTAATTTTCATGTTGAGTTATTACAGACATCAGCAGTATGGACCAAGCACCCATGAGATAACGAGTCCTGAACTGGGCACCAAGAGAGGGTCACAGATATAAAGAGTTTGCCTTGAGTCTCAGATGAAACTTTGAATATTGGACATTTGAGTTGATGCTGGAACAAGTTAAGAGTTTTGAAGACTATGGGATAGAATGACTATATTCAACACTGAAAGAACGAAGACAATGGCTCTTCCAGAGGAAGAAAGATTATCCTGTCCTGGCTATCTTGTCTATTACCAACATTCCAGGATGAAGAAATATGGTGATACACTCAGGCCACTGGAATGGCCTCCAGTACAGCAGTGAATACCAGTGGAATGCAACTTCTTTTGCTTTAGAAGACAAGCTCTTAGCAATGTCAAGTTTCCAGGTACGACCGAGAGATATTCAACATATTATAATTTCCACTAAGATGGGAAACATTTCCTAGGGGTTATTTCTCTTTGACAGCAGAGAAGTATCCAAGTTATTCTAGATAATAAAGCAAAGTTTTCCTCAAGTCCTGTATTATATGAGACTGCTGTTTCTGAAAATTATAGTCCCACAGCAACCTACGAAGTTTAGAGATCAATATTTGATTTTTCTATCTTGCTAAATATTCTTCAAATCAAGTATTAGTTGTCCCTGTCACTCAGCATGAAGAAAAACTGTGTTAAAGAGGACCTGGAGAAGTAAACTGACTACTGACTTACCAGACTCCAGAACTATAACAAGTAAATTTCTGTTGTTTATAAGCTACCCAGATTATCGGGTTTTGTTTTAGCAGCCCAGGTGGACTAAGGCAAGGGTTCTTTTTGCTTTTTCCATATATTTGTGTTTGTGTATATGTATATGTGAGATAGAAAAAAAGAATTTGTTATGATTCATCACAGAGTTAAAATATTTTAAGAATATAAACTTTTCTACAAAAATGTAATTCAAGTTTTAGTGAGAAAGTTATGTAAAATGAATGTATATAAAACAACTCTTCCTAGAGGACACCTGTTCTGGCAGGTGAGAAACTGATAGCGATGTGCTGCACTGAGAAGATAAATGTAACCAGCATACTCAGTAGCATCTTCATATACTTCTTTTGGAGGAAGCTCATCAAACTAAGGTGTGGCTTCCCCACTCAGGCCTTTGCTGGCGATCCAGCCTCACTATTCTTCTTTCTTTGTGCTGTTACTCTTCCAGGTAGCCCTCTGCTTTTGATCACTAGGTTTTTCTTTTCCATCTCTGTATTTCCTTGGTAGAAGGGACAGTATGAACAAAGCTGGAATTCAATCTGTTCACACTTTTGTACTGAAAATATGTAAGTATCCTTCAATACTATGTGTTATATAAAAAATTACTAACCATAAAATAATTGTCAGGAAAACCCAACCTTCCTATTGACAGTTTTACCAAAGCATCAAAAATAAATTTGTTTCCAATAAAGTGCTTGATCCTTATGCATACATGCAGGGCAACTACTGAATCTCCAATCAGTGACCATGAATAATACTTTTGTTTTTTGGCCTTGAACCTATTGCATATGTTCTAGCCACTTCCTCTTCCTGGGGAAACATTGATTTTCTTATGAAAAACAGCTCTCCAATCAGGAAATGGTATGTGCCTTATTAAGAAATACTTTGATCTGAATGTTTGTGACCCCTCTAAATTTATGGGTTGGAATCCTAACCCCCAAGGTGATGTATTAGAAGATGGAGATTTGGGGGACATGATTTGGTAATGAGGATGTAACCCTCATGAATAGAATTAGTATCCTTATAAATGAGGAACCAGAGAACTACCTTGTCCCTTTCACTATATGAGGACACAGCTAGAGGACACCTTCTATGAATCCGGAAATGGATCCTCAACGAGACACTTCATCAGCAGATGCCTTATCTTGGACTTCCCAGCCTCCAGAATTATAACAAATAAATTTCTGTTGTTTATAA,False
1013,-706,2.092186,-1.9714901,0.016895372,4.016379,-4.5545106,0.00018950806,8.393169,-8.061469,7.142345e-08,4.867141,-4.560823,8.0436395e-05,2.858057,-2.8978007,0.0031542117,0.00406392,ENST00000554058.1,-706,AAGAAAGAAAACTCAGCTAGGAATTAGAAACATCATTTGTCCTCTTGGCCTGTTCAGCTGGTGACTGTAGTCCCAGATGTCTATGGATTCCTGCGGGTCACCTCTCCTTTTCCTGCTGCCATGCCTCCTCCTCCCCTGGTCACTACCACACCACTGAAAATGAGGGGGTCTTGGCGGTGCGAAGCTACACTTCTAGCCACGATCTTGTGGGGACTGGCTGGGATGAAAAATTTGATGAAAAGGAAACTTGGGACTCCGGAGGACCAAGATGGAGCGAGACGGTCAATACTGATGGACTTGCAGCTAGCACCATGGCAGCCCTGCCTGGTCTAAGGAAGCTGGCAGGAGGCGATGGTACCTGGCGGGGGCAGACTGCCCACCTCCCCACTCCTTCAGAGGACTGTTTCCTGCCCTTCACACCATCATCATGTTGGGCCCTGCATGTATGTTCCTGCACTTGGAGCGAGCCCAGGGACACAGGGCAGACACTGGGCTCACAGATGTTGCTGCAGCTGAGCCAGAAAACATTCCAGGCAGGAAAAGCAGGTGCACACATTCACACAGGCCTCTGGTCACTCGACCAGCCAGAATGAGACGGACTCCTTGACCTGGGAAGTCAAGTCCCAGTGGGAAGGGCTGGAAATCACACGTGGTCAACTTCTTGGCTCTCTCTGCTCCCCAAACCCTGGCCCTAGGCTTGCTTTATCATCACATCCCAAGGCCAGAGGGCTGCTGCTGTCCCCATCTTGGCCCTGCTAGAAGAGGGATAGGGGTGGCTGGCATGATGGGTGAGGGGAACATGAGAATATGCAGAGGCCTTGGAGGAAGAGGACTGGCAGTTATGACAGGAAGGCTCTCTATACCTGGCTCC,False
1014,-273,4.935052,-5.073716,4.5001572e-05,4.8249197,-5.0458837,5.1658517e-05,3.3733158,-3.1984513,0.0013973676,4.3224926,-4.461505,0.00015314113,1.9763244,-2.0357304,0.017774519,0.0038843374,ENST00000594299.1,-273,CCATGTTAGTCAGGCTGGTCTTGAACTCCTGGTATCAAGTGATCTGCCCGCCTGAGCCTCCCAAAGTGCTGGGATTACAGGCGTGAGCCACTGCGCCCGGCCCCTGTCCTCCCCCTTTTACAGATGAGGCAGCTGAGGCCCAGAGTCACAGGGCTGGTGAGGAACACAGCCTGGATCAGAGCCCAGGAAGCCTGGGTCAAGGCTCACGTCTCTTGAGTGAGGGGCTCTGCCCTCCTCCATCCTGTTCTTTGTAGTGTCATCTTTCATGACCTACATGGAGACATTCAAATCCGGGGATGACACAGAGCTTGGAGGGAGAGACGTGTCAGGAGACAGAAACAGTGTCCCTGGAGATATCAGCAGGCAAGTGTGCTGAGCTCACACTGAGAGCCAGAGGGGATTCTGAAAACTAGACTGATGATTAAAACTGCTTAAAAACTCAGCAGCCTCCCCATGCTCCCGGGATTAATGATGCAGGCTCACATTGACTACACACGTTTATACCAGGCGCCATGTTCTTTGCCGAAACTCCCGCTCAGAGCCTGGATGATCTGCCCCTCACCTCTGCCCTCGTTCCCATCCACTCTCCCCTCCTTGCTCTGTTCCAGCCACACTGGCCTCTTGCTGTTCCTCACACTCTCCACGTCCAGGCACACCCCAGGGCCTTTGCACTGGCTCTCACTGCTGCCTCCAGTGAGCTCCCTCCAGATCTTCTTGGGTGCAGCTCATGAGGACTCGCTCTAATGCCACCCCCTCAAACAGGTCCTCCTGGCCTTCAGTAGCCCAGGCTGTCATTCTGTGTCACTGTACTCTGTTCCACATCCCGTGTCCCCCATGGGAAACAGGTGCCACCGTCTTAGTCACAAGGCACTTGTAACGTGCCTGGCACACAGGGCATGCTCCATCCTGAACATAAGACGTGTGGATCTTGTTTGATTCTCACGTGACCCCAATAAGTAGATACTATAAGGCCCCCACTTTTCAGTGTGGCCCAAGTTGGGCCCTGCTGAACCCTGTTACCCTCCTCAACAATCACCCGTACACACTGCTTCCTCTGCCTGGAACCCACCCCCCAACCCGCACCCCCACTCTAGGCCCACTCCTGCCCACCCATGTTAATTTGCTGGGGCAGCCGCAACAAACTACCACACACTGAGTGGCTTAAACTGCAGAAATGTATCATCTCACAGTTGCGGAGGCCAGAAGTCCAAGTTCCAGGCGTCAACAGGGTGGTTCCCTCCAAGGGCGGTGAGGGAGAACCTGTTCCTGGCCTCCCTCTTAGCAGCCGGTGGGTGTCAGCACGTAGATTCATCACCCCCGTCTCTACCTCCTCTTCGCATGATGTTCTCCCTGCATCTGTGCCCACATTTCCTCTTTCTGCAAGGACGCCAATCTAACGGGATTAGGGGTCTACCCTAATGACCTCATTTTCACTTGATTGCCTCTGTAAAGACTCTGTCTCCAAATGAGGTCACATTTGGAGATGCTGGGGCTTAGGACTTCAATGTAGCTTTTTGTGGGGCCCCAGTTCAACCCATAACACCACTCCTTGGGTATCAACACAGACACGCCTTTCTTGCAGAAGTTGTCTGAACCCCCACACCAGGCTCAGCCCACCCCCAGCACCTGTCCCAGGGCACAGCGACCGCCACTCCCTTGGCAACTTGCTTCCTCTCTGTCACCCCCATGGGGCCCAGAACAGAGACATCCTGAACCTCACCCAGACCACACACTTAGTAGGTGCTCAGAAGATGTACCTGGAGAGACAACAACCCTATCCAACAACAGCTTTCCCAGTGATGAAATCCAGAGATGGCTTGTATATGTGTGTGTTGGTGTAAACATATGTAAACTAAGCATATAAAATATCAGCAGGAGACACAAATGAAA,False
1015,-157,6.5958853,-6.6506987,1.7663668e-06,6.952746,-7.3368316,6.2246517e-07,3.1889594,-3.116318,0.001823309,2.2860444,-2.1440804,0.011772754,2.4487987,-2.71397,0.005693228,0.003858336,ENST00000555562.1,-157,GGGGCACTGACCCGCCGGGGCGGACCCTGCCCGCGCCCCTCGCGCGCCCCAGCACTCAGCCAGGGCGGAGGCCGGGGCTGGGCCGCGCGGCCTCGCCTCTTGGGCCCCGCGGGGCGGGGGTGACCGGCGCGGGTCCCGCGACCCAGGGCGGCCGCGACCGTGGGCGGTGGGGCAGGTGGGTCAGGCGGCGCGTGCCCTGTCCCCTCCCCGGGCTCCGGCCACACGAGCGGGCCGGCGCTGCGCTGCTGGCAACGTGTCGCGGGAACGCTCCTACCCCATCTGCATGCCTTACATGGCTCGAAAGTAAAAATAAAAAGAATTACGATGCGGGCGAGGCTTGTGGGGGTGAGAAGAGGAGATTCCACGTCTCCCCAGTGCTGCGTCCTGATAGGACCCCCAGGGCCTTCCGAGCCCTCTCCCAGCGACCACCTCGTGTCCCGGAGTTGCAGCAAGAGATGTGAGAAGGTGTCACCCTGAAGAGGAAGTGGTGGACCAGCCCTGCCTGATGTGGACAGCAGGGGACACATGTCTGCCTGTCGGTCTATCTGAAATGGGGGAAAAAATGCTGAAAGCCAAAGGAGGGCTTAATGTGGCCTTTTCCACCTTCTAATTCCATAGAACCTCAGCTCTGGGACTTGCTTCCTGACCTAGGGTGCAGGGGCCAAATTTGTTTGGGAACAACCCCATTCACAATTCCCCATGAACTTTCAGAAAGGACCCTTGCGTCTTAGGTCCTGAGAAGTCACAAATAAGCAAGCTGCATTGTCTAATGTCTTGTCTACACTGTTTTACAAACACATTTAACAGCCGAATTGTATATGTGCCCTAGAAATCACTTTGAGAAACACTTATTTCCTGATAGAGGACTTGATGGGACCATTCTGCAGCCCCATCTGAGCATGGGCTGGAGAGTACATAAGTATCTGGGAGCTGGAAGTCCTCAATTCCAGGCTTATCTGCCCCCATCAGCGTGGGACCTCAGTTCCTCCTCCAAGGAGAAGAGCGCCCCTCCCTTGATGTTTTGTGCATTCTTTTGCTAAATGTTTCTCTGGTCAAGAACTTTAATCCCCCTACACA,False
1016,-1432,3.187114,-3.396172,0.0013813851,3.3353763,-3.7636042,0.00082526496,7.771545,-7.147072,3.3183846e-07,7.4175997,-7.453435,3.480099e-07,1.9206249,-2.1449668,0.016863577,0.0038141813,ENST00000508353.5,-1432,GGATTTCCTCTGTGCAGCTTTCGAGCGGTAGACTCACCCTGCCAGGCAGACCTAGATTGGCATAACCAGAGATCAGTTCCAGTTGTGATGCAGTGGGTGTCTACACACTTCTGATGACACCTTTATTTTAAAAGCTGATGTTCCAAGATTTTTAGGGCAGTTTTTAGTGTCATTATGTTGCTGCTACATATTTGGAAGATGGAACAAGCCCAGACAAAGGAGGATTCTTTTTTACTCATCTTAAATCCATTTTATTTTCCTTCATCTGAGCCCCTTAAAACTAATGTGTTACTGGAATGGATTTTCTTCTGTGTATTGCTGACACGAACAGGAGACGGAAATACTGAGTAGAAGAGGGCGGTTCCCTGGCTAAGGCCCCACCCTCAAGCCTGGATACCCGCGGCCCTAAATGAGAAGAGGCGTTTCTGTTTGGGGCCCAAAAAGTTGCTTTTTGACCCACCACGCCCCCTATCCTGCCCCCATATAAA,False
1017,-1061,4.47698,-4.320379,0.00015110878,5.670897,-5.9559608,8.923103e-06,3.716401,-3.6213508,0.0006500884,4.835597,-4.7578764,6.816757e-05,1.9165236,-2.0761626,0.018115846,0.0037988268,ENST00000514846.1,-1061,GGTCCCGCTGTTCCCACGTCTGCCTCCCTACCAGACTGAGCTCCAAGCTGCCAGGGGCCTCGTCTCCATCTGGGTCCCAGTTCCCACCATAGAGCTGGGCATGGAGGACAGCTCAGGGAAGCTTCTTGGGAAATGAATTCTGGGAGTTCCCTCTGCCAAGGACCCACTGTGTTAAGAGCTTTAAGTCCCCCTTCCTCCCAGGTGAATGTCCACTTCGAGGCCGGCTCAACCACCGTCTTCAGAGAACTCTCCCACACTGGCCACAGCCTATCTGCCAGCGTCACCCACTGTCTAGGTCTTTGCCCATAATGTGTCAAGGGCAAAACAGAGGGGTGGATATGATGCACGTGCCTCAGCCCGGGGCCCGTACATGGCTGGCGTCCAGCTGGGCCAGGGGAGCAGGAAGACCCCTGGAGCACCGGAAGCAAGAAAGAGGCAGGCAGGGGCGGCTAGCCAGGTTTGTGCTCGGACTATTCACACAGAGACATGTGGCAGCTTACGTTGGACAAAACGAGTAATAAAAATTGGCTTTAAATATGGAAA,False
1018,-1435,6.241228,-6.4822054,2.9804494e-06,4.2591176,-4.5056195,0.0001561188,10.124192,-10.290966,1.3608487e-09,3.3427308,-3.7336671,0.00084409764,1.8884014,-2.1242523,0.017764067,0.003753453,ENST00000520067.5,-1435,CCCGTGCCTGGCCCCGCCGGGTCGCTCCCGAGCTCCGCGTTTCGTTCGCCGACCCCTGGAAGACTGCCTGGAGGCCCGGGCGCCACCCAACCACTGGCTAGGCCGACACTTTGCGCGGACCCTGGGTGTAAAAGGTCCCCGGGTCTCTGGTCCCGACGGAGCTGTGAGGGAGATCAACCACGCCCCCTCCGTGGGCACCGTGGCGGCAGGGAAGGAAAAGGGCTCTGGGTCTCGACTCTCTTCGGGTTAAGAACCGACGGGGTTTATTCTATGCAAGGTGTTATTAACTCCAACTCTCCCTTTCGTTCATTCATTCCATATATGTTGAACGACAACTTAGTGCCAAATGCCGGCATGCTGAAACTCAGAGAGGGAAGATGTCTTGCAAGTACAGCAGCCACACCCAGAGTTTCGCTCTTGTTCCCTGGGCTGCAGTGCAGTGGCACCATCTCGGCTCACCGCAACCTCCGCCTCCCAAGTTCAAGCGATTCTCCTGCCTCAGCCTCCCCAGTATCTGGGATTACAGTAAAATTAAAACAGGCACAATGATATCCTGGATGACAAGAGCTGGAGGCTGTCATTCTAACAATGTAGTGAGACTGGCTGTCTTGTCTCATGCCCACCCCTGGAAACATGCGCAGGAACTCAAAGCACCTAGCACAGAGGAAGTGTCTGGTTTCACCCCCTCTTCCCAGGTTTCACCCACCCCAACCAGTGTTGTTTGCAACACTTCAGCTTCTCTCCTCACGAAGCACGTCTCCAGAGACGCCTCTTCCGCAACTTCCCAGGGAAGCCATTTCTGCCTGGACCCACCACAGCTCCCAACCTGTCACGCACCCCTGGAGGGTTTTGCTCTGTAATCCTGATTTAGAAATCCTCTTATATGAAACCACTGTAATCCACATCTGGTTAGACAATTGGAAAAGTTCATTGAAAGGAGAAATAATAAAAATGGCATCCATCCCT,False
1019,-716,2.3555796,-2.2924929,0.009489146,2.5257897,-3.5694294,0.0022485487,9.430074,-8.8676605,1.13082494e-08,6.1783214,-6.3791394,3.5185403e-06,2.3351579,-2.6199634,0.0069979113,0.0037478271,ENST00000553421.1,-716,AAATCTAGGTTTTTTCATCCTTTTTAATATCAGCCTTGTGTTCCACAGAATGGAGGCTCCAGAGTGAAATTAATGACACTTTGTCGATGAAGATCTTGATTGTGACCTCTGTGGAAAATGAGCCATGAACCAACCAATAAGCAGGCTTAGTCACCCTTGACACAGTTTGCAGTTATCCACCTCCTCCAAGTTCTTAATATGTTAGATCCAGATAACTGCCTTGTACAGCCACCTCCAGGATACTGCCTCCCTAAAAAACAGCTAGATACACTGACCCCACAGCCTATGTGGACCACACAGATATAGTGGCTTGCTCTAAATGCACCAGTGAGAACTCTCTGCAGGAAACCTGCTTGGGAAATGCCATAGCCTGCAATACAGGCTTTCCCCTTCCCGCTGGCCCTGTGAGGCATGCAGGATCTGTAAGTAATAAACTGCT,False
1020,-1280,1.9912403,-1.9896679,0.018326545,4.0061316,-4.8371015,0.00014433444,9.37056,-8.762795,1.3328594e-08,4.2274218,-4.3359995,0.00019092839,4.7143645,-4.833645,7.133802e-05,0.0037466318,ENST00000514126.5,-1280,CAGACTATGGCGCCTTACTCAACATTGGGAAGGGGGGTTCCAACTCTTTTAAGGTCTCATCTTCAGCACTTCTAAACTGTGGGAAACTATGTGAAAACAAATGGAGTGGCCAAACACACCATTCATCACTGTGCTTCTGGACAGCTGCAAGTCCATACGTGTTCTGATAATTCAATACAAGAAAGAAGATTTGCTTGGGAAGGTCTGAATGGCCCTAGCTTTGTTTGTTAACCATAACCTCTACCAGCTGGAAACACAATGCCCCACTAATACTAACAGTGCCTGCTTGTCCAAACAGCATTCTGGCCACTTACAGCAATTGACACAAATTCTAACAGGTAGATGGGGCAAAGCATTACCTTGTGTAAAACTGCTGCTAAAATATATTCCTAGTGAGAAAGGTCAACTTGTGGGCTAAAGTCCTTGTCACCTCCTGATCAGTTTTCACTTAGGGCACAGCAGTCTGCCATTCACCATTGGGATCTCTGTGTGTTTCTTCTCTCTTATGAAAGGACATATTGAGCGCTCTAGGACTTGGCTGCCTACATCAAGTAGAGGGGGACCCTCATGATTCACTAAGGGGCCTCAGTTCTGAATATTTCTCATTATTCAAAAATGCAAAGCCATTGTCATTACGTGGCAGTTTATTGGAACCAAGGGAGGAATTGGTCCCTTTTCATGTTCTTCTCCTAAATAGAGAAAAGGTAATTAAAACTTGGAGCTTAAT,False
1021,-936,2.2751215,-2.192068,0.011349247,2.2613754,-3.2394423,0.0040668244,9.380134,-8.811339,1.2576033e-08,6.524793,-6.728999,1.7536809e-06,2.8088837,-3.074927,0.0027764246,0.0036388524,ENST00000596365.5,-936,GCGCCTACTGCCCCGTAGGCATCCCGGGGGACAAACGCTGGGTCGTCCTGAGTCGCTCCCACTCGCCAGGTCCCATAACCTTGAAGACTGCCAGACTTCCCCAGCCGAAGCATCGCACCCTGGTGCTCGAGGTTTGGTACCGGTCATCCCAGGAGGGATCCTCCCACTGGCTCTCAGGACCACCTTTCTCTCACCTGCCGGGAGAGCCCGGACACTGCTGGGGCAGCCATCTTCTCCCGGGCGGCTCTGGGTGCGGTGGCTCAGGACTGTAATTCCAGCTACATGAGAGGATTGCCTGAGGCCAGGAGTTTGAGACCAGCCTGAACAACATAATAGACTGGGAGCTCCATGAGGTCCGAGACAACCTGAAGACGCCCAGCTCAGCAGAGACTGGCTACGGCAATCACTCAGTAACTATTTGTTGAATTGGACATAATAGAAGAGCTGAAGAATTTTAAACAAGTCACCATCAGTGCAGTGGATTCCTCAAAGCAAACCTGGAAATCTCGGCATGAGTTGGATTTAAGGCAGTACATTTTCAGCTCCTGAAAATTTGAACAGTTTCTCAAGAGAACAACTTGAAACAGAAAGGCAAGGATGTAGATGTGGTTGTAGAAGATGATGTCTGCGGCCACCAAACTGTCCACTGTGAAGACAAACCATGCATGTTTAGTAGGCAGTG,False
1022,-1363,7.7183695,-7.8857393,1.6719436e-07,3.115703,-3.2299242,0.0017513294,9.670766,-9.789712,3.535264e-09,3.4072134,-3.7631757,0.00076843245,2.0176244,-2.1587315,0.015122168,0.0035284199,ENST00000445984.5,-1363,AGAAGCGAGGCAGCCGTGAGGCGGAGGACAGGCTGGGGGATCCCAAAGGGTGCGCTCCAGCCCCCAACCCAGGCACTGGGACTCTGGTGGCACCCTGGGTGGCAGGCAAGCCTTGAAATCAAGTGCACGAGCCTTGGAAAGGAGGACCGGGAGAGTTATGGCATTTATGAATGAAGAAGAGAAAGAGAATCACTCGGATGGGAAAAGTTAACTGGATTGTTCCCACCTGCATGGATCACCGGGATGAAGCTGTGCCACCCTGTAGGAATTAGAAGACCATGTCCAGGAATTGAGCACTGGGTGCAGGATCCAGTCTTCTGAGGCCCTGAAACCACATGGTGAGAAGTTGAAGGTCACACAGCTGAAGCAACTTAGCCGTCTCGCCTTGCGGCCTGGAACCCCTGGCAATTTCCGGAGCACCGGCAAGAGACTTTTGCACAGTTTCTGCTTGGAGTCTACCGACTGTCTGTCTCAGAGGTCTGGACAGCTGCTTGTTACATTTGGCTCACGCTAGCTTAAAAAAGGAATTTATGGACCTTACTGCAGAACGTCCCAATTCTTCAGGC,False
1023,-71,5.0696554,-5.292184,3.161525e-05,6.0703783,-6.36999,3.9556226e-06,2.039828,-1.987951,0.01750207,4.775172,-5.086904,5.2111343e-05,8.646115,-8.67894,2.9910563e-08,0.0035179562,ENST00000427300.1,-71,AGGACCCAGAGGGAGCGGAGCACGCGCCTTTGGGAATCTTCGGTGCGCCAAGTCTGTTCGCCGCCGGGGTCTATCACCCCCGCCCCTCGCCTCTGCCCGTGAGCGTCAGCTGGCTTGGCTTTTTCAGAGGAAACAGAGACTCTCAGACATGAATACTGTGACACTGACCACCAGGCCAACTTAACATCAGCAGATATCCTGTCTCAGATGAAGAGGTATGTTTGATTTATTTCTTTTTTTTTTTTCTATCTACAGATGATCCAATATATGTCCTAGATCCCATTCATTCTGTCTCCTCTGGGGCCTTATTTCATCATTTAACCCTCCCTTTTTATCTTCAGTATACCCTTTCCCCACCTCCCTCCCCTGGCTTTATCTGCCCTATCCAA,False
1024,-567,4.659731,-4.8649907,7.301876e-05,12.343993,-12.133821,2.3411034e-11,2.0477548,-2.0148993,0.016912352,9.112528,-9.233193,1.0778395e-08,10.997328,-10.989478,2.826519e-10,0.0033970766,ENST00000585499.5,-567,AGCCAGGTGCATCGGGGAAAGCACTGACATTGGAGTCAGACAGACTGAAGTTCATATCTGATTCTGCTATATGACAACGTGTGGGCTATGTGGCTAACTTCTCAGAGCTTCAGTTTTCTCAAGGGCAAAATGAAAATAATAGAAATAATAGAATCCACCTCACAGGGCTGTGAAATTAAAGGGGATGAAAGATACATTGGTCCCTGCAGTGGGAAGTTTCCTTGACAATGCAATTATTGATTCCAGTGAAGGAGCAGCTTTGGCTTACTATTCAAGCTCGAGGTCAGGGCTTGAAAACTTGAAAAATGGAAAAAGGATTAAGAGAACCTTATATTCCTGAATAGCAAAGGAAGAAGCAACAATTCTTCTGAAATCTCATAGTCGAAAGCTAAAGACAGGGGCCTAGGTCAAGCTCAAAGTCACTTACAGGACGTGAAAATCACCTCGGATTTAATCTAGGCTTAGCAGCTACAGGAAAAGAACTGAAGAAAGGCCTTGTTTTATGTTTTCTGACAGTAAAATGAAATAAAACGTGGAATATTATAGAAAGGATTTTGTAAGTGAAAGGGAGTGGTTGAGAAGAGGCAAAGTGAGTGTTGGAAAGGATATTGAAACTTGAAGAAGGCTGGAAGAAGAGGTCAAGGGAATCCTATGACTGAAAGCAGCATCAGAGACACAAACATACTGATCTTGGAGCCCTGCAAATACATCTCTTTATATTGAACATTTTGAGTCTTTTTCTATTCCTAGGTGTGTTTACTAAATTATACAAGTCTGCTAATACCAATTATCCTATAAATGCCCTTCTTAATTCTTAAAAT,False
1025,-1179,2.0503995,-2.0214295,0.016760482,4.1639113,-5.1145587,9.34052e-05,8.452028,-7.8804646,8.070277e-08,5.9414196,-6.134997,5.6921544e-06,5.0132217,-5.159603,3.8192822e-05,0.0033795708,ENST00000499418.2,-1179,GCTTTCCGGCGTTGGAGTTGCAGCTTCACCCTCGCAGATTCGGCTTAGCGAGCGAGTCGGTGCTTCCGCGGATCAAAATTATTAGCCGTTTTATTAGAGCCCATTAAACGTTGCATAAACATGGTTCAGAGCTGCCTGGGAGAAGAAAAGCCAAAGGATGCCACCCTCTCGATTTATCCCACCCTCGGGAGTCTGAAAGCCGACGCCAGGAGAAATCCCGCGAAGGCCGCCCGGGATCCTGGTAGAGGCGACGCTGTGTGCGTTTATGGAGCGCTTGCGGTGCGTGGCACTAGGCTGGGTGTGGTGGGTGCTGCCGAAAAAAGGGTTCCTCCCATCCATTTGCACGTCACCCTTCCCACCTCCTGCCCAGATGGACAGAAGTGAGGACATTCATCGGCCGCATTTTACTAATGGCAAGGAGATAGCGACTGAAGGGCAAGAACCTAGGGTTTCCTGTCTTTGATATTTCTCATCTTTGAGAGAAGCCAGTATTTGGAGATGTTTACCCTGCTGTTTTGGAAGTTGTCCACTTTACTTGATATTGGGACATATCAAGAGACCACTATATGGTCTTGAGTGTAAACTACAGGTATATTCCTTCCTGCCATCATCGTGTAGCAATAACGCTATTTCCTCCTGATGATTGGATTCATTTACCCCAACTAACATGGTGACTCTTCCTTGCCTGCTGGTCTCCTAGCACAAGGACCTTGAACCGGGAAACCTCAGCAAGTTAAAGTTTAAAGGATCTATTATTGTGTCTCTTGATGAAAAGGTTCCTCTCTTGGGAATCAGGACTTCTAATTCACAAAGTTGCGGGGATGAGAAGTCCAAACTCCCCACTTGGGTCACTGGGAGTGAGAGTATGTGGTTATATTAATTTCCTATCACTGCTATGACACTACGAACTTAGTGGTTTCAAACAACACAAATTTATTTTCTTACAGTTCTGGAAGCCTAAAATCAAGATATCAACTGGACTGTTTTTCCTGAAGTCTTCAAGAAAAAGTCTGTTTCCTTGCCTTTTTCAATTTCTAGAGGCTACCTACATTTCTTGGCTCATGGCCCCTTACTCATATCACCCCATCCTCCTGCTTAAGTCATTGCATCTACTAGGCAAATCTGCCTCTCTCTTGTAAGAATCTTTATGATTATATTGGGCCTATTGGATAGTCCAGGATAATCTCTGTATCTTGAGATCATTAACTTAGTCATATCCACAAAGTCTCTTTTATCTTGAAGGTAAAATATTCATAGAATCCAGGATTAGGATCTGAACATATTTGGGGGCCATTATTCAGCCTACTACACAGTAGGAATTCTATTTATATCCTTTCATTCCCAAACATGCATGTTATGTATATATGAGACACAGCACCATAAAATGAGTGTTGATTTAGAGTATATACTGTACCCTGGTGGACAAGGTCATTCCATTTTCACAGGCTATTATCTTCAAGCTTTTGCTTCAGTTTCACCTTCAAAAGGGTTTTTCATCATTCCATCAGACCCGCATTTTCTCGGTTATATAGTATGTGATAGGACTAGTGGATCTCATGGTTATGTACCTGCTGATACACCTCCTTTGCTGTAAAGTGCATCCCTAAATCAAAGGCAATATTACACAGGATACATGTTGATGGATCAAATACCTGTAAACCTGTGAGTAGTAGAGCTGGCCAACAACTTATAGGCAAGGAAGTCAAACTCATACATGCAGATGGGCAGTTTCTAGTCAAGGAGAATCACTGCCCATTCTAGGATGGAAGGAATCCAACATAAATCAATTTGCTGCCCAAGTAGCTGTTTGGTATCCTTGAGGGTTGGTGCTGTATCAGGAACTTGGTGTTTAACACTGGGGAGTGGCTATTTTGTTGTTGTTGTTGTTGTTGTTTTGTTTTGTTTGAGACGGAGTTTCACTGGTTGCCCAGGCTGGAGTGCCGTGGCGCCATCTCGGCTCACTGCAACCTCTGCCTCCTGGGTTCAAGGGATTCTCCTGCCTCAGCCTCGTGAGTAGCTGGGATTACAGGCATGCGCCACCACGGCCAGCTAATTTTGTATTTTTAGTAGAGACGGGGTTTCTCCATGTTGGTCAGGCTGGTCTCAAACTCCAGACCTCAGGTGATCCGCCCACCTCAGCCTCCCAAAGTGCTGGGATTACAGACAGGAGCCACCGCGCCCAGCCTGGGGAGTGGCTATTGGATAAGTGGAGGCTATCTATTGGCTTCTTGCTCACTTGCATTCCTGCAAGATGACTACTTTGTCATAAGCCCCCTGTGCCATTCCTGGGGGCGGAGGGAGGGGGCGGTGGAGCCGATGGTTGTAGCTGCTGAAGTTTACTGGCTAAATCTGTCTACTTGGTTATTTAATGCTGCTTACATGTTGGATTGTCTCTGGCAGATAAAGATTGTGTTATACAATACAAAAAGCCCTCCTTATGTGCCATATCTGATATATTTCTCCTCTGCTTCTCCAGACTTCTTGTCCCTGATATACCAGTCTTATTCCAGACCCCTGATCAACTAGCCAACTTATTTGCCATGAAAATATGTTCTTAGTTCAAGACACTTTCTTTCCACACACAGTTGATGACCAGGAATACTGCCCCACATTATGCCTTTTGGGAGGGTTCTCCTTACTGCTGTCTTTTAAGGCCAGTCCTGTGTGGGGCTGTAGGGCAGTAGCAGTCCATTTTTGTTTTGAACCTATATTCCAAGAAACCTCAGTGAATTCAGCTCAGGCTTTTTTGTCCTCCATAAGCTAGACATGAGAGCCTCCCAAGTGGCCATAATTGTGAGCTGAGGAAGGGACATTGGTAAAGAATCAGATATGACATGGGAGCCTGACCACCTGCCTTTGCCCAGCTCATGATGGGCCTCTCTGGCTACATGGTCACTTGATGTCCATAATCAGTTCTTACCAAGGCACATTAGCATGGATAGAGTTGTTTTTGGGATTTTGCACTGCAGATGGCCCAGCCTTGCCACAGAATGCCAGGAGTCGACCTTGTGATTCTCCCATTGGAGCTTGCCTTCAACTTTCATGGCTTCTTATCACATTTACTCTTGTCCCATAGAATATCCTGAATTGGTCCATGCAACAGGGCTAAATACACCATACCTGCTAGAGAACTTTTACATGCTATGGATCCCACTGAAAACTGGCAGATTTCTATCTCACCCAGTTTACGAGTCAGAACAGTACTGCCAACTTCTGAATTCCCACAGAAGCCTACACAGCTTGGTGTGCTTCCCTGGTGGCAGAATAATTTTGGTGAAATGAGTGGGTGAGATGCAATAATTTGTCCTTTACTGTGAAGGGGATATCTTGGCATTCAAGCAGCCTACTGGGCCCTAAAAGTTTCACTGAGGTAACAGCTTGCTGGGTCTTAAGGATTATTTCCCATCCTCCAGTGTACAGTATGCTAGCTGCTTATTATTCACCTTATCCAGCTAGCATGATGTCATCAATGTGGTAGGTCATTGTGACATTATGTGGGATGTTTAGATGGTCTAGATCTCTTCGGATTATGACGCAGTGTGGAAGAGTTAACATAACCCTAAGCCAATACTATAAATGGGTACTGCTGTCCTATATAAACACAAACTTAATTCTTGTCCAGCACTCTCAGGACCCAGTTCCATACACATGCTCATGGTTCCTGTTGGTACATGTTGGTTAGATCCTGCATCTCTTTGGTCATATAAGCCCATTTGGAATTGAAAGTAGACACACAGAATGAGGGCAAAACACCTGCAGAACAGCTGCTTCATCATGGTGGGCTTTTTTCATATTAGGTTTTGTTACCTTTGAGTTTTTAAATTATGTGTAAAGCTTCGATTAAAAAAATAAAAATTATTAAAAAGAAACTGAGACAGTCTATCCACCTATCTCTATTTACCCAGTGCTGTTGTTGTGTTACATAAAATTCAATTTTAGCTTCATGTTCATGCAATATTTTCGTTTACCCTTGATTCAACCTTGACCTTTAAAAAGCCAAAAAGACAAATACCTATTTTGACACTGGTTCTGATCTCTCTGAAATTCTGTGTGACCAATGGTCAAGTAACCTTGCAGGTTATTTATCATGTCTAATCTGAAAAAAGTCATTGTATTTACTAATATTTTAATATTCACCTTATAGGTAAGCATTCTAAACATGATTGTGGCAAGAAATTCTTATATGCTTTACATGTTGAAATTCTGTGTCAAATGAAGTACATATGTATATTATTGCAAGAGTGAATTTCTTCAGTAATGATTGTGACAGCTAGTAAATTTAAGTAGAAAGTAATTATAAACTTCCAAATACTTTTTTTAAATGGGCAAAATATATGAAACAATGGCCCTGAAGGCATTGGACATAGGCAGTGAAGGATAGTAATCCATGAGAGATGGAATGCAAACAAGGTGAGCAATACAATTGCTCCAACTTGCTGCCTGAAGAAAGGCTTTGGCATGGGGAGAGGGAACCCAGAAGACTCTGTGAGGTGAGGAGATATAAGTGGGAGTCCTGAGAGCCCAAGGCAACTAGAGTTCACAGGGTAGAATACTAGAGAGGACAGAGTGACACAGAGAGAACTCCAGAGATCTGCTGACCATTCTCCTGAAGTATTAAGCTAAATAATGATTAGTACATGCATGAGAGGAAATAACCAAAGGCTTGGCAAAGAACCATCAGAAAGGATTAAAGAAAACAATACTCAAAGCTCACACAGGATGGTGAATGATTCCTGATCCCGTCAGCAAGAGTGGAAAAGATCCTAATTCACAAGGCACCAGTTAGAGTACTAAGAAAGGTCTTGCTTCAATAGCGGGAAAAATTAACCCTCGACTAAATGCTCTAGAATAACCTAACAAAGCTTAAAAGAGAGACCCAAAAACATTCAAACTGTGTCCAAATAACTTAATCATACTCCAGAAGAAAGTTCAAACTGTTTTAGGGATATGAAAATAATCTACAAAGTAAAATTCACAATGGCTGGCATCCAATCAAAAATTACCAGGCATGCAACAGAAAAATACAACCCATAATAAGAAAAATAAAACATTCTGGGCTAGGTGCAGTGGCTCACACCTGTAATCCCAGCACTTTGGGAGGCCAAGGTAGGTGGATGACCTGAGGTCAGGAGTTCAAGACCAGCCTGGCCAACATGGCGAAACCCCGTCTCTACTAAAAATACAAAAATTAGCAGGGAGTGGTGGTGCTCACCTGTAGTCCCAGCTATTCAGGAGGCTAAGGCAGGAGAATTGCTTGAACCCAGGAGGCAGAGGTTGCAGTGAGATTGTGCCAATGCACTCCAGCCTGGGCAACAGAGCAAGACTCCATCTCAAAACAAACAAAAAATAAAACATTCTGTCAAAACTGACTCAGAAATTACAGATGATGAAGATTATTAGACAAGGACATTAAAACAGTTATTATAATTATATTCCATGTATTCAAGAAACCAGAGGAAAGACTGAAGATATTACAGACAATGAAGGTATAAAAAGACCCGTATCAAACTTCTAGAGATGAAAACTCCAATGTCTGAGATGAAAAATATGTTAGATGAGATTAATGGCAGATTAGATATTGCAGAAAGAAAGATCAGTGAACTTGAAGATGCAGCAGTAGAACCTCCCTGAAACAGAGAGAAAAAAGAATAAAA,False
1026,-651,2.0003476,-2.0901852,0.01645502,4.159609,-5.006994,0.00010445988,9.368394,-8.777466,1.3162963e-08,5.600865,-5.724178,1.2066775e-05,4.1507287,-4.2443,0.00022593685,0.0033594992,ENST00000546793.1,-651,GTACTTGTCCCGGTGCTTGGATTGCAGCACATGGGCCAGCTCGCGCAGGTGGCCCCGGTGCCGCTGTTCATCGGGCCGCGCGGGGAAGGCGGCGGCCAAGATGCGCTCCGTCACGTAGGATGAGCAATACCCACAGCACTCCGTTCAAGGTCATCTCCTGGGGGCCCTCTCTGGAGCCACCAGACCTCTGGACACCATGGCCAGGTTCCTTGCCCTCCCCACCCCATCCCAGAGCGCACTCACCAACTCCACGGGAGGCAAGGCCTGACAGGCTGAAGTCACCTGGAAGGGGACCGATGCCTGGTACTGGATAGGAACTTCATGGAATGGAGCTAATGGGCCGTAGGGCAGGTTTGAGTCGTGCCACCCTGGAGCAGAAGGTGGAGGGTAGGGATAAGGGGGTGGAGCACCTGATTCCAATCTTGCCACAGGGAAGAAGAGTCTGTGAAGAAGTGCGTGATGACTGTGTGTCCCCCCCCACCCAGAAATTGGCATTTGGGAGGGGTGGATATGGTTGGGACTGGGGAGCCTTGATCTTACTGCTCTTGGTTGAGTTGGTGTCCAATAGACAGTTTCAGAGGTTAGAGCAGTGGGAGTCACTGGGGACTGGGGACAGGAGAGGTGGGGGTGGGGGAAGCCAGGCGGGAATGAGTAGGGAGGCACTGGGAGGAGGGGAGAGGCAAGAGTTAGGGGAATACCGAGGAAAGTGGCAGGGATTGGAGGCTCCTGGAGAAAGGGCAAGGCTGAAGGTTGTCCCATGTATTTTGGCCAGATTTGATTATGTAATCGAGAATCATGAGATAATTAAGTGTGTTCATGTCTCTGGAGCCTTCAACCAGCTCTTTTAACATCTTGCTCTTCCCAGCATTCCTTAGGGTCTTTGGCTGGGCTCTGGGATGGATGCCATGGGAGTACCTTTACTTAAGCTCTAAAGTTACCAATGGAGAGACTGGGACTCAAAGAGGAACTTGATTGGACCCCAGAGAGGTGAGGGGTAAGGGCTAGAACCTCACACATGCTGGTTTTGCTGCTGCCTGGCAGGCCCATGGGAAGAACTTTAGAGGTTCCAAGGAATTGGAAAAGGGTCACAAGATGGGTGGCCAAACTCCCAGCTCAGGCTTGATTCCTACTCTCAATGTGGGGATAGTGGAGAAGGGGGCTGCAGGAAGGGCTGAGAAAAGCTGAGAATGAGAAGTTATACAGGAGGTAGCTTGGTGGGAGTGAAACAAAAATGAGTGGTTCATGGGCCAGCCAGGCATCCTGATTTCCAGCTCACAGCAGCAGGAGCTTCAGAGAGGAAGAAGGAGAGGAGGAGAAAGCCAGGTTGATGTTAGTAAAGGTCAAACAATTTCAGGAGCACCTCTGACCTCCCTCCACACAGGTTTTCTTACCTTGACTATGCAGAGGGTGGTCCATCTTGGCACTGAAGATGGAACCCCCTCTTCCATGGTCTGGGGTGACCCCATGCCTGTAACTGAATGTGCTCAGATCCTTGGGGTGCGGGGACTGTAGGGGGAGGATTTGAAGGTGTGGGACTGTCCTGGCTGGAGACCACTGGGTCAGGAGAACTCCAGTAGAGGGTTTGGGTGCTGGGAACCAGGAAGAGTGGGGGAAGGGGCAGAGCCAACTCCAGAGGCGGATCTCCTGGCTGAGGACAGAGGGTGTATTGTCCAAGCTGGAGGTTGCTGTAGCTGGGCGGGGAGCAGCTCAGCTCGTCTCTTCCAAATTTCTTTTGGGGGAGGGTAAGGGAAGGCAAGCCCCCCTTTACTTGTGGCCCTGGGGGCTACAATGGTTGCTGAGAAACAAGGCTTATTTGACAAATAATGCTTCCCAGGAGCAGATGTGTAGCTCTCTCACTTCCTGAGAAACCAGATGCTGTGAGCTCGCTTAGCACTTGAGGCGACGCCCTCAGCACGAACTGGGACCCTAGTGCCTTGGGATCCGGAGTATAGTGCTTGATTCTATTGAGAAGAAACGAGGCTAATGTGGACTGGGAGACACACGGGACCTAATCAGCCTCAAGTTAGCCCTTTTGAAGTAGGTTGCTGCACCTGCACTTTCCCCCTACTCGTCCACTAGTTCAAGATTTACAAGACGTTGACAATGAGGGCTGACCAGTCCTGGGTCCACTCCTGCAGCTGGGGGGCTTCTCGGTGGACCCACACTTTTTTTTTGAGACAGGGTCTTGCTCTGTTGCCCAGGCTGGAGTGTAGTGGTGTGATCACAGCTCACTGCAGCCTTGACCTCCTGGGTTCAAGTGATCCTTCCTCCCAAGTAGCTGCAACTATGGGCATACACCACCATACCTGGATAATTTTTCTATTTTTTTGTAGAGACAGGGTCTTGCCATGTTGCCCTGACTAGTCTCAAACTTCTAGGCTCAAGCGATTCTCCTGCCTCATCCTCCCAAAGTGCTGGGATTACAGGTGTGAGCAACCATTGAGACAAGAGTCTCGCTCTGTCACCCAGGCCGGAGTGCAGTGGTGCGATCCCGGTCCACTGCAACCTCCACTTCCCGGGTTCAAGCGATTCTTCTGCCTCAGCCTCCTGAGTAGCTGGGACTACAGGTGTACACCACCATGCCTAGCTAATTTTTGTATTTTTAGTAGAGACGGGGTTTCACCCTATTAGCCAGGCTGGTCTAGAACTCCTGACCACATGATGTGCCCGCCTTGGCCTCCCAAAGTGCTGGGATTACAGCTGTGAGCCATGGCACCTGGCCACACACGTCTTTTTAAATTTAAATGAGGATGTGGCCATATTACAGCCCAGGTTTTCTCTGACTTTAGAGTACCTTTTGGGACATAGGGCCTTCCTCTCTACCCTTTCTGTACACAGCCATCATAAACCTCTTTCAACAAGC,False
1027,-622,1.922301,-2.1742816,0.016357396,5.034635,-5.23996,3.449729e-05,5.069214,-4.6658363,5.9169204e-05,10.702069,-11.072045,3.4964087e-10,10.33263,-10.271385,1.1266521e-09,0.003290213,ENST00000534671.1,-622,CCTGAGGTGTATCCCTTAGAAATAAGCTGGTAAATCATGAGTTCTTCTGTTTCTTCTGCGTGGGTTGACCATGGGCATCAGGCATCAGAGATACAACTCTGGATCTTGTCCATCCATTGCTGGGCACTCTGTCCATCCTGGGCGCAGAAGTTATACACACGTTTGCTGGTCTTGAGCTACAAAACCAAATGACAGTGAACCAGAGATGAAGGGCAGGGCTGTTTTATGGATTTGGGAGTCTACTGCTAAGATTTCAGCATGTCCTGTGGCTGAGTTAATCAGAGTTATGACAGGAAGGTACCGGGCACACCATCGCAATGCTCCATCAATGCTAGTATGTTGTGTTCTTTCCTTCATATCAAGTCAACTCAAGCTTGCTCTACTTACCTGGTGTACACAGTCTAAGAACTGTAAGAAGACTGGAGCAAAACCACTCCCCTGACAGTTGAGGGTCAAGCTGCTCCTCTGACTGAATTTGTGACCAAAAGAGAGCCACTCTTTTTCAACCAACATCTGGAAGCCTTCAAGTGTCCTATAAAAGGGATCACTGAGTAACTGAACCAGGGATGTCACCTAGGGCATAAGCAGGATGGATTGTCATTAATTTTAGTTCTGAAAAAGGCCTATTACTAAGATAAAAGCACTTCCTTCTGATGATAGCTAATTCACAAATTTACCTGGACAGCAAATTTGTTCACTAACCATTCCAGGATGGCCAATAAAATTAATTTTGTAAACTTGCCAGTAAAAACTAAAGCTCAAATTCA,False
1028,-617,2.0698788,-2.0648146,0.01575537,3.749588,-4.59515,0.00023758724,9.591213,-8.9966755,8.460237e-09,4.5866094,-4.68028,9.4493065e-05,4.239695,-4.353143,0.00018539467,0.0032545712,ENST00000525534.1,-617,TTAGATATTCTTCAGTCTTCCAGAGTTCCAAAGGGCAGTAGGAAGAAGCAATGAAAATACCACCTGTATTCTCACATCTTTCATTGTTCCACTCAAAAAATACCACCATGTTCACTTCTGGTGGAACGTTTATGTCCATGAGAAGCAGTGGCTTTGAAGAGTTTTGGCAGACTATGGCGCCTTACTCAACATTGGGAAGGTATCTTGCCATCAGACCTTTTGGGTCTCCATGAAACTTCTTATACCCCCTCTGGGAAAAGTCACTAACTGTGATCTTACTGAGCTTCTAAACACAGCATTTTTTTTACACTTAAGTGAGCGGGGGTCCTCCTCATTTGTGCTTCTCTTCTTGTAAGGGTGACTTCCTCCCAGTAGGATGAATCTCATGCCTATTTGTGTTATTTTGCTAATTCCAGCTTCTTTTCTACTCAGGGGGGTTCCAACTCTTTTAAGGTCTCATCTTCAGCACTTCTAAACTGTGGGAAACTATGTGAAAACAAATGGAGTGGCCAAACACACCATTCATCACTGTGCTTCTGGACAGCTGCAAGTCCATACGTGTTCTGATGAAGTCTGGCTCTGTTGCCCAGGCTGGAGTGCAATGGCACAGTCTCGGCTCACTGCAACCTCTGCCTCCTGGGTTCATGCAATTCTCCTGCCTCAGCTTCCCAAGTAGCTGGGATTACAGACATGCACCACCATGCCCAGCTAATTTT,False
1029,-381,2.5605297,-2.45957,0.006560544,3.8330302,-4.1254153,0.00034957402,6.8302207,-6.707835,1.3197651e-06,2.4053276,-2.2774343,0.009168578,6.0114613,-6.0659347,5.6865765e-06,0.0032171407,ENST00000415244.1,-381,GCTGTCCCACGCGCCGGGTCCCGTTGGCGCCGGGGCCTCCTGGGACGGCCTGGCCGCGGCCTGCGGGTATGCGCTCTTTCCAGAAAGGCAGCACACGCATGTCTCTGCCGTGGCCCCAGATCCTCCCCGCGCCGCCGTTTTGAGCGTTCACACTCATTACCCAGGTCCGTCTGGGAGACCCGCCGGGCTCCCGCCCTCCCGGCCCGCAGCCTCCTGGCCAAAATCCTCCCGGGACACCCCACCTGGACTGCTGCGAACGGGCCTCCACCCGCCTCCCCGGACCCGCAGCGCCCCCCGCTCCCTCAGGGTTCTGGGGTGAAGGGGTCTGAATAGCACCAGGGGAGGCGGCAGGGCGGGCCTGTCCTACCTGCGCCCGAGCACTGCTGAGACGACATCCCTTCCAGCGCCGCCACGTAGTCCAGCCCCAGCCAGCCGCGGTCCTGGAAGCACCGCAGGCAGACGACCTGCTCCTCACTGGGCTCAGGCAGGGTCACCCGCCCAGTGCCGCTAGCTGCAAATTGCTTTACATACAGTGACCCAAAGAGCAAGTCATTTCAGGGCCCCACCACTCTGATTGGAAGTCATAAGCTTGACAACTGATTGGCCTCTGTCACCCAAGCGGGTGTGGGGACACTAGGCCCGCAGGTGCCACTGGAAGAGGCGTTCAGAAGCACTGCGGTGCTCCAGCTCCTGGATGCAGATATCTCCCCACAAACCTAAACAATTTCGAGAGGGACTTGTGTTCTGCAACCAGTCACAGAATATCAGGTGAGCTGGGCGTGTCTTCACTGACCCACCCGCCCAGGGATGCTGCACTCCTCTCCACCCTGCTCAGAATCACTAGAATGACCGTTCTGTGGCTACAGCCCTAAAAGAGCTACTAAAAAGACCAGAAGTAGTATGAGAACTTATGAATACGAATATAAATAAAGGACATCTGGAGAACATGCA,False
1030,-1019,5.697439,-6.080735,7.670092e-06,10.055098,-10.191165,1.6112403e-09,7.4975343,-7.408613,3.3600247e-07,3.4328916,-3.552248,0.00092467805,1.9896904,-2.208759,0.014796616,0.00314586,ENST00000509161.1,-1019,AGATCAGCAGCAACACCTAGCCAACCCACAGCTTACTTACAGCAGACATGTGAATCAATCTAGCCAAGACTAAAAGAATCACTAAACCAATATGTCATCCTATGAATAATAGTAAACGTTTGTCTTAAACTATCATATTATAGGAAAAAAACCTGATATATGAAATTACCCTGTGAGTTTATATTAAAGATACACTTACCTTCTCCAACAAGAGTTGTAACAATTTTTTTCTTATTGCAAACAATGCTATGGGGATACTTATAGTAGCATTTCTGCTCAACGTAATATTTTATTGTAGCACTGTTTGCAATAAGAAAATAATTGGAAACTGCAGAAACGATCACTAATGAGGTATGGGTTAAAAATCTTTTAAGTTGAAAGCAACAAATGTGACAATTAAAAGGCATAAATTAGACATATATTTTACATTATCACAACTTGTATTACTAAATGATAAAAATGAGTTGCAAAATAATATATAGAACTTTATATTTTATAAATATGCACATGAAAAAATGTTTGTAAGTATGCACAAACTGTTAACAGTTATTACTTCAGAGGAGTGAAAAATAGGTTGAAAATGAGAATGACTTTCATTTTTAGTATACTTAAGTACATTTTCAATTTTCAATTATATGCAGTGATTTTGTCCTTTAAAAAATAGGATGGACTTTTTTAAATATAAGGAAGACATTTTCTGTGAAACAATAAATTACTCAGTATATACTTAATGTGCATGAAGTATGAGGTAGGAATACATCCACTGACATTCTTGCATTTGCATACCACTTCCCCAAATATGAACTCACTTCTCTGACTTTGCTAGGGCTGAGGAATCATCATTACAATATCTGTAAAACTGGATTTATTAAGTGCATCCATATTGTTTATGAGTCATAGAAAATATGTTCATTTTCCTATCCATGTTAAAGGCTGCTTGGAGGATTGACGGAGCATTGCTTAGAAAATGTTCTGGAATTCAGATGAAGCTGTGTTAGTATAAATCATTACTGGTTACCATATACTCACACATACTTAGGGGATAAAGATCAGAAATTACTTAAATGTACTTTGTCTTCTTCAATCTTTCCGTAGCAGCACATGGGTCAAAATCTCCTGAAAGTTGAGCAGGGGAGCTGTAGAAGAATTCCTCCTTTTCTCGCAGATGAAATCTTATGATATAGCAGGGGTTACCTGGCCAAGAAGGTAAGTCTGTCATCCAGCAGTGCTTGCAGAGGGACTAAAATGAATTAGGATGTTCAGAGTTGTATGTTAGGTGCTGCAGAAAGGAAGAAAAGATCTCATCCATAAAGGGGTCTTTGACCCTGGGGAATGGCAGTTGGCAATTACGCTGCTTCTCAGTTCCATCCTGTGTTGCCCCAGGTTTACTTCATGGTCACCCAAACTTTCTTTGCCATGTCTTTTGTAAGACTTCTACTTATTACTATGTATCATCATCTTTTGGTAAATATAAATTCTGGCTAGGAGAACTAGGACAGACAGGGGAGCTGTCTGCACACTGTGATTAGGCATGCATCAATTCAGAGCTCCATGCTGCTAGCTCCTGTATTCTGCTGAGCTCCCAGGGAGGAAATAGGAAAAGGGAGGAGAACTCACCTGTCCAATTACAACCTACTCTGCAGTACAAAGTACTGCAAATTCCACACAGTGGATCTCTGTGATTGAAGGAGCACTTGTAAAATCTGAGACATCCTAGTTTTTGATTTGGTATCCAAAACAAATCTGAACTTTTAATTAAATATTGTTCTTTTTCCTTCTTGTTTCCAAATGAATAGTTACACCAGCAAACTTATTGGCTGAAAAGTTGTTTCCTACATTTGCACTTTGAAGTGCATCAGACAGTGGTGTGTTTGGATGTGGGTCTTGTTGAGTTTGGTTAGTGAGTTATTATTGGTTGGGATTGCAGTGGTCCTGCCAATGGAAGAGAAGTAGGTGTGCCGAGTACTGTCATGTTCACCTCCGCCTTTCACAGAGGCATATTTAGCCCTCAGTTGGTAAGTGAACTTTTTGACAAAGGTTTAAGAGGTCGTAGAGTCTGTGTAAAAGACAAAAGTCCAAAAGTGAAGCAGAAGGAATCCAGCTTCTTATTTATGTCTGGCATGGGAAGCTTCTGGATTTGATAGTGGGTGCACCGAAATTTGCATCCCAAGTCATAGCCTTTGCTCTGCCCTACCTTCTGGTATGTTGTTTTTCAAGTTACTTAACCTCTCAGGGCTGCAACTTACTTATTTGAAAAATGAATTCTAGAATCACAGAGTTGGATACAATCTTAAGGGCCAATTAGTCAAACTTTCTTTCCAGAGGTATTCTGCATGATCTGAAATGTGTCTCTGAACTATAGCTTCCTGAAATTTCATTATTCTTGTAGGAACACAGAGGAGAACAAAGAAAATTCAAGGAACTAAATTCCTTCTCCACCTCAACCACCAGCATTGATACTCCATCACTTATGTACTGCATCAAGCCGTCCTCAGAGGTGAGGAAGGTGCTGTCAAGACTAGAAGCATGTGTCCCTCTCTCCATTGCAAGATGGGACATAGAGAGGAGAAAAGTGGCAGACAGAAGTCTTAGGTATGTCTTTATCAGCAGCATGAAAATGGACTAATACAGGGACCAATGATTGCATCTACCTCATGGACTTTTTATGAGAATTGACTGATTTAATAAATGTAAAAGACTTAGAACACTGCCTCATCTATTGTAAACAGTCAATAAATATTAGTATCAATTTTCATTGAATCCTAATCAGTATAACTATAATGTTACATTCATGAATAAGACAAAGGCTGGGACAAAATAAATGAGACACTTCACTCAG,False
1031,-7,11.859976,-12.081606,4.0022402e-11,14.756009,-15.202951,9.7496345e-14,2.2318795,-2.2203064,0.01151884,3.9405267,-4.1601987,0.00030322716,2.643067,-2.9141285,0.0038447457,0.0031333626,ENST00000413148.1,-7,GCTAAAATAAGTTTTTGTTTGTTTATTTGTTTTTGAGATGGAGTCTCTACTAAAAATACAAAAAATTAGCCAGGCATGGTGCCGCATAACTATAATCCCAGCTACTTGGGAGGCTGAGGCAGGAGAATCGCTTGAACCCGGGAGGCACAGGTGATCTGCCCACCTCGGCCTTCCAAAGTGCTGGGATTACAGGCATGAGCCACTGCACCCAGCCTGATCCTATTGTTGCACTATTTATGGAGCAACAACTTTGTACAAAGAACAAGCTTTGTACAGAGAACAAGCTTGGCTTTTTCTCCCAACGCCGAGGATGCTGTTGATGCTGCCACGTAATAGCATAATTTTGGGTGTCCTCAAGGACAGAACTTCCACTTTGAATAATGGAAGTTAGAACAATGAATTTCACAGGGGAATAAATATTAATGACTGACGTGAA,False
1032,-269,2.2262607,-2.1275473,0.012694534,4.719397,-4.8140883,7.238165e-05,5.569968,-5.3408937,1.8258494e-05,5.987891,-6.03787,5.9879194e-06,2.8762817,-3.0495703,0.0026624252,0.0030907174,ENST00000473572.2,-269,AAATGGCTGGGAGGGGGATGGGGATGTTGAATTTGGAAATTGGAGGGGACGCTGGTGGACGGATTGGGTGCAAGGAGTTGGTGTTGATGGAGGAGCAGGACGCCAGAGTCCCAGCCCTGGAACCGTTCAGAGTGGAGCAGGCACCACCTGTAATCTACTATGTCCCTGACTTCATCTCCAAAGAAGAGGAGGAGTATTTGCTTCGACAGGTTTTTAATGCCCCAAAGCCAAAGTGGACCCAGCTCTCTGGGAGAAAGTTACAGAACTGGGGGGGGCCCTCAGGACCCCATTGCCTTCCCCAGGTGGGCTTCCTCATCCCCGAGGGATGGTTCCTGAGCGGCTGCCCCCATGGCTCCAGCGCTACGTGGACAAAGTGTCAAACCTCAGCCTCTTTGGAGGCCTCCCAGCTAACCATGTCCTCGTGAACCAGTATCTGCCTGGGGAGGGCATCATGGTAACCACACACCCTCGGCCCGTGTCCCCCCACTCAGACTTCTGAGCTGTGCTGGGGCAGGGGACTCTGTACCCACCCTCACTCATTAGGCAGCCACATCTCCCAAACAGGCATTCACCTCCCTGTCCCTGGCTTGGGAAGCCCCCCTTTGACCCAGAGGGTGGGGGTTGTGGACTCCTGCCCTGCCCAGCCCTGGTGCCCACTCCCTAGCCCCACGAGGACGGACCACTGTACTACCCGACTGTCAGCACCATCAGCCTGGGCTCCCACACCGTGCTGGACTTCTACGAGCCGCGGCGGCCAGAGGACGATGACCCTACAGAACAGCCTCGGCCTCCGCCCCGGCCCACCACCTCGCTACTGCTGGAACCGCGCAGCCTGCTGGTGCTCCGCGGCCCCGCCTACACGCGTCTTCTCCACGGCATCGCCGCCGCCCGCGTAGACGCGCTGGACGCCGCCTCCTCGCCGCCCAATGCGGCAGCCTGCCCGTCGGCGCGGCCGGGAGCCTGCCTGGTGCGCGGCACCCGGGTCTCGCTGACCATCCGCCGCGTGCCCCGCGTGCTGCGCGCCGGCCTCCTGCTGGGCAAGTGACCGCCAGGGCCGGGACCCCTCGGATTCCCAGGCCCCCAGCCATGGCCCTGTCCCTGCCTCTGGGCCCTAGACTTGGCTCAGAGCC,False
1033,-1453,2.1114333,-2.1022959,0.014575522,4.524197,-5.4016333,4.8892834e-05,8.59641,-8.057451,5.8522062e-08,7.106242,-7.3207755,5.425325e-07,6.412557,-6.5328283,2.387205e-06,0.0029254807,ENST00000415536.5,-1453,GTGAAGAAGGATGTATTTGCTTCCCCTTCTGCCATGTTTGTAAGTTTCCTGAGGCCTCCCCAGCCCTTCAGAACTATGGGGTAACACATAGAAAAGGCACGGAGAAGTTAAGTGATTTGCCTGTGGTCACAAAGCCTGTTAGCAGCAAACCCAGAACAAGAACCTAAGATTTATGACCGCCAGTTCCAGCTGTTTTTCTTCGTCATGTATCCTCAGCAATCAACATAATCAAAATCTGTTTGGAGACTACTGATTTGTATAAAGGAAGATAACACCGAACAACCAAACAGGAAGTAATCCAGCGAATCTGGAACAGCGGTGGAATTTAGAAGCAAGGCCAGATGAGGACCCTAAGACCTAGAGAAACTAAGTCATTTGCTCAAGAAGACAAAGGTAATCATCAGAAATCAACATGAGATTTCAGCTCTCCTGATCCTTAGTACAACATGTGAAAGAAGATATGTTGTCTTTACTCACAGTGGAGGCATTTTTCTAGCTGTGTTTGATTTGGCTTCCCTATAGATTCAGGACCCATAACTCTTGTTCTCACTCATCTGCTATGCTGCTGATAAGGACTTTCAGGTCAACAGCTGTAACTGCTAAATGAAGTTAATACTCTGGAAAAAAAAAAAAAAAAAA,False
1034,-607,7.272629,-7.497219,3.850671e-07,3.0112839,-3.2293763,0.0019447791,2.8751805,-3.1160812,0.0024942707,2.5691772,-2.6124127,0.0055876677,2.698164,-2.7946422,0.0040994016,0.002825301,ENST00000547077.1,-607,ACATTAGCTGCTCCTTTATTGCACCCGAACCTCGGGCGACTGAAAAGCCACCGCCCCCACCCCAAACTGCGAGCCGCGCTCCTGGCGCACCCGCCTCCCGCCGGCCTAGCTGCAATGACCGCACCGGCCCGAAGGTCTCGGTCTCTCCGACCCGGGATGTGGAGCCCGAAAGAGTGGTGGGAACCCCAGCCCGGGAGGGACGCGGCCGCCGCTCGGGCCAGATCCCCTTATCCAGGCCACCTTTGGAAACCAGCCCACCTGCTACACCAACCTTTTCCCAACACCGTGGTCCCACCCCTACCTTCGCTGCTGAAAAACCGCATTGTGTGGGGGTCTGGAATCTTCTGGACTCCTGGGACCCCAATCCGCTTGCCTCTTGTACCCCTCTTGCAGAGCAATGAGGTATGTTTTGGGTTTGTGTACTGACCCCTACCTGCCTCCTCTGCCAGACCTGAGGGCAGGAGCCTTCCTCTGGGTATTCCAGTTCATCTCGGACCTTCGAAGTCCTAGGAGACACCGGGCTCCCGCTGAATATCGGTTGAATGACTTTCCATAGAGCAAATGGGGTATACA,False
1035,-964,9.714449,-9.860611,3.152532e-09,5.3033023,-5.245373,2.6227508e-05,4.4308534,-4.4496555,0.00013905409,2.202924,-2.076607,0.013659977,7.126453,-7.191108,6.052878e-07,0.0027651736,ENST00000446578.1,-964,AAGCAGCCGCGTCCACATGGCTTCAGGTGTTCACATGGCAGTAAACGGGCCCCTGCTCTCCTGGGCGCCCCAGCGCGGCGCCCTCCCGCCCACATCCCGGCCCAGCCCCGCTGGCCTCGCCTCCAGCCCGTAGCCAAGAGGCGAGCGCGGCCGGTGCCCCCGGGGCTGCCAGGGGCCCCGAAGCAGGCGGCGCTGACTCCCGGACGCCGCCCGCTCACACCCGCCGCCTTTGCACCCAAGGCCTCGCGCGACCAGCAGGTCACTGATTCTACTACCATCTGTCAGCGTGGATTGATTGAGGAGACTGGCCCTGCTCGGCAGATCAGTGACTTGTGCGAAGGTCCCACAGAAACTTCTGCTCTCCAGGTTTGCCCCTCCACTCTGCCCTCCAGGATAGAAGTGTGGCATCCTAATCTGGGATGCATCCATCTCTCCCCCTGGACTGTGAGCATATGCAGGGCAGAGACACCTCTGCTTCTCTTGGGTCTCCGGCATCCTGTGCAGGATGGGGCCACTGAGGTGCAAAGAGTTTAACTTATCCCAAGTCACAC,True
1036,-84,2.1211586,-2.2690015,0.012246898,3.2797918,-3.460892,0.0011804439,7.3161225,-6.9594164,6.3126504e-07,7.0710363,-7.270611,5.90883e-07,5.476333,-5.425275,1.8428245e-05,0.0026893984,ENST00000553459.1,-84,AGCAGCAGAACTCCCGGCTCAGAGAGTTCTCCACCGCTCCTCCCAGGCTCACGAGGCTCACGGGCTACCCAGCGCCAGCGGCCCAGGAGGCTGGACCACAGACTACGAAGCTGCACCGTGTGGGGCCCACTTTTTATACAAGCGGGTGGCGGTGGATCCAGGCGCAGACGGGAGTGAGGCGTGGCGGAGACGCGTGCACGCTGGGTCTGTGCACTTTTGCTGCTGCTGCTTTTTTTTTTTTTTTTTTTTTTTGAGATGGAGTCTCGTTCTGTCACCCAGGCTGGAGTGCAGTGGCGCGATCTCGGCTCACTACAACCTCTGTCTCCCGGGTTTAAGCGACTTTCCTGTCTCAGCCTCCCAAGTAGCTGAAACGACAGGCGCCTGCCACCATACCCGGCTAATTTTTTTATTTTTAGTAGAGATAGGGTTTCACCTTGTTAGGCTGGTCTTGAACTCCTGACCTCATGATCCACCTCACTCGGCCTCCCAAAGTGCTGGGATTACAGGCGTGAGCCACAGCGCCCGGCTGGCTGTTGCTTCTTAACACCTTTATTACTTTTGTAATCATGGGTATGAGTTGATTTTCTGGTCAGAAATTTCAGTAGAGCTAATTTCATTTAAATGTGTGAGATGTGGTAAAGTTTTGACAATAAATACAAATTTTGACAAAGCAG,False
1037,-1010,2.290474,-2.4306493,0.008826569,7.6254015,-7.8313107,1.9374694e-07,5.7479634,-5.4698114,1.3433099e-05,2.720585,-2.7417052,0.004225891,5.2867618,-5.3356833,2.4362404e-05,0.0026180898,ENST00000506160.1,-1010,AAAGACACTCAAGCAGCACTGTGAAGAGGCGCAGGTGGTAAAACTGAAGACCTTCACAAACAGCCAGCACTAATTTGCCAACCAAATGACGGTCTTTGGAAAACAGATCCTCTGGCCTCAGGTTGGTGGCTGTGTTCGATGGGTGTTGCTTGTGACAGTTGGGGTCCTCTTCAGCATCAGTCTCGACATGGCTGCAACTGGGGAGTCCTTGGGATCCTCCCAGAATCTCTTCCTCAGCATCTGGCTCATAATAAGGTTTCAGGTGTCTTGATGGTATCCAAATCGGCTGTTGATTTTGGCCTGGAGAAACACAAGCATAACCTCTACCCCAGGTGAAAAATGAGAAGATTAAATAAGCCATGGGAAGATTTTTTAAAATGACATGAAACTCCAAGGGTAAAAAGTAGATAGTGAGATTGAGACTGACACCGAGCATTGCCTGGGAATCACATAAGATAATGCAGGGCAAGGCTGCTGAGAGCATTGATCTCAGGGTGCTGCTCCCCATTACCCACACTGCTGGA,False
1038,-938,6.080247,-6.0290594,5.5079845e-06,3.3926263,-4.4207344,0.0004041337,11.089225,-10.551718,3.9944636e-10,7.304831,-7.559743,3.502654e-07,2.073359,-2.2871642,0.012610643,0.0026041272,ENST00000616030.4,-938,AGGCATCCCGGGGGACAAACGCTGGGTCGTCCTGAGTCGCTCCCACTCGCCAGGTCCCATAACCTTGAAGACTGCCAGACTTCCCCAGCCGAAGCATCGCACCCTGGTGCTCGAGGCGGCAGGTTCCTTGAGATCCAGGGCCATGTGTTATCCGTTTTGATGTCCCCAGTGTCAGACTTAATGCCTGGGAACACAATAGGAATTCAACCAATGTGGAGCTGCTGAACTATTGAACCACCAGATAGAGCTTTTGAGGGTGACCGATCGTTATTGCCTTTAGAAAAGCAAGATTGGTGGGTTACACCCACACAGAGCCAAGTTAGACTATTTTCTGGAATTTGTTTAACCCAGGATAGACTGGGAGCTCCATGAGGTCCGAGACAACCTGAAGACGCCCAGCTCAGCAGAGACTGGCTACGGCAATCACTCAGTAACTATTTGTTGAATTGGACATAATAGAAGAGCTGAAGAATTTTAAACAAGTCACCATCAGTGCAGTGGATTCCTCAAAGCAAACCTGGAAATCTCGGCATGAGTTGGATTTAAGGCAGTACATTTTCAGCTCCTGAAAATTTGAACAGTTTCTCAAGAGAACAACTTGAAACAGAAAGGCAAGGATGTAGATGTGGTTGTAGAAGATGATGTCTGCGGCCACCAAACTGTCCACTGTGAAGACAAACCATGCATGTTTAGTAGGCAGTGGCTCCTCTTCCC,False
1039,-311,2.5489144,-2.786322,0.0047956607,7.980128,-8.410769,7.612434e-08,5.4636683,-5.2313604,2.265679e-05,2.3167205,-2.4853964,0.008145451,5.1317573,-5.254381,3.0856296e-05,0.0025989402,ENST00000603748.1,-311,GAATACATTGATTGGGTTTTGATGTTCAAAACCCAATCAATGTAAATCACTATTAACTACAAAATAAAAGCAATATGATCATCTAAATAGATGTAGAAAAAAAATCTGAAAAAAACCCAACACCCATTCCTGATTAAAAACTATTAGAAAACTAGGAATAGAAAAGCATTTTCTCAACCAATTGAACAATTGAAGGGTAGCTATGAAAAACCTACAGCTAATATCATATTTCATGATAAAAGATGGAGTTTTCTTACTCTAAATTCAAGAATCAGGGAAAAGTGTCTGCTCTCACCACTCTATTTAACAGTGCTGGAAATATTAGCCAGCAAAACAGATAAAGAAAAATAAATAAATGGCATAGACTGGAAAGATTCATAGTTGGCACAATTATGTATATATAAAATCCTCAGGAATGTACACTTTACATACTAGAATTTAAAAGTAAGTTTAGCAACTGTGTTAGTTCGTTTTCATGCTGCTGATAAAGACATACCTGAGACTGGACAATTTACAAAAGAAAGGTTTATTGGACCTATAGTTCCACATGTCTGGGGAGGCCTCACAATCATGGCGGCAGGCAAGGAGGGGCAAGTCACATCTTATGTGGATGGCAACAGGCAAAGAGAGAGCTTGTGCAGGGAAACTCCTGTTTTTAAAACCACCAGATCTCATGACACCCATTCACTGTCAGGAGAACAGCATGGGAAAGACCCACCCCCATGATTCAATTGTCTCCCACAAGGCCCCTCCCATACCACATGGGAATTATGGGAGCTACAAGATGAGATTTGGGTGGGGACACAGAGCCAAACCACATCAGCAACATGTCAGAACACAGAAAAAATGTAAAATATCACTGTATTTCTATGTACTAGTAGTGAACTGTCAGATGTTAAAATTCAATTGCTTAGAATGGCATCAAAAATATGAAATACTGGCCAGGCGTTATGGCTCTTGCCTGTACTCCCATTGCTTTGGAAGGCTGAGGCGGGTGGATACCTTTGAGGCCAGGAGTTCAAGACCATCCTGAGCAACAGGGCAAAACCTTGTCTCTACTAAAAATACAAAAAATTAGCTGGGCATGGTGGCCTGTACCTATAATCCCAGCTACTTGGGAGGCTGAGACACAACAATCACTTGAACCTGGGATGCAGAGGTTGCAGGGAGCTGAGATTGAACCACTGTACTCCAGCCTGGGGAACAAACTGAGACTCTGTCTCAAAAAAAAAGAAAGAAATACTTATGGGTAAATCTGACAAAATAAGTGTAAGACCTGTACACTAAAAACTACAAAACATTGCTGAAATAAATTAAAGAAGACCTAAATAATCGGAGAGATATACTTTGTTTAAAGGTCAGAAGTCTCAGTATTGCTAAAATGAGAACTCTTCCCAATGCAGTGCTAATCAAATTTCTAGCAGGCTTTTTGTAGAAATTGAAAAGCAGATTTGAAATTCATATGGAAGTGCGAACAAAACC,False
1040,-73,2.1243234,-2.3146563,0.011670179,7.5254965,-7.7737193,2.2679585e-07,4.0918317,-4.139929,0.00026599684,3.4035995,-3.5439267,0.00096008705,7.221919,-7.2887144,4.9901286e-07,0.002579398,ENST00000427846.1,-73,GGAGACTCTGGCCGCGGCGATTCAATATATCCGGAAGCAACTGTCATGGCTGCTGTCAGTGAGGGCCCGTAATGGAGATCGAGTCAAGGGTTGCCCAGGGACACTTAAGAGCCTTCGGCTTCAAGGAGGCCTCTCAAAGGACAAAGGATGAGACTGCCTGGCGGCAGAGTGCCCCCCACAATCGTAGGAACTGTGTCGCCGCGCTTCCCGTTAACTTGCCGCTAAGTTTTTCTAGAAAAGTCGCCCTTCTTGCCAGGGGTGTCCTATAGACTTTGTCATGGAGTGAAACAGAAACAAATGGATTCCCAAGAGCTTTGAATGAAGACATTTAAGATTACTTCTAGTAACCTTGCTTGTCAAACCCATGGTGGATGTAATTAACCATCTGTGCTCGTAAATCAGGAAACTGCAAAACTGTGAGAACACTCCGACGTCAATTGAGGTGATATGGGGGCTGAAATGTGATTAGAGGAAACCTAATCAATTGTATTTTAACCTCTTTGGTGGATTATCACAAAAGAGGTGGATGGTAACCCTAGGACAGTGAGACTGTCCACTTTTCTGAGACTGGAGATCAATCTCTTAATAGTAAAACGTAAATATTTTTAAAACTTCACCCCTTTTACTTTGAATCCTTTGTCCAAAAAGATACATGATGATAAAGAACTACTACAAAGTGATAAATACATTTTATGTGATTCTGGGTGGCATCTTCATTTGAAGATCATCAGCAGACATGTATATGAGCC,False
1041,-927,6.8238077,-7.0630674,9.3112146e-07,4.2959223,-4.518657,0.00014852942,9.307715,-9.42478,7.3211797e-09,4.0673847,-4.4385476,0.0002022241,2.1213908,-2.2588336,0.012367675,0.0025438734,ENST00000427794.1,-927,CAGGCACTGGGACTCTGGTGGCACCCTGGGTGGCAGGCAAGCCTTGAAATCAAGTGCACGAGCCTTGGAAAGGAGGACCGGGAGAGTTATGGCATTTATGAATGAAGAAGAGAAAGAGAATCACTCGGATGGGAAAAGTTAACTGGATTGTTCCCACCTGCATGGATCACCGGGATGAAGCTGTGCCACCCTGTAGGAATTAGAAGACCATGTCCAGGAATTGAGCACTGGGTGCAGGATCCAGTCTTCTGAGGCCCTGAAACCACATGTGGTCCTAATATGCTATTTAGAAAATACAAAGTGGAAAGAAGAAAAATGAAAGTCACGCATCGTCCTTCAACCCGGGGACAACTCCTGCTAACACTCGGATGGATGAATTTCACATATACATATAAATATTCTCATCTACAGTCAAATTTAATAATGTGAATGCCTTAATAAACCACTAATTCTTCAATTTC,False
1042,-1062,4.0429554,-3.876173,0.00036358694,5.005621,-5.2338967,3.572882e-05,4.6667757,-4.557333,9.8622884e-05,5.1674542,-5.103396,3.4626726e-05,2.112762,-2.284084,0.012166285,0.0025397702,ENST00000511565.1,-1062,GAGGACAGCTCAGGGAAGCTTCTTGGGAAATGAATTCTGGGAGTTCCCTCTGCCAAGGACCCACTGTGTTAAGAGCTTTAAGGTGAATGTCCACTTCGAGGCCGGCTCAACCACCGTCTTCAGAGAACTCTCCCACACTGGCCACAGCCTATCTGCCAGCGTCACCCACTGTCTAGGTCTTTGCCCATAATGTGTCAAGGGCAAAACAGAGGGGTGGATATGATGCACGTGCCTCAGCCCGGGGCCCGTACATGGCTGGCGTCCAGGTAACGCAGGCCTGGGGCAGACATTCCTTACACAGCTCCCACCCTACTCTTACGTCCACATTTAGGCAGCCAGGCCACCTTAGCCTTGGAGGGGAGGACACCAACGGGGCCCGCCTTACCAGCAGTCAGAAACAGACCCACATCCCAGTGGGTACCCAAGGCTTCTTTCCTTAGGCCCCATCCCATTTAGGAAGTTGGGAAACCCACTGGGTGAGCCCAAAGGCTACCAAAGCCTG,False
1043,-773,2.1066902,-2.255432,0.012590751,6.551764,-6.602962,1.9363072e-06,5.9075465,-5.5811853,1.0244787e-05,9.72932,-9.939706,2.8697944e-09,4.8695226,-4.659789,7.268433e-05,0.0025351238,ENST00000575606.5,-773,ACAATGCGCAGGCAATCCACAGCAGCTGCCCCTGCAAATGTCAGCGCCAGCCCAGTCAAAAGAGCTTGAAACCTACCAAGCCGGAGGACTGTGCTGTGCCTCTCTCGCCCACATTTTCCCCAAGCACTCTCAGGAACCTGGCAACAGATGGATATCTGAGAGCCAGCGAACTTTCTTTACCTCCTAGTATCATTTCATGAAAATTAGTAGCACCTGCACAATGGGGCCTTGGAGACAGGAATAAAAGGAAAAATCTGGAATGGAATCACATGACGCAACAGGCTATGAAGACTCCCTGCCCGGCTGCTATATGTCTGGTAAACAGAATAAATAGTACTTGAGCA,False
1044,-976,3.0205078,-3.114594,0.0021608253,3.3495607,-3.3788054,0.0011950566,2.3765664,-2.3148773,0.009090048,4.855091,-5.1918645,4.331557e-05,7.4754643,-7.5821724,2.8876968e-07,0.002497907,ENST00000469148.1,-976,ACATTTAAAGGCATAAAGTATTTACTCACTCCCTGGCCACAGCCACCGTTACCTTCTCAATCCCAACTTCGGATATAATTATTGATATATTTATAACGAGTTTATGAAGAATGTGAAAAAGATCTGACCACCCTAGCTATGGACTGAAGTTGGAGCCTCTTTTCTAATATAATGCAATTGACCAAGACTGCTTGGGAGCAGCTGTCAGTATTGTTTAAAGCTGTCATTCAATATGGCCAAACTCTTTGTTATCTAAAACCCCTTGTCTGATCTGTTGCCTCTGTTTCACTTTTCCAATTAGATGAATGACAGAAACAAAAAATCGTAATAAATATTGTCAAATCTGATTTTA,False
1045,-424,5.9744034,-5.79811,7.713634e-06,6.324239,-6.9740095,1.6774262e-06,2.5288641,-2.2128918,0.008647878,3.2363384,-3.3048255,0.0014407295,3.0403967,-3.196712,0.0019516847,0.0024099369,ENST00000434086.1,-424,CCTAGCAGCACATCCTCTTTCCTGTGTCAAGAAGCATCGTCCGGGGAGGTGAGAAGAAGACAGTCCTCCCTAGAATTGAAGAACCAGGGAGAACCAGATGGGCTGGGCAGATCAAGCACAAACCTGAGATCCAACTGTCCCTCTTATGCGCCTGGGTTTCTTCACTGGACACCAGTATGAGTCAACTTTCCTGTAAAGCAGAACAAGCACGAGATTGGACCATGTTAGAGGAGGAATGGTGTCATCTCCACTTCTGGAGAGATCACTGTCCCCGTGTTTGGGGGAAGGACCAAGCCTCACTCCCATGCAGAGAAGAAGCTCTGACTGTAACTGCACCTGTGGAGAGGTGAGGACCTGTCCCCTCTACACCGATGGCCAGAGCCTCCAGAGTGGGGCCAGGCTTTTCCCTCAGCTGTGTCCTGTCAGGTTTATCTAGGCCTCAAAGAATAGACCCTGGACATTGCCTCTGGCAATGTGAGCTGGACACACACCCAGATGTAAGGTAGCCCTGCCAAGTATCCTGGGGTTGCCAGTAGTTCTGGGTGCTCAGTGT,False
1046,-774,2.1338365,-2.285718,0.011896365,6.3996363,-6.4580836,2.6059272e-06,5.941215,-5.611739,9.60753e-06,9.786969,-10.006602,2.5337346e-09,4.887467,-4.6735597,7.041551e-05,0.0023957994,ENST00000576606.5,-774,ACAGCAGCTGCCCCTGCAAATGTCAGCGCCAGCCCAGTCAAAAGAGCTTGAAACCTACCAAGCCGGAGGACTGTGCTGTGCCTCTCTCGCCCACATTTTCCCCAAGCACTCTCAGGAACCTGGCAACAGTGTCCCCTTGTGGCCAAGCCTGGAACATCACATCTGTACGTTGCAATCTGTGGATCAGCTACGAGATGGATATCTGAGAGCCAGCGAACTTTCTTTACCTCCTAGTATCATTTCATGAAAATTAGTAGCACCTGCACAATGGGGCCTTGGAGACAGGAATAAAAGGAAAAATCTGGAATGGAATCACATGACGCAACAGGCTATGAAGACTCCCTGCCCGGCTGCTATATGTCTGGTAAACAGAATAAATAGTACTTGAGCA,False
1047,-375,3.654575,-3.7636008,0.0005998831,2.0532193,-2.5863268,0.009569618,6.249115,-5.679453,6.599119e-06,3.3165655,-3.059027,0.0016997171,4.6823177,-4.7816043,7.759558e-05,0.0023906827,ENST00000600502.1,-375,GAATAGGACAAAGATTCTAAGAAGGTGGGAAGGAAGAAGGCTGCAGTCTATTTCAAGTCTGGTGAATTTCAATCACTGTAGCCTTTATTGTTATTTTAGAGCCACCTAGACCAAAAGAGAAGGAGCTCAAATTGCTGGAGGGGATTTAGTGGCAGGAGGACAAAGTCAGAAGAGAAATTTTTCACAGTATATCTTCTTGAGCCATGTGACCATATGCTCTAATTTTTTTAACTATAAAATTTAAATTAAAAAAACCACAAAAATTCGACGCAAGAGCAGCAGCCACAGTGGCTGAAGATGAGAGGACTCCTGTGCCAGCCAAGGTGGAAGCAGAAATTACTCCCCAGTCTCCACTGACTACAGGAACAGGAGGGCCACACACCCATTTGGTGGCCATAACATTGAAAGCTGGGACAGCAGGACTGGTCTGGACCTGAGGCGTAAAAGACAACACTTGCAGCCAGCCCTGGTACTTGCATAGTGGCAAAATGTCCCAAGCTGGAGGAAATGGATAAGAATTGGGTACACATCACCCGTACTGGGAATAAACAAATGTGTTCTGATTATTTGGAAAAAGCAGACATTCTAGGGGTAGGGAGTTCTAAAGCCTTGGTGCACTTGAATGGATAAACTTCCCAGGAGCAGAGTTTTCCAAGCATGGCTCCCTGTGGTTCACCTCTACCAAGCTTAACCTACCTTCTGCTTAGGCAGAGCGAAGAGGCACCTCAGCATAACTCAGATCAAAATGGAAGCATCTCATTTCTTAAAAGCTGTCAAAGAATTGGTGTGAGGTTTAAAAACGTCTCTGAGCTTGATGGAAGGAAGGTGAAAGAAGACTGCAGCTGAGTTCTATTATCAAAGCAAAGTGCTGTACTGTACTTGAAATAACTCTAGCAAATACTGTGCTTCCTGCACAGAACCTGTTGGATTACTCACACAAATGTCAAAGAACAGGTTGACATTTTAGCAAGTTATCAGCCTGGCCCATATAAAAAAAGACATTTCTAGTTTTTACACTTTGCAGGGTTCAGAGAGCAGTTGAAT,False
1048,-756,12.041757,-12.395564,2.4378471e-11,11.593743,-12.153863,4.8589858e-11,13.937141,-13.634851,1.0608052e-12,2.2936254,-2.138097,0.011754179,10.782993,-10.936838,3.6914505e-10,0.0023508358,ENST00000585280.5,-756,GAGACAAGGAAATGCTGTCACCGCGGTTAACACGCACGTGGAGGTTGGTTAAAGGGAAGACCTGGGTTTTAGTCCTGTCTCCATCAACCTCAAGAAATGGGACCTCATGGAAGGGAGGGGAGGCAATGCCGAGGATGTGCTCCTGAGCAGGTGCCACAATTCTTCACCTGTAAGGCCTCTCCAGAGGCCCAAACTTTAATAGAATCTGAGAGAAAAAAGTGGCCAGTCTATCTGCTGTCCAGAGTGATGCCAAACTCTTTCTCCCGGAGCCAGTTCTCCCCGTTGGGCAGTCAGGAAACAATAAGTGAACAAGAAGTAACCTCAGAAGAAGAAAGAACTTTGGGAGAATGCACTGAGAAAGGCCAGACTGAGTCCCCTTGGATGAAGTTAATTAAGAAACAAACA,False
1049,-1483,5.073101,-5.4483733,2.6950687e-05,5.091003,-5.1814146,3.457251e-05,6.331819,-6.1146,3.931763e-06,2.0679,-2.3739426,0.011637206,5.92769,-6.097726,5.989986e-06,0.0023417303,ENST00000520068.5,-1483,AGTGCAAACATGAGTAACATGGCCCTGCTCTGGAGACTACTGGGAACACAAACACAGCCATTTAAGACATCTACCTGCTTCTCCTTTGCCTTCCATCATGACTGAAAGTTGTCTGAGGTCTCCCAGCCACGTGTCCTGTACAGCCTGTGGAACTGTGGTACAGTTGAAGAAAGAGCTCAACTCTGGCAAAGGGAGACCAAGAGTAACCTCTGGTGTGGAAGTTGGCTGAGCACTCAGTGCCTGACTGTGCTATACTCCTGTTGGACATGAGCTGTCTCTCAGAACACCAATTCAGACAAGGTTACTCCAAGACTATGATACAATAAAGCAAAGCAAGGATACTTCGTAATTTTGTGGAAGCACAGACAAAATCAATATCAGTATGCCACCTACAAAAGACCAAACAGCCCTTCTCTTGGCCAAAATGAGTGATGTCTACTTCTTTACTAATGAAGTTTTATTTTTGTTCTAGTCAGCTCTCCATCCAGATGAGATTTTTTGAGATACCCAATCTTATAATTGCCTCCAGCTTTCTGACAGCATCTAATTTTGGCAAACTCTCCCCTCCTTCTGTCCTCTCCCAAATGACCTAACCTAAACCCCAAATCTACAGAAAGTTATTTCTATTACCATCTTACTGAGACACCCCATGATTCCTCATGATATGTGTTATTTGTCTGTGCAACAGGTAATAAATTGAACTTGTTCACTA,False
1050,-196,16.01824,-15.96189,1.2918329e-14,13.158108,-13.354663,3.0594938e-12,13.163627,-12.840727,5.0868997e-12,4.3597445,-4.320664,0.0001698528,2.1699724,-2.2980516,0.011339887,0.002301948,ENST00000565139.1,-196,GGGAGCCTCCTGATCCGTGAACCCGCGCTGGCGGGAGTAGCTACTGACCGCTGGGGACCCCTGCCCAGGCTGTTCGCATGTGGAAAGGATTCAGGGAGCAGGCGATGCCCAAAGCGTGGAGACCAGCACTGCTCTCTCCCCAGTGACAGAGTTCATGAGGCCCCTTGCCCGGAATGTCCACATTTGAAACCTCCCAACACCGAGCCCCATTTCAAGTATAACCAGGAGGGAAAATGGTGCTTGAAATAAGCATGCCACAAAGGAAAACCTGCTTTCTCGAAATGGGCCCTGGCCGCCCAGGCCCTGACCTCCCCGGCCAGGATGGAACGTTCCAGAGACCCATTAGTGCCAAAGGCAAATGAAAACACACCCTGTGAAAATGTC,False
1051,-715,2.4610596,-2.4281425,0.007471187,2.6947336,-3.6820521,0.001697693,9.616187,-9.038048,7.91714e-09,5.2754607,-5.506507,2.077027e-05,2.8950276,-3.1869762,0.0022783938,0.0022936105,ENST00000556475.1,-715,AGGATGGATGTCAGGTCTGATGGATGGATGGATGCCTACATCAAGATACATGCATAGATGGAGAGATGGCTGGCTACCTCATGAATGCTGGACTGTTGTGAGAATCAAACGAGATAATGTATGCTGAGGCATGCTGTGAACACTACGTGCTGGGTACAGGAGAATGGAGGCTCCAGAGTGAAATTAATGACACTTTGTCGATGAAGATCTTGATTGTGACCTCTGTGGAAAATGAGCCATGAACCAACCAATGATAAGTCTACTTTTCTTCCACGTAACAACCACAGGATAGATGACATTCATTTTCTAAGAAACAAAATCTTGGCAGTTAGATCCGTGGGGTAAAGAATATAGATACTAATGTAAGTTAACACCTCAAGTTCATGTCCTTGGTTTGGATGCTTTGTTCAGGAGTGTTTAGTGGTATTTCAAAGGAATCAATATCTATAACAAATTAAAATAACCAGGAATGGACCAGTG,False
1052,-1313,7.525277,-7.733942,2.3605065e-07,6.559968,-6.6714125,1.793427e-06,7.4370346,-7.2281694,4.2754576e-07,4.7275896,-4.701855,8.0317295e-05,2.3090558,-2.1658714,0.01126276,0.0022691067,ENST00000421758.5,-1313,CTGATCTCATCAATCTAGCGGGAGAGACAGGATAACCTGTCCGAGAGTATAGCGCCACTATGACTCCGCCGGAAAAATTACTTTAAAAATCGCCAAAAATTACTTGGAGCAAAGGGCAGTCGGCGGAGCTTCGCCAAGGCTGGCGCAGTCGGTTTAATAATGATAGAATGAAGACCACAATAAAAGAGACCTCTACTTAGCTCAGCAATTCTTACCTTTCTTACCTATTTGATGAAGATGTCTTTTGAAAGGTGTACTGCAAGGAACAAAATGTTTGTAAATTCTCCTTTTACCAAGGTAAAGATCAAATTTTATAAATTTACTTGTTTGTTTATACAAGGAAAAATAACTTCATATATTGAATATATTCAAAAGTTTAAGCATTTAGTTGTATTGCCCTGTTAAGTTGGCATAGCAAATAAATGCTTTTCTTTTCCTCATTTTATTCTTTGTGTTTCCTAACCTATAGCACTGTGCTGGGCACAGAATGGACTTCAGTTAAGTTTTTGATGTAGAAATGTTTTATTATTCTACTTAAAATCTCCTTAAAAATAATTATGCATATTACATCAATGTTATAATGTTTAAACATAGATTTTTTTACATGCATTCTTTTTTTCCTGAAAGAAAATATTTTTTATATTCTTTAGGCGCGAATGTGTGTTTAAAAAAAATAAAACCTTGGAGTAAAG,False
1053,-744,6.9830284,-6.8546124,9.78112e-07,2.353208,-2.8382988,0.005532834,2.952423,-2.633053,0.0037379388,3.3749793,-3.2632682,0.0013076079,3.705297,-3.9794228,0.0004595882,0.0022077893,ENST00000560395.5,-744,GATTTTCTCTGGAATGAAGCTTTATCCTTGCCACACAAAAGATCGTGTGGAAGAAATTTCTCTGTTCGATGGAACGAGAGGCTTCTATTGCAAGACCTTCTATGCTGAAGCACTTGTTTATATGAAGGCTTCACTATCCAAATCCTGTCTTCACTGGCTTCAAGAATCCTGTCTTCACTGGCTTCAAAACTGGGATGAAGGAGGCTCCTTAGTGGAGAGCAAAGCAAAGAGAAACTCAAATTGGATCCATATTAAAGAAGAGAAGGATGGATTTGTTTAGACAACACAAACCTAGGAAGGGTTTGAGAGGTGAAACAAACTGGGTTATGGATGAACGGGGGCAATTGGAATGTAGAATTGAAGCAGTAATTAACATCTTGGTTTCATCTGGGTGTTTGGCATCATGTTCAGAAATGTGAAAAATAAAATTCAGCACCGTTA,False
1054,-641,2.613021,-2.5710115,0.0055741128,2.5435553,-2.8073494,0.0047214604,8.252307,-8.123394,7.728994e-08,5.889791,-5.992831,6.9093935e-06,3.6014757,-3.631603,0.0007217722,0.0022048666,ENST00000529392.1,-641,GGGAAGGCTTTAAAAAGCAGATATGGACCAGGGTAGAGTTCGTACGCTGTAGCTTTTCAAGAACACCGATCTCATTAATTAAAGAACAGCAACTATTTAATTCCAGTTATAAACTATTGTTTTCCAGTTAGTCTGGGTAGGTGTGGCCGTTTGTAGAATAGTTAGATTACATTAGTCTATTGCGTTGGTACAGTTGTCTATAGCTTGAGCATATAAAAACTCCTGAGCCCAGCAGAAAAGTTACTTTCCAATACCAGTCTCCATCCTCCGTGCTTTGGAAGTTGCATCGTTTTCCGGTTTTTCGTACTCAAAGAACACTGTCAATTATGACAGCTCTGTGACCTCTGGTAATGAATTAGTGTATTAGTCACTCCTGAAACGTTCCTTAAAGTGCTGGAACTTAACAGTAGCACAGCACATCCAGTACACAGCTGTACCGTATTTCCATATTTTTCAAAGCTGAAAATCTTAATTGGATATCTTGGATCATTAACTTAAAACCTCAGCGGATTTTTCTTTCAAAGCAGACATAACTGAGGATGCTGACCAATGAATGCAAATAAACTATGCAATATTTTTTAAAATAACAAATGTATGTTAGTTTTTTTTAAGCTGAGGTCAACTATGTTTTGGGGGGTATGTGCTTTTTTAAATTATTGTTTTATTTCAATCGATTTTTGGGGGTAACAGGTGGCGTTTGGTTACATGAATAAGGTTTTTAGTGGTGATTTCTGAGATTTTGGTGCGTCCGAGCAATGTACACTGTATCCAATGTGTAGTCTTTTGTCCCTCATTAGCCTTCCCCTTACCCCTGAGCTCCCGAGTCCCCAAAGTCCAATGTATCATTCTTATTGAAGACAGCTAAATTTTTAACTCTGAGACTCACTGGAGAGAATGACTGGTTGTCTTTGGGTGTTACTGAAAAGCCAAAGGATTAAGCAATAGGGATAAAGTAGAGGAGGAGATAATTGTTCTCGTATGTCATATGAAAATGCTAACCATAGTTTGTAAGCTAACAGAAGAAGCCTGAGGAAGTTCCCGAATTTATGATATCCTCTTCCCTTTTTTCCAAAGAAAGATGCAGTCTAGCACCTCAGTTAAGAATATGGACTCTAAAGTCAGACTGCCAGGCTTCAAATTCCAGTTCTGCGACCTCAGCAAAGTTACTTAACCAAGCTCTCAGTGCCTTGTTTTCTTCATCTGTAAAATGAGGATGACGTCACAGCATTGTTGAGAGAATTAATACAGGCTCCAGACTTGTGAATGGAGAAGTGTTGAGGTGACCCCAGCTCCAGCCACCAGCTGACGACAACCATACCGGAGATCCTGAGAGCTGCCTAGCTGACCCCAGGCACCCCCCAGACTTATTCAGCACTTAGAAGAATGCCAGGCAGGCTTTCCCCACCAACCAAGATGGAATAACAGGGAAAAGACATACCCTTCTATCTTCAATAATTGGAAACCCAGACAAAGTTTATGAAACGCTGGTTTTCAAGACATAGGACATCAGACAATCAAGGACAGTAAACACTGAGATGGGAAACAAACAAGGTGAGTACTGCAATTGCCCAACATTACTAGCTGGAAAGAGTTTCCCGACCATGGCAGAGGGAGGAGGATCCTTTGAGGTTCTGTGGTGTCCCTGAGTTGAGGAGACAAAGTTGAAATTCCAGAGTGGTCAAGGCAGCTGGAGTTTGTAGAGCAGAGTACCAGAAAGAAAATAGATGCACAGAGAGAACCTCAGAGATCTGCAAAAGATCTCAGCTCTTCAGCTGTGCACCTATCAGTACATGCATGTGACAAAGCACCCCAAGGCCAGGGGAAGAATCACCTGAAAGTATGAAGAGAAGAATACTTGGAGCATATACAAACCAGGAATAATTTCAGTTCTCACCAGCCAAATTGGAAGACCCCATAGATAACAGGCATTAGGTAGAGCAGGGGTCCCCAACCTCCAGGGGCACTGACCAGTACTGTTCATGGCCTGTTAGGAACTGGGCTGCACAGCAGGAGGTGAGCGGCAGGCTAGCCAGCAAACCTTCATCTGTATTTATAGCTCCCATCACTTGCATTACTCCCCATCACTCCCCATCACTTGCATTACCACCTGAGCTCCACCTCCTCTCAGATCAGCAGCAGCATTAGATTCTCATAGGAGTGTGAACCCTACTGTGAACTGCACATGCAAGGGATCTAGGTTGTGCACTGTTTATGAGAATCTAATGCCTGATGATCTGAGGTGCAGCTGAGGCAGCATAGCTAGGAGGTAGGTATTTTGTTGCTGGGGACTCATATCAAAACCCTATCAGTGAGTGGCAAGTGACAATTAAGCTGCATCTGGTGGCAGACTTTATAGAGGCAAGTGAGTCAATGTATTTCAATTGCACAGCTCTATCTGGTGGCAAGTTTTAAGTCAGAATCTGACACTTAATTTAGTCTGTGCATGGCCTGCCCATTATTTTATTTACCACTTCTGTCTGTGCCTCTTTGCTGCACTGAACACTTGTCTCAGTCACAGTTTTGGTAAGCCCACAAGCTAACCCTAGCTAAAATGAGTAAAAAGCAAACGACACTGGAGAGCTTCTTTGAAAAGTCAGAGAGACCCAATGATGAGACAGCAGAAGACTCTTAAGACTGCCAACAAAAAGAAAGCTGCACTTAAAAGAAAATACCAGACTGGGCGTGGTGGCTCACACCTGTAATCCTAGCACTTTGGGAGGCTGAAGCAGGTGGATCCCTTGAGGCCAGGAGTTTGAGACCAGCCAAGCCAACATGGTGAAACCCATGTTTCT,False
1055,-552,7.509166,-7.798457,2.2489704e-07,3.50703,-4.0044103,0.00054649415,6.1947446,-5.6950207,6.8602158e-06,7.6787934,-7.7099624,2.0737107e-07,2.1952872,-2.4102557,0.0098973345,0.0020902243,ENST00000464115.1,-552,CCGGTGTCGACTTACTAGCTGCAAGCCTCTGCCTGCCTTCCTGCGCGCCGTTCCCCGCTAGTCGCTGCTGCTGGCGCGCACTCGCCGGGTTTTTCCTCCCACGGCCTCGAGATGGTGGTGAATGTGGCACGGAGGAGCCGGGCCTTCCAACCCGGTGGGCCCGAGCTCCGAAAGGCCCCCTCGGCAGTGAGAGGGGCGGGAGCCCGCGGGGGCCGCGCCCTTCTCTCGCTTCGGACTGCGCAACGCTGCGCTCTGGGCTGACAGGCGGATAAAACGGTCCCATCAAGACTGAGAAAAAGCACACCAGCTATTGGCACAGCGTGGGCAGTGGGGCCTACAGGATGACTGACTTAGTCTACAGAGATCCCGGCGTACTTAAGCAGGTAGTAATGATGGACAGATGAAGACTCTTAAGATGACAGAAGGTGATTTTTCTGGTGATCGAGGACTTCCGGGGTAATGACAGTGATGAAATGCAGGGGACCTGGTAGGTTTCTTTTGGAGACTAACTGGGGGCTGCCTGGTGGGACAGAACAGCATGTTTCCAAGGGCTGTGGCTGGTCATAGCCATGGGATCTCCAACTGCATGCAAGAGCAACCTGGAAAGACTTTGACAGCGCAGGTCAGTACAATACCTGCAAGCTGCCACTCAGCTTTCCTATAATGTTTCAGGACCAGGGCTGGAAGCCTTCCATGTGTCAACTTCAATGTA,False
1056,-1284,2.287309,-2.3017416,0.0100602675,3.889976,-4.7021565,0.00018552551,9.919518,-9.308515,4.4603747e-09,4.299068,-4.3918,0.00016808571,5.177178,-5.2996416,2.8181406e-05,0.002088413,ENST00000526695.5,-1284,TTTCTCTTGCTGCTGCCATGTAAGAAGTGCCTTTTGCCTCCTGCCATGATTCTGAGGCCTCCCCAGCCATGTGGAACTGGCTCAGTGTGGTCAAAAGAAGACTATAGAATCAAGGATGAAGAGAAGGAACACAGAATAAAAGGACGTCTCAGCAGGAAGCTCTGTGACTACTATGTGTGAGTGACCGAGCTGAAGAAGCCCCCGTCTTCCAGCGCATGTTATTCCCATGACAGATGCTAAAAGTTCAAGGGGAGAGCTACAAGAAGTGCGTTTTCCTGTGGCTACTTTCATGTCTGGATGCAATGCCTAGACCTGCATCCATCTTGCGACCAACCTGAAGATGAACAGAAAGGAAGGAAGGATGGCCCAATAGCCTGGGAAGAACTGGTGTTCCTGATACCATCATTAACCACAGAATCTACAATCCCGGAACCCCCCATCCTTAACCATGGAATCTACAATCCTATCTCTAGACCCTTTGTCCAGATGCTACAGTTTCTTTGTTCAATCTAGTTTGTGTCAGGATTTCTGTTCATTACATCAAAAGTATTCTAATA,False
1057,-605,4.3406057,-4.5708914,0.00013481165,8.409345,-8.723713,3.624166e-08,2.3683445,-2.230257,0.009965592,3.9595335,-4.23276,0.00027670184,7.3580956,-7.403797,3.8814275e-07,0.002075506,ENST00000458228.5,-605,GCGGCGATTCAATATATCCGGAAGCAACTGTCATGGCTGCTGTCAGTGAGGGCCCGTAATGGAGATCGAGTCAAGGGTTGCCCAGGGACACTTAAGAGCCTTCGGCTTCAAGGAGGCCTCTCAAAGGACAAAGGATGAGACTGCCTGGCGGCAGAGTGCCCCCCACAATCGTAGGAACTGTGTCGCCGCGCTTCCCGTTAACTTGCCGCTAAGTTTTTCTAGAAAAGTCGCCCTTCTTGCCAGGGGTGTCCTATAGACTTTGTCATGGAGTGAAACAGAAACAAATATGAAACAAAGCTTCCTATGCCAAATTCCAGCTTAGGAAGGATTTGTCGCAAAATAAAAGTACACTGTCGATTCCAATGTGTTGGGTGTTTAGGTCGCCATTCCATCACTTTACTCTTCAGAGTCCTTTCGATCCTAAGATATGCATGACTCTTGGCCAGTGATTCTCAACCTCGGCTGCACATTGGCATCAACTGGGGAACCTTCAAAGCTCCTGGCATGTGGGTTCCACCCTCAGAGATTGTGATGTAATGCACTGACAGTCAAATTGGGAACAACTGTAAATTGGCTCAGTTCATTCATCTTTTACTGCTGTACAGAAGATTTCATTGTATAAGTACTTCACAACTCATGTACTGATTTCTAGTTGATGAACTGTTTCAAATTTTTGTTATTTCAAGCAATTCTCTAATGAATGTTGTTGTACTTGTCTCCCCGTGAATGTTCCTCTGGGGTATATACTGAGAAGTTTGAATTGGCACATCAAAGGTTGAGCATCTTCACCTTTACCAGGTATTATCAACATATTGTTTTCCAAAGCATTTACAGAAATGTGTGCTTCCACCACTTCTCTGCCTCTTTGACAACACTCAGTATGATCACACATTTTTTTTTGCCAATTTTATGCATGTGAAATAATTTTATTGTTTTAGTTGTTTATTTATCTTAGAGAAAAGGTCTTGCAGTAGGCTCCTAGGCTGGAGTGCAGTGGTGCGATCATAGCTCACTGTAACCTCAACCTCCTGGGCTCAAACAGTCCTCTCACCTAAGCGTCCTGAGTAGCTGGGACTACACTTGCGCATCATCACCATGCCCGGGTAGTTCTTTTGTTTTTATTTTTAGAGACAGGGTCTTGCTCTGCTGCCCAGGCTGGTCTCGAACTCCTGGCCTCAAGTGATCCTCATGGCTTGACCGCCCCAAGTGTTGGGATTACAGGCATAAGCCACCATGTCCAGCAATTGTTTTATTGTTTTAAATTGTATTTACTTGATTATGAGTGAGGTTTAGCATGTAAGTTACTGCTTCTATGAATTGTCTTTTGCCTAATTTTTCTATTGTTCTTTTGCTCTCTCTTATCCTTTCTCTCTCTCTCCCTCCCTCCCTCTGGGCTCCTGTCTCCTCATTTGTGGACTGTGCAATTGCTGACACCCTGCACAGCTTGGCCCTCAATCCAGAAACAGCTGTTGACATGGTATTTCTAGTGCCTTCCCAAAGTAATACTGAGTACATCACAGATCCATTAGCCAACCCATGTAGTGATTGAGTTACTTCTTGGTCTCCTGTACCCTGAGCCCCAGACAGTGAGTCTATAGCTTTCCTTCCCATCTCCTTTCAAAAACAGGGAAGTAAAGTAGCCCCACCACAGTCCCTGTCTTTAAAAAGTGATGCTTGCTCTGGTTCTCTGGCTTTCATGAAGCATTTTCAGATCTTGCTGCCATCCCTGCTCCAGCCTACTCACTGCTAGTGTTTCTGTCCTGTTTCTATTCCGTGAGACAACTATCATGGTTGGGAGTCCAGAAAGCTTTTTGTCAATTTTTCTACTTGATCCTTACCATAGATATGGCGCAGGAGGGCTAGGTCAGAGTTAGAACTTACTACACATCTTGAACATTATATGTTATGTTTTATGGTGAAAAAATTTTAAATTCTATTTTAGCATCTAAATTTGCATTTAAGATGTCACTTTCTTCTCAATTTATTTTTTCTGCAAGTAGGGGAAAGAGCCTGTGAGCTGGATGGCAGAGAAAACTAGTTTTTAAATTAATATTGCCAAATATTTCAGTAACCAACCAACTATAAAACATAATAAGAGCTGTCACAATTAGTAAAGATTAGAAGCAATGGTAACTCTCATACAGACACCCCTGGGAAAATATGATTTACCTGTATGCTTTGTATTTTTGTTCCTTGAACGTTTTTTGGAAGCAACTGCTTCCAGAAACTTTCCTTTGAATAGTCAAAAAATACAGCCATTGGTGTATTATTTTGTTGAATATTAAACCAGACCTATGAAAACATTAATATAACATTAGTGTAGGTCCATAGGAACACAAGGCCCATTGTTGGTAAGGAAGGAGCAAAATTTTACAGTCTTACTACTCAATGAAGTGGCAGAATCCCAGCGGGGTTCTGAGGCAGGAGATAAAGAGATTCTAGGGTTTCATGATCATTAGACTACCTCAACGGTTCTCATCCTTGAAGGCACTACACAATCACCTGGAGGAGCTTTAGTGATAAAAGATTGCCCCGGCCCCATGCCCTAGGGAATCTGATAGACTATCTATATTTAAAGTTCCCCAGGTGATTCTAGTGTGTAGCCAGGGTGACTCTAGAGGAGATAACTCAAGATTTTTTTTCCCCATATACTTACATTTCTATCATCAAACAAACAATCTACACTTTTTAAGGGACAAAACGGGTCAAACTGCTTATAACATTGGCCAGTTGATGGATTCCAAAGCAAATATTCATTAGTTTCTTGAGTTACTACATAAGCCACATGCCCCTGTATGAGAAAAAAGAAAGTAATTTTTGGTGGATTTAAATAATTTCTATATATGGAAATTATACTGTGATGATTCTAATTTTTAAAGCCTTTTTTAGTGGAGTGTGGTGGCTTATACCTGTAATCCCGGCTCTTTGGGAGGCTGAGGTGGGAGGATCACTTGAGCCCAGGAGTTTGAGACCAGCCTGGGCAACATAAGGAAACCCTGTATCTATCACAAAAAATTTTTTTTTTAATTTGCTGGGCACAGCGGCACACACACCTGTAGTCCCAGCTACTTGGGAGGCTAAGGTGGGAGGATCGCTTGAGCCTGAGGAGTTGAGACTGCAATAAGCTGTGATAATGCCACTGCCCTATAGCTTGGGTGACAGAGTGAGATCCTGTCTCAATAACAAACAAACAACAAAAATAAATAAAAGCCTTTTTGAGGGCTTTTACATTTTCTTTGAAATAAAAAAAAAAAAAAGAAAGAAAAAGAAAAAA,False
1058,-525,3.2507198,-3.573718,0.0010857065,5.586999,-5.3798947,1.7263581e-05,5.687232,-5.5087776,1.3728682e-05,7.5644774,-7.3521023,3.3251513e-07,2.334827,-2.3490825,0.009158162,0.0020550387,ENST00000570809.1,-525,TCAGCTCAGACAGGTGGTTGTTGTTGATGAGGCATAATTTAGGTAGAATTTAAATGTGTTTTGACGGTTGTGTTTACTCATACAACCACTACTCAGAATACAGACCATTTTCCCAGGAAGTTCCCTCATGCCCATCTCCAGTGAGTTGGCACCTTCATCTCCCAGATCAGCTGCTATTCTGACTTCTGTCACTGTAGGTGAGTTCGTTCTTGGACTTCATACAAATGGAGTCATTCAGTATTTTCTTTCCTTTTGTGCCTGGCTGCTTTTACTCACCATGGCTTTTTTTGTTTTTTGTTTTTTGTTTTTTTTTGAGACGGAGTCTCGCTCTGTCACCCAGGCTGGAGTGCAGTGGTACAATCTCTGCTCACTGCAAGCTCCGCCTCCCGGGTTCACGCCATTCTCCTGCCTCAGCCTACCGAGTAGCTGGGACTACAGGCACCTGCCACCTCGCCCGGCTAATTTTTTGTATTTTTAGTAGAGACGGGTTTCACCGTGTTAGCCAGGATGGTCTCGATCTCCTGACCTTGTGATCCACCCACCTTGGCCTCCCAAAGGGCTGGGATTACAGGTGTGAGCCACCGCGCCCGGCCTACTCAACATGGTTTTGAGATTCCACCATGTAATTGCATATCACAGCTCTTTTTTTTTTAATTGCTGACTGATACTCAATTTTATGAATATAACAATTTGCTCATTCATTCTTATAATGGTGGACATTTGGTTTATTTCTAGATTTTTTAATCTATTATAAGGAAGACTGCCATGAACATTCTAGTGTAAATCTTCTTGTAGATAGATGTTTCATTTCTCTTGAGTAAATACCTAGGAGTAGAACTGCTTTTACTGTATAAGAAAGTGTCAAACAGTCATCGAAAGTGATCGGACCATCGTTTGTCCACGAGAGGTCCAGTAGGTCTACATTCTCACCAACACTTATTTTGCTTTTTGTGGGTTTTTTAGCTATTCTAGCACATGCGAAATGGTTTCATTGGTGCAATCAAGCGATCCTTCTGCCTCAGCCACCACATAGCTAGGGCTGCAGCACTATGCCCAGCTGATGTTTTTTATGTTTGTAGAGACAGATTCTCACTGTGTTGCCCAGGCTGGCCTCCAGTGATCCTTCCAGCTCGGCCCCACAGAGGTTTAATTTTTATTTCCCTGATGACTAATGATATTGAGCACCTTCTCATGTGCTTATTAGCCATTTACTTATTTTTGTGAATTTTATGTTCAAGTCTTTTGTCCATTCTTTAATAATTTTTAATATTTCATGATGAAAATTCCAAATATGCACAACCGAAGAGAGTACGACAGAGCCTTACGTGACTCTTACCTTGACTCTGTACTGTAGTTTTTCATCATTCCTTCGTCACTTGCAAATTCAAGTATTTTTCCCAGCCATTAATTGAGTTTTTGAAGATGAGGAATTTTTTATTTTGGTGAAGTCCAGCTTATGAACTTTTTCTCTTACATGTAGCACTTTCTCTGTCCAGACCGATGTTATATCCTGAGAACCTCTTCACCTAGGAAACCTACCACATATCAGACTCAGCGTGTCCATAACTTATCTTACCTCAAATCCATTCTTCTTCCAGTAATATTACATAAAGGCTACTTGGGAGTGTAGATTCTGGGAAACCTGAATCTATGTTCCCGGGCTGCAGTCTTCAAGCTTGGCCCAGATGAACTCTCTATTTATACTAAAAATATGTAAATAAATAAAAATAAAAAGAAATAAATGCTACTATATCG,False
1059,-751,6.163851,-6.178272,4.3639743e-06,7.4426427,-7.484901,3.288895e-07,4.569344,-4.674612,9.6685e-05,2.33471,-2.2488115,0.01011548,5.337049,-5.2209177,2.5984971e-05,0.0020485686,ENST00000614277.1,-751,GGAGACCGCGTTTAGAGGATCAGTGGCGGCGGCACCCGCGGCCCCGCGCGGCGCGGACGGCGGGCAGCACCGTGCCTGGGCCCCCTCCTGCTCCGCTCTCAATCTGGGGCATGACTTTGAAGGGAAGGTTGCTAAGCCTCCTAAATCCCGATACACACCAATGCCGTTTCCCCACTCATCTGGAAACCTGGTGGGTCCTGCCCAAACGCCTGTATGTCAATTCCACCTCCTGCTTGGCGACCCACCATGCCCACATTTTCCACTCAAGCCTTTCAGATCTGCTTTGGGCACCTGAAGACAGAGAGAATCATCTTTCAAGAGTCAGAAACTTTGCACGTGCCATTCCCTCTGCTTAGAATGCTTTTCCCTTTCTCCCAATTGCCTTATCATCAGCCTGGGAAAATATTTATTTCGGCTCCTAAAATCTCAGATATCACTTCTCCAGGAGCTTTCCCAGATGCCTCACTTGATTCCAGAAGGAGCTATCGCCACTTTTGCCTGGCGAGTACGTTTTCACCGTTACACTTATACGCTATGGCAATTTATTGGTGATTTGTCTGTCTCCCCTACTCAATAGTGAATTATTCATCTATCCCTGGAAACCTGGAACTGCTCAATAAATGTATGTGGCATGAATATA,False
1060,-504,6.2857046,-6.368449,3.1942538e-06,4.0505934,-4.4074626,0.00021213926,3.6632965,-3.702268,0.00063226826,2.3238811,-2.3516808,0.009234222,5.1243815,-5.1922174,3.307834e-05,0.0020229805,ENST00000569752.1,-504,TCAGAAGTTAGTTTTCGTCTCTGGACCTTTTTATAATCGGACTTCAGCCCATCACTGTCTCGTTTTGTCCTCAGAAACGGCGACAGCAGCCTCTTCCCAATGTTGAGAGCAAAAAGTGTGAACCCAGAAATTCCGAGACAGATCTCAATTACTTGCCAAGGTTGAGGACGCGCGCGTGACAGCCTCAGGAAGTCCTCACGACATGTGCCCAAGGTGGTCTGGGCATAGCTTAGTTTTATACATTTTATGGAGACATGAGACATCAATAAATGTATGTAAGAAGTACATTGGTTCTGTTTGGAAAGGCGGGGCAACTTGAAGCAAAGGCAGGAAGACGTGAAGCAGGAAGGGGGCTTCCAAGAAACAGAAGGAGCTTCTCCCATGTGCTGTGCAGGACGCCTCCCGACCGCCTGTCTCCCTCTAGCTGCAGCCAGGCTCTTGGCTTCCCTGACGTCCTGCCCCTGCGCGGATGGCCCAAGGCTCCTAGGCTCAAACCCAGCTCATCCCTTTCTTACCCCAACCTGCTTCCCCTGGGGTCTTTATCTCAGTAAAAGTCGCCAGCTCTCCCCTGAGACCTCCTTCTCACACTTCCTGATGGCCTACTCTGTGCTCCACGTGACTTCATACATGTCCTGTGTACTGGAGTCAGAGTCACCTCCAACGCGCCTTTTAGCTCTTAGTGGGTTCTTTAGTTGAATCTAGGCCCAGATTGAGAATCGCCTGTAATCCTGGCGCCTGGGAGGTCGGGGCAA,False
1061,-109,2.282505,-2.3379595,0.00975218,6.6600556,-7.338326,8.328749e-07,7.882931,-7.3318195,2.4678445e-07,4.9023986,-4.996367,5.0234135e-05,4.6441965,-4.8014255,7.9028614e-05,0.0019765045,ENST00000501211.2,-109,TATGCCTCAATATCATTTATGCTGAAAAACAACTTAAAATGCATGGCCTGCTCAGAGTGGTTTAGAAATGTGATCATTTAGTCTTCCTCTTATATAGATTTTACACCTCTTGAAAGTAGGAACTGTTACACATAAGTCAATGAGTATTTGTTGATAGTGTAGTGTTCACTTAATAATATACGTATTTCTTTTTTCTATTTAAGAAAGCCTGGGCGACAGAGCGAGACTCCATCTCAAAAAAAAAAAAAAAAAAAAGAAAAGAAAAAAAAACTCAGTGGCTTAAAACAATAACTATATATTATTGTGCATACTTTTCATGGGTTTGCTGGGCAGTTTCTCCCGTTTGTTTCTTTCTCTAGTTTCTGTGGGGCCTGCTCTTATCTGAGATCACCTAGTCAGGTAAGAGGCTTTGCTGATCTTGGCAGGTCTAGCATGGCCTTATCCAGGATGATGGGAATGACTCTTCCTCTAATAGGTTCCGGCTTCATCTGCTAGGCCCAGGCTTGCTGTGATTGATGAAGACAGGCATCCACCCGAGTGAGCAGAAGCACCTAAGGGTCTCTTGAGGCCTAGATTCAGAACTGGGACAGTGTCACTTTTACTGCTTTCTGTTGGCTAAAGGCAGTCACAAGGTCAGTTCAGATTCAAAAAGTGGAGAAATGGACTCCATCTTTGGATAGGAGGAGTTGCAGACTAACATTGTACAAGGTTGTAGATACAAGGAGAGGTGGAAGATGGAGGCATTTTTGTAATCCATGTAAGGTACATGCTGAAAAAATTACTGAACCCAGCTAAAGTTTAGGTTCTTCAGTCTGAAATATGGGATTACACTTGATCCTGAACACACTGCTGATCATATATGTACTCCTTAGATTATATAGAAATCTATGTGGACATGTGTGGGATGACCCTCTTTATTAAAACTGTTAATTCCTAACTCCTGTAGAATAGAGTTATTATGTTTTTTTCTTTTGATGCCCTGTTTAGTTGGTTTGGTACTTTCACTGGGGCTGTGTCAGTTTAAGGTCCAAAATAGATCTGACTGATTCTGTTTTGGGGGATGGAGGAAGGTATCTTAGGTCTCAGTGTGCTTCTGAGAAGTCTTTCAAGTAGATGACCTCCCCTGTTCTGCCCACACCCAAAACCCACTGACCAAGCACTTGCTGTCATGTTACCCTGTTTTGTTTTCCCTGTGGCACTTATCACTGGTTAAAATTCTTATTCACTTACGTGTTTTCTTTTTCTGCCTTGTGATATGAGCCTCACAAGAGTGGGGACCTCCTCTGACCCTCTTTGCTGCTAAATTCTCACAGTTAAGAATAGTGCCTTTCTGTTCTTAGGAAATGCTCAATAAATATCTGTTGAACATTTGTAATAAATATTTTGTAATAAACAAGTCAGCAGTTTGTTAAAATACAGTGTGTTTAAATGCTATGTCACTGGTGCATTGCAGACACTTGTTGGGTATTTATGGAATCTTGAGGGAGGGCCGTGGTCAGTAGGAGCTCAAGGAGAATGAAAGCTTGAAGCCACAAAGGGTTTTTCTAGATTAATCCAGTGAAAGACAGATGAGCAGGAGAGTTAGGGTATGATAGATTTGTTGAAATGTTGAACTGTTAGACTTCAGGCTGGGAAGGAGGGAAGTAGAGCAAAAAGTGATCTGATAGATTGGGATAGAGATTCTTCCAAGACCAGAGAACTCCCACAGGGAAGTAGTTAAACATGTATACTGCAAGGTTGGAGATTTGGTGTTGCAGTGTGATCATTGAAGTCATGATTTTAGATGTGCCAGGTTATGGGTATGACAAGGTTCTGGGATTAAGAGAATGGATGGCTCAGGTAGTTGAAGGACCTTGGGGGAATGGGGAATAAATATCTGTTCTTTGAGAGAATGCAGTAGGACAGCTGATGGGAGAAAGTCCTTAACAGCCAAGGTACTGAGGTAATGCTTTGAAAAGAGGTTGAGGGTATAGAGGAGTTTGCTAATTATGGAGCACCATTTCCATAGGTAGTTAAATTTGTAAGATAGAAGGTGGACTGTAGACTAGGTCAGGGATGGAAAAAACAAAGCCTTGTAGGGTTAATGCCAGGTCAGTAGATGGATTGAGAGAGGAATTGGAGATAAAGTTAATTTGGGCATTGAGAGGTTTGCTGAATTTAGTTTCAGTAGACTCCTAGAGAAAGGTGACCCTGGGACTTACAGAGGCCGTGACTCATTTGGCCAAGAGTGGTGGTCAGCCCAGGAATTTGTGGGTTCTGCCTGTGCTCCTTAAAGGGTATTTGGGTAGGTAGATTGTGAACTCTTAATAGCTTACATACTAAGCAGATACATAGTCATTAGCAGCTTCCATATTTTCACTATGGTTTTTCAGAATATTTTAAGTATTTTTTTATTAGAAATGACATTTTCCAAATGTAAACTCTTTAGAGATGGAAAACATTAATGATATATGCAAATACTAAAGGACAGTGATTTAATTTAAGTAATACTGTTGTCAAGTGTAAAATTCAAAGATCTAAGCCTGGAACCTGGACTTAAAAAAAAAATTCAAGGATCAAGATTTTCAGGTTAGCATTTTCTATTTTTTGGTCATACTTTTTTTTTTTTTTTTTTTTGAGACAGGGTCTTGCACTGTCACCCAGGCTGGAGTGTAGTGACACGATCTCGGCTCACTGCAAGCTCCACCTCCAGAGTTCATGCCATTCTCCTGCCTCAGCCTCCCGAGTAGCTGGGACTACAGGCGCCTGCCACCACGCCCGGCTAATTTTTTGTACTTTTAGTAGAGACAGGGTTTCAGCATGTTAGCCAGGATGGTCTCGATCTCCTGACGTCGTGATCCACCCTCCTTGGCCTCCCAAAGTGCTGGGATTACAGGCGTGAGCCACCGCGCCCGGCCACATTTTTTTTACATTGGTATTAGCAGTAGATATTTTAATGTAAATATTTAATCTTTTTTGCTGTTAGTCATTTTGAAAGTTCAAACTGTGTGATGAACCAGACCAAAACTTCATAATCTTTAAACCACAAAGTTGCCTAATAGGCAACAAAGTAAGCAGGACAACAGTGGAAGATTTTACAAATTCTCAGAAACACCTGGAAATAATTTAGGAAAAGCTTTTGACTCTAGGCTCATAGATAGAGACTGTACATGAAGAATAATTAATAGCAATTACTTTCTTGTCTTTAGTCTTTCGTCAGATTTGTTTCTTTGAAAAGAGCAAGGCAGGTTAAAATAATCTGTATAATATAAATTGCCCATGCAATGCAGGTCAGTTTGTTTTATGCAGGTAGCAGTAGTACGAACTTGGGGTCCAATGATATTTTTTATATACTACTTATATATGATGGTAATAATTAAAATCTTTGAGTATGTTTTATTTCTTTAATTATGACAATTTAATTAAATGCCAAATGAATATAACATTTGTCAGACATAAGGGAAAATAAGATGAATAAGCACTGCACATGATACTCAGCTTAAAATAAGAACATTTTTTTTATGTCAAAGAGCTTCTCTAGGATCTGTAAATAGGAGTGTAATTGAAGTTGTAAAGTACATGCATTTGATTTTGGGAATTTCTTTATTATAATCTTTTATCCATAATATGTGTGGCAAATTTACTCTCCTACATTGTAGCTTACCTTCACATTCCAAGAGATCTTTTGACGAACAGAGTTCTTAATTTTAATAAAATTATGTCAGTCTTCTGTAAATTAACACAGGTTTTTTGTTTTTTTTTTTGTTGTTTTTAATTCCTTTCCAGTACTTTAATCTTTTTCCATTCCAGTCCTTACATTTCTTTATATTGCTGGCTAGTATTGCCAGTACAGTGATAGAAGCAACTACAGCTCTGATGTAAAAATGAAGGATTCTAATTTTTACCACTAAGAATGATATCTGATGAAGATTTTTGGAAGGTATCATTTCCAGGTGAAGGAAATTCTCTATTTCTACTTTAGTAAGAACTTTTATTATGAGTTTAAGTATTGAATTTTATCAACTATTTGTTCTGCATTCATTAAGATTTTTTTTCTTTTAGTTTGCTTATTCAGTGAATTCCATGAATTGCATTAATACTCTTGTTAATGCTAAACCATTAATGGTAAATCTTACATTGTTGGGATCAACCCAACTTGGTCATGAAGTACTCTTTTTTCCAAGTTAATAAAGTTTGTATTTTTTAGAGCACTTTTAGGTTCATGGCAAAATTTAGTAGAAAATGTATAAAGTTCTCTGTTACGCGTACACACACACAAACCTTTACCCCCTCCCCCACTGTGGACATCTTGCACCACAGTGATACAGTTGTTACAATTGTACCTACATTGTCACATCATTATCACCCAAAGTTCATAGTTTACCTTAGGATTCACTCTTGGTGTTGTGTGTTCATTGAGTTTTGACAAATGTAAATGACATGTATCCACCATCACAGTATCATACAGAATAGTTTCACCCCCCTAAAATCATCTGTACATTGTTCTGTTGGGTTTGTTGATACTTCATTTAAGACTTTGATATTTATGATAACAAAGTGAAATTGCCCTGTAATTTTCTTCTCTTGTACTGTCATTGTCTGGCTTTGATAGCAAGGTTGGTCTAGCCTCAGAAAATGAGTTGGAAGGTGTTCCACTTTTTTGTACTCTGGAAGAGTTTGTATGAGGTTAGAATCAGTCATGGAGAAAGGGATATTATAGTTTTCAAATGTTGCAGTGACTTCTTGTTTTCTCTGTGTACTCTGTCCTTTTATTTTGAGTTTATATTATCAGATGCATTTAAGTATAGAATTGTTATGTTCTGTTAAGTGTAGAATATGCCATCAGAATGAAGCCAACATTTTTATCATGAGGGGACCTCCACCTCCGGTAGTACTTGTGCCTTTATCTGTTTTGTCTGATTTTGATATATAAACTTTCTTTTATTTAGCATTACCTACTCTAATTTTTTTTCACCCTTTTAAAATATCTGTTTATCCGTATATTTGGGTGTATCTTTTTAAAATAGTATATAATGAATCTTTTTCCAGTTTTATAAACTTTTTTTTAACTTATAGTCAACTTATGATTGTTGGTATATTTAGGTTTATTTATACCTTATTTTGTTCTTTCTTCTCTTCCTTGTTTTCTTGTTGGTTATTTAAAAGGTATATAGTTTTAAAATTGTGTACAACCAAGATACTCAGCAATGGATAATCAATTTTCCTCTCAATCTTTGACTTTCAAGAAACTGGAATAGATTTCAGTATGTACTACAAATTGAGTGAGAAATTATTCGGGAAAATGCCCAATAAAAGGCCTTCATAATTTTGGAAGAAGTAATTGGAATAAAGGTGACTCATCTCTTATTAGTGAGAATGGTTAAATATGCTAATTAAATGCCTTTCACTTTT,False
1062,-200,3.2378573,-3.5259032,0.0011535457,4.73981,-4.577655,8.983331e-05,5.1231933,-4.964095,4.1603365e-05,9.351994,-9.205269,8.723351e-09,2.3893385,-2.3904977,0.008327446,0.0019224875,ENST00000580979.1,-200,GAAAGCTTGTCAACTTAGCTGTTACACAGCTTGGCATATTTCAACTTCTTCCCAATCGATCTTCGGTCTCTTTCTCTGAAACTTGTAAAATTGTGGTAAGATCTATATAACATTAAAACTGGCCATTTTAACCTTTTTCTTTATTTCTTTGAGACGGAGTCTCGCTCTGTCGCCCAGGCTGGATGGAGTGCAATGGCGTGCGTGATCTCGGCTCACTGCAACCTCCGCCCCCCAGGGTCGAGTGATTCTCTTGCTTCAGGCTCGAGAGTAGCTGGGATTACAGGCGTGCGCCATCACGCCCGGCTAATTTTGGTATTTTTAGTAGAGACGGGGTTTCGACATGTTAGCCAGGCTAGTCTCAAACTCTTGACCACAGATGATCCGTCCGCCTCGGCCTCCCAAAGTGCTGGGATTACAGTCATGAGCCACAGCGCCTGGCCTCATTTTAACCTTTTATTTTTTTGAGACGGAGTTTTGCTTTGTGGCCCAGGCTGGAGTGCAGTGGCGCCATCTTGTCTCACTGCAAGCTCCGCCTCCCGGGTTCACGCCATTCTCCTGCCTCAGCCTCCCGAGTAACTGGGACTACAGGCGCCCGCCACCACGCCTGGCTAATTTTTTGTATGTTTTTTTCTTTTTTTAAAAAATAGGGACGGGGTTTCACCGTTGTTAGCCAGGATGGTCTCGATCTTCTGACCTCGTGATCTGCCCGCCTCGGCTTCCTAAAGTGCTGGGATTACAGGTGTGAGCCACCGCGCCCCGCCTATTTTAACCATTTTTAAGTGTACAATTCAGTGACAAATTAGTTACATTTCCTGTTGTGCAACTATCACTTCTGTTTCCAAAACTGTTTCATCATCATAAACAGAAACTTTGTACTCATTAAGCAGTAACTCCTCATTTCTCCTCCCTCTAGCCCCTGCTCACATCTAAGCTACTTTCTGTATCTGAGTTTGCCTGTTCTAGATATTTCATATAACTGGAATCGTTCAATGTTTGTCCCTTTGTGCCTGGTTTCTTTCACTTAGCATAGTGTTTTCAAAGTTCATTCATGTTGTAGCATGTGTCAGAACTTTATTCCTTTTATGGGGCTGAATGATATTCCATTGGGTGGATGTGCCACATTTTTTTTGTTTGTTTTGTTTTGAGATGGAGTCTTGCTCTGTTGCCAGGCTGGAGTGTAGTGGCATGATCTTGGCTCACTGCAACCTCTGCCCCCTGGGTTCAAGTGATTCTCCTGCCTCAGCCTCCCAAGTAGCTGGGACTACAGGCATGCACCACCACACCCAGGTAATTTTTGTATTTTTAGTAGAGACGGGTTTTCACCATGTTGGCCAGGATGGTCTCGATCTCTTGACCTTGTGATCTGCCCACCTCGGCCTCCGGAAGTGTTGGGATTACAGGCGTGAGCCACCGCACCCAGCCTCACTGTGATTTTGATCTGGATTTCCTTAATGACTAATGATGTTGCCCATCTTTTCTTGTGCTTGTTGGTCATTTATAGATCTTCATTGCAGAAATGTCTATTCAAGTCCTTTGACCATTTTAAAATTGGGTTGTTTATCTTTTTGTTGTTGAGTTTTAGAGATTCCTTCTATATTCTGGATATCAAATTAGATATGACTCACAGATATATTATAAAATATATATTCTCCCATTCTAAG,False
1063,-63,2.3375304,-2.3964286,0.008714976,4.2431645,-5.037647,9.31868e-05,7.059466,-6.4538956,1.3527617e-06,7.264647,-7.4333873,4.137373e-07,4.427772,-4.6314945,0.00011629466,0.0017852448,ENST00000580623.1,-63,CCCAGATTAGATTGTACCCTGGCAAATAAGCAAGAGTTCTTTTTCATTTTCATCTTGCAATTCAACTGGGTATTTGGGTTCTTTTTCTATTCACTCATGTCAGATAGAGACATACATGTTGTAAATTATTTTGTCAGAATGAAAGCCTGGCAGATTAAATGCTTTCTTCTCTTCTTGCTTTACTTGATATCAATCTCTTGTTCATTTCTTGATAATATGTTTGGTTATTTTTGTTTTCATTGCTTTTAGTGTCAGAGATGGCTTTGGATTCCCCGTTCTGTGTGCTGCTGTCTGGCTCCTGAACCCAGCTGTAGAGGTGTGTCAATCCCAACTGGTGAAGTACTGAGAGGAAGCTACACAAAAGGCAGCAAAGTATTAGTGAGTGGTGTCATTGAGCAAACACGAAGTCGGGCTCATCCAAGGATGAGATTTTGCCAGAGAAAGGACGAGCAGCAAGTCAGGGAGCTTAAGGTAATTATGGGAAAGTGACTATCTACAATTGCTTAGGTAGAAGGAGACAGATTGGATTTTTGTGTGTTTGGTATTTGGGATAAGAGGGA,False
1064,-485,8.40314,-8.629161,4.0083503e-08,9.696796,-9.761164,3.544176e-09,8.026485,-7.668028,1.5274233e-07,2.3338852,-2.3984704,0.00872884,4.41591,-4.450295,0.00014105704,0.0017740189,ENST00000563249.1,-485,TATGTTTTGTAAACAATTTTTCGAGTTCATAATTTTTCAATCTTGTTTGTATTATATTTTGCCACACAAAAATTTTAAATTTGTATAGTCAAATTTATCAGTCTTTTTCCTTATGTTGGACCTTCTAATCTCAAGGTACTAAATATAATCTAGCATTTTTTTAAACATTAAAAATTTTTAATCCATCTATAATTTATTTTAGGATAGGGAGTGAGGCAGGGGAAGGTATCTTTTTAAATAAAAATCGTTGCTAAATGGTTGGCTAGTTGTCCTATTAATAGTCATTGAGACCAGGAGCGGTGGTTCACCCCTGTAATCCCAGCACTGTGGGAGGCTGAGGTGGGAGGATCACTTGAGGTCAGGAGTTCGAGACTAGCCTGGGCAACATGGCGACACACAATCTTTACAAAAAATAAGAATTAACAGAGGCCAGGCTCAGTGGCTCACGCCTGTAACCTTTGGGAGGCTAGTCTCGAGCTCGTGACCTCACGTGATCCTCCCGTCTCCGCCTCCCAAAGTGCTGGAATTACTGGCATGAGCCACCGAGGCTGGCCTGAGTATTCTAGTTTATAACTTACAAGGTCATTCATATGTATATG,False
1065,-88,3.1899068,-3.1354804,0.0017870739,2.3437,-2.6419473,0.006788948,6.400318,-6.256551,3.1855927e-06,7.65489,-7.7821956,1.975871e-07,5.8956885,-5.995062,6.853455e-06,0.001717252,ENST00000530595.1,-88,ATTCAAGATGGACGGCAGGGAGTGTGGAAGGAGAAAGGGGGCGAGGGGGGAAGAGCGAGATCGGCAGAGGAGAGGGTCTCCGCGGCCCACCGGCCTCGCAACCTCGGTCCCGGCCGGCGGGTGGCGGGGCGGCCGCTGGGGATCCAAGCCCGGCCCGGGAGAGGGGCTGGCGGGGTGCGAGAGGGCGTGAGCGAGGGGGAGCGAGGCCAGGGAGGGGAGCCAAGAGGGAGGGAAGGGCAGAGAAAGAGCCCGGGAAGAAGGAGGTGGCAGGCAGAGGATCCTAACGAAGAGCAATGTCTTGGACACCAGCCCTGAAGCAGGGAAAAGACAGATGTACTAATTGTCATGGATGGCAAACTGTGCCCCCAAACTTGTACCAAGCCTCAAAGCCTTGGTTTAATACTCCTGAAGGAGTAATAGACCCAATGTGACATTTTGCATGCAGGAACCCCTTAACAGCTACCTCCATATTATGCGTGCTTCATGAATGGAGACACCTACGTTATATGAAGTTCTCTATTGGGCTGTAAACTTCCTGAGACAGGCCTTCTGGGAAATTACTCTCTACATCCCAGGACTGCAATGTCCAGTGCAGACCCGTGCATTTAGATGTTTCCAAAATAGCAGTTGTTTCCGCGGCATTATGTTCTGCTGGCCTAGAGGTCTTAGTTCCAGAGGGAGGAATGCTGCCACCAAGAGACACAACAATGATTCCATTAAACTGGAAGTTAAGATTGCCACCTGGCCACTTTGGGCTCTTCTTACTTTTAAGCCAACTTGCTAAGAAGGGAGTTACAGTGTTTGACCCAGACTATCAAGATGAAATCAGTCTACTACTCCACAATGGCGGTAAGGAAGTATGCGTGGAATACAGGAGATCACGTAGGGCGTCTCTTAATATTACCATGCCCTGTGATTAAGGTCAATGGGAAACTGCAACAGCCCAATCCAGGCAGGATGACAAATGGCCCAGACCCTTCAGGAATGAAGGTTTGGGTCACTCCACCAGGTAAAAAAAACATAATCTGCTGAGGTGCTTGCTGAAGGCAAACGGAATTCAGAATGGGTAGTCAAAGAAGGTAGTCATCAATACGAACTATGACCATGTGACCAGCTGCAGAAAATGAGGACTGTAATTGTCATGAGTATTTCCTCCTCCTTTTGTTAGGAACATGTTTGTGCATATATACACTTGTATTAAGAAAATATCTTCATTTTATTTCCTTTCTTTTGCCTTTATCATGTGACATAAGACTTACTGACTTGATATCAGCACTTAAGTGTTGTTAACTCTATGTAATAGCATTTGGGTTGGGGATTGGTGCGTTTCCGGTTGTACAAAGGATAGCTGTATTATGTTAAGCGTAATTATGACCTTATTATTGTCTTTATTTGAAGATCATGTATGATTTCAGGAGACGTGTATGGGTTCAAGTTGACAAGGGGTGGACTGGTGATGGTTAATATTGTCAACTAGATTGGATTGAAAGATGCAAAGTATTGTTCCTGGGTGTGTCTGTGAGGGTATTGCCAAAGGCGATTAACATTTGAGTCAATGGACTAGGAAAGGCAGACCCACCTCAATCTGGATGGGCACAATGTAATCAACTGTCAGCTAGGCCAGAATAAAAGCAGACAGAAGAACGTGGAAAGACCAGACTGGTTTAGCCTCTGAGCCTACGTCTTTCTCCCATGCTGGACGCTTCCTGCCCTCGAATATTGAACTCCAAGGTCTTCAACTTTGGGATTCGGACTGGCTTCCTTGCCCCTCAGCTTGCAGGCAGCCTACTGTGGGACCTCATCTGGTGATCATCTGAGTCAATATTCCGTAATAACTCTGATTTATATATACATCTATCCTATTAGTTCTATCCCGCTAGAGAACTCTGATTAATAGAGCAGTTGAGTTGCATCTTCAGACATGAACCAAGTGTCTGGCTTTGGTCTCAAAGAGACTGAATTAGACTCTTAGCTCTGCCAATTACTTGGCAGGAACCACTAGGCAAATTACTGATAATCTTTGTGCCTTAGTCTTACTCTTCTGCTAAATGAAGCTAATAATATTTATTATTATTAGCTCATGGAGATGCAGAATAAAGTGAGATAACATTTAAATGCCTGAAAAATGCCTGGCACATGATAGGCAGTAAACAGTAGTGTCATTTCAAAACAACATTCTCGCCAGGTGCGGTGGTTCACGCCTGTAATCCCAGCACTTTGGGAGGCCGAGGCAGGCAGATCACAAGGTCAGGAGATCGAGACCATCCTGGCCAACATGGTGAAATCCCCATCCCTAATAAATAACAAAAATTAGCTGGACATGGTGGCACGTGCCTGTAATCCCAGCTACTCGAGAGCCTGAGGCAGGAGAATCGCTTGAACAGGAAGTCAGAGGTTGCGGTAAGCTGAGATGGCGCCACTGTACTCACAGAGGTTGCAGTGAGCCGATCGCGCCAGCCTGGTGACAGAGCGAGACTCTGTTTCAAAAAAAAAAAAAGCATTCTTGGCTGGGTGAGGTGGCTCACACCTTGTAATCCCAGCACTTTGGGAGGCCGAGGTAGGCGAATCACCTGAGGTTGGGAGTTCGAGACCAGCCTGGACAACGTGGTGAAACCCCCCTCTCTACTAAAAATACAAAAAATTAGCCAGGTGTGATGGCGTATGCCTGTAATCACAGCTACTTGGGAGGCTGAGGCAGAAGAATCGCTTGAACCCAGGAGGCGGAGGTTGCAGTGAGCCAAGATGGGACCACTGCACTCTAGCCTGGGCAACAAAGAGAGACTCCGTCTC,False
1066,-674,12.814482,-13.006213,6.1124465e-12,3.7926035,-3.9889526,0.0004171881,5.908521,-5.7204666,8.904113e-06,2.87634,-2.8993733,0.0030923928,2.73378,-2.6224065,0.0046967044,0.0016430378,ENST00000520432.1,-674,GTCCAGCTGCCATCTTTTCTCTCTCTAACGCATACAATGGAAAAGCCTTTGCCAGATCGGGTAGCCCCAGGGCTGGGGCTGCCAGAAGTTTTTCCTTTAACTCCTGAAAGACTTTCTGTTCTTGGGATCCCCATTCCAAAGGTTCCCGGTCCCCGCCCCCTTTGTGACCTCATACAAAGGCTTGGCTAACACTGCAAAGTTTGGGATGCACAGTCTATAAAACCCCACAGCCCCTGAGAATTCCCTCACCTGCCTTCTGCCCTTAGGCTCCGGTAGATTGCAAATGACCTGCTTTCTTTCTGTTCCCGGGCTGCGTTCGGACCCCTGTCGGATAGTAACTCCCAAGTAAGGTACCTGCCGTCGGCAGATTGGAGCTTTCTTCTTGGAGACCTAATACCCACAGTCCTCCAGGCTCCGGTAGATTGCAAATGACCTGCTTTCTTTCTGTTCCCGGGCTGCGTTCGGACCCCTGTCGGAGAGTAAATCCGAAAAAAACAAACAAAGACATGGATTTACTGTGCATATTAGCAGATCCATACTGGAAAATGCATGGAGGTTTCATATACACCACTTACAGTTTTCAGCTCCTCAGTAGTGACAAAGCCATACCCATCATTGTCGATTCGATCAACAATCTTCCCTAGCCTCTCCTTGCTCTCGTCCGGGGTGAGCTCGTCGAAGTTCTTGGAGTCCTCCTTGCCCAGGAAGGCCTCGTGGTCGTACTGGAAGCTCTGGTTGTCCTCAGGGGGCCGCTCGCCCAGCTCCGAGTCGGGCCGCACCACGCGCTCTTTGCGCACCGTGGGCTTGGCCCGCAGAACCCGCGGCGCCAGCACCAGCGCCAGCAGCAGCCCCAGGGCTAACCCCAGGCGGCCACCGCGCGCCATCGTCCCGAGGAGA,False
1067,-1451,2.770971,-2.888597,0.003471926,12.465347,-12.533999,1.3897006e-11,7.117089,-7.31489,5.3984763e-07,2.6268682,-2.7257075,0.004713613,7.7723303,-7.810485,1.7079272e-07,0.00163725,ENST00000431669.5,-1451,GCTGATGGTGGAAGGAGAATGAGTCTCTGATGACTTTGGACTTGATGCTGGAAAGACTTAAGACTTTGGGGGACTACTGGAAAGGAGTGACTTCTCCCCAGATTTTTGTATACCTGACTCTGTTTCAGCATCCGCTTCCCAAAGAATGCAGTGTGAAGCAGGAGCTTATGTGAGAAGAAACGCAGGGAGACAGTTCAGTCACTGCAATCTTCATGCCCATCAGTTTCTTGTGAGAAGAAAACAAGTTTAGGAAAACTTCCTACACCTTCTTTGTTGGGATGTTCTCTGGACTAATGACTCCAGGCGAGACCACCGTTGATCATGAACTCACTTTGAAACAGAAGCTGGGTTGGTAAGACTGGAGCTACT,False
1068,-581,10.144987,-10.067928,1.6658749e-09,3.1741862,-3.8088765,0.0009265989,5.4720387,-5.2515717,2.2018403e-05,2.4566703,-2.4989493,0.0069944463,5.235071,-4.7145057,4.774553e-05,0.001598162,ENST00000451759.5,-581,TGTTAATTTAAATGAGAAAAATAAGGACAGTGAAAAACAGAGCGCTTAAAAAGCACTGTCTGGATATCTTCAGAGGGAAAAAGGAGAAAGTTAACTGAATTGGTGACACTTCGGGTCTCTCACAGAGGAAGACCTATTAGAGTGCTAAGGAGAAGACAAGTTATTAGCACCCAAAAGAAGCACCAGTGCGGATGGAAATACAAGGTTGACATTCGCTGAGCTGTGTTTTTTTTTTCCAGGGAAATGGTTATTCTTGATATTTTGAGCAAACTCTTCTTCTCTGATCAGTGCCCAGAACAAGGAAACAGACCTTCTCTTTCCAGTACCTCCTATCTATCTAGATAATACGGAAGCCAGGGAGAAGAATGGGAACCCAAGATCTATGAGCCCTTATGGCATATGAAAAGTGGGTGTTATCTGAAAAGTAGAACTCTAGATGAAACCAGGCCTTTCCCAACAATGGAGCCCAGGACAATGCTGTCTTCAATGTCCATACCATTAGACTTGTTATAGATGAGTTTCTATAATGATGGCTTTCTGGTTAATTAAACCTTCTGAATGATTCTGTGTAACACTGACTTCTGTGATTCATCACAGAACAAGTCTTCCTTCTTTCATGGAGTATTACTGTTTTCAGTGACTATATTTGGTTGTTTACTCTTTTTGGCACCAATCACCCAGTGAATCAACAACCAGAGTTGCAAACAAATTACCCTCATTGTCTTTTCCGAGTCCCTTAATTTACTTTATTTTTCATTTGTTGCAAATGTCATTGTTTCTGCTAATGTTGTTTTTTAACATCTGCCAAGATAAAAAATAAAAAAATCACTTGTAA,False
1069,-1466,3.4708908,-3.5833168,0.0008630213,8.428646,-8.647562,3.8361627e-08,2.738217,-2.2133133,0.007022906,5.191252,-5.1270514,3.302198e-05,5.3742037,-5.624815,1.671782e-05,0.0015871411,ENST00000486094.5,-1466,GCCACACACCCCGAGCCCTGCCTGCGGGCCCAGCCCCCCCATTTCCGGAGCCTGCGCCCCGGACCCAGCGGGGGCTGATCCCTGGGAAAGGCCTGGCTTCCTCTTCCTTCCTGTCCCTGCCCCACCTCCGCCGGGCTCCACAGCCGCCGGGAGCCCAGGGCCGAGACGGGAGGAGGGCACCCACCTGGTCGGTGTCACATGCTGCTTCGGCCCCAGCGTCCCCTCCAGGTCCCGGCGCCGGCCGCAGTCCCCAGAGCCGTCCCCAGCGCAGGCCCGGCCGCCCCACCCGCGGCCCGCCCCTGGCCGCCCGACGGGAGGGAGGGATCGGGTTCTCCTAGGAAGTTTCAGTATGCATTCTTAGAAACCAGATATACAAAGACAAGATCTCTGCTTTCAAGAAGCTCTCAATCTGATTGAGGAGAGAAACAGGTAGCAAATAATGGCAGCAGAGCATGGTCATTCAACATTTATTCAACCAAAAATACTAAGTCAGCTCTATACAAACTAATGGAAGGATACAGCTATGCAAATATAGAACACTAAAGTGTTACATGACAGATGTATGAGAACTGGGAAGAAAGGACCCTGAAAAGTTAGCTGGTTCCAAGTGACCCTCCAAGGGGAAGAGTGCTGGATTCAGAGCCCACCTCAGGGGAAGACAGGACCCTCTCCAAGATGGTTTCCCTAGAAGCTACTACCTCTCCCTGGAGGGTGGAGATATTTGCTGGTCAAAGCAAGAAGGCCCTCTGCAGATGCTGACACCTTGATATTGGACTTCCCAGATTCCAGAACTCTGAGAAATAAATTTCTATTTTAAAT,False
1070,-574,2.7827134,-2.9944928,0.0030877918,7.27204,-7.6246595,3.3919176e-07,4.438475,-4.431347,0.00014054791,2.5676036,-2.7975616,0.004654918,5.5599523,-5.6012697,1.4214661e-05,0.0015795624,ENST00000413531.5,-574,GGCTTGGGCCTCCAGGCTGCGCAGCGCAGCCGCTATCGGGCGGACTGCAGTTCTTGCCGAGCAGCTACTGAAAATTACCAAGGAGAGGTAGGAGATAAGAGATGCCTATAAAGGAGCTGAAATCTACCAGGTCGCAATGATTTGTATGACAGCTGCTAGCCCAAGAGAGAGTTCCAGAAGAGGGCTACCTAACAGGTGCTGTGGCATTTAGAAGAGGAATGGAGCCATTGTCAACGCACAGCTTGCAGGGGAGCAGGAGAGTCAGTCTAAGAAGGAAATGTGATGATGGAAACAGAGGTTGGAAGATGGAAGAGGACCCAGAGTCAAGGAATGCAGGTAGAAAAGAAAAGCCTGGATTCTCCCCTAAAGCCTCCAGATGGAACACAGCCCTGCCTCCACCTTGATTTCAGGACTTCTTACCCCAAGAATCGTGTCTGTCTTCATCCTAAGGAGTCAACTGCTATACCTTAGTGATTTCAATGTAATTGTTTGGTCTGTAAGTCATTCTTGCCACTGTGGTTCTGGGGCCATTGTTCTGCAACGATGAATAAACAATGTTTTAGAAATCACTCATCCAAGAAAGGTGACAAGATACTGGAATAGAGGTATTTGAAAAATATTCATGGGAATTTTAGAGGATTGTAGATGGTCTGAATACCTGTGAAGACATCATCTAATGTATCTAAAAACCACATAATGCTTCATCTCAATGTATTTTAAGAATTAATTTTGTTATAAGCTAGAATTTTTCATTTTGGTTTTAATAATAACATCAAAAGGATTTTTTAACATAAATTAGAAAGGGCATACATGGAGAAGTAAAGAAGAATTCTTCTTGGGATTAGCCAAAAATTAGTGAGAGATTACATATTTCCTTAGATGAAAAATCCTACAGGCAAACTTTTAATGTCAGGGAGAGGAATACTTTATTACCTAATAATGTAGATGAAAAGAATAGCTAAGCATTCTTTTTTAAAGCAGTATACAGAAATGAGGGAAAGGCTAAGAGGTTAACTCATTTCTATTTTGAACTCTATTTTTTTTAAAACCCTTGCTCCAAATTTTACTTACTATCTTTTAAATGTCATCCTGCTAGAGTGTAAGTCTTTAGTTTTAGTTGCTTAATAAAAATTAATTTTTTGTGACAAAAGGCA,False
1071,-837,2.598487,-2.618452,0.0053946464,2.809608,-3.2386756,0.002356347,6.70778,-6.1735716,2.545066e-06,6.418742,-6.618714,2.1772266e-06,8.805092,-8.92078,2.0033259e-08,0.0015511472,ENST00000421843.5,-837,ACAAAATGGCGACACGTGGTTAGCATTCGTCGCCAACGAGAAATTGGGGTCGGCCCGAAAGCTCTAGAATGCACCCCTCTTCCTCCCCGGGGCCTTCCACCTCCGCGAGTTTTATGACTTAAAAAAGCCCACAGGCTGGTCTGAAGGTCGGAGGCCTAATTTTAACGCGTTTTCCTCCCTTTAATTTGAAACGGGAACGCGAATGACTGTAAAATAGGAAGACAAACATAAAGATGAAGTGCTTAATTCAAGGTCACACAATGTCGGGGATGGACCTCCAGATTTCCTTACTGACCTGCATTATCTTGTGGATACCTGAGTGAATTCCACACCACCCATTTTATAGATGAAACCACTGAGACATGGAGCAATTGACTGAGTAGTCACTGCCCCACCCCTGCCTGGAGCCTCACACATGACTCGCCTCCTCTCAGTGACCACAGGTGAGACGTGGTCTTGTAACACAGTGGTTAAGAATGTGACTTTGGAGCCAGCCTGCTAGGGGCTGAATTCTGACTCAGCCATTTACTAACTGTGTGACCTTAGGGAGGAGGACCTGGTTGATAGAAGAATTTATCTCGTAGTCTTAACATCCACTGTAATTCCAAACTTTGAGGACGATAGAGATCAGTGGGCTTTGACTGCCCAGCATGCAGTCTCCATT,True
1072,-328,3.5988328,-3.5364552,0.00079586235,5.6091776,-5.7691345,1.1440812e-05,5.767774,-5.535899,1.2327413e-05,2.5493853,-2.4224021,0.006883044,13.788638,-14.14241,7.407973e-13,0.0015405349,ENST00000413911.1,-328,CCCAGATGGCTCTACACGTGCCTGAGGTAGCCACTCCCGAAATATAAAGAGCTCTCTGTCACATCTGGCTTCCAACCGGATGATGGCAGAAACCAAGGGAGGGCAGGCAGAGCGGAAACGAGCCAGGAAAAGCGACAAGTCAGGAAGACCCTCGGCTCCTATCCCGCCCCACCGCAGGGCCCCACACAGCCTGAGCCCGGGCCCCGAAAGGAACGAGGCCTCCTGCGCCTCGCGGAGACACTCACTTTTCACCTGAGGCCACCAGCTCTTTGCCCTCGCTGTTGCCAAACGCGTCCGTCTCCCCGGGGCCGTCCTTGGGGCCGGGCGCCGCCGGGGCAGCGGGTGGCGACACCCCGGGCTGCGGATGCGTGCTCCCCTTGCCCAGCTCCTGCAAGATCTCCGAAGGAGAGCTGGACAGGCCCCGCGCGAGGGGCTCCGCCGGCCAGCCGCCCCCGCCCCACCACGGGTGGAGTCGCGCGGCGGCAGCCGGGCCCGCGGCCGGCCGTCCCCCGCCTCGGGGACGCCGGCACAGGGTGACCAAGGGCTGTGCCCGCCGCAGAGTCGCGCTCACGCCGGCGGGCGACCGCAGGAGCAGGTCCCGCAGCATCCCCGAGCCTCGCAGCCGCATCATGCCGCCGGGTCCGTCAGCGCCCGCTCAACAGGGGAGGATGCTCCGGGCGTGGGCGGCCGGTTTCCTCGGGGAACGCGGTCTGTGGTGGGGCGGTGAGATGACAGAAGAGGAAAGGGCAGCTACTTGGGTGTGGTTCCGGCTCGGACTCCCGCAGCGGATGCGGGTGCTGCTGCTGCTGCTGCTGCTGCTGCTGCTGCTGCTGCTGCTGCTGCGCGCTAGGATTGCCGCGACCGGTTCTCTTCGCTCCGCCTAAGGCTCCGCACTGAGGCTAAAGCGCAGGGGAGGGCT,False
1073,-869,2.6694686,-2.6774182,0.0047403784,2.5213585,-3.3229005,0.002888114,9.985671,-9.521257,3.3748078e-09,5.507666,-5.6676793,1.4015321e-05,4.813603,-5.0635986,5.1329112e-05,0.001538768,ENST00000420472.1,-869,GACATTAAGAATGCTGTTTGCAGAAGTAACATTCCTTTGAACACTCAGCTTTCTGAAATGGTGTCCCACCGCAAGGACTGGAGAAGGGTAAACCTCAGGTTCTCCTCCTGCCTTTTGCTAAGTATATGTCTTGATGACAAGCCTTCTGCTGATGAGCTGTGTTTCTGGACCGATCATGGTAGAAGTCAATTAACGTGTCCCTCACTTGGGGTTTCTCAAGGGTATGTTACCACAAAGACTCTCATACACCCTTTTTTCTGATCTCCCTTTCCCATTCTACACTTGTGTGCTGAATCTGTTTAGCATTATAGTTAGTACACTTACACGTCCACTAAAAAGTGGAAATTAATTTAATTACCAATGAAGTAACAAGAATTTAGTTTGGCAATGGATTTCTTCTATAATCCAAAGCCAAGTTACCTTTCCACTCATGGTTCTAAAGATTACTCAACTGTGTAAATCATCTGTGCCACATGGAATAACTCAAAGTAAGTTCTTTCACCCCCTACTCATTCTAAGTACACCAAATAAAACTCTGCCTCTTTTGGAGAGTTCATACACTGTTCAGAGAAGGCTGTGAGGTATTTATGATATCTAATCCAGAAGGAACTCAAGTGATGTTTGTTTTAGAAATAGAAAGCAAAGAATGATTATGCTGCAAATATTATCATGAAGACATTTATAAATATATTACAAATGCATGTTTCCCGCCAAATAATTGACAAAACACTATTACTTGCCTTAAAAATAATGCACAATTAATGA,False
1074,-962,5.63758,-5.7530875,1.1300333e-05,2.988038,-3.466097,0.0015715268,8.448036,-8.151125,6.1812436e-08,2.6085615,-2.504774,0.005980007,10.170687,-10.396243,1.1692202e-09,0.0015125794,ENST00000425112.1,-962,GGGGCGTCTGGGCAGCCTACGCTTTCCGGATAAAAATGGCAGAATGAAAGAATTATGAGTGGAACTAGAGAATAGGAAAGACATGAACCAACGCCCAAAATGAGAAAGAAGGACATATAAAGAAAAAGACAAATACAAGTGAAAAAAATAGACTAATGGATTAACGTCCCTGTCGTGTGACATTTTCTGACTGGAATCAGCCATTTTACCAAGAAAGTTGGGTTTCTTTTACTGGCAAATAGTACTTCAAGAGCACAGTCTTATGTAAGAAGTACAGTCTATATAAAGACTGTCCAGGACAAAAACTGGCCACTCCATTCAGCATTGACAGCAGTATTTAAAGCTGGTGCATGGTGAGGTGAAGTTTCTCAAGGGCAAAGACAATGCCTTCATGCATGTTCAGTGTCTGCCCCCGTGGGCTTTGAAATGATCGCTGACAATGGGGGATCTGCAGTGACTTCTCTGCCTCTGCCAAAGCCCAGGGGTGCTGCTCCCTAATTCTAAGGATTCTAATGAGACTCAGAGCAGGTGTAACACAGGGCATGGAGCTTCCTGAGCAAGAGGCTGGCTAACAAACTGTGGACGTGGTACTTAGACACATTAAGAGACATTACAGGGACACCTGCAAGTATGTCTCCCTGGGGAGAAGCCAAGTGCAGATGCTATGGCCACAGATGATATGGTTTGGCTCTGTGTCCCCACTCAAATCTCATCTCAAGTTGTAATCCCTGGATGTCGAGGGAGGGACCTGGTGGGAGGTGATTGGATTGGTTCGCATGATAGTGAGGGAGTTCTCACGAGATCTGG,False
1075,-523,4.9114037,-5.0223308,4.850792e-05,3.0032115,-2.976655,0.0025227834,3.7287953,-3.8758452,0.00049788645,4.303925,-4.5186477,0.00014734702,2.7229543,-2.7285678,0.004271448,0.0014975946,ENST00000466740.2,-523,TGGGCTGCCTGTGGCTGGAGCTGCCATCTTTGTCCGAGAGGTAGGTTTATAGATGCGAATCCTTTCCTTCTCTGCCTCCGGGTCAGCAAGAATTCCATCCCAACGCAGACTTTCGTTGATCCGATTCGCAAGGTTCTCTATTTCGGCAAAGTCGGGGAGGCTGACGGTGGAGGAGTCAGAAGGGAGGTGCTTCTTTTCCACTTTGCTCTGTCTGTGCTCTGGTTTCGGGCCACGCTCTTTGCAAGGACTTAAGATGTCATGAAAGGAGGAAGAAAGCGGCTGGCTCTTCAGGCTCTGACTCTGATGTTTATCTGCTGAGTAGATGAGCAGCCCACTACAGTTGTAGTTCTGGCACCATCGTGCCATCAAAGCCGCTTTACAACGTCAC,False
1076,-1008,5.034067,-5.46411,2.7585946e-05,4.496239,-4.406528,0.00013599354,2.523784,-2.5652294,0.006126337,3.3672876,-3.564482,0.0009753197,4.1603494,-4.292892,0.00021316276,0.0014956798,ENST00000512077.5,-1008,TTTATCCCAATCACCAGTACAAGCCACCCGTATCAGTGTACACTGTGGCTGACCGATCCATAGTGATGCTTTGAGCACAAGGAAGGACTTTCTGGAATCTACTTATCTGACCAAGAAAGCTTCTTTCCAAAAGAAATGCAATTGTCTTGAGACTTCTTCCCTAGGGATCTGATCAACTAACCAGAAAAGAGCAACCACCAGAGAAGAGACTATTGTGGTCTACTCTATAGAAGGGATCATGCTTTGAACCTCATCTTGAAAGGAGATTCAATCTTTCCTTCTTGCTCCTAATATCAACAGAGGGTGGAATATATGGCCCTGCTGCTGAAGTTTGAGATATAAAATATGTACCTAGAGCTAATATAATGGAGATCCCTGAAAAAGTTTTCCTAAAAAAATAAAAATTAAAAAAAACACACACACAATGAAATAAAAATGAGAGGTAAAATCTGCTCAA,False
1077,-353,2.3886387,-2.6441941,0.006478073,4.6442513,-4.573367,9.926492e-05,9.7416725,-9.924463,2.878099e-09,3.5105577,-3.819298,0.0006552384,8.027215,-8.147999,9.4448325e-08,0.0014465348,ENST00000430259.1,-353,ACTTTATAAAGAGGTTTAATTGGCTCGGCTGTACAGGAAGCATGGCTGGGGAGGCCTCAGGAAACCCACAATCATGGTGGAAGGCTAAGGGGAGGGAGGCATGTCTTACATGGCCAAAGCAGGAGGAAGAGAGAGAGAAGGGGGAGATGCCACATGCTTAACCAGATCTCGTGAGAGCTCACTATCATGAGAACAGCAAAGTGGGAGGTGCCACACACTTCTAAACAACCAGATCTCGTGACAGCTCACTGTAATGAGAACAGCAAGGGGGAGGTGCTGCACACTTAACCAGGTCTCGCGAGGCTCACTTTCATGAGAACAGCAAGGGGGAGTTTCCACACACTTAACCAGATCTCCTGAGAGCTCACTATCATGAGAACAGCGAGGGTGAGTTGCCACACACTTAACCAGATCTTGTTGAGAGCTCACTATCATGAGAACAGTGAGGGGGAGTTGTCACACAACCACATCTCGTGAGAGCTCACTATCATGACAACAGCGAAGGGGAGTTGTCACACACTTAACCAGATCTCGTGAGAGCTCACTATCATGAGAACAGTGAGGGGGAGTTGTCACACACTTAACCAGATCTCGTGAGAGCTCACTATCATGAGAACAGCCAGGGGGATTCCACCCCCATGATACAATCACTTCCCACCAGGCCCCTCCTCCAACATTGGGGATTACAGTTCAACATGAGATTTGGGTAGGGACACAAATCCAAACCATATTACTTGGCAACAGTCTTAGACCAAAAGCATTTAAGAGTTGATTGTTATTTCAAGCTGTGTTAAGGTACATTGATAGACCTGCTTCATTTTAGACTCTTCAGTAAGATAGTTTATAGTCTGTTTACTATAGTTCCATTTTTTTCCCCTTAAAGAAACTTTTGGCATTTTAAAAAAGAAAAAATTGACATGATCTTATTTTCTGTAACCACATAGCATACAGAAGTCATATTTTTAAAGCAACTACAGTCTCTGTGTTTTTTTGAGACAGGGTCTTGCTTTGTTGTCACCCAGGCTAGAGGGCAGTGGTGTGATAACAGCTCACCGCAGCCTTGACCTCCTGGGCTCAACTGATCTTCTCACCTCAGCCTCCTGAGTAGCTGGAACTACAGGCGTGTGCCACCATGCCTGGTTAATGTTTTTTTTTTAAAGATGGGGTTTCACTATGTTGCCCAAGCTGGTCTTGAACTCCTGGGCTCAAGCAATCTGCATGCTTCAGTCTACCAAAGTTTTGGGATTACAGGCGTGAGCCACCACACCCGGCTTACAGTTTATTTTTAAAATAGCTTTATTGAAATGTTATTCACATACCATAAACTTCACCCATTTAAAGTGTACATTTCAGTGATTTTTAGATATATTCACAGGGTTTTGCAACCATCACTGTTAATAATTCCAGAACACCTTTTCACTTAGAAAGCCTGTATTCTTTTTTTTTTTTTTAGATGGAGTCTCACTCTGTCGCCCAGGCTGGCGTGTGGTACACTTTGTTCACTGCAACCTCCACCTCTCAGGTTCAAGCAATTTTCCTGCCTCAGCCTCCCAAGTAGCTGGGATTACAGGCGCACACCACCACGCCCAGCTTAGTTTTGTATATATTTTGTAGAGACAGGGTTTTGTGATGTTGCCCAGGCTGGTCTCAAACTGGGCTCAAGCGATCCACCTGCCTTGGCCTCCCAAGGTGCTGGGATTACAGGCTGTGGAGGGAGGATTGCTTGAGCCCAGGAGTTTGAGGCCAGCATGAGCAACATAGTGAGACCCTTTGAGTGACACTCTACAAAAAAAATGGAAAGATTAGCTGGGCATGGTGGCCCGTGCCTGTAGTCTCAGCTACTGAGGCAGGTTTGCTTGCTGCGGTGAGCCAAGTTTGTGCCATTGCACTCTAGCTTGGGCGACAGAGCGAGACCCTGGCTCAAAAAAAAAAAAAAAAAAAAAAGAACGAGTACAGATCGTTGCTCCATTTTAAAACAACAGCCTGTTTTGTGCAGATCAGCTTCATAGTAAGA,False
1078,-433,9.57716,-9.756097,4.0148906e-09,3.2488241,-3.3892617,0.0013078189,7.667054,-7.6920404,2.1361406e-07,2.634814,-2.4896314,0.0059143286,6.7887945,-6.944856,1.0853031e-06,0.0014446902,ENST00000442007.1,-433,AGCGCGCGGCTGCGGCGCGGGAAGCAACCCAGAGCCCTCCTCCCGCCTGCTCTGTGTAGGAGACAGCCTGCGGAGCCCACTGCCGGCGCGCAGAGAGCCCAGCAGCTCTTGAGTCCAGGAAGCAAGGGTGGGAGGAGGGACGAGCCAGTGGCAATGACCCAGACCCGGACGACCCCCATTGCTGAGCCAGCGGAGCTGCTTGGAGGCAGAGGTTGCAGTGAGCTGAGATTTTGCGACTACACTCCAACCTGGGCAACAGAGCGGGACTCCATTCCAAAAAAATAAGAAAAACAGAAAAATAATAATTACATCTGCAAAGACCTTATTTCCAGGCTCAAGCAGAGTCTTCCTCCTGGTGTTCCAGAAGGAGTTCAAGGTCCTGCTCCATATGGGACAGCTAGATTCTGAGGGCAATGTTGAGATCCTCATCTCCAGAAGGTGCTGGTGCCAGAAATATGACAAAAGGCTGATTGACGGGCCAGGCGCGGTGGCTCACGCCTGTATTCCCAGCACTTTGGGAGGCCAAGGCGGGTGGATCATGAGGTCAAGAGTTCGAGACCATCCTGGCCAATATGGTGAAACCCTGTCTCTACTAAAAATACAAAAAATTAGCTGGGCGTGGTGGCACGCATCTGTAGTCCCAACTACTTGGGAGGCTGAGGCAGGAGAATTGCTTGAACCGGGAGGAGGAGGTTGCAGTGAGCAGAGATCGTGCCACTGCTCTCCAGCCTGGGCGGCAGACTGAGTGAGATTCTGTCTAAAAAAAAAGAGGCCTGGTGTGGCGGCTCAGGCCTGTAATCCTAGCACTTTGGGAGGCTGAGGCAGGTGGATTGCCTGAGGTCAAGAGGTCAGGACCAGCCTGTCCAACATGGTGAAACCCCATCTCTACTAAAAATGCAAAAATTAGCCAGATGTGGTGGCACATGCTTGTAATCCCAGCTACTTCGGAGGCTGAGGCAGGAGAATCGCTTGAACCCAGAGTGTGGAAGTTGCAGTGAACCAAGATCATGCCACTTCACTCCAACCTGGGCGAAAGAGCAAAACTTCATCTCAAAAAAAGAAAAGTATTTAAAAAAAAAAAAA,False
1079,-919,5.088648,-5.21716,3.3437198e-05,7.5833125,-7.6851263,2.3388446e-07,5.408875,-5.3470097,2.1319136e-05,4.4600077,-4.4874387,0.00013005192,2.3149047,-2.708017,0.006542178,0.001345444,ENST00000596717.5,-919,GGAACCCCTCTTTGCCCCAGTTTTGGCCAAGTATCTTCTACACCACCTTCAGGTCTAAGTGCAACAGAAAATACACCTTTCTCAGGAAAGACATTTATTGTTCACTCATAACTCTATCTTTAATAGACATATCCAATAGAATATACAGTTTGCAAGATTAAAAACAAGGTTTATATTGCTTCATAAGGAGCAAGCACATTTTTGAAGCACAGGTGATGAAGAAGACATGCCAACAGAGGGTTAATTCCAGATAAAATGAAATGTTCCAAACAGTACGTTTGGTTATTTGATTCATCTGTGGGGGAAGGAAAGATAATTTTCCAAAGGACATTCCTCCTAAATTCTGTCTTAAAGTTGTTTACGGAATGAAGTTGATAATAGTGAGACCTTGTTGGTACAAGACTATGTAACATAACCTGCGCTTCTCAACAAAGAATTGCTTTTCTGACTTCTGCACTCAATAGCAAGACAAATCTCTCCTCTGCCTTCTCCTTATCAGACTACTCAACATGAAGGCAATAAGAATGAAGACCTCTATGTATAATAATTGACTTCCACTTAATAAATAAGGTTACTTGGTACACTGGTCGACAAAACCTTGAAATGTTGATGTTTAAGGGCTGTTGATTGCTGGCAGCAAAGAAGTCCAACTGTGCTGGTACCCGAGATAGCGTCTCCACATTTTCTTCCAGGATCATCACCTTTGTTCTAAATAGCTCCCACATAGTGTGAACAGAAGTCATATGTTTTAGATTTTCTGCCTTGGCACCCAGG,False
1080,-640,2.5230887,-2.5018077,0.0065293536,3.9259415,-4.868424,0.00015156186,8.9412,-8.37081,3.0303283e-08,5.9091005,-6.100866,6.083247e-06,5.085375,-5.2175593,3.3533415e-05,0.0013441124,ENST00000504932.2,-640,ATCTCAGAGGCGGGCTTCCCTCGGAAAACGGAGGGTTGAAACCCAGAAAGCTCCTCGGAGCCCTTCTGGGGTTCGGGCGATCTGGGCAGAGAACTCTCGGGTGGCAAGGAATTAAGGGCAGCGCGAACGACGGTCTCTAGACAAGTATGAAGCCTCCCCTGAGTGTGTCCGGCGCTCAGGGGGTGGACCGGGGTGTTGGTTTCAAGGAGGGGGCCATCGTTTGCACCACGGCGTCCAGAAATACTCATCCTTTGCCCTTCGGGGAGGCAACAGAGCAGCCAACTGACTGTTCTGGCCAAAGAGACTGGAGATCCAGTATCAGCAAGCTACTTTCTTGGTAAACCTCCATTTCCCAATGCTCATCTTTGTCCTCTACCCCCACCCATCCCAAGGCAAATGATGAAAACATCTATTGGATCCAGCCTTTGCTATCTTCTCCATGCTGCTCATAGTGGGTCTAGCAATGTCCCATTCTCGGTAATGTTTGGTAGGTCTAAAACATCCTCACGAAATGTTCCCCAAATGTTCTGCTCCAGCTGAGCAACTAATAACAATGGGAAGATGCAGAAAAAAAATGCATGGAGCATAATGTTAGTTTTGGGACTCGTCAGTGGCAACGTTTTAGAGATGCCATGAAGAATTCCTGGTAATAATCCTTCTTCCTACAGCATTTAGCAATGAATACTATGGGATTATGGCTAAAAGATGGTCAAGACTGCCTCAGCCATTAGGATCAGAATTCTAAGTTCCAAAGAAGAGCAAACTCAAGAGGATTTCCTCAGGCCTCTGACTATAGATGCTGCCTGGGGAGAACAGGTGCTACACTCAAAACATTCTCATTTTATTTATATCCTCCCTGAACTAGTACCCAACTCCATAACCCCAGACTCAAATAACAGAAATAAAAGCCATCTCACTGATTATAAGCTCTCTAGTTATTACAAAAATAAATAAGCATCAATCAACCAACAGGCATCAGAATGAGAAAATCACTGATTTGAGACATTCAGGCTGCAGGAAAAGAACACTTTTTGTTAATATGTAACTATATCTTCAGTAGTACAGAAAAATGAGAAGAACGAGAGTTCTTACCTGGATTTGCGGCTCACTTAAAGTAGAGCACCTGAGATGCTGGGAAATCATAAAGATAAATAACCAATCTAACAAATTCCTGCCATGAGACCAAAGTGATCCTTGACTACTCTATTAGTAAGCGACTCTGAGCCAAGAGTACGAACCTGTAAGTGGAGTGGTGGTTGGCCCATTAGAAATCTCTGAAAGATCTAAACATGACAGTTACCTTCCTACTGGACTCATACTTCTCAATTCCCTCTCCTAAAAGAATACTTTTGGGCTGGCCCCAGTGGCTCACACCTGTAATCTCGGCACTTTGGGAAGCCAAGGTGGGAGGATTGCTTGAGGACAAGAGTTTGAGACCAGCTCGGTGGAAACATAGCACCATCCATGTCTCTACCAAAAAAAGAAAAAAAAAA,False
1081,-584,11.327699,-11.314098,1.468226e-10,2.7369475,-3.4286885,0.0020959796,5.6460905,-5.3718615,1.6404278e-05,2.6677718,-2.7256377,0.004525868,5.6683254,-5.13724,2.0285886e-05,0.0013317077,ENST00000429865.5,-584,CAAGAGACGCCAGGCAGGTGGGACTGGAGTTGTCATGGAAGGGGCAGGGCGCAGGGCGGAACCATTGCTCGCGGAGCTGGCGTCGAGTCGGAACCTCGGACTGCAGGAAGTGGGAGCACCGCGGTTTCGGGGAAGAGACCGGGGTTGAGCGTCTAGCCCATCTCTGCGTGACTTCCGCCAGCGTTTAGAGCGTTTTCGGGGTCCGAGTTGAAGAGCAAAACCAAGTGAAGGAAACTTCACTAAGTTCAGGGTGACAAGGGAGGAAGTACAGAGTGAACTATTGGCATGGCTCAATCCATTGACCTGTTTTGGTTCCTGATGAAGTTTTGTTAATTTAAATGAGAAAAATAAGGACAGTGAAAAACAGAGCGCTTAAAAAGCACTGTCTGGATATCTTCAGAGGGAAAAAGGAGAAAGTTAACTGAATTGGTGACACTTCGGGTCTCTCACAGAGGAAGATTAGATGAAGGTGACCTTCCCCTTCGCCAAGCAGAATCTCCCATGAGACTCATGAATCCTCTTGAGGCCAATTACAGCTATCACTTGTTAACTGTTGGAGTACTTTCAGTCTTAAAAGAGCTGCTAGAAAATTAAGGCTGCAACATGAAAGAAGAACAAAATGGTCAGGCATATCACACGTTTTTATCAAATGATTTGGTTTAGGACTTGATAACCTGGTTAGTACTTGAGCACTGAAAGATATTTTGAATTTAAAGTAAGATGGAGAAAGTGATGGAAGCTAAATCACAGAGGA,False
1082,-114,2.4916618,-2.6046696,0.006081937,4.0638976,-4.8683476,0.00013204373,9.352688,-8.758711,1.3624466e-08,6.629939,-6.755368,1.5375676e-06,4.134104,-4.2007036,0.00023995784,0.001291098,ENST00000551890.1,-114,ATTGCAGCACATGGGCCAGCTCGCGCAGGTGGCCCCGGTGCCGCTGTTCATCGGGCCGCGCGGGGAAGGCGGCGGCCAAGATGCGCTCCGTCACGTAGGATGAGCAATACCCACAGCACTCCGTTCAAGGTCATCTCCTGGGGGCCCTCTCTGGAGCCACCAGACCTCTGGACACCATGGCCAGGTTCCTTGCCCTCCCCACCCCATCCCAGAGCGCACTCACCAACTCCACGGGAGGCAAGGCCTGACAGGCTGAAGTCACCTGGAAGGGGACCGAGTAAGGAACTGAGCTCCTGGTGAAGGGCTCTCGTGGGCTTGAGGATGGGGCAGCCCCTCAGCTTCAGGAGGAAGGTGGAGGGGCCTTCAGTGGATGGGCACAGGCTCCAGCTGAGGTTGCGCTATTTAAGGGCACCTCCCCTCTGGCCTCTTGGTCCCCCACCCCCCAGGCCCCCCACTTGTTGCTCTTGGCGCTCAGCCCCCAGCCCACACAGACCCCCATTCATCCAGCTGTAGGGCAGGAGTTATATATAGAGCCAAGCAGGCAGGCCATGGCCAGGGATGGACACTGG,False
1083,-775,2.4577446,-2.5925796,0.0063664624,7.047458,-7.144286,6.8644164e-07,6.0429196,-5.674552,8.150101e-06,9.442659,-9.613206,5.298372e-09,5.229367,-5.0284534,3.5080848e-05,0.001282077,ENST00000574411.5,-775,GCAAATGTCAGCGCCAGCCCAGTCAAAAGAGCTTGAAACCTACCAAGCCGGAGGACTGTGCTGTGCCTCTCTCGCCCACATTTTCCCCAAGCACTCTCAGGAACCTGGCAACAGACTGAGAGAAAGGAATGAAAGGATGGAAGAATTACAAGATCAGGCACTGCTGTCTGTCTGTTCCACGGATGTAACCACAGCACACGCGTGGCTCACGATGGATATCTGAGAGCCAGCGAACTTTCTTTACCTCCTAGTATCATTTCATGAAAATTAGTAGCACCTGCACAATGGGGCCTTGGAGACAGGAATAAAAGGAAAAATCTGGAATGGAATCACATGACGCAACAGGCTATGAAGACTCCCTGCCCGGCTGCTATATGTCTGGTAAACAGAATAAATAGTACTTGAGCA,False
1084,-491,5.6719246,-5.685836,1.167837e-05,6.7278037,-7.3144326,7.971387e-07,2.749484,-2.6512396,0.0044930363,8.891293,-8.949119,1.7865183e-08,2.9299898,-3.4312384,0.0017242662,0.0012459591,ENST00000429224.1,-491,GGAGGAGGGACCCGGCGGCGCGGCGTGGGTCGGGAGCGGGCGCCTGGGACTACTTCTCGTTTGAAAGTTTTCAGAGGCCAAAAGTTTGAGCCGGGGCTGCGGAAGGATCCGGCTCTGGCGGTTGCCGCGCTCGGCGACAACTGGCGACTGAAATTTGCATAGAAGAGAGTGGCCCATTCGGTGTCCACCCGTCAGGCCACCCAGCAGCCAGGCACGCTCATAAGCCCGCGTTACGGATGGTGCGGCCGGGTGCACAGGCCCGAGGGAAGCACAGGCCTCGGCCTCCCAGCTCCCAACCCCTGCACCACCCACAGCCGGGAGTACCCCATGGACAGCTGTGGCCGAGGAGAAGCCAGGGATGAGGGGGATGGGCCTCACCTCCCCACCAGCCTGGGAAGGGGGTAGGCCCCTGGCAAGTAGGAGGGAAGCTGAGGCTCAGAGACATCATGAGGATGCCAGCTCAAGGCCCAGCCAGGCCTTGGTCCTCAGCTGCTGTCATCCAGTAGGGTAAGTGGGACCCCCAGGAGGTGTTGGGGGACACTCCTCCCCTCCCCCACACTCACAGTCTGTTCACCGCCCAAGGCAGCAGGCTGGACTCGGTGCAGGGACCATGGCTTGGCGTGGCCAGGTTGGAGTGGCCCCTGGGACTGAAAGCAGGGGGCGTGGGGGCTCTGAGGCGGGGCCGAGTGCGGGGACGTCCTGTGGCGGGTACCCTGCTGGGTCCTGGGTGGGGGCCAC,False
1085,-565,4.4967184,-4.690708,0.00010230737,11.899384,-11.731453,5.460823e-11,2.5854585,-2.545287,0.005877404,8.515319,-8.656568,3.4861372e-08,10.917242,-10.903749,3.33629e-10,0.0011959494,ENST00000586006.5,-565,AATCAAAAGGTAGCCAGGTGCATCGGGGAAAGCACTGACATTGGAGTCAGACAGACTGAAGTTCATATCTGATTCTGCTATATGACAACGTGTGGGCTATGTGGCTAACTTCTCAGAGCTTCAGTTTTCTCAAGGGCAAAATGAAAATAATAGAAATAATAGAATCCACCTCACAGGGCTGTGGTGAGAATTGGAGATGAAGCACATACAGCATATTACATCAACTAAACACATGCTAAAAATTAAAGGGGATGAAAGATACATTGGTCCCTGCAGTGGGAAGTTTCCTTGACAATGCAATTATTGATTCCAGTGAAGGAGCAGCTTTGGCTTACTATTCAAGCTCGAGGTCAGGGCTTGAAAACTTGAAAAATGGAAAAAGGATTAAGAGAACCTTATATTCCTGAATAGCAAAGGAAGAAGCAACAATTCTTCTGAAATCTCATAGTCGAAAGCTAAAGACAGGGGCCTAGGTCAAGCTCAAAGTCACTTACAGGACGTGAAAATCACCTCGGATTTAATCTAGGCTTAGCAGCTACAGGAAAAGAACTGAAGAAAGGCCTTGTTTTATGTTTTCTGACAGTAAAATGAAATAAAACGTGGAATATTATAGAAAGGATTTTGTAAGTGAAAGGGAGTGGTTGAGAAGAGGCAAAGTGAGTGTTGGAAAGGATATTGAAACTTGAAGAAGGCTGGAAGAAGAGGTCAAGGGAATCCTATGACTGAAAGCAGCATCAGAGACACAAACATACTGATCTTGGAGCCCTGCAAATACATCTCTTTATATTGAACATTTTGAGTCTTTTTCTATTCCTAGGTGTGTTTACTAAATTATACAAGTCTGCTAATACCAATTATCCTATAAATGCCCTTCTTAATTCTTAAAAT,False
1086,-1343,2.7415414,-2.7391446,0.0041491822,2.8574405,-3.6633465,0.0014703444,10.318615,-9.858215,1.7270859e-09,5.439717,-5.6099586,1.5892061e-05,5.3627715,-5.5750513,1.7772822e-05,0.0011306388,ENST00000451027.5,-1343,ATCTTGAAAACGGAAAATAAAAACAGCAGACCTATGAAGGTCGAAGGGGAAGAAAAGCTGTATCGATTGTTGAGATCTGGCGACTTGTTTAAATTTCATCAGCCTCACTTCTATGAACTCTCAGAGCTGATTACCAACTCCTACCACTGTTAACCCTCATCCAGGAACAAGCTTATGTCTTTAACATTCTGAGTGGGCTTCAGCATCCTTGCATATGTTCAATTCTTAAAAACCTGTTGAAATAAAAGATCAGGAGACATAGGAAGGATGCCAGAAGAGAGCGTGGCCTCACGTGTACCAGCTCTCTGCTCTCCTTTGCCTTGGGACGTTCCATCCCTGGAAGTTTCCCTGCCCACATCTTTGTAGAGAGTCCATTCTCCAAGCTTCAGTGTGTCATCTGTGAGGACCGTGACCCACCTGGTACATCGCCTCAGGGCATTCATTTCAGGCTCCTTCTAAATGGCCAAGGTTTGTATGGATTTTAATCCCTATTGCTGGTGCACTTCACTTGGGCTTGGAAGCTTTTTTCCCATTTTCGTAGTAATG,False
1087,-952,2.5364187,-2.6816604,0.0053885328,6.9898596,-6.9515095,8.8173886e-07,4.828257,-4.519492,8.715374e-05,7.7561955,-7.9192214,1.5568719e-07,4.454646,-4.276546,0.00016144385,0.0011276335,ENST00000383038.7,-952,CCCTGCAGCAGCAGCGGCGTGGTCAGAGCGAGCTTCGGAGAAGCAGTGGTGGGTTCCATGTGATGGTGGAGTAGGAGGCAGGTCTCCGCGGTTCATCTGTGTTGCTCTAAATGACACTGCTTCATTATTTTGATGGCTGGAGAATATTTCCTAGTGTATGTATATGAGAGTTTCTTGATCTCTTTATCTGTGGATGAACAGCTACTTTGAAACATATGGTACATTTGTGTTAAGGCTAGTCACCCTGCTGTGGAATAGAAGGCCAGAATTGATCAGTCTCATCTGAGAGTAACTTTGTACCCATCACTGATTCCTTCTGAGACTGCCTCCACTTCCCCAGCAGCCTCTGGTTTCTTCATGTGGCTGCAGATGGCAGGATTTCCCAAAGGTTTCTGGCTGAAACATATTCCGTGGTGTATCTGTACAGCAGTTTCCTCATCCCTGCAGCTGTGTTTGAACAGGTTCAACAGTATGGCTCCAAATGATGAAATTTCATTCTGATTTTCTGGCTGAAGACTATTCTCTTTGTGTATGTCCACCACAGTTACTTTATCCCTTCATCTGTGGATGGGCAGTCTCGCTGTATTGCCCAGGCTGGAGTGCAGTGGCATGATCTCAGCTCACTGCAAGCTCTGCTTCCTGGGTTCACGCCATTCTCCTGCCTCAGCCTCCTGAGTAGCTGGGATTACAGGCACCCGCCACCACGCCCAGGAAAGAAAAAAGAAGAAAACAAACCTCCATACGAGAATGGGTCTAAAGGAACTTCCCAAACCTCCATGATTTTGCAGGAAACAAGATAAAGCTCCAGGCCAGGAGCCCCAACTGGCTGGTGGAGGATGTCTTGCTCCTCAGCAGCTGGGATTTGTAAGTATTTGTAGGAACATGGAACAGATCAGTGGCTGACAGGCCCAGGAAGCAGACAGTCCCCTTCCCATAGGTCACCAGCTTCACTTCCCCTTCCTGCACCCCATCCTGATTTGAGGGAGCCCAGGATGACAAAGAGGGAGTAGTTGAGCAAGGTATGGAGTGGCAGTCTCTACAGGAGCTCAAAGGATGCATTTGTCCATCTGCCCTGGGCTCAGCTTCCACACTCAGAGTCACTCACATCCCTCCACCGTCGCCACAGCTCACCTGTGTGCCCACACAGACAAGGTCACACTGACCCCAAACGCACACTGTTTCAACTCTCAGCACTTCACTGTCACACTCGCGTGTGTACACACATGCTTTCTAATTTCCACAGCCACATGGATGCTCACACACTCACACCTTTGCACACACACACAAGCTGGCTCACAGACACACTGGGGGCCCAGATCCTGGTCATTCCCCACAGGTCTTAATAAAGGTTCATGGAAGGAAACCTGTTTCCTAAGGTAGGGTGGGAGTGTGTG,False
1088,-254,5.945099,-5.869856,7.3931096e-06,2.9217715,-3.2135463,0.0021603596,6.234685,-6.4269514,3.170442e-06,3.1561434,-3.0505302,0.002011876,3.1779447,-3.353658,0.0014545504,0.0011274699,ENST00000590274.1,-254,GTCTTCACTGCTCTGTGCCGTCAGCTCCTAGAGGCCCAGCCTCTGTGGCCCTGTGACCTGCAGGTATTAGGAGGGTCACAGCTAGGACGCCGGGACCCCCTGGAAGCCTAGAAATGAACGGGGAAGATAACCGAAGGGTGGTTTGAGAAACCCACCAGGCCAACTGGGAATTAGAATTGATTCAAAACTCCATTGATCGCCTGACCTCCATAAGCTCCTACTCTGCTGCAGTTGAGTGCTGCCACTTAAATCCTGCAGTCCCGAGATCCGGTTATAACCAATGCATTTAGATTTTTCATTTCGGTGGCAACAATCTTCATTGTAAGTTCTGTCCTACAGAGAAGTGTGGTGATCAAGCTCTTTGGAGATACTGGGACTCCTCTCACAAATGTATGTCTCACAGTTATGATGAATGGTGTATCTCCTGGATCTTCCTCAGTTGAGTATGTTTTAAAGGAAAAATACACTTTATCATTCAAATCTTTCAAAGCTTTTGAATCACTTTATAGCAAACCAATGAAGATCCAGCATTTCATTCTTTCTTTTCTTTTTTCTTTTTTTTTTTTTTTTGAGACAGAGTTTCACTCTTGTTGCCCAGGGGCTGGAGTG,False
1089,-1006,5.332612,-5.735153,1.5607158e-05,2.8968635,-2.8427033,0.0032058507,3.2519364,-3.1924767,0.0015868547,3.7000353,-3.851587,0.00052498153,5.12741,-5.192895,3.295598e-05,0.0010732498,ENST00000506864.5,-1006,GACAATATTGTTCCGGAATTTTTAGCTGGCACTCAGATTTCTGTCTGCCTCTCATTGGCAAACATGACATTTCAGCAATTTCTCTAAAGAGGAATGACTGGGGGGTATGTACAGCAGGCATCATGTAAGAAAAACTCACACCTCACGACATATTTGTTTGATTTATTCAGCAGACTTCAGCAAAGGAAAGATGTGAAAGCAACCCTTGATTGTTGATTTTTTGTTCATTCTGAAAATCACATCGCCAGATCCAACACCTTTTTATCCCAATCACCAGTACAAGCCACCCGTATCAGTGTACACTGTGGCTGACCGATCCATAGTGATGCTTTGAGCACAAGGAAGGACTTTCTGGAATCTACTTATCTGACCAAGAAAGCTTCTTTCCAAAAGAAATGCAATTGTCTTGAGACTTCTTCCCTAGGGATCTGATCAACTAACCAGAAAAGAGCAACCACCAGAGAAGAGACTGTGGGTGTCATTGTGACTGGCTGCTACCTCCCCATGAGTCTTCTAAAATAAAACCTGCAAATTCACATCTTCCCCATGCTTCCAGAGAA,False
1090,-1230,7.625163,-7.9254007,1.763908e-07,3.7046328,-4.210025,0.0003652155,6.65214,-6.142852,2.7746244e-06,7.7894473,-7.8421426,1.6266223e-07,2.544321,-2.7670314,0.0049110088,0.0010558676,ENST00000464612.5,-1230,GGTCAAAAAGGAGCCCAGAGTGACAGTTTTCCTTGACGGTCGCCGTTCTGTTTGTTGTAACTGATCTGCAACATTTTGGGAAAATACAGTTCCATTGTACCTGCCACCTTTCAGCTGTAGCCAGAGACCTTTATCAAAATGGGCTTGTTTCCACAGAACAGCAGAACGGTTGGGGGTTTGCATGTACAGTTAACCAGCATAAGACTCGTACTGGGAAAATCCAGCTGGGATGTGACACAGCTTAACTGATAGCTTAAGGCATCAGTATTGGGACCAAAGGCTGGTCAGATTTGTATCATTCTGAGGACCAAATGATGGGAACAATAAAATTGTTCATGACAGTTGTTCTCATTTTGCTGTCCAGATGAAGACTCTTAAGATGACAGAAGGTGATTTTTCTGGTGATCGAGGACTTCCGGGGTAATGACAGTGATGAAATGCAGGGGACCTGGTTGCCCCCAAGTTTCCTGGCAGTGTGTGATACTGAGGAGGTGAGCTTGTTTCTGGAGCTGTGCTTTAAGATTCATGTTACATGTAAAGCTGTCCTCATTTGTGACTATGGACCTATGGAGTTGGGACAATCTCTATGGGAAGCAGAAGGCAAGGACCCCGGTCATTTTAGGTAGAAACAACAGCATGCTAATGCAAAAAATTATGCAGTGTGCTACTGAACTTCAGAGGTGATCAATAAAAGAAGAATAAAAAGACTAATAAAAGTA,False
1091,-820,2.8202634,-2.845076,0.003452014,2.9373417,-3.3722296,0.0018155109,7.2435,-6.6823044,8.9557034e-07,8.267952,-8.433789,5.5786145e-08,8.354261,-8.4382715,5.094425e-08,0.0010537055,ENST00000435880.6,-820,CGGGGGGGAGGGGCGGCGAGGCGAGGCCTGCGGAGCGGAGGAAGACAAACATAAAGATGAAGTGCTTAATTCAAGGTCACACAATGTCGGGGATGGACCTCCAGATTTCCTTACTGACCTGCATTATCTTGTGGATACCTGAGTGAATTCCACACCACCCATTTTATAGATGAAACCACTGAGACATGGAGCAATTGACTGAGTAGTCACTGCCCCACCCCTGCCTGGAGCCTCACACATGACTCGCCTCCTCTCAGTGACCACAGATGGAGTCTTGCTGTGTCACCAGGATGGAGTGCAGTGGCGCAATCTCGGCTCACTGCAACCTCTGCTTCCCGGGTTCAAGTGATTCTCCTGCCTCAGCAACCCGAGTAGCTGGCACTACAGGAAAACAAGCTCAGGGCTCCCACTGATTGTACATTATGGTGAGACGTGGTCTTGTAACACAGTGGTTAAGAATGTGACTTTGGAGCCAGCCTGCTAGGGGCTGAATTCTGACTCAGCCATTTACTAACTGTGTGACCTTAGGGAGGAGGACCTGGTTGATAGAAGAATTTATCTCGTAGTCTTAACATCCACTGTAATTCCAAACTTTGAGGACGATAGAGATCAGTGGGCTTTGACTGCCCAGCATGCAGTCTCCATTCTTAGGTCACAGAATTTTCCACACTCCTTGACAGAGGTGCTTAACCCTTATCCATCAGCATTCTCAGACAGCACCTCCGGTTAGGGACAGTATCTGACCGTCCGACATCCCTGCAGCCCCCATGTGTCACACAGACTCAGCCTCAGGTAGATGGTTTCCGTAGATGGTGGCTTTCTTTGGACCCTTGACATCAACCAGTTACTATTTGACTCTTCTGCAGAACCCCATGTTGACCCCTGCTTTGAGGTGGCAGAGTTAACACTACTCTTCGTTATAAGCTCTCGTCTGGGGCAACTCAGAAGAACCCAGAGACAGACTCCCAGACTCGGCCAGAGGCTGATGCCAACTCCTTCCAGCTCTCACGGTAACCATGAGGCCCCTGCGTGTTTCTGTTGTGGAGGTCCCAGAGGGAACTGTATGGACAGACACAGCCCGAAGGGCCATCTGCCTCAAGCCACAGCAGCACAGAATTCTAAAGATTGTGGGGAAGGATGGGGCCAAGGGGACCAGATGTGCAGAGGTAATGAATACCAGGGAATCAGGAAACCACTGGATCAGTTCTTTGAGCCACAGAACAACACTCATCCCAGCAGCTGGGAAGCTATCTGCAAAAGTCCATCTGCAGAAAGGGCTTCCTGGTCTTGCGTGTGGCTGGGCCATTTCTCTGGATGCAGGTTTTTCATTATACAGTCTTCTCAAAGAACCACCTGCTCTCAACACCTTCTCGGTGACTCCATTTCCCCTCCTCTGGGCTCCTGGAATGCCACAATGGCCCCACCTTAGCCAGGCAGCTGTGATGAGAGGTGTTGACCCAACTGCCTCTCTGCTGGCTCACTGAATCAGGTGGAAGGGGCTGGGGACAGCACAGTCTTGCATTGTGGTTGGGGACCTGGGCCATCCAGAGGCAGGACTGTCCAAAGGCAGGGTACTGCTGGGATTCCGCCAGGCACTGGGTGATGCATGGCATAGGGAGCTGAAGAGGGACAGGCTCTTGGCCAGGAAAAACAGCCCCAGAGCCACAGGTGTGCCATCGAGTCTTCCTCCTCTCCCATCCTTAATCACTCCTGTTTGGTGACAGCACACAGCTAGGCCTGGAGCCCAGCAAAGAGCCCCTGGGTCCCAGAGGAAGTTGTTCTGGGGGCTGGAGACAATCACAAATGCCAGGTTTGTGAGCCCCAGACTCTGGTTCATAGCAAGAGGCAGACTTGTGAACAAACCACCAGATCACACCGTAAAACACGCTCAACGAGGAGTGGGTGCCCTTTCTAGGGACAGGCAGAAGGCTCCATGGAGTGACCTTTGAATGGGGACATAAAAGTGGATCCCTTCAACAGCCCCTGCACAGCCCCAAGTCAGGCCTCCAGCCCTTGGACTCACAGATGTCCTCTGTAGACGACTGGATGTCCTCCCGTGCTACCCTTTACCCCTGCAGCGAGGGGCACAGAGCCAGAGCCCTCCAGGTCCTCACCACTGGCATCACCAACATAGTGGACATTTTCCCTCTCAGAATGAAAAGGGAGTGAAATTTCCCGTGATCTTTCCACAAATGACCAGCTTGGGGAGTGGGAGAGGAAGTGCTGCAGTGCCTGGGGAAGGGGCCCTGGAACAGTTCCTGGAAATGGAGAGGGGTGGATAGGGTGGAGACAATGCTCATGGAGTGCAGTATGGGGCCTACCCAGAGTTGCTTGGCCACCCCTCTGCCTCTGAATCAGGGGTGATCAATGAAGGAAAATTACTGCA,False
1092,-1465,2.5445883,-2.7728786,0.004881221,7.031645,-7.156403,6.889838e-07,5.0030847,-4.6991863,6.114077e-05,4.1303024,-4.0769553,0.00027259297,4.9007306,-5.160013,4.272245e-05,0.0010516733,ENST00000467944.5,-1465,GGTCATTCAACATTTATTCAACCAAAAATACTAAGTCAGCTCTATACAAACTAATGGAAGGATACAGCTATGCAAATATAGAACACTAAAGTGTTACATGACAGATGTATGAGAAGTACCTTTTGCCTCCCACTGTGATTCTGAGGCCTCCCCAGCCATGTGCAACTAACTGGGAAGAAAGGACCCTGAAAAGTTAGCTGGTTCCAAGTGACCCTCCAAGGGGAAGAGTGCTGGATTCAGAGCCCACCTCAGGGGAAGACAGGACCCTCTCCAAGATGGTTTCCCTAGAAGCTACTACCTCTCCCTGGAGGGTGGAGATATTTGCTGGTCAAAGCAAGAAGGCCCTCTGCAGATGCTGACACCTTGATATTGGACTTCCCAGATTCCAGAACTCTGAGAAATAAATTTCTATTTTAAATAAA,False
1093,-1336,2.6579423,-2.7068193,0.0046567894,3.5308022,-3.990706,0.0005410227,7.3190036,-6.7234697,7.969502e-07,8.788426,-8.940026,1.9981625e-08,8.031579,-8.163611,9.2580194e-08,0.0010397442,ENST00000457870.5,-1336,GGATCAGAAGAGTGAAGAAACAATGATGTCCCACAGGTCACAGGGAGTAAGTAGCTGCTCTAGGGGTGAACCCAAGAGTGGTGATTCACTGTCCAAACTACTGGCTGGAGGAGAGCTCGTGGTGGTCATGTGTTTGTCAACCTGTTCCAGCTCTTCCCAACTATGGCAGTGGCTATGGCCTAACAGCTGGAGGCAGGAACAGGGCAGTGACAAGAATCAGCAACTGCATAGGGGCCTCATCAATTTCCAGTCCTCCATCCAGAAGAGGACAGGACATGCTCAAGCTGCCCCAAAGAGAAAGGACAAAGGAGAGGAATTCTGAGATGCAAGTCCCTATGGAAGAGGGGACAGAGTTAAATTCCAGCAGTCCAACAGACTATGGCTAGAGCCATAGTCTTCTCTTACCTGTATCTTTAACGTTCAGCTTACTATTGGTTCCTTATTATCTCCTGTTAGTGAGGTTCCTTTCAAAAACAATAAAACAAAACAATATTTTCCCGC,False
1094,-1231,7.610649,-7.9106236,1.8163387e-07,3.7862172,-4.2886095,0.0003111802,6.722382,-6.2143707,2.407902e-06,7.662311,-7.7141633,2.0993357e-07,2.5624986,-2.7745185,0.0047871703,0.00102023,ENST00000488745.5,-1231,CTGCCTCAGCCTCCCGGGTAGCTGGGACTACAGGCGCCCGCGACCACGCCCGGCTAATTTTTTTTTGTATTTTTTTTTAGTAGAGACCGGGTTTCGCCGTGTTAGCCAGGATGGTCTCGATCTCCTGACCTCGTGATCCACCCGCCTTGGCCTCCCAAAGTGCTGGGATTACAGGCGTGAGTAACCGCACCCGGCAGTAGTACCTACTTTTTAAAGTGTAAGCAAGGAAAGTTGGCCCGCACCTGTAGTCCCATCTACCTGGGAGGCTGAGGTGGAAGAATTGCTTGAGCCCAGTTGGTCGAGGCTGCAATGAGCCTTGATCACGCCACTGCACTCCAGCCTGGGCAACAGAACAAGACCCTGTCTCAAACAAAAAAGTGTATGTAAGAATAAAAATTAATAGATTAGGCACAGGATGGGTGTTTAATTCTCGGCAATCACCACTAAGTTTTCATACTGAGGCTTATTCATTCCATGGGCAAAACATTGCGCTATGTGTGGTGCCTGGGGTGGGCTCCAAATTCCAGTCCTCTCCTCGCTTGCGATAGCTGTGTGATCCATTCCTAAGTTTCCTTATTTGTCCACAGAGCGTACACAGGGTTTTTATGAAAACTAGATCAGATAATCAGACACAGTTAAAATAGCACGCGCTCAGTAAAATTACATATTAGTGGAAGAGACAAGCCTTGAATAAATCGCCTTTCGGGGAGTATGACCCCCTCCCCGAAACCCACTCAGGCGCTGCTCGCTCGCACGCCCACTGAGCTCGGAGCGGAGCCCGAGCCCTTTCCCAGCACACAGGGTTCATTTCCAGACTGAAAGACATCCCAGAGACAACTCCAGAGGCCAAGGCGGGTCGGCTTCCTGCGTGGGCCCAGCGCCGGGCACTGAAAGGCGGATAAAACGGTCCCATCAAGACTGAGAAAAAGCACACCAGCTATTGGCACAGCGTGGGCAGTGGGGCCTACAGGATGACTGACTTAGTCTACAGAGATCCCGGCGTACTTAAGCAGATGAAGACTCTTAAGATGACAGAAGGTGATTTTTCTGGTGATCGAGGACTTCCGGGGTAATGACAGTGATGAAATGCAGGGGACCTGGTTGCCCCCAAGTTTCCTGGCAGTGTGTGATACTGAGGAGGTGAGCTTGTTTCTGGAGCTGTGCTTTAAGATTCATGTTACATGTAAAGCTGTCCTCATTTGTGACTATGGACCTATGGAGTTGGGACAATCTCTATGGGAAGCAGAAGGCAAGGACCCCGGTCATTTTAGGTAGAAACAACAGCATGCTAATGCAAAAAATTATGCAGTGTGCTACTGAACTTCAGAGGTGATCAATAAAAGAAGAATAAAAAGACTAATAAAA,False
1095,-457,3.1079109,-3.2697482,0.0016962141,3.6779556,-3.915204,0.00050363265,7.7625623,-7.224946,3.0974726e-07,5.5316215,-5.5234866,1.5805952e-05,2.939218,-2.9376388,0.0027957454,0.0010023415,ENST00000427458.1,-457,ATTTCCAGAGAGACCATTAGGAACAGACTGCCTGCGCTGCTGACTTAAGGCCCCAACACCAAACACAGAAGCAACAGCCTTACACAGAGTGTTCAGCAAGCTCCAACAATTGTGTAAGCAGCCCAAGCTGACAGAGATAGAAACAACACAAGGACCCATCAGCAGACGAATGGATGATCAAAACGTGATAGGAAAAATGAGGCCTAAAGAAGTTAAGAAAATACCATGGAAATGTCACTGCTGAACTGCCATACGTAGGATCCGAAAGAAATTGGAACTGTATAATGATGACTGCACAAGATACCAAATCAGAAGAGGTTCCATTTCCAAGTTCTGATTCATAAGAGCTTCCAAAGTAGAGCCGGTACATATTGAATTTTGATTCATCTGGAAGGATCTCGGACATCTCTAAAGAAACAAGGGACTGATCTAAGCCACATTCTCCATCTCCAGCTGAATCGTCAGAGCCACTGCTATGGTTAAGAAAGACCATTGAAGACAGACTTAGGTCACTATCAGAGCTGGAACTTCCATCCTAAAATACACAAAAGGACAACCAGTTTAAAGATGTAAACAATTTTAGTCTCAGAAATAAATAATAACATAGATAGCATTCTATTAGAGCAATACAAGAAACTTAGAA,False
1096,-74,3.9689128,-4.183643,0.00028791552,7.0707726,-7.4219246,5.080443e-07,2.8594048,-2.7369192,0.003697758,3.3443224,-3.5554125,0.0010070375,6.9454975,-7.0023384,8.760552e-07,0.000998819,ENST00000444375.1,-74,ACTGTCATGGCTGCTGTCAGTGAGGGCCCGTAATGGAGATCGAGTCAAGGGTTGCCCAGGGACACTTAAGAGCCTTCGGCTTCAAGGAGGCCTCTCAAAGGACAAAGGATGAGACTGCCTGGCGGCAGAGTGCCCCCCACAATCGTAGGAACTGTGTCGCCGCGCTTCCCGTTAACTTGCCGCTAAGTTTTTCTAGAAAAGTCGCCCTTCTTGCCAGGGGTGTCCTATAGACTTTGTCATGGAGTGAAACAGAAACAAATGTGAGTTAATCATTAACATTTCCTAGTGGTTAAAATTACTTTTTAAGCGCTTAACTGTGTATTTTTTAGATTGAAGATTTCAAATGAAATTTTGATTTGACTGAAATATTTAATATGTGATGAGTTGATATTAAAATACAGAAGATTACTATTTTTATAGAAACAATAATGTAGAAACTAATATTTGAAGCAGGTTTACTCCACATACTGTGTTATAATTTAAATTTTCACTTAAACTCTCAAAATCAGAAGAGCTGACCTAGTAAGGCTTAAACCTCTAAAACTTGTGGTTTTAACAAGGCTTAATATACGTAGTTATAATAGTTTTTAAAAAAATTGTTATCAAGTTCCTCAGGT,False
1097,-18,4.0165796,-4.2023296,0.00026943625,2.763513,-3.1727605,0.002634895,7.8228326,-7.47717,2.2661726e-07,2.9600728,-3.2701886,0.001965068,7.0137153,-7.264665,6.294742e-07,0.0009740511,ENST00000602618.1,-18,CCTTTGTCAAAAGGGCCTCTGATCTCTGCCAAAAAACCCCCCTCCAGTGAACTCCCTCCTAACCAGGCCACCTAGCTTCCTGCTGTCAGAAAGTTCTCATTGCTAGTAAGATTTTCTTGACAATGTGTAAAGTGCTGCACCTCCCTTGTGAATAACGCCTGGGAAGTGGTGTTAGTGTCATGGTTTCCCAGTGCCTTTGACCTTGTGGATTCCTGGTTTCAGTGGCCTCTTTCTTCCCACTGGGTTGTGGGAAGAAAGGCAGACAGCCTTGAGGCAGACAGCCTCGGTGCATTGTTGAATGTAAGAATGAATAAATTGGTGCACAAAGACCGCATGAACCCTCAGGATTTCTGAGTTCCTATCTCTTTAGCCTGGTGCTCGGCACTCATCCAGGGTAATTGGTCAGGCTTGGTGTACTCAGGAAAAGGAGACACCGTTATCTCTCCAATAAAGTCTGTATCTGATGACA,False
1098,-815,9.878358,-10.069233,2.1720599e-09,2.7102208,-2.9561048,0.0034486232,5.0090103,-4.481368,7.556979e-05,3.1885092,-3.481739,0.0012664782,6.637863,-6.8789997,1.3480328e-06,0.00095840433,ENST00000446698.5,-815,GAGACTACAGAGAGAGAATGCTAACGAGCTGTGAAATGACCAAAGATCTGGCAGCAGAAGGGAAAAGAAAAAATAATGGGAAGAAGAGGATTTATCTGACTCAACTGGAGATGGCTCCCTTCCCTTATTTATTGTTGCATCCTGAAGCTTCCCCCATGCTGGGCTCAGTGTGAACAAACAGCGCGGGAGAATGCAACCACTGCAGAGGCATATGTTTGAGATACCTGGCCACTGGAGGTCATCTCGTCTACTATATTCACCGCAGATAAAGAATGAAAAGAGAATACACAACCTTGTGATTGCTAGCAGTGAAAGCTCAGAGTTATGACATAACATGCTGCAGTGCTGGCAGCCATCCCGAGAAGGCTCTGAAGAGTGGGCTGGTTAACAGGAGCATTTTCACTGCAGGCAGACTCGGTTGCCTTGGTGAAGTCCCCGTGCATCTGAAGAGTGGCTCATCTGTTCCTGCCTGGGGATCACTTGTGCTCATCCAGGCATGGCCCCCACCAGAAATCTGGGAGAATGGCGAGCTGGTGCCAGCTGAACTGTGAACCTCTAAGAATAAGTGAATAAAACGATTTTATGCACTACAA,False
1099,-714,4.0564766,-4.0208044,0.0003104178,2.8860288,-3.8261776,0.0012145016,10.100055,-9.558516,2.8999587e-09,7.5726037,-7.82494,2.0555666e-07,2.7122474,-3.0318792,0.0031913132,0.0009432882,ENST00000554323.1,-714,ACCATCTATGTAGCATTCCAATATTCTTGATTGACTCATAAATTTCTTTTACAGTTGGCTTGGTCAAGTCAGTGTTCAAACTATCTCCTGCTCTTTCAAGGGGATCTGGGGCTCTAGAAGATTAGAGGACTTGGAGAGGTTAGTGACTTGCTCGAGGTCGGCTAGGAAGCAAGACCCAGGATTCCAACTCAGGTCTGTGTGATTCCTCTGCAAAATGGAGAGGTGGAAGGATGGATGTCAGGTCTGATGGATGGATGGATGCCTACATCAAGATACATGCATAGAT,False
1100,-629,11.981388,-12.199586,3.1501905e-11,5.9294114,-6.036301,6.358495e-06,8.768945,-8.555353,2.993316e-08,6.6587853,-6.935104,1.2480972e-06,2.6881032,-2.6716223,0.00468019,0.00093756523,ENST00000525952.1,-629,AGCTGGCTGCTAGCCCTGGATCCCTTGTTTCCTGAGATACTCAACTTCCCAGCCTCCCTTGCAGCTAGTGGTAATCATGTGACCCACTTCTGGCCAGTAAGATGAAAAAAGGAAGTTCACTGGACTGGCAGAGGGAGCTTGGGAGGGCTTTTGCTGATGCCACTTGTTCTTCTTGCCATAAAGGGCCCCACTCAAGGCACCATCCTCTCCTGGGTGGAGGCTACAGCCTCTGATCATCTGCTGTATGATGATTCACTGTGATGGCAAAGTGGGAGGAGATGCTGATCCTGAAAACAGTATTTATGGTGCAAATCTCATCCATGCAACAGGACAATTCCAGGGCTTACGTCTTCTCCTCCTGGAGCCTCCATTGCTCTCAACTCAATAAACACTAAATAAGACTTGC,False
1101,-557,2.7434585,-2.6854258,0.0043688174,3.7509089,-4.7043424,0.00021273475,8.784721,-8.23637,4.0535348e-08,6.1183453,-6.3036227,4.0290797e-06,4.862223,-4.976963,5.331787e-05,0.00092778786,ENST00000438589.1,-557,GTGGCTCTGGACTGGCTTGCTCTTGGATCACCGAAGCCTCCTGGGTCTGGGTTTGGCTTCTCCGACTGTGGGGCCCTCAGCAGGAGGGGCAGGCAGGCAGGCTTAGCCTTTGTGAAGCTGGATTTGGGAGCCAGAGGTGTGAACGTTGGCCATCCTCCCCTCTGCTGGATGCACCCGCGGCCTGGGAAGATAATTTAGGAAAGAGAATGCTGCTATTGTGAAACCCCTGAGTGTCTATCTGGCCCTCCAGAGCTCTTGGGAGCATCGGCTATCCTCACCCTTTCTCCAAGTGGGAGCTGGGCTCTTCCTTTCCGGAGATACTCTGGATACTCCTTCACTTTGCTGGATGACCTTGGGCAAGTTCCTGTCCCTCTCTGAGCCTTCACTTCCTCATCTGTCAAATGAAG,False
1102,-29,4.102749,-4.4228187,0.00019829269,6.5590777,-6.4942446,2.1429569e-06,8.138694,-7.8488245,1.13948595e-07,8.973336,-8.869319,1.7825155e-08,2.690546,-2.7325552,0.0043940446,0.00091892236,ENST00000439156.2,-29,CTGCTTTGTTTACCCAAGCAAGCCTGGGCAATGGCGGGCGCCCCTCCCCCAGCCTTGCTGCGGCCTTGCAGTTTGATCTCAGACTGCTGTGCTAGCAATCAGCGAGACTCCGTGGGCGTAGGACCCTCCTAGCCAGGTGCAAGATATAATCTCGCGGTGCGCCGTTTTTTAAGCCGGTCCGAAAGCGCAATATTCGGGTGGGAGAGACCCGATTTTCCAGTGAGATGAACCCAGTACCTCAGATGGAAATGCAGAAATCACCCGTCTTCTGCGTCGCTCACGCTGGGAGCTGTAGACCGGAGCTGTTGCTATTCGGCCATCTTGGCTCCTCTCCTGCACTGCAAGAATGGACTAATACGCTATGTGAAGACAAAGGGGATGTCTGCAAGCCAGGACGAGTGCGTCTACCAGAAACTGAGTTCTGCTGGACTTTGATCTAGGACATCCAGCCTCCAGAATGGAATGTGCCATATGTGGAGACCTGCATGGAAAGGAACTGAGGATGCTCTCTCACTAAAAGCTAGAAGGAACTGAGGCCCTCAGTCAACAGTCTACAAGACACTGAATCTTGCCAGCAGCCAAGCAGTGAGCTTGAAAGCAGATCTATCATCAGCTGAACCTTCAGATGAGACCGCAGCCTAAGCAGATACCTTGGTTGCAGCCATGTGAGACAACCTGAAACAGAGGGCACAGCTAAGCCTCAGCCAGGTTCATGACCCTCTGAGGAAACTGTGAGAAAGCAAATGTCATTTTAAGCTATTTAATTTTGGAGGTAGTTTATTACACAACAATAAATAACTATTATAATTATCTTGAGGATTTATTTCCTGGGGAGAATACATGGAATTGCATATATAGGTCCTCATATGCAGAATACTGGTACCCTAGAGATGTTCACCCCAGAGATGTTTTAGGAACCTGTGAATATGTTACATTAAATGGCAAAGTTTTCCTGGATGGTTTAAGTTTAAGATGGAAAAGTTTTACTGGATTATCCAGTGGGTCCAATCTAGTAACATGAGTCCTTAAAAATGGAGAATATTTTTTGGCCATGATCAGAGAGACATGTGATGATGGAAAAAGTGTCAGAGATGCAATGTGAGGGGACTAAAACTGCTGTTGCTGACTTTAAAGATGGAGAGAGGGGAACCCGAGTCAAGGAATGCAAATGGCCTCTGGAAGCTGGAAAAAGCAAGAAATGGATTCTCCTTTAGAGCCTGTGGAATAAAATGCAGTCATGCTGACACCTTGATTTTACCTCAGTGAGACCAATACTGGAGTATGACCTTCGGAGCTGAATAAAATTATACGTACACATCTTAATTTCTTGGGATTTGATTACTTCTTCTGCTTTGAAATTAGACCAAGTTTAGCCTGCCTTTGCTATTTTGGCGTATCTCCAATTCTTCATGATTTTCTCATAGTGTTGCCTCCATATGATGCAAAATATCCAACCTAGCCCTGACATGAAAACTTAATTGAAAGTATCCAACAGTGGCGCAAAGGCCACATAAGGACAGTGAGAAGGCAGCCACCTGCAAGCCAGGAAGAAAGGTCTCACCAGATACCAACCCTGCCAGCATGTTGATCTTGGACTTCCAGCCTCCAAAACTGGCCTTCTGCTCACATGGGCTTCCGTGCACCTGCTTCAGGAGACAGCAACACTTGCGCCCGCACCGCGGCAGGCTCCCATCACCTGGTGGATATGCCGCGCCGAGTCTCATCACACCTTAGTGAAGGAACACATGGACCCATATGTTAGCGGATGTATTTACATCGTTTTATACAGAAAGGGGAA,False
1103,-822,2.69691,-2.7436051,0.0043185186,3.9108415,-4.3688507,0.0002535511,7.4476438,-6.8794146,5.9956625e-07,8.114608,-8.290509,7.504956e-08,8.450188,-8.597683,3.946425e-08,0.0009145568,ENST00000413436.5,-822,CTTTCCGTGCATAAGAAGCCGAATGAGGAAGACAAACATAAAGATGAAGTGCTTAATTCAAGGTCACACAATGTCGGGGATGGACCTCCAGATTTCCTTACTGGAAAACAAGCTCAGGGCTCCCACTGATTGTACATTATGGTGAGACGTGGTCTTGTAACACAGTGGTTAAGAATGTGACTTTGGAGCCAGCCTGCTAGGGGCTGAATTCTGACTCAGCCATTTACTAACTGTGTGACCTTAGGTGGAGTCTCACTCTGTAGCCCAAGCTGGAGTGGCGTGATCTCGACTCACTGCAACCTCCGCCTCCTGGGATCAAGTGATTCTCGTGCCTCAGCCTCCTGAGTAGCCGGGACTACAGGTCACAGAATTTTCCACACTCCTTGACAGAGGTGCTTAACCCTTATCCATCAGCATTCTCAGACAGCACCTCCGGTTAGGGACAGTATCTGACCGTCCGACATCCCTGCAGCCCCCATGTGTCACACAGACTCAGCCTCAGGTAGATGGTTTCCGTAGATGGTGGCTTTCTTTGGACCCTTGACATCAACCAGTTACTATTTGGGGACCAGATGTGCAGAGGTAATGAATACCAGGGAATC,False
1104,-467,4.7302055,-4.8078322,7.2052884e-05,5.0522404,-5.458979,2.7228503e-05,3.171203,-2.9771829,0.0021323713,3.090402,-3.0429237,0.0021646586,4.063051,-4.6119676,0.00017077064,0.0009134163,ENST00000520930.1,-467,TCTGATGTCTTAGTAGATGCGGTGGAACCAGCTCTGTCTACAGAACCCCGGGCTTCAGTGGCGTCTTCCTAACCCGGCTTGCCTGCCGGGGGCGTTCCGAGACCCTCGGGGCCTTCCCTTCACCCCGCGGGAGTTGGACCGGTGGCGCTGGTAAGGCCTCCCGGGCTCAAAGTGCAACGGACACTGCAGAAATCCAAACTGCTGGCATTCGCGGTTTGGGGACGCCAGAGGAGGGACTCATCTGAGGCTAAGCTGCCCATAGTTCGGGGAGACCCACAGGGAAAACAAAACAAGAAACAGAGAACTTGGAAACGGACGCTGATTACTTTGAACGTTTGCTCAACCGAGGAAGCAGGAACTGTTCGGCCCCATCTCAAGTCCGCAGGGCGGACTGCCTGGCTCTGGGCAGATCCGAGGTGGATAGGACAAGGCAAAAGGTAGCCCTGGAGAG,True
1105,-1232,7.801566,-8.10509,1.2354549e-07,3.8991866,-4.394276,0.0002500842,6.7963114,-6.286538,2.0806056e-06,7.611806,-7.662478,2.3252116e-07,2.6131697,-2.8307652,0.004303838,0.0009112718,ENST00000483436.5,-1232,CCTTCCTGCGCGCCGTTCCCCGCTAGTCGCTGCTGCTGGCGCGCACTCGCCGGGTTTTTCCTCCCACGGCCTCGAGATGGTGGTGAATGTGGCACGGAGGAGCCGGGCCTTCCAACCCGGTGGGCCCGAGCTCCGAAAGGCCCCCTCGGCAGTGAGAGGGGCGGGAGCCCGCGGGGGCCGCGCCCTTCTCTCGCTTCGGACTGCGCAACGCTGCGCTCTGGGCTGACAGGCGGATAAAACGGTCCCATCAAGACTGAGAAAAAGCACACCAGCTATTGGCACAGCGTGGGCAGTGGGGCCTACAGGATGACTGACTTAGTCTACAGAGATCCCGGCGTACTTAAGCAGGTAGTAATGATGGACAGATGAAGACTCTTAAGATGACAGAAGGTGATTTTTCTGGTGATCGAGGACTTCCGGGGTAATGACAGTGATGAAATGCAGGGGACCTGGTTGCCCCCAAGTTTCCTGGCAGTGTGTGATACTGAGGAGATTCATGTTACATGTAAAGCTGTCCTCATTTGTGACTATGGACCTATGGAGTTGGGACAATCTCTATGGGAAGCAGAAGGCAAGGACCCCGGTCATTTTAGGTAGAAACAACAGCATGCTAATGCAAAAAATTATGCAGTGTGCTACTGAACTTCAGAGGTGATCAATAAAAGAAGAATAAAAAGACTAA,False
1106,-784,9.747346,-9.7347145,3.4597847e-09,2.7481294,-3.097814,0.0028832678,8.152602,-7.870982,1.0991214e-07,8.73621,-8.43353,3.4936324e-08,3.1040401,-3.296281,0.0016582696,0.0009083372,ENST00000546512.5,-784,AGCAGTTGGGGCCTGGTCAGAGGGGATACGGCAGCTGGGGGTTATTTGGCAGGGATGCAGCAGCTGGGACCTGGTAGGGCCCCGTCATGACAGAGGCTGTGAACCCATGCTGTCACTGTGCCAAGTGCCGCCAGCCTACCTCCGTGTCATGGAGCAGTTGGAGACACAGAGGTGCTGTAAGTGGTTGTGCAGAAAGGACCCTTTTCTGGGTGAGAAGCACATCTCAGCACCGCTGCCTGATCAGACTCAGGAAAGCGTGACCTGCTCTCTTCCCCCCTGCTGACTTGGGGACAGTCACAACCAGGATGGACGTGGAGGAAGACGTGGCTACCCTACTTGCACAGGAGCAGGGGGCATCATTGCCCAGTGTGAGCAGGGACGCTGTAGGGCCCAAGGATGTGGACAGCTTACAAAGTTACCGATCGCCTCGAGATTCTGCAGTGAGTCCTCTGTCCCTGCTGCCCGACCATCACCAAACTCACCTCAGAGGATGAGTTTTGTTTTTAGAAAAGCCTCTCTGAGGCAGGACACGTCTTCCCAGCTT,False
1107,-848,2.719472,-2.7743163,0.0040953956,3.7074056,-4.1660037,0.00038058922,7.411715,-6.827011,6.5493737e-07,8.507323,-8.668603,3.4720824e-08,8.45424,-8.587142,3.9721158e-08,0.0008953428,ENST00000601396.5,-848,GAACACAAAATGGCGACACGTGGTTAGCATTCGTCGCCAACGAGAAATTGGGGTCGGCCCGAAAGCTCTAGAATGCACCCCTCTTCCTCCCCGGGGCCTTCCACCTCCGCGAGTTTTATGACTTAAAAAAGCCCACAGGCTGGTCTGAAGAGGAAGACAAACATAAAGATGAAGTGCTTAATTCAAGGTCACACAATGTCGGGGATGGACCTCCAGATTTCCTTACTGGAAAACAAGCTCAGGGCTCCCACTGATTGTACATTATGAGACGGAGTCTTGCTATGTTGCCCAGGCTGGTCTTGAACTCCTCACCTCAAGCGATCCTCCCGTCTTGGCCTCCCAAGTGTCAGGATTACGGGCATGTGCTATCACACCCAACCTGATACATTGCCTTTATAAATTTTTTTTTCTTTATTCTAAAAACCAGAAAAAACAAAACTGGATACATGTGCAGAACATGCAGGTGAGACGTGGTCTTGTAACACAGTGGTTAAGAATGTGACTTTGGAGCCAGCCTGCTAGGGGCTGAATTCTGACTCAGCCATTTACTAACTGTGTGACCTTAGGCTGGAGTGCAATGGCATGATCTCGGCTCATCACAACCTCTGCTTCCTGGGTTCAAGCGATTCTCCTGCCTCAGCCTCCCGAGTACCTGGGACTACAGGCACTCGCCACCATG,False
1108,-950,2.6792164,-2.8015902,0.004148686,7.2420135,-7.1658587,5.530194e-07,4.4645543,-4.1281366,0.00018542189,7.5737324,-7.6867585,2.3575076e-07,4.551965,-4.4041142,0.00012893419,0.0008927661,ENST00000447898.5,-950,AGAGCGAGCTTCGGAGAAGCAGTGGTGGGTTCCATGTGATGGTGGAGTAGGAGGCAGGTCTCCGCGTCTCGCTGTATTGCCCAGGCTGGAGTGCAGTGGCATGATCTCAGCTCACTGCAAGCTCTGCTTCCTGGGTTCACGCCATTCTCCTGCCTCAGCCTCCTGAGTAGCTGGGATTACAGGCACCCGCCACCACGCCCAGGAAAGAAAAAAGAAGAAAACAAACCTCCATACGAGAATGGGTCTAAAGGAACTTCCCAAACCTCCATGATTTTGCAGGAAACAAGATAAAGGTGGTTTCCACAAGAAAAATGGCACAATGTTTCTCAGAAGACAATTACATAAGAATCAGCATACTTCAAATTCACAGCAAATAATCAGACAATTGATGAAAATACTTACCCAAACACTAATTGTAGACTATGCCTTCTGAATATGTTTGTCATAAACTTGGAGTAAGGAATCCTCACAGGCACTGGACAATTCAAAAAACGTAAAGTTGTTTGTTAGAATACTGGTGCTTTTGGATAGAAACCCTCATCCATATCCTGGTAAGGCTTGAAGTTGCACAGGAGTTTTCATTTGTCAAAACCCAGAAAACCATAAGCTTTAGATTTGTGAATTTTATATTGTATTATATGTGACCTTTCTTTTTAAAAAATGAGCTGTAAGCAGTCTCCCAGACAGTAGCTCAGCCTCCAGAACTCTCTTTCTGCATAGTTGAAGACCCCTCTTCACACAAGATGGTAGCAACAAATCATAGGTGCAATTGCACCAAATTCACAGAAGATCAATTGAAAATCCTCATCAATACCTTCACTCAAAAACCTTACCCAGGTTATGCTACCAAACAAAAACTTGCTTTAGCAATCAATGCAGAAGAGTCCAGAATCCAGATTTGGTTTCAGAATCAAAGAGCTAGGCATGGATTCCAGAAAACACCAGAACCTGACTTTAGATTTAAGCCACAGCCATGGACAAGATTAACCTGGTGTGGAGTTTCAAAATAGAGAAGCCAGATGGTGTTGTACCACCTATAGCACCTTTCAATTACACACAGTCATCCATGCATTTATGAAAAACCCATACCCTGGGATTGATTCCAGAGAACAACTTGCTGAAGAAATTGGTGCTTCAGAGTCAAGAGTCCAAATTTGGTTCCAAAATCAAAGATCTAGATTTCATCTCCAGAGAAAAAGAGAACCTGTTATGTCCTTAGAATGAGAAGACCAGAGAAGACCAGGGGCAAGGTTTCTGAGGGACTTCAAGGTACAGAAGATACACAAAGTGGCACCAGCCTCACTAGCACTCTCATTTCTCAAGAGCCAGAACATGGTGAATACAGTCAAGTTCAGTGTATTTGATAATATCAATTTGGGCCCCAAATCTCTCTCACAGTCTTCCTGGGAGTCTATTCTTCTTCCAAAAGTGCAAGCTAAGCCTTCTGAAGATGGTAAAGAACTTGGCCGGGTGTGGTGGCTCATGCCTGTAATCCCAGCACTTTAGGAGGCTGAGGCTGGAAGATGGCTTGAGCCTAGGAGTTTGAAACCAGTCTGAGCAACATAGTAAGACCCTGTCTCTATTCTAAAAAACAAAATAAGTAAAAAGGACTGTAGGAGGCCAAGACAGGTACAGGAGGCACCACACTACCCTGTTGACACAGCCTGGATCCAGAGTTCAGCAGACCTTGAGACAATGAAAACAAACTTAGTAATAATCATTTTTCAATCATTGCAGTAATTATTGATTTGGACAAAAATCAATTGATGTCAAAACCTTAAAGTGACGTTTCTCTGCCTATGGAGTGGTCATTCTTTTATTCCTTTAGTTTCATAATAAATTTTCTTTTACTTAAAAAAACTTATAGTTTGATGAAGAGTGAGATATATACCTCATCTCAAAGAATCTTCACACACGCACTTATTAATTACAAAAGGAAAATCAGTAATTTTGCAGTGGAGACATATGGCCAACTCCACCTTACCCAAGTGGCTGAAAGTCACTGCACCAGTAATGGCACAAACCAATGTGAGATGATTCCTGATATGATACACTAAAAAGGGCACTGTCTCTTCTGCATGTTGCAGACAAAAAGTGGGTAAGCTGACACTGAAACTAATAATTAGGCAATGTCAAGCAAATACAAATTCAGGTTGACAGTCTGCAAAGTAACATCCATGTACTCTTCAACAATGGATCGACCCTAGCTACTCAGGAGGCTGAGGTGGAATAATTGTTTGAGGCCAGGAGTTCCAGATCAGCCCGGGCAACATCATGCGACCCCATCTCTAAAAACATCTTTTTAAAAATGAGCCAGGTGTGGTAGCATGCACCCGTAGTCTCAGCTACTCAGGAGCCTGAGGCAGGAGGAAGGTTTCAACATAGGAGATCGAGGCTGCTGTGAGCTATGATCGTGCTACTGCACTCCAGCCTGGGTGACACAGCAAGTTCCTGTTTCCAAACAACAACAAGAAAACAAAACAAAACAAAACAAAAAATAGATAGAATAGTGACAATAAAAATGGAGAAACAGTAGGCTGACTCAGGAAATGCTTAGAAAGTACAGCCATACCTCAAAGATATTGTAGATTTGATTCGAGACCACCACAATAAAGCAGATATTGCTACAAAGTGAGTCACACAAATTGTTTTGTTTCCTTGTGAATATGAAGTTATATTGGCTGGGTGTGATGGCTCATGCCTATAATCCCAGTACTTTAGGAGACGGAGGCGGGAGGGTCACTTGAGCCCAGGAATTGTGAGATCAACCTGGGCATATAGGGAGATCCTGTCTCTATTTAAAAAAAGAAGCTATGTTTACACTACACTATAGTCTATTTAAAGTGTGAAATGGCGTTATGTCCTTAATTTTAAAACTCTTGATGCTGGCTGGGTTCGGTGGCTCATACCTGTAATCCCATCACTTTGGGAGGCCAAGACAGGTTGATTACTTGAATTCAGGAGTTCAAGACCAGCCTGGACAACATGGCAAAACACGTCTTTAAAAAAAGAAAAGAAAAAAGAAAAACAGAAAGAAAAAGAAGAAAAACTACTTGCTGCCCTTACTTGAAGCTCAATTATTTAAAACAAAGAAAAAATATAAAAATCTTTTATTGCTGAAAATGCTAATGATCACCTGAGCCTTCAGGGAGTCTTAGTCTTTTTGCTGGTGAAGGGTCTTGCCTTGATGTTGTTGGCTGCTGCCTGATAAGGGCGATGGTTGCTGAATATTGAAGTGGTTGTAACAATTTCTTAAAAGAAAACAATGAAATTTGCCACATTAACTGACTCTTCCTTCCACGAAAGATTTCAGTGTACCATGCGATACTGTTTGATAAGCATTTTACCCATAGTAGAACTTCTTTCAAAATTGGAGTCAGTCCTCTCACACCCTGCCACTGTTTTACTATGTTTATCAATATTCTAAATCCTTTGTTGTAGGCTAAACAATATTCACAGCATTTTCACCAGGAGTAAATTTCATCTCACAAAACCACTTTCCAGGCTCTTTCTGGACTGTAGAGTTCTTTCCAGGCTACCTTGTGGCAGTTTAAGAGTCTGGCATCATTTTCCGCTGGGACCTAAGGATCGAGGAGGTGCTTGTGACTAGACTGCCAATGGACCCATCACAAAGTTTAACCCAACCTTGATCCCCGAGTCTTCACAAATGCTCACTGAAGAAAATTCCTGGAACAATTCAGGGTCCTTTCATAACCTCTACTCTGAGGTGTTAATAAAAAACCTTAGTAACTTAAAAAAAATGAGCTGTACACAAATACTGAACAATAATGCTACATATGTTAAGTATGTAAGAAAAATATATACTTTGACATAAATAAGAAACGGTGAGTTGATAATTGGATAGAATGGTGGATAGAGTGATAGATATGTAGTAAAGCAAATATAACAAAATGATAATTGTACAATCTAAGTGGTTGGACTATAAATATGCACTTCCCACAACATTTTTATATGTTTAAACAGTTTTATAATACCATATTAGGGAAACTGTTTGTCTCAAGGAAATAGAGATTGTGATATGTTCTAGTACAATGAAGTGTAATCATGTAAAATAAAAGCTTTTACTTCTGGCAATTAAAGTTAATCATGTTAGAACACTGTCTAGGAATGGTTGG,True
1109,-650,2.6720634,-2.783228,0.004255445,4.723307,-5.5097713,3.5959616e-05,9.12928,-8.533641,2.1334893e-08,6.571054,-6.7205424,1.6886214e-06,4.3088517,-4.4081793,0.00016374582,0.0008913721,ENST00000546767.5,-650,TGCCTGGTACTGGATAGGAACTTCATGGAATGGAGCTAATGGGCCGTAGGGCAGGTTTGAGTCGTGCCACCCTGGAGCAGAAGGTGGAGGGTAGGGATAAGACCTCATTATTGCACAGCTGAGAGTGGCTTGAAACAAAGGCTTGGAGAATGTGAGTGAAACTGATTCCTGTGGTGGAGAGGCAGTGAAAAAGCATTACCTTGTAGGTTTCCAGGCAGCCTGGACAATAGGGGCACCTAAACCCACATTGAAAAGCCTTCACATCATCACAGCTGAGTCTCATAGCCTTCAACTTTACCAGTTTTGGAGAACAGAGATAAATGCACTGGCCAGAAACTAGAAGAGCAGCTGCTCCAATTGGCTG,False
1110,-871,3.592747,-3.5606694,0.0007815758,2.6134162,-3.5953498,0.0020076795,10.450476,-9.877253,1.4851823e-09,6.2877626,-6.5334244,2.702888e-06,3.0894551,-3.3121338,0.0016561717,0.0008896262,ENST00000594941.5,-871,ACCTGAGATCTTATTGGGACGCTGCTGATAACCAGTTTCAGAGACAGGGTTTCACCATGTTGTACAGGCTAGTCTCCAACCCCTGGGCTTAAGCAATCCTTCTGCCTCGGCCTCCCAAAGTGCTGGGATTACAGAACCAAACTGGGACTGGAAAGTACACCAACAGCTCTCCTACCTCTCAGGTCTTTGGACTTAGACTGGAACTGTACCATCAACTCTCCTGGTTTTACAGTTTGTAACCGAAGATCTTGGGACTTCTCGGCCTCCATCATCTTGGCCTGCAGCACCCTCAATTCTTGCCTTCTCAGAAGAAAGAATTTGACTGCGGGGGCATAAGGCAGAATGAAAGACCAAGAGATGCTCAAGCACTGAATTGTCTTAAGAAAACAAGTAAGGTTTTGTCACCTATCCTATTTCTCACTGCAAGTTGAAAAAAATCAAATCCAAACACCACCACCCCTTCTATGACAACAAACGGCTGTGGAGGTAATCTTATTTTCCTAAGGGTAGTTTCATGATGACAGTGTCAAAAAATTACTGTGGATAAAGAAAAAATTGTCTCAATGAAATAGAATTTTTCACTGAACACAGAAACCATCTCAATAGTTGCTGCTCCCTGGTTTCCAGGCCACGCAACAGACATCAAACCAGGAAGCCAAACTTTCATGGACCTGTGTTAAGAAAAACACACATACATGGGCATACTACTTTTTCCAGAAAAACGGAATTAGGCAGAGAAGGAAGTGTGGGTGTACAACTGATCCACAAGC,False
1111,-838,2.7376683,-2.7839503,0.003983437,3.7104187,-4.1840754,0.00037265156,7.7411475,-7.145955,3.4246293e-07,9.009801,-9.152373,1.2949946e-08,8.116195,-8.222703,8.018753e-08,0.0008713048,ENST00000458686.5,-838,GTGGTTAGCATTCGTCGCCAACGAGAAATTGGGGTCGGCCCGAAAGCTCTAGAATGCACCCCTCTTCCTCCCCGGGGCCTTCCACCTCCGCGAGTTTTATGACTTAAAAAAGCCCACAGGCTGGTCTGAAGGTCGGAGGCCTAATTTTAACGCGTTTTCCTCCCTTTAATTTGAAACGGGAACGCGAATGACTGTAAAATAGGAAGACAAACATAAAGATGAAGTGCTTAATTCAAGGTCACACAATGTCGGGGATGGACCTCCAGATTTCCTTACTGACCTGCATTATCTTGTGGATACCTGAGTGAATTCCACACCACCCATTTTATAGATGAAACCACTGAGACATGGAGCAATTGACTGAGTAGTCACTGCCCCACCCCTGCCTGGAGCCTCACACATGACTCGCCTCCTCTCAGTGACCACAGGTTGGTTGAGGGGTTTAACAAGGCTAAGAAGTACTTATCCTGTATTACATGAAGGAAATGAAATAAAAAGACTGCAGCCCCACTCCCAGCTACTCAGTGAGGTGGTAGCTAGAGACGGAGTCTTGCTATGTTGCCCAGGCTGGTCTTGAACTCCTCACCTCAAGCGATCCTCCCGTCTTGGCCTCCCAAGTGTCAGGATTACGGGCATGTGCTATCACACCCAACCTGATACATTGCCTTTATAAATTTTTTTTTCTTTATTCTAAAAACCAGAAAAAACAAAACTGGATACATGTGCAGAACATGCAGACCAAGTGTGTTGGGGACTTGAGATGCGTACATGAGTGTGATGTTTCCTGCTGAAAGCACAGGTGAGACGTGGTCTTGTAACACAGTGGTTAAGAATGTGACTTTGGAGCCAGCCTGCTAGGGGCTGAATTCTGACTCAGCCATTTACTAACTGTGTGACCTTAGGGAGGAGGACCTGGTTGATAGAAGAATTTATCTCGTAGTCTTAACATCCACTGTAATTCCAAACTTTGAGGACGATAGAGATCAGTGGGCTTTGACTGCCCAGCATGCAGTCTCCATT,False
1112,-253,10.42127,-10.417667,8.907674e-10,2.651348,-3.0251322,0.0034138998,8.349284,-8.064494,7.4402344e-08,8.754735,-8.462586,3.331289e-08,3.4063783,-3.6023295,0.0009031593,0.0008634335,ENST00000549131.1,-253,ATTGCACGCATACATGTTGACCATTAAGCGGGCAGAGGACGCTGACCCTGGGCCCTGCTGAGCCAGGTAGGGCCCCGTCATGACAGAGGCTGTGAACCCATGCTGTCACTGTGCCAAGTGCCGCCAGCCTACCTCCGTGTCATGGAGCAGTTGGAGACACAGAGGTGCTGTAAGTGGTTGTGCAGAAAGGACCCTTTTCTGGGTGAGAAGCACATCTCAGCACCGCTGCCTGATCAGACTCAGGAAAGCGTGACCTGCTCTCTTCCCCCCTGCTGACTTGGGGACAGTCACAACCAGGATGGACGTGGAGGAAGACGTGGCTACCCTACTTGCACAGGAGCAGGGGGCATCATTGCCCAGTGTGAGCAGGTACAGGTCGGGCTGCTCCCTCGAGAGAGGTGGGGCCTCGCCTCTCCCACTGTGCCCTGGTGGGAGGATCCTGGGCTCCCTTAGGAAGCAGGGTGGGAGCTGGTTGCCCATGCCTTTGTGCCCCCACAGCCCTTCACCTCAGC,False
1113,-940,4.481922,-4.4701605,0.00012945048,2.2728438,-3.2782586,0.0038681526,12.488688,-11.918298,2.512931e-11,6.72072,-6.9391413,1.1684158e-06,4.0271583,-4.2613873,0.0002513166,0.00085001753,ENST00000595747.5,-940,CAAAATGATACAGACACTTTGGAAGACACTTTGGCAGTTTCTTACAAAACTAACATACTCTTACCACATGATCCAGCAATTATACTCCTTGATATTTACCCAAATGAGCTGAAAACATATCCACACAGAAACCTACACAGGATTTTATAACTGCTTTATTCATAGTTGTCAAAACTTGGAAGCAACCAAGATGTCCTCCAGTAGGCGAATGGAAAAACACACTGTGGTACATCCAGACAGTGGAATATTATTCAGTACTAAAAGGAAATGAGCTGTCAAGCCATGAAAAGACATGGAGGAAATTTAAATGCGATTATGAAGTGAAAGAAACCAATCTGAAAAGGCTACCTGGGTGCGGTGGCTCAGGACTGTAATTCCAGCTACATGAGAGGATTGCCTGAGGCCAGGAGTTTGAGACCAGCCTGAACAACATAATAGACTGGGAGCTCCATGAGGTCCGAGACAACCTGAAGACGCCCAGCTCAGCAGAGACTGGCTACGGCAATCACTCAGTAACTATTTGTTGAATTGGACATAATAGAAGAGCTGAAGAATTTTAAACAAGTCACCATCAGTGCAGTGGATTCCTCAAAGCAAACCTGGAAATCTCGGCATGAGTTGGATTTAAGGCAGTACATTTTCAGCTCCTGAAAATTTGAACAGTTTCTCAAGAGAACAACTTGAAACAGAAAGGCAAGGATGTAGATGTGGTTGTAGAAGATGATGTCTGCGGCCACCAAACTGTCCACTGTGAAGACAAACCATGCATGTTTAGTAGGCAGTGGCTCCTCTTCCC,False
1114,-1018,6.185667,-6.6153226,2.7580356e-06,13.356299,-13.507613,2.1535304e-12,8.51832,-8.299232,4.9685603e-08,5.404279,-5.570681,1.712489e-05,2.6493526,-2.814218,0.004220507,0.00084808795,ENST00000506645.1,-1018,CACCAGCATTGATACTCCATCACTTATGTACTGCATCAAGCCGTCCTCAGAGGTGAGGAAGGTGCTGTCAAGACTAGAAGCATGTGTCCCTCTCTCCATTGCAAGATGGGACATAGAGAGGAGAAAAGTGGCAGACAGAAGGCTAATCTCAACTGGAAACCAGAAGGCTAGAAATCTTACTGATGTGATGTCCAGGGATACAGAGCATATGAAGGATGCAGAGAGTGGGTCAAATGGAAGGAATGTAGCAAAACATGTAAACTTGAGTAAGTATTTGATCTCTTTGAGCCTATGTTTTTCAATATTTGGATTCCAACAGCCAGCTCAGTGCTGACAGAGTCAGCAAGTTCTTGTTGAGTGGGATTGTGTCCATAAAATAATGTATATAAAATAGACAAGCTCTATAGCTCCTTTCAATTATGACCTTCTCTGATTACTATTTTGTTGATTGTCCTCAAATATTATTAAATAATCATGCCCTGACCATAATAAAGAAGACTTCATCATTGCTGAGGATGAATTTCACACCCCAGTCTTTAACTCTATGCTCTGCTATCTCTTCCATCTAAAAATACAAAAACTGATTGTTCAG,False
1115,-1007,4.762453,-5.157897,4.916153e-05,3.093409,-3.035597,0.002174008,3.2985592,-3.248939,0.0014316452,3.6835425,-3.8312252,0.00054467976,5.0366817,-5.1070886,3.9318733e-05,0.0008477626,ENST00000508021.5,-1007,AGATTTCTGTCTGCCTCTCATTGGCAAACATGACATTTCAGCAATTTCTCTAAAGAGGAATGACTGGGGGATTTTTTGTTCATTCTGAAAATCACATCGCCAGATCCAACACCTTTTTATCCCAATCACCAGTACAAGCCACCCGTATCAGTGTACACTGTGGCTGACCGATCCATAGTGATGCTTTGAGCACAAGGAAGGACTTTCTGGAATCTACTTATCTGACCAAGAAAGCTTCTTTCCAAAAGAAATGCAATTGTCTTGAGACTTCTTCCCTAGGGATCTGATCAACTAACCAGAAAAGAGCAACCACCAGAGAAGAGACTGTGGGTGTCATTGTGACTGGCTGCTACCTCCCCATGAGTCTTCTAAAATAAAACCTGCAAATTCACATCTTCCCCATGCTTCCAGAGAATGCATATTCTTCCTTTGAAAAAAGAAAACCAGATTGAAGCCACAAAATCCACAGCACACAAAGACCCTGCTACCATGTATTCACTTCAGTGAAAGGGAAGCACCGAAATGCTGAGTGGGGGCAGGTACAGATACTTCAATCACTGCTGATGG,False
1116,-229,5.201603,-5.048314,3.5359182e-05,2.7553263,-2.8638008,0.0036146925,5.8058434,-5.5561113,1.1629491e-05,6.399062,-6.4194527,2.7101203e-06,3.755529,-3.8904684,0.00047772523,0.00082842336,ENST00000572151.1,-229,TGGAGACGCTTGCGCTTTCCCGGGCCGCACTTCCCACCCGGGTCTTCAGAAGCCCGTGGCCGCTGGGTGAGCCCCTGCGTGAACGCACACGCACGCACACGGCTTCAGGTTGCCCCGCGGCGCCGCGCGCGATATCGGCTCGGATCCCGGGAGGCCGTCCGCCCCTTTTTCAGCGGATAGCTGAGGCCAGTTTTTAGTATGAAAAACTGTAAACACGAAATTAGAGGAAGAGTCCAGCACCTGCCATTTGGCCACTGTCCAGACCTACTGTGTGCTTCTTGGGGAAAAACTTTACAGCTTTGAATGGCTGAGAGGTTTGGAAAGAAACAGCTCAGTCCCCATGGCCCGGATGGAGAGAGGATCCCTGCAGGCAGGTCCCCATGCTGCCACCAGATTGGAGCCACTCCTTGCTTCCTTTAGTCACAGTACCTGAATGTGCCCGCCTCCTGGAGAGCGTCCTGGTTGCAGGCTTCCCTTGCCAACCACTCCAGAGGGTGAAACTGGCTCTCTTCTTGCTTCTTTAAAAAGACACTGAGGCGCATCTTGGATACCCGCAAGAAAGAGGCTGT,False
1117,-32,7.6391964,-7.8317003,1.9101823e-07,4.433292,-4.507199,0.0001309596,2.9121914,-2.6147115,0.003962526,7.4160523,-7.673899,2.7958717e-07,6.0960574,-6.2221627,4.4695425e-06,0.0008196851,ENST00000439024.1,-32,ATCAAAAGCTTGAGCACAAACAGATACCTCAGCCCGGAGTTTCTGTTCCTGTTCTTGAAGAGACAGACTGGTGAGCATGCAAAATTACAGGAAATGCAGAGAACAAAATGGGCAGAGCAACCAAAACTGTGGTGTTTGCATCAAATACAGGTCAAGAGTAAACTTATTTTCCTATGAAATTCAAGAACATGTTGAAACTGGAAAGAGCGGGACAGGCTGGTAGCACCTTTTAAAGACCAAGAGAGGCCGCCTCATTAAATATTAAGAACTTGGAGGAAAGAGGTGGATTTACACTGATAAAAGGTTCATTTAAAATTCCATGAGGTCAATAAATTACCACTTA,False
1118,-832,2.791846,-2.840287,0.0035681517,3.5648594,-4.0302,0.0005026772,7.5815706,-7.001072,4.6434266e-07,8.752907,-8.914607,2.123713e-08,8.47736,-8.60505,3.8124494e-08,0.0008142706,ENST00000366234.7,-832,GCGAGGCGAGGCCTGCGGAGCGGAGGAAGACAAACATAAAGATGAAGTGCTTAATTCAAGGTCACACAATGTCGGGGATGGACCTCCAGATTTCCTTACTGACCTGCATTATCTTGTGGATACCTGAGTGAATTCCACACCACCCATTTTATAGATGAAACCACTGAGACATGGAGCAATTGACTGAGTAGTCACTGCCCCACCCCTGCCTGGAGCCTCACACATGACTCGCCTCCTCTCAGTGACCACAGGTTGGTTGAGGGGTTTAACAAGGCTAAGAAGGTGAGACGTGGTCTTGTAACACAGTGGTTAAGAATGTGACTTTGGAGCCAGCCTGCTAGGGGCTGAATTCTGACTCAGCCATTTACTAACTGTGTGACCTTAGGTGGGTTCCCAAGCCTGTAAAATGTAAGCCTTATGCTGCTGAGGGCCATCTTGCCACCCTGAGGGAAACGCTGCCTGAGAATGAAACAAGCATAAGTAAAAGCTGAGCTGTGAGATGGAGCAAGATGAAGGCCACATGACATCTTTGGAGCACCTGGATCTAACTGTGCCTTAAGCTAGTCTAACCCTGAACATTTCATCATTTCATTGACATGAGCCCAGGTTTTCTTTTTTTTTGGATGGAGTCTTGCTCTGTCGCCCAGGCTGGAGTGCAGTAGCTCAATCTCGGCTCACTGCAAGCTCCACCTCCCGGGTTCACGCCATTCTCCTGCCTTAGCCTCCCAAGTAGCTGGGACAACAGGCGCCCACCACCACTCCCAGCTAATTTTTTGTATTTTTAGTAGAGACGGGGTTTTACCATGTTAGCCGGGATGGTCTTGATCTCCTGACCTCATGATCCGCCCGCCTCGGCCTCCCAAAGTGCTGGGATTACAGGTGTG,False
1119,-1468,5.2856913,-5.3462777,2.4131476e-05,8.692103,-8.963849,2.1484105e-08,3.0364997,-2.5557837,0.0037126744,4.341546,-4.3498716,0.00016799344,5.95867,-6.196434,5.2614237e-06,0.0007820164,ENST00000478925.5,-1468,AGGTCGGGCGCAGGCGGGGTGACCCGGGGAAGGGGCGCGCACAGAGACAGAGGGAGCCAGCCGGGCCCCACGGTGTCCTCGGACGCCTCCGAAATCTCCCTGCGTGTTTGTTTCTTCGGAGCTTCACCGGAGCCTGACTCTGGAACCGGCCTGTCTGCCTGCTGCAGTCTGTCATTCAACATTTATTCAACCAAAAATACTAAGTCAGCTCTATACAAACTAATGGAAGGATACAGCTATGCAAATATAGAACACTAAAGTGTTACATGACAGATGTATGAGAAAAAAGACCTTTTGCTGCTCCTCAGGATGGCGGGACTTGGGGGCCATGTACATGATGATGGCACTGCCAAAGAAGAGTCCCACCACGCAGAGGTGGGAGGAGCAGGTGGAGAAGGCCTTTCTGCGGCCCTCCCCAGACTGGATCCTCAGGATGGCCGCCAGGATGTGCGAGTAGGAGACAAGCACCAGGCTGGGTGGCCCCACCAGGAAGAACACGCAGGCTGCAAAGATGACCACCTGGTTGAGCCAGGTGTCAGCACAGGCCAGCCTGAGG,False
1120,-1152,4.604479,-4.797911,8.251982e-05,6.8886456,-7.122444,8.223579e-07,3.0651915,-2.613983,0.0034047458,3.9060318,-4.030214,0.0003574184,6.028045,-6.306986,4.3950313e-06,0.0007699803,ENST00000468575.1,-1152,ACCCGCGGCCCGCCCCTGGCCGCCCGACGGGAGGGAGGGATCGGGTTCTCCTAGGAAGTTTCAGTATGCATTCTTAGAAACCAGATATACAAAGACAAGATCTCTGCTTTCAAGAAGCTCTCAATCTGATTGAGGAGAGAAACAGGTAGCAAATAATGGCAGCAGAGCATGACGGAGTCTCACTCTGTCACCCAGGCTGGAGTGCAGTGGCGGGATCTCGGCTCACTGCAAGCTCCGCCTCCCGGGTTCACGCCATTCTCCTGCCTCAGCCTCCCAAGTAGCTGGGACTACAGGCGCCCACCACTACGCCCGGCTAATTTTTTTGTATTTTTAGTAGAGACGGGGTTTCACCGTTTTAGCCGGGATGGTCTCGATCTCCTGACCTCGTGATCCGCCCGCCTCGGCCTCCCAAAGTGCTGGGATTACAGGCGTGAGCCACCGCGCCCGGCCGTGCTGACTGTTTTTTGAAGATAAAATGATCAAGTCAGATTTGAAGAATTGACTGTTGGAGGTCATTCAACATTTATTCAACCAAAAATACTAAGTCAGCTCTATACAAACTAATGGA,False
1121,-780,2.699103,-2.9262161,0.003592459,10.3001995,-10.4458885,9.774362e-10,4.286715,-4.4831514,0.00015532013,5.004753,-5.273221,3.4380933e-05,7.3471,-7.480857,3.6332884e-07,0.0007565048,ENST00000591854.5,-780,ACTTCCGCGTTTCTGGCGCGTGGTCTTGCATTTCCTACTTGGTCCTGTTCGTGGCGCCGCGCCTCCGGGTGTTGGGGAGTCCGGGATGATGGGGAATCCGGGGCTCGCCCTAGTCGCGGGGACACCGCCTTCCAGGAGCTGTCCCCAGGCAAACTCACAGACATCTTCAAAGAGCCTTCTTGGACATTCTGCTTTTTGCTCCTCATAACAGGCTTCGATGGAGTTTCTCTCTTATTTTCCAGGCTGCAGTACAGTGGCGTGATCTCGGCTCACTGCAACCTCCACCTCCCAGGTTCAAGCGATTCTCCTGTCTTAGCCTCACGAGTAGCCGGGATTACAGGCACATGCCCCCATTCCCAGCTAATTTTTGTATTTTTAGTAGTGACGGGGTTTCATCATATTGGTCAGGCTGGTCTCAAACTCCTGACCTCAGGTGATCCGCCTCGGCCTCCCAAAGTGTTGGGATTACAGGCGTGAGCCACCCACTGTATCTCTTGTTCGGAGGAATATCTAATCAAGAAAATCATTTTTACTGTTTTTATTTTTTGGTTTGTTCGTTTTTTTCCTGTGAGATGGAGTTTCACTCTTGTTGCCCATCCTGGTGTACAATGGCGCGATCTCGGCTCACTTCAACCTCCGCCTCCCAGTGCGTCCGGAATTGGTGGGTTCTTGGTCTCACTGACTTCAAGAATGAAGCTGCGCACCCTCACGCATCTCACTCCCACTGCCTAGGCTGGAGTGCAGTGGCACAATCTCTGCTCACTACAGCCTCAACCTCCAGGATTCAAGTGATCTGCCCATCTCAGCACCACCCGCAGCCCCCAAGTAGCTGGGACTACGCAACTCGCTGCCAAGCCACCAAACAATTTGTGTTTTTTCTAGAGATGGGGTTTTGTCATGTTTGCCAGGCTCATTCTTACTGTTGAACTGAATAATTGATTTTACCTAGTAATGATATTTTTTAGTTCATGAACATAACCAGATTCACACAAACACACTATTTTTCTATAGCAATCTGTAGGAATCACATGCAGAAGAAAAATCCTTTTCTCCATAATAAAACAAGTGAAAGTCAAAGTCTAATTTGAAATGTTTTCAATAATAAA,False
1122,-1127,3.2855203,-3.3210576,0.0013496251,2.66399,-3.4001544,0.002319355,10.723875,-10.267322,7.649614e-10,4.9732366,-5.1834106,3.8815706e-05,4.989925,-5.1356764,4.0039627e-05,0.00074956723,ENST00000585996.5,-1127,CTGAAGAGTTAGGTATTGTAGTCTTCACAGTCTGAGTTTGTTTGTACCTGTCCTTCTTGGAAAGGCTCTCCAGGTATTTGAAGGTACTTGGGTGTTGTGATCTACGTTTTTGGTCACTGCAGTCATATCTGCATTAAGGGGCACCCCAAGCCCAGTAATGCTGTGGGTCTTTTAGACTCATAGGAGTACTGCCTTAGTGGTCTTGGATAAGATCCAGAGGAATTCTCTGGATGCCCAGGCAAAGACTCTCATTCTCTTCCCTTACTTTGTCTCAAATAGATGGGGTCTCTCTTTCTGTGCTGAGCTGCCTGGAGCTAGGGGAATGGTGACACAAGCACCCCTGTGGCCACCACTGCTGGAACTGCATTGGTTTGGACCTGAAACCAGCATAGCACTGGGTCTCACACAAGGCCCACTGTAACCACTACCTCACTCCTGCCTATGTTTGCTCAAGGCCCTAGGGCTCTACAGTCAGCTTCAGATCAGATTTATTTGGAGAAGACAAAAAACCCACAACCCAAAGGATGGGATTTTACATCTCAAGACATCTCCTAGGACACCATTGAAGGCACTGGTTATTTTACCAAGGCTTTGACTGGAATGGCATGGTTTCAGTTATAAACAGACTGCTTTAAGGAATCAAAGTTGACTTACAGAGCTGATAAA,False
1123,-344,10.194992,-10.089796,1.5503453e-09,3.750566,-4.5236154,0.0002549517,4.1754403,-3.9713542,0.00028957857,2.8751934,-2.8766727,0.003166786,5.7478395,-5.2016664,1.7566386e-05,0.0007457768,ENST00000565959.1,-344,GTAATACGTGCTCATTCCATCTTCAATGGAACAAATGAATGTTGCTGCATCGAGCATCTGTTTACTCACATCTTCATTCTCTAACCACTCTATTGATTCTTTATCTTGACCCGCAAGCATACTTACGTCTCATCTTGGTGACAAAGAGCCCTCCCGTGGCCCAGGCACCTCGCTGAACTGCTCTCTTATTTTTAACCGCACTGACTTTGCCCACTCAACACTTCAACTCTGGGCTTTTGGTCCTCCAGGCATCTTGCTGAAACTACTCTCTTGAAGGCCGCCAGTGAGTTCCTACAAAGTGTTACTGTCTGTCTGAAATCCCTAAAATTTCCAACAATTTAAAATTGTTCTCCCCTTTAACATTTTCTTCTTGATTGCCCGCATTTCTGAGCGAGGCATAATGATGTATGCAGGGGCTGGATGCCATGGGGCCTGGGGTTTGTGGTAAAATGTCGGTAAAGTAACCACACAGCAAAAGGGATAGTATGGCCCTCATCTTAATCTCTGCTGATTATTTATGAATGGGCACGGGTGGGGGTTCATTATATCTGCACTTTTGAGTGTGTATGGTTTATTTTAGGTCGTCTCACTCTGTCGCCCAGGCTGGAGTGCAGTGGTGCCATCTCGGCTCACTGCAACCTTCGCCTCTGGGTTCAAGTGATTCTCCTGCCTCAGCCTTCCAAGTAGCTGGGAGTACAAGCATATGCCACCACGCCCGGCTAATTTTTGTGTTTTTAGTAGGGATGGGGTTTCCCATGTTGGCCAGGCTGGTCTCGAACTTATGACCTCAGGTGATCCTCCTGCCTTGGCCTCCCAAAGTGCTGGGATTATAGGCATGAGCCACTGCACCTGGCCTGTGTATTGTTTGAAAATTTTTATGAAACCAAAAACAAACAAGTTTGCTTTCATCCTTGGGCATTGATGGCGTCCGACTTGCCCAGTGGCCTCCTGCCTCCTTGCTGCTGCTTTGCCGGAGTTCACCTTCCTCCTGCTTCTCCCGGGCTCTGCCTTTGCCCTCCTTTCTCTCTCTGCAGTCTCTCTTGGCTACTTCCGCCCTGCCAGGATTTCAGTGATCATTCCTGTGTCTCTAATTCCCACAGCCCTCAATTGTCTCCCCGGGTCCCTGGTCCTGAGTTTCTAATGATCTGCCGACATCCCCTGGATATGCCCTGTGTACTCTCTGTCTCACACCTGACCCTTTTGTATATATACAGTTCTTACTTGTCCTTCAAGATCTTGCTTGAGTGCCACTTCCTCCAGGAAGCCCTTGCTGATTTCTCAGTCAGATGTCATTTCTCCCACTTCATTATTCTTAAATGACTTCAGCATGGTCTGACCTTATTACTTAGATTTTGTATTCTAGTTTTGTGGGAACTGTTCCTGGAATACTAGGGTTGTGTTTTCCAGAGATCCAACATGTTGTGGGACCTTGTACACTGGAGGCAATTCATACTTTGTAGACCAGTTATGATGGTAAATGGAAAAATCTGAAAAAAAAAAAGCTGAGAAAAATGGTTCCACCAAAGTATTCAAAATTGCTTTTCATATTTCAGAATTGACATATAAGAGTAAAAAGAAAGTAACCCAAACTGCAGTGGTGCTGTGGGGCTAGCATAAAATGTTAATCAGGTAAATAGGAACTCAAAGGAAATTTACCAAATTGAGCTCATTTACATGTGTAATTACCCATCTGTGATCATTCTACTGTTCTATTTATTCTGTCTTTCTCCTCCCACACTGGGTTAAAAATACTTTGTATTAAAGATTTTCTTCATAACCAAA,False
1124,-263,2.7718396,-2.8934302,0.0034522535,6.218943,-6.295583,3.6728961e-06,4.4803414,-4.1791716,0.0001734386,6.625261,-6.490581,2.0130815e-06,5.3899226,-5.2823677,2.317784e-05,0.00073091115,ENST00000590628.1,-263,CTCTGCCAAGGCGCCTATGAGAGCCTCTTGGCTTTTACCTGGTCTGCGAGAAATCAAACTTTGGGCACAAGTCATGAAGCCGACAAGCCCGGGAGACACAGTGTCAGAATTACAAGGTGAGATCAGCCGCCCGGCCAAGCTATCTTCTCGCTAGCAGGTCTCGCATCTGGGGCTCGATCTCGTGCAGAGGAGCATTTCCGAAGACACTGGCCGCTCCCACAATGGCTCCGAAGAACCCAGCGACCAGCGGGTTCATGAGTTTGTTGGGGCTGTCCACTCGGTACCAGCTGCGCAGGGATGTCAGGACAAAGAAACAAGTTGCCTGGTTCCAGCCCTGCTTCAGCACGGGGCCTGTGGGGCCCCGGTAAGTCCCGGTGTTCCCGCACAATCTCCTAACCCTGTGGAAGAATCCCCTGTACTTGGATTTGGAGAGGTCTGGCCATGGATTAACTTCACCTTGATGGTCTCCATGGGACATAGGACCACCACGGCCTCGGCCACGCTAGCTCACTGGCCGCACCGCTGCCCGCCTTGCTGTTCACCAGTCCCTGGGCATCCCGCATCTGGTTGCTGAGGAACGCCTGACGCCGCCTTGTGGATGAAGCCGCAGAGCAGGGAGCTGAGGCTGCGGCCCAGGCCCAGGCTGCCTTGGCTGCGACTGTGTGCCTGCAGGCCCCATGCCCGGTATCCGGTGGATGCGAGTGCTAGTCCAGCTGCAGCTGCATCTTCACGAACTCGGTGGGGAACGGGATGCAGATTTTTTTTTTCTTTTCCTTCCTTCCTTCCTTCCTTCCAACTTCCTTCCTTCCTTCCCCTTTCTTTCTTTCTTTTTTTTTTTTTTTTTTTTTTGACAGAATTTTGCTCTTGTCCCCCAGGCTGGAGTGCAGTGGCGCGATCTTGGCTCACTACAACCTGGATTCAAGCGATTCTCCTGCCTCAGCCTCCCGAGTAGCTGGGATTACAGGCATGTGCCACCATTCCCGGCTAATTTTTTTGTCTTTTTAGTAGAGACGGTGTTTCCCCATGTTGGTCAGGCTGGTCTCAAACGCCTGACTCAGATGATCCGCCCGCCTCGGCCACCCAAAGTGCTGAGATTACAGGCTTGAACCACCGCGCCTGGCCCTGTGATGTAGATTTTGATGCTGCCAGCCAGGCTGCCTGCCGGGATCGCCTGCCCTGGAGCAGGAGCATCAGCCGTGCGTTCCAGGACGCAGGCATGGCATGACCGGCAGGAGGCGGAGTGCCCGGCGTCTCTTGGGATCGGAGCCTCCTGAATTCCACGCTGGGACCTTAATTTGGTTTTAACACAAATAAAGATCTCACATAAAGATAAAA,True
1125,-528,3.749975,-3.8451595,0.0005026394,2.5647058,-3.3253632,0.0027591519,9.55524,-9.002366,8.720356e-09,5.738178,-5.895704,8.86065e-06,4.015179,-4.0278716,0.00032122395,0.0007183769,ENST00000572453.1,-528,ATTGCAGCTGCCTCTCCCGCCGAGTTGGAGACGGATGGGCTGGGACGGGTTTTGGGGGGGTGTCCCCAATTCTGACTGGGAGTGGAGGAACCCCTCCTGAGATCTCTTGTGGGGGTGCCCCCTCCCCAGGGCACTCCCCAGTCCCTGAGCCAGCCGAGAGGAAGGAGGCCAGCGATGCGACTGGGGCGGCTCCTTTCTCCTGCACCCCAAATGTGAGGGATGCACCCTAAATTTTGCTCTTTTCAAAATAGGGGACCAGGATCTCAGGGGAGAGTAGCTGAGGTAAGTGGGGAGGGAAGTGTCCTCTGTTTTCAGGAGAGACGTGGCGGTTGGGGGGGAGGTTTGGAGGTGCGTGCTGGGGTGGGGTTGGCTTTGTCAGTCTTGGAATTGGGGGGATGATTGGAGAGGCTTTCTCTTATACCCCTAAACTGCAGCCCCCCAGACGGAAACCAAAGGCTGAGACCAGAGAGCCCCCCAACATCCCCAGCCGTTAGGATAGTGTTTAATTTCTCTTTCACCCCCCACAAAGGCTCTGCCGAGGTAGGAGCTGGGGGCAACTGTTAGTTTGGGGGCTATGGAGGGTGGTGGAGGAGCAGGAGGCCTTGGCAAGATTTGATGGAGGGCAGATAGGGGTGTCCGGGAGGGGTCTGGCATCTTCGGGGGCCTAAAAAGACTGCTTACATACACCACCTTGGATCTTTCAGATTGCTAAGAGTTTTGGGGGGTGTGTCGGAAGAGGGGGTGGTAAAAGATGCGATGGGATATAGGAAGATAACTTCTGGATTTTAGGGGGTCATATTTTGATTTGCAAAAGGAGTTTTGGCCCTTGGATTTTGCTTTCTGAGGGGTGTTTTTAAAAAATCAAGTCCTGGACAGGAGAAAAGGGCTGAGGGAAGGCCTGGAGTTGGGGGTGGGGAGAGGCATGTTTGTCTCAGCTTAAACGTGGCTCTCTGGGGTGGGCCCGCCTGCCCTGGCCTGGTGGATGGGCTGATGGAGGTTGCTGTGGGGGCCGGCTCGGGTCCTCAGGGGCCCTGGGGAGTGGGAACAGCACTGGGGGTTGAATACCTGGCCCCCCAGGTCCAGATGGCCCTCTTCCTGGGCTCTGCTGCTCCCCTTCCCCCTGGTCTCCATTTCCTGCCTTTGGCCTCCATCTTGTGGCAGGCCCAGGGCCCAGGGCGACTTCCGGCCCCCCTCTCCCAACCATGTTCCGGCCCCACCACCTCTGGACTGCCAACTCCCAACCCTGCTGGCCTTGGCCCTCTGTCTCTCCTTGCTTTTCTCTTGGGTTCTGACCCAGGGAGAGGAAGGACGGACACAGGAAGCCTTGGGTCCCTGCCCTTGCTGAGACAGGAGGCAGTGTGTTGGCCCCTCCAGTCATTCCCTATTTCTTCTGCCTCTGACCCCACCCTAGGGATCCCCTGAGCTGAGTTCCTACAGAGGGAAGATGGTCCAATCTTACTACACTGTGAGCTCATCCCCATGGTCCGTCGCCTTCCAGTTGCCTGCTCAGCCCGTCCCTGGTTCCTCCCAAACGTTTTTGGGGGCCATGTTTGCCTTTTAAGGCTTCTCTATCCCCCCGCTCCTGGAGGTGGTGCTGGGGTCTTCCCAGCACTGCTATGTGCTCTCTTCCTTTCAACCCACCCCGGTCCTGCTCCCGCCCCAGCAGCACACTGTGGTTTGTACGGCACTGTGGCCACGTCCAAACCACACTGTGGTGTTAGAGCGAGGGTGGGGGAGGCACCGCCGAGGCTTGGCCCTGGGAGGCCATCCTGGAGAAGTGACACAAAAAACATCTGGGGCCTTGTGACAAACTTCTTGCCAGGTGGGCAAGGAGAGGGTGGGGTATGTAAGCACCCCTCTAAAATCTCCAGGGCAGTTTCAAGAATACTGATGGCCAGAGACCCTGGGAGTAAGTTCTGCCTCAAGAGAACAAAGTGGAGTCTTTGTTGCCCACACCCAGCTTCCCTGGCTCTAGCAGCACAGAAATATTGGCACAGGGAAGCGAGTCTGCCAATATTGGCTGTGCTGCTCCAGGCAGGGTGGTGAAAACTACCGAGGAGGGGCTGAGCCCCCATGGGCCGAGGAGAGAAGAGGGAACAGGCCTCTCCTGCTAATAATGTTAAGCAGACAGCACGAAGCTGAGAGGGAAATCTTTATTGTTTTCTGTATAAAAATGTCCATCAGATGAAGGTCAAAGGGGTTGGGGGCAGATGCTTATGCGGGAATAGCGAGGTGGCAGCCCCAGCAGCCTTTCAGCCCTCTCTCGTGCAGGCCTTGCTCGGAGTCCCAGGAGATCCACAGGTCCGGCATGAACAGTGAGAGGTCAGAGGTGGAAGGCTCAGCAGGAGAGGAGAGGAGGATCAGCAGAGGTCATGAGAAGGCCAGAATCCAGGGTCAGGCTGTCTGGAACAGGAAGTAAAATGGGCCGAGATGGAGCGAGCCCCCAGTGTGCTTCCAAGGCCACTCCCACCTCCCTGAAACACCCTGCTACGTACTGATCCAATGCCCTGCGCTGTGTATGAGAGCACCTTCTCTTCTGAAACCCCTATACAAGGGAGGGGCCCCTGCGGAGACCGTGCCCTGCCATCCAGGTGAGCCCTTTCTCCCCAACCCCGTCAGCTGTGTGGGAGGAGGAGGACTCCTACCCTGGTCGAAGTTGAGTTTCTTAGCTGGAGGAGTTTCTCCTAGCCCTTCAATATCCACCACGTCACTGTTGGCATCGGAGTCGTTCAGAGCACTGAGTGTCACATCTGGGAAGGGGGCATAAGCTAGGTTCTAGGTTCCCCTGACAGCCTCTCCCCCAGCCCCAAGCTTCCCAAAGCTTTGTGCCTCCTCTCCCCTCCCCTCTGCCCCTCTCTGGGAACCTCCACAGGGACAGGAAGAGAGACTGACCCTTCTTTGACCCAGGCCCAATTCTCTCACTAAACCTCAGATGGGACCTTTAACCCCTAGGCAGCAACTCCACAGCCCTCACCAGCCTTCTGTTTCTTTATGGGGGGACCCCCGGCCTCAGGGACACTGGAGCTGCTGGGAGGAGGGGCAGCTGGAGGAGGTGACAAGACACCAGATGCCACCTTCTTGGGCCCTTTCTTGGGTGACTCAGCTGGAAGGGGGATGCCAGAATCTTCATATACCTTGCGTTTCACAGTGGCCTTTATCTGGGCCCTGAAGAAAAGAGAGAAGAGGTTAGGAAAGGAGTCATCAGAGAGACTAACAGAAGAGGGGACGGGAGGGGAAGGGGTTCTGGGAGTCCCTTCATAAGAATCCAGGTCGGGGCCCCAACCCATTGGTAGGGTTCTCACTTTCTCGAAGTTTTACACTCACTCAGGATGGATGGAGTGTGGAGAGTGGAGTCCCTGAACTGAGTAGTGGGAAAGGCCCATCTCCTAATTCTCTTCTGGGAGAGACATCAGGTAGAGCTTGGTGATTTACAGGTGGATTGAGATTTACTGATCAACTAGTTCAGGGTCACCATATCCCTGGAAACACTGCAGTGGGGTCCTCAAACATTTATATAAATAACCAGGGGACTTCCATCATCAAATACAATAACAGCATCTCAGGCAACCTAAATTCACATTCTTGGAAGGATTACCACAGCATTTTAGGAACTTCTGACCAACTGTGACAATTCTATTCTTTCAGTCCTCAAGGGGATTCTAAAAAACTAGTGACAAAGTAGGGAAGCAGCTGAGCTGGAAAGGAGTTCTGAGGACGATGGAACCTTGGGTAAGGAGGAAGAAGGCTGCCCACCCGCCCTTTTCTGGCAGCCACCCTCCCTCACACTGTCCGTTCCTTGATGACACAGCTGATGTGATTAAGATCGTCCCCAAATCGC,True
1126,-585,11.435177,-11.40381,1.2054652e-10,2.8720155,-3.567101,0.001595269,4.862307,-4.617505,7.637241e-05,3.1066272,-3.1576045,0.00189956,5.9873347,-5.4767823,1.0500082e-05,0.0007163404,ENST00000528019.5,-585,CGTTTTCGGGGTCCGAGTTGAAGAGCAAAACCAAGTGAAGGAAACTTCACTAAGTTCAGGGTGACAAGGGAGGAAGTACAGAGACTGCACTTTAAATTCTGGATGACAGACCTATCAGGACTGAGTGGACCTTTGAGTGACAAGATGGGGGTGTTCCAAAGAGACCATGGCAGCCTGCAGCTAGGACTTTAATTGAACTATTGGCATGGCTCAATCCATTGACCTGTTTTGGTTCCTGATGAAGTTTTGTTAATTTAAATGAGAAAAATAAGGACAGTGAAAAACAGAGCGCTTAAAAAGCACTGTCTGGATATCTTCAGAGGGAAAAAGGAGAAAGTTAACTGAATTGGTGACACTTCGGGTCTCTCACAGAGGAAGATTAGATGAAGGTGACCTTCCCCTTCGCCAAGCAGAATCTCCCATGAGACTCATGAATCCTCTTGAGGCCAATTACAGCTATCACTTGTTAACTGTTGGAGTACTTTCAGTCTTAAAAGAGCTGCTAGAAAATT,False
1127,-826,3.0419085,-3.0749183,0.0022005893,3.1290698,-3.5683532,0.0012325671,7.340284,-6.775345,7.4072983e-07,8.181615,-8.3451185,6.6455485e-08,8.854879,-8.941143,1.8676078e-08,0.0006867964,ENST00000456161.5,-826,GAACACAAAATGGCGACACGTGGTTAGCATTCGTCGCCAACGAGAAATTGGGGTCGGCCCGAAAGCTCTAGAATGCACCCCTCTTCCTCCCCGGGGCCTTCCACCTCCGCGAGTTTTATGACTTAAAAAAGCCCACAGGCTGGTCTGAAGGTCGGAGGCCTAATTTTAACGCGTTTTCCTCCCTTTAATTTGAAACGGGAACGCGAATGACTGTAAAATGTGGGCACAATATTTAATCTCTCGCCTTTTTAAAGCTTAATAGTGGATAATAGGGGGGCAGTATCAAGGGATAATTTGGGTCCCCACAGTACCAAAGCATTTAGAAACCTCTGTTTAATTTAAGGAATGAGATAAGTTACTGCTTTTCTAGACTTCCTAGCATGGGCTGTTGTGCTGGAGAGAACGAGAGCTACGAAGAGACTACAGTGCCTCTGACTTTTTCATAGGACAGTTGGCCGAGGAAGACAAACATAAAGATGAAGTGCTTAATTCAAGGTCACACAATGTCGGGGATGGACCTCCAGATTTCCTTACTGGAAAACAAGCTCAGGGCTCCCACTGATTGTACATTATGGTGAGACGTGGTCTTGTAACACAGTGGTTAAGAATGTGACTTTGGAGCCAGCCTGCTAGGGGCTGAATTCTGACTCAGCCATTTACTAACTGTGTGACCTTAGGTCACAGAATTTTCCACACTCCTTGACAGAGGTGCTTAACCCTTATCCATCAGCATTCTCAGACAGCACCTCCGGTTAGGGACAGTATCTGACCGTCCGACATCCCTGCAGCCCCCATGTGTCACACAGACTCAGCCTCAGGTAGATGGTTTCCGTAGATGGTGGCTTTCTTTGGACCCTTGACATCAACCAGTTACTATTTG,False
1128,-1391,5.034747,-5.1892195,3.6288748e-05,2.5949392,-3.0918858,0.0033788853,8.510607,-8.13567,5.896767e-08,5.5391765,-5.420114,1.7395347e-05,10.6173,-10.821761,4.8880366e-10,0.0006865257,ENST00000428818.5,-1391,AAGCTCGACGCGCGCACTCTTGTCTGCTTACGAGGGCTCCTCCCTTCAGCTTTGGTCCCTCGGGGCGTCTGGGCAGCCTACGCTTTCCGACTATGGAAATGATATTAGACAAAAAGCAACTTCAAGTGGTTTTCTTATTTGAGTTCAAAATGGGTCATAACGCAGCAGAGATAACTTGAAACATGAACAGCGCATTTGGCCCAGGAACTACTAACGAACATACAGGGCAGCTGTGATTCAAGAAGTTTTGCAAAGCAGACTAGAGCCTTGAATATGAGGAACACAGTGGCCAGCCATTGGATGCTTCACTTCTTGAAGCATCTTGACAGCTTTTTGCAGGTGAAATGCTTCCACACCAGCAGGATGCAGAAAAATGCTTTCCAAGAGTTTGTTGAATCCAGAAGCATGGATGTTTATGCTGCAGGAATAAACAAATTTATTTCTCGTTGGCAAAAAAGTGTTGATTGTAATGGTTCCTATTTTGATTAATAAAGATGTGTTTGAGCCTAGTTATAATGATTTAAAATTAATGGTCCAAAAATGCAATTACTTTTGCACCACCACCAACACACACACACACCTACACATTCTGGATTTGAATTCCATGTTGATTATATGCACTTGGAATATTTCTTTTCCATCTGTGGATTGTTCTGTCACTTATTTTCTTTAATAAATGGGTTTCTGAACCTCTGTTGTATTGACA,False
1129,-843,3.1960688,-3.2073698,0.0016531164,2.9608603,-3.3809118,0.0017580822,8.140098,-7.570633,1.5028526e-07,7.7286315,-7.9329877,1.5785021e-07,10.213413,-10.273763,1.2662893e-09,0.0006823015,ENST00000604346.5,-843,AGCTGGGATTACAGTAGAGACGGGGTTTCACCATTTTGGCCAGGCTGGTCTTGAACTTCTCACCTTGTGATCCACCCGCCTCAGCCTCCCAAAGTGCTGGGATTACAGGCGTGAGCCACCGCGCCTGGTGAGCCCTCTTATTTTTATAACATGCTTCCTATGTGTTGATTTTGTTTTCCCTATTAGGGTAAATTTTTGAAGGCAGGAGGCATCTCTTATATCCTGTAGTGATGAGCATAATACGAGTTGTTCAATAAATACACATTTGGCAAAGATGAGAGAGGTGGAGAGAGAAAGAGGTTCCTCTGCTGAAGAAGTGTGATTACTTTTGGGTTTTGTCTACCTCATGTGGTACCCATTTCTAGCAGGGAATTTCTTCCACTTGCAGACCAAGTGTGTTGGGGACTTGAGATGCGTACATGAGTGTGATGTTTCCTGCTGAAAGCACAGGTGAGACGTGGTCTTGTAACACAGTGGTTAAGAATGTGACTTTGGAGCCAGCCTGCTAGGGGCTGAATTCTGACTCAGCCATTTACTAACTGTGTGACCTTAGTTCCCTGAGCACATGCTGTTGAGTAATCCTGCCTGGACCAGTACTTCCCTCACCCTAGACTTCACCTTCAGTTCCCCTTTATACCACCTGCTGAAGCTGCCAGCCAGCCTTTTCGACCACCCTCCCTCCCCCAGGGGTGTTTGGCTTCTCAGACCCCAGCCTGAGCTAGTGCCCTTGGCTTCC,False
1130,-842,2.8808742,-2.9251153,0.0030004464,3.6688313,-4.1336613,0.00040854793,7.8126397,-7.2282267,2.93653e-07,8.874132,-9.042925,1.6547066e-08,8.663137,-8.787336,2.6384905e-08,0.00068186613,ENST00000603347.5,-842,CAGGTGTCCCCAACCCTAGTCTGTGGCTCATTAGGAACAGGTTGCCCAGCAGGAGGTGAGTGAGTGGTGGGCGAGTGAGCAAAGCTTCATCTGTGTTTTTACAACCATCACTCGCATTACTGCCCGAGCTGTGCCTCCTGTCAGATCAGCGCAGCATTAGATTCTCATAGGAGTGGGAACTCTATTGTGAACTGAGCAAGTGAGGGATCTAGGTTGCATGCTTCTTATGAGAATCTAATGCCTGATGATCTGTCACTGTCTCCTATCTCATCTAATTGCAGGAAAACAAGCTCAGGGCTCCCACTGATTGTACATTATGGTGAGACGTGGTCTTGTAACACAGTGGTTAAGAATGTGACTTTGGAGCCAGCCTGCTAGGGGCTGAATTCTGACTCAGCCATTTACTAACTGTGTGACCTTAGTTCCCTGAGCACATGCTGTTGAGTAATCCTGCCTGGACCAGTACTTCCCTCACCCTAGACTTCACCTTCAGTTCCCCTTTATACCACCTGCTGAAGCTGCCAGCCAGCCTTTTCGACCACCCTCCCTCCCCCAGGGGTGTTTGGCTTCTCAGACCCCAGCCTGAGCTAGTGCCCTTGGCTTCCTAGGGTCTTGCCAGGAAAGCAAAGGAGAACATGCATACCGCCAAAG,False
1131,-551,7.8553953,-8.149802,1.1195177e-07,4.036473,-4.5544586,0.00018574856,7.0747843,-6.564513,1.1926907e-06,8.325686,-8.357076,5.6854972e-08,2.7702007,-2.9761968,0.003184097,0.0006742414,ENST00000474814.1,-551,TTTCTCCCCGCCGCATTCCCGGTGTCGACTTACTAGCTGCAAGCCTCTGCCTGCCTTCCTGCGCGCCGTTCCCCGCTAGTCGCTGCTGCTGGCGCGCACTCGCCGGGTTTTTCCTCCCACGGCCTCGAGATGGTGGTGAATGTGGCACGGAGGAGCCGGGCCTTCCAACCCGGTGGGCCCGAGCTCCGAAAGGCCCCCTCGGCAGTGAGAGGGGCGGGAGCCCGCGGGGGCCGCGCCCTTCTCTCGCTTCGGACTGCGCAACGCTGCGCTCTGGGCTGACAGGTGAGTGTTGCAGGCAGGCGGCCGGGTTTACGGAAGGGGTGGGGGTTTGGGAACCGGTCTCCTGGGGGATGCGGGGATGAATCCCTGGGCCTGAAGTGTCTTAATTCAGGGGGAGGCCGCATGCTGGTGTCAGGATGGCCTCCAGTTGAATCTGTGACATTTACCAGCTAGGTGATTTTGGGACTGGTGACTACGCGCGAGACCTCTGGAGGTCGCCCTGGTAGACACGGTTTTCAGAAGGACGGGTTTTAGGCATTCAGACCCTTGCGTGCATCCCAGCTTGTTGCTTTCAGCCTCGCTAAGTGACTAAGCGACCTTCAGGAAGTAACTTAATCGGTCTAAACCTCTTACCTGTAATAGGCGGATAAAACGGTCCCATCAAGACTGAGAAAAAGCACACCAGCTATTGGCACAGCGTGGGCAGTGGGGCCTACAGGATGACTGACTTAGTCTACAGAGATCCCGGCGTACTTAAGCAGGTAGTAATGATGGACAGGTGAGGCTTTAGGCGGCCGCCCTGGGATCTGAATTGCCCCTTGGCCCTTATCGAAGCTGCAGCTGCTTCCGCATAGCTGCTGTGGTCAAAAAGGAGCCCAGAGTGACAGTTTTCCTTGACGGTCGCCGTTCTGTTTGTTGTAACTGATCTGCAACATTTTGGGAAAATACAGTTCCATTGTACCTGCCACCTTTCAGCTGTAGCCAGAGACCTTTATCAAAATGGGCTTGTTTCCACAGAACAGCAGAACGGTTGGGGGTTTGCATGTACAGTTAACCAGCATAAGACTCGTACTGGGAAAATCCAGCTGGGATGTGACACAGCTTAACTGATAGCTTAAGGCATCAGTATTGGGACCAAAGGCTGGTCAGATTTGTATCATTCTGAGGACCAAATGATGGGAACAATAAAATTGTTCATGACAGTTGTTCTCATTTTGCTGTCCAGATGAAGACTCTTAAGATGACAGAAGGTGATTTTTCTGGTGATCGAGGACTTCCGGGGTAATGACAGTGATGAAATGCAGGGGACCTGGTTGCCCCCAAGTTTCCTGGCAGTGTGTGATACTGAGGAGGTGAGCTTGTTTCTGGAGCTGTGCTTTAAGGTAAAGTTGATCAGCTTAATCCTCCTGATCCCTTTCCCATCGGATCTGAACACTGGTCTTGGTGGTCGTAAAAGGAGGAAAAGTAATAGTGAAGCTGGCCTAAATGTTGTAATCTGGTATATGGCATGTGGGCTAGTTTCAGACAGGTTTCAGAGATGGTTGGATCTCTGAAATTGTAAAATGAAGTATAATCTTAGGCTAAGGGAAGGATGCGTGTGAAGCTCTGGAGGTTGGTATAGTAATAGCTGACCTATTACTGCATTTGGGAGGGATCTGTCATAGCTTCCTTGCCTCTTAATTAAGGGTGGTGTTTTTTTCTTTTAGATTCATGTTACATGTAAAGCTGTCCTCATTTGTGACTATGGACCTATGGAGTTGGGACAATCTCTATGGGAAGCAGAAGGCAAGGACCCCGGTCATTTTAGGTAGAAACAACAGCATGCTAATGCAAAAAATTATGCAGTGTGCTACTGAACTTCAGAGGTGATCAATAAAAGAAGAATAAAAAGACTAATAAAAGT,False
1132,-197,2.9343705,-3.2044563,0.0021528087,12.032437,-12.119263,3.2437723e-11,5.3555193,-5.309808,2.33398e-05,11.988041,-12.033143,3.6960067e-11,3.5333629,-3.241708,0.0011405868,0.0006633471,ENST00000563837.1,-197,ACACACACACAGCCCGTCTCGCGCCTGAGGTCTCGCCCGCAGGCCGGTGGCGCGGGGTCAGCTGCTGCCTGCGGTCCAGGACAGGGTCGGTTCCGCCGCGCAGCGCCCAGGCCCAGCTCGTCCAGAGTCTGCGGACAGCGCACGTCCAGAGCAGACATCGCCCACTCGGGCTCACAGTGCCATCCGGGTGAGGACCTCCGTGGAGAGCTCTCTTTGCCAAAGAAAAGCAGTTGCATTAGGTCTGCGAGCAGGCAGGGTGGCCTCTTCCTGGCTCCCCATCCACCAAGGAAGCTTCAAGTCCCTGGGACACAGGCACTTTCCCACACAGGATGGAGCCGGGCCACCCTCACAGCTCCTGCCCTGCAGACGCTGGCCTTGTGGAGGGAGGCAGGCAGCAGGAGCAGTGCTTTCTGGGCCTCTGTAGCCAGAGCTGGCCCTGCTGCAGCTTACGTCTGCCTGCAGCCCAGACGTCCTCCTGGTCCTCCTGATGCCCCCGACCTCCACGGAGGACGAGCATTTCCAGCCCAGCCCTCCCCATCTTCACCTCGCACTCCCCTGACACACTGGGAGCCTCCTGATCCGTGAACCCGCGCTGGCGGGAGTAGCTACTGACCGCTGGGGACCCCTGCCCAGGCTGTTCGCATGTGGAAAGGATTCAGGGAGCAGGCGATGCCCAAAGCGTGGAGACCAGCACTGCTCTCTCCC,False
1133,-352,2.7281308,-3.0361185,0.0031279353,6.291413,-6.2075434,3.7305294e-06,8.5593195,-8.820513,2.8316158e-08,4.410905,-4.8408427,9.593467e-05,7.8987,-8.035314,1.2021145e-07,0.00064554985,ENST00000447037.1,-352,TTGAAATGTTATTCACATACCATAAACTTCACCCATTTAAAGTGTACATTTCAGTGATTTTTAGATATATTCACAGGGTTTTGCAACCATCACTGTTAATAATTCCAGAACACCTTTTCACTTAGAAAGCCTGTATTCTTTTTTTTTTTTTTAGATGGAGTCTCACTCTGTCGCCCAGGCTGGCGTGTGGTACACTTTGTTCACTGCAACCTCCACCTCTCAGGTTCAAGCAATTTTCCTGCCTCAGCCTCCCAAGTAGCTGGGATTACAGGCGCACACCACCACGCCCAGCTTAGTTTTGTATATATTTTGTAGAGACAGGGTTTTGTGATGTTGCCCAGGCTGGTCTCAAACTGGGCTCAAGCGATCCACCTGCCTTGGCCTCCCAAGGTGCTGGGATTACAGATCAGCTTCATAGTAAGATGTGGTATTTGTGGACCTAGGTCTGTGTGATATTTTTCTTTCTTCTTTTCCTGAAAGTCTTTATAATTCAAATATAGAATTAGATTCTTCAAGTGTTTTTTTTGTTTTTTGTTTTTTTTAAATCTGTAGAATTCTAGCAAATTGGTTAAAAGTCAAGTTCATGGGAGATGAAGGCTCAGTGGATGACACATCCAGCGATGCTGGTGGGATTCAGACGCTTTCGCTTTTCAACTCACTTAGCAGCAAAGGGGATCAGATGATTT,False
1134,-855,2.890222,-2.9441774,0.0029166485,3.810708,-4.2766733,0.0003072992,7.5971594,-7.0070257,4.544465e-07,8.536533,-8.695926,3.2812377e-08,8.427701,-8.554381,4.214784e-08,0.0006448954,ENST00000596665.5,-855,GGCCGCCATGTTTCCTGAACACAAAATGGCGACACGTGGTTAGCATTCGTCGCCAACGAGAAATTGGGGTCGGCCCGAAAGCTCTAGAATGCACCCCTCTTCCTCCCCGGGGCCTTCCACCTCCGCGAGTTTTATGACTTAAAAAAGCCCACAGGCTGGTCTGAAGAGGAAGACAAACATAAAGATGAAGTGCTTAATTCAAGGTCACACAATGTCGGGGATGGACCTCCAGATTTCCTTACTGACCTGCATTATCTTGTGGATACCTGAGTGAATTCCACACCACCCATTTTATAGATGAAACCACTGAGACATGGAGCAATTGACTGAGTAGTCACTGCCCCACCCCTGCCTGGAGCCTCACACATGACTCGCCTCCTCTCAGTGACCACAGGTTGGTTGAGGGGTTTAACAAGGCTAAGAAGTACTTATCCTGTATTACATGAAGGAAATGAAATAAAAAGACTGCAGCCCCACTCCCAGCTACTCAGTGAGGTGGTAGCTAGAGACGGAGTCTTGCTATGTTGCCCAGGCTGGTCTTGAACTCCTCACCTCAAGCGATCCTCCCGTCTTGGCCTCCCAAGTGTCAGGATTACGGGCATGTGCTATCACACCCAACCTGATACATTGCCTTTATAAATTTTTTTTTCTTTATTCTAAAAACCAGAAAAAACAAAACTGGATACATGTGCAGAACATGCAGGTTTGTTACATAGCTGTACGTGTGCCATGGTGGTTTGCTGCACCTATTGACCTATCCTGTAAGTTCCCTCCCCTCACCCCCACCCCCCAACAGCCCT,True
1135,-1462,7.5523767,-7.715852,2.3393355e-07,10.10334,-10.259807,1.4334987e-09,6.846434,-6.3606796,1.8374808e-06,2.839565,-2.9038012,0.0031937321,8.418125,-8.561863,4.2236202e-08,0.0006391694,ENST00000463561.5,-1462,AGGGCCGAGACGGGAGGAGGGCACCCACCTGGTCGGTGTCACATGCTGCTTCGGCCCCAGCGTCCCCTCCAGGTCCCGGCGCCGGCCGCAGTCCCCAGAGCCGTCCCCAGCGCAGGCCCGGCCGCCCCACCCGCGGCCCGCCCCTGGCCGCCCGACGGGAGGGAGGGATCGGGTTCTCCTAGGAAGTTTCAGTATGCATTCTTAGAAACCAGATATACAAAGACAAGATCTCTGCTTTCAAGAAGCTCTCAATCTGATTGAGGAGAGAAACAGGTAGCAAATAATGGCAGCAGAGCATGGTCATTCAACATTTATTCAACCAAAAATACTAAGTCAGCTCTATACAAACTAATGGAAGGATACAGCTATGCAAATATAGAACACTAAAGTGTTACATGACAGATGTATGAGAACTGGGAAGAAAGGACCCTGAAAAGTTAGCTGGTTCCAAGTGACCCTCCAAGGGGAAGAGTGCTGGATTCAGAGCCCACCTCAGGGGAAGACAGGACCCTCTCCAAGATGGTTTCCCTAGAAGCTACTACCTCTCCCTGGAGGGTGGAGATATTTGCTGGTCAAAGTAGTGAAATGGTGAAAAATCAGACAATGGTCACAGAGTTCCTCCTACTGGGATTTCTCCTGGGCCCAAGGATTCAGATGCTCCTCTTTGGGCTCTTCTCCCTGTTCTATGTCTTCACCCTGCTGGGGAATGGGACCATCCTGGGGCTCATCTCACTGGACTCCAGACTCCACACCCCCATGTACTTCTTCCTCTCACACCTGGCCGTCGTCAACATCGCCTATGCCTGCAACACAGTGCCCCAGATGCTGGTGAACCTCCTGCATCCAGCCAAGCCCATCTCCTTT,False
1136,-851,2.8915818,-2.9413958,0.0029207866,3.876636,-4.3303766,0.00027266002,7.547984,-6.973258,4.93747e-07,8.420036,-8.601986,4.0497635e-08,8.83524,-8.963495,1.8625457e-08,0.0006387999,ENST00000600002.5,-851,TGACAACCCAGAGGCTCTAAGACAGGTGTCCCCAACCCTAGTCTGTGGCTCATTAGGAACAGGTTGCCCAGCAGGAGGTGAGTGAGTGGTGGGCGAGTGAGCAAAGCTTCATCTGTGTTTTTACAACCATCACTCGCATTACTGCCCGAGCTGTGCCTCCTGTCAGATCAGCGCAGCATTAGATTCTCATAGGAGTGGGAACTCTATTGTGAACTGAGCAAGTGAGGGATCTAGGTTGCATGCTTCTTATGAGAATCTAATGCCTGATGATCTGTCACTGTCTCCTATCTCATCTAATTGCAGGAAAACAAGCTCAGGGCTCCCACTGATTGTACATTATGAGACGGAGTCTTGCTATGTTGCCCAGGCTGGTCTTGAACTCCTCACCTCAAGCGATCCTCCCGTCTTGGCCTCCCAAGTGTCAGGATTACGGGCATGTGCTATCACACCCAACCTGATACATTGCCTTTATAAATTTTTTTTTCTTTATTCTAAAAACCAGAAAAAACAAAACTGGATACATGTGCAGAACATGCAGACCAAGTGTGTTGGGGACTTGAGATGCGTACATGAGTGTGATGTTTCCTGCTGAAAGCACAGGTGAGACGTGGTCTTGTAACACAGTGGTTAAGAATGTGACTTTGGAGCCAGCCTGCTAGGGGCTGAATTCTGACTCAGCCATTTACTAACTGTGTGACCTTAGGTAAGTCATTTACCTTCTTTGTCCCTCAGTTTCATCTCGGTTAAGTAGGGATAATGATAGCACCTATTTTATAGGGTTATTGTGAGGAATAAATCCAAGTAAAATGCTTAGAATAGTAACTGAAACATAGCACTCATTAGGAATGCTTTAATTTTCAT,False
1137,-823,2.901298,-2.9521556,0.002861757,3.7916322,-4.2609034,0.0003181924,7.708371,-7.1255817,3.611569e-07,8.576173,-8.730229,3.047369e-08,8.333475,-8.468935,5.0443592e-08,0.0006360783,ENST00000418564.5,-823,GAACACAAAATGGCGACACGTGGTTAGCATTCGTCGCCAACGAGAAATTGGGGTCGGCCCGAAAGCTCTAGAATGCACCCCTCTTCCTCCCCGGGGCCTTCCACCTCCGCGAGTTTTATGACTTAAAAAAGCCCACAGGCTGGTCTGAAGAGGAAGACAAACATAAAGATGAAGTGCTTAATTCAAGGTCACACAATGTCGGGGATGGACCTCCAGATTTCCTTACTGGTGAGACGTGGTCTTGTAACACAGTGGTTAAGAATGTGACTTTGGAGCCAGCCTGCTAGGGGCTGAATTCTGACTCAGCCATTTACTAACTGTGTGACCTTAGGTCACAGAATTTTCCACACTCCTTGACAGAGGTGCTTAACCCTTATCCATCAGCATTCTCAGACAGCACCTCCGGTTAGGGACAGTATCTGACCGTCCGACATCCCTGCAGCCCCCATGTGTCACACAGACTCAGCCTCAGGTAGATGGTTTCCGTAGATGGTGGCTTTCTTTGGACCCTTGACATCAACCAGTTACTATTTGGGGACCAGATGTG,False
1138,-825,2.9107888,-2.963327,0.002803397,3.7781663,-4.2462945,0.00032724935,7.857282,-7.27015,2.693021e-07,8.749127,-8.90532,2.151646e-08,8.555448,-8.674794,3.2885243e-08,0.00062619394,ENST00000594376.6,-825,GTGTTGGGGACTTGAGATGCGTACATGAGTGTGATGTTTCCTGCTGAAAGCACAGGTGAGACGTGGTCTTGTAACACAGTGGTTAAGAATGTGACTTTGGAGCCAGCCTGCTAGGGGCTGAATTCTGACTCAGCCATTTACTAACTGTGTGACCTTAGGTCACAGAATTTTCCACACTCCTTGACAGAGGTGCTTAACCCTTATCCATCAGCATTCTCAGACAGCACCTCCGGTTAGGGACAGTATCTGACCGTCCGACATCCCTGCAGCCCCCATGTGTCACACAGACTCAGCCTCAGGTAGATGGTTTCCGTAGATGGTGGCTTTCTTTGGACCCTTGACATCAACCAGTTACTATTTGGGCCACACATAACAAATAGAAGCAGAGCAAGCCCTGGAACTCCTGCCTGACAGTGACACGACGACAGAAACATCTTACCAGTCAGAGGACCATGAGAAATAGATTCAAGGAGCATTCCACGTGCAAGTGAGTCTTGGCCCCATCTGCCTTTGGATTTTAGCCGTGAACTGGAAGGTATTGGAAAGAAGACCCTCAGAAATAGCTTAATCAAAATCCCTGCGTCTGAACCAAGTGCCTTATTTCTCTGTGGGCCTCAAGCTTCGCTGACATCTGTGGAGCACACTGTCCTAACAGGAGTGCTGTCTGATTTCCCAACGCTCTGCAAAACAAACAGCCTGGAAGGGTGGCTGGTGGAAGGTGGTTTTTAGAGAGAGACTTGTAGATAACAGGAAAGTGAAGGCTGTAAGGAAGGTTGTAATTAAACAGCACATGGAAACACAATCACATTATTGTCCCATTCCATAGGGATAATGATGACCACTTCAGTGGGAAAAGGAGAGGTTTTAAGTCATTAGGGACTATGGGCCACCTTTTAGGAAGATTTATTTTCAAAGGTTAAAATAGTGTTTTGGCAATTCAAGTTTCATTTTCAGAAAATGTAATTGATGGGAACCTCAGTGACTCTGGATGAATAAGATGCTGTTGAGTGGCTCTGACTTGGGCCAGCCGTGCTTCTCACAGGACCTTGGAGACCAAGGTCACTGTGATCTCAGGTTCAGGGGGCAAGTCCTCTCCACACAGCCCTAGTTGGCCTCACAGCTGAAAATGTCTCCCTTACTGTTGGACTCCTTTGTTCACCCACATGAGTTTGTGAATAAATCCTTTCCAGTCTGAAA,False
1139,-757,10.39863,-10.310912,1.0138191e-09,3.6836276,-4.4564652,0.0002915251,4.617699,-4.416626,0.00011923147,2.9502437,-2.9615939,0.0026998983,6.180573,-5.619642,7.50289e-06,0.00062363176,ENST00000478824.1,-757,CTAGAGTCTCCTGCTCCTCCATTCCTGCTTCCTCCTCACGCTGCCCCCACATCCTCCCCAACTCACCTTCATGCTACATCTCGGCAAATACAGCTCATATCCAGGCACGGTGCAGCCCTTGACAGCTGGGTCCGCAAAGGCAGATCGGATGTTCTGCCAATTGAATGGAAACTGTCCATAGTGGGGAGCAGAGAGCCTCATCTTTTCTGGAACTGAACATCCATCCTTAAGGCCAGATTTCTCCCATCACCAACTTTAACTCCTGCCCTAGCCCTCTCTCTTCCTTTTCAAAACCCTCTCCACCCAGGAAGGGAGATTCTGGAGCCAAGACTGTACCAGCCACACCTCCCCAGAGTTGTTAAGGAAGGAACTCGAAGCCAGGGGTGGTCTTCTGGCAAGCACCCCCACTACCAGTAGCAGGACAGATGTGTTTCTAATGGACTACACTATCCCCGGAGGTCACATGATTCAGGCTGCCAAGGGTACCTGCCCTTGGGAAATCAACTCCCGAAGATAAATTGGGATTGGGTCCTGAGAAGATCCATGGAAGCCCAGAGGACCCTGCCTCTCTCTGTTGCTTCATGCTGTAGAGGCAGTACTGGGGAGGGCCTGCCCCACATCCGGCAGGGCAGCTGGAACCATGTGTTTGATGACACTCTGCTCCCTCAATGTGGAGCCTCATCCTCATCTCACAGTCTAGCAGGCCTCTGGTGGGTTAGGCTTGTCTCACCCAGTGTGTGAGTTTTTTTGGAAGTGACCTGATTTTGGAGTTTCCCTCCAAGCCTTTCTCAGGTACATGCTTTCTCTTTTATTCTGTCTTCTTTTTTTGATCTTCTTAAATCTGATTTTCTCCTTTTTCCCTCTCTTGTCTCCATCTTTTTTCCAGTCTCTCGCTTCTCTTTATTTCTCCCCATATTTCACTCTGTTCTCTCACCCCAACCTTTCCCTTCTGTTTCTCTCCCTCCCTCTCTTCCCACCCCCTGCCTGGCCTTCCATATATCAAGCAGAGTTTTATCACCTTATGCAGGGGCAGCCCTGCCACCTGCCATAAAGTTGATAGGCTAATGACATTTTGTGGATATTGCCATGTCACAAGTCCAGGACAGCATCAAAAATAGCCCTGATGTCTAAACCACTTCAGCTATCTTTTTTATTTTTAAAATAAATACATTCACATGCTTTTAAGAAACTATAAAAATATATAAAGTAAAAAGATCTTTCTCTCACACTGTCTCCACCTCTCCTGGTCTCACCGTTGTGCTTAGGGGAAACCATTGTGATTAGTTTCTCCTGTGTCCTTCCAGAGTGTCTTTATGCAAATGAAAATTATTGTGATAATATATTCCTATTTTCCCCCTTACTACACAAAAGATAGACTACCATAATCCCATTCTGCACTTTTTTTTCACTTGATAATAAAAACATGATTTTATTAA,False
1140,-301,2.9952257,-3.0418067,0.0023829455,3.3812594,-3.8454323,0.00072639366,7.7234,-7.143134,3.4957958e-07,8.191358,-8.3361845,6.640176e-08,8.74604,-8.854271,2.2713389e-08,0.00062195555,ENST00000601494.1,-301,TTACTTTTGGGTTTTGTCTACCTCATGTGGTACCCATTTCTAGCAGGGAATTTCTTCCACTTGCAGACCAAGTGTGTTGGGGACTTGAGATGCGTACATGAGTGTGATGTTTCCTGCTGAAAGCACAGGTGAGACGTGGTCTTGTAACACAGTGGTTAAGAATGTGACTTTGGAGCCAGCCTGCTAGGGGCTGAATTCTGACTCAGCCATTTACTAACTGTGTGACCTTAGGTAAGTCATTTACCTTCTTTGTCCCTCAGTTTCATCTCGGTTAAGTAGGGATAATGATAGCACCTATTTTATAGGGTTATTGTGAGGAATAAATCCAAGTAAAATGCTTAGAATAGTAACTGAAACATAGCACTCATTAGGAATGCTTTAATTTTCATTTATTTGAGTATTAAAGGTTGAATTTTCAGAGGTATTTTGGACCTTTGTATTTTTTCTTTAAATCACTTATTCATGACTTTTGAACTTTTTTTTTTCTTTTAGAGACAGGGTCTTGGTTTGTTGTCTAGGCTGGAATGCAGTGGTGCAATCATAGCTCACTGTAGCCTTGAACTCTTGGGCTCAAGAGATCCTCCTGCCTCAGCCTCGTGAGTAGCTGGGCCTACAGGCGCCTGCTACCACACCTGGCTAATTTTTTATTTTTTGTAGAGATGGGTTCTTGCAGCCCAGACTGGTCTTGAGCTTTGGCCTGAAGTGCTCCTCCTGCCTTGGCCTCTCAAAGCATTGGGGTTACAGGTGTGAAGCACTGCACCTTGCCTACACATTTTTTCCAATAATTTTTTTTATTAATTTGTAAGAGTTAACATGTCGACTATCATATATAAC,False
1141,-1334,2.8172255,-3.0540414,0.0028113734,11.8088455,-11.77635,5.7158354e-11,4.0691957,-4.2042704,0.0002551341,5.787472,-6.1087284,6.81621e-06,7.4482822,-7.587025,2.9529022e-07,0.0006147238,ENST00000588925.5,-1334,ACTTTCTTGTTTTTGCCAAATTAATAGGTGAAGATGGCCTATCAAAATCATTTTGATTTTCACTTCTTTATTTCAGATGGAGTTTCTCTCTTATTTTCCAGGCTGCAGTACAGTGGCGTGATCTCGGCTCACTGCAACCTCCACCTCCCAGGTTCAAGCGATTCTCCTGTCTTAGCCTCACGAGTAGCCGGGATTACAGGCACATGCCCCCATTCCCAGCTAATTTTTGTATTTTTAGTAGTGACGGGGTTTCATCATATTGGTCAGGCTGGTCTCAAACTCCTGACCTCAGGTGATCCGCCTCGGCCTCCCAAAGTGTTGGGATTACAGGCGTGAGCCACCCACTGTATCTCTTGTTCGGAGGAATATCTAATCAAGAAAATCATTTTTACTGTTTTTATTTTTTGGTTTGTTCGTTTTTTTCCTGTGAGATGGAGTTTCACTCTTGTTGCCCATCCTGGTGTACAATGGCGCGATCTCGGCTCACTTCAACCTCCGCCTCCCAGTGCGTCCGGAATTGGTGGGTTCTTGGTCTCACTGACTTCAAGAATGAAGCTGCGCACCCTCACGAACTTGTCAGATATGCTCTCCCAGCCCTTCTTACTAAGGACAATGGGTACTTGTCCAAGCCCATCCACCATTCTGTCAGTCGCATCCTAAGAAGAGATCAGAGAAGATTCTCTCCTAGACCACGCAAAATAGACCGATCATCTTTGGCACGTGTGGCCATGACCCACATGAGGATTTATAAGCGACCTAGTCACCGGGACTTCATGTGGTTACCTTTTCTGAATGGCTCCCGGTTCTCCTCTGCTTCCCTGTTGACTCGGTTTTGTTCTGGTTCAACAGCAGACCCCTGGTCATCAAGTTCATCTTCTGTTTCATCATCACTGTAGGGAACCACTTCGTCATTAGGCTGAGAATCCTCGTCAAATGTCGTTTCTGAGTCTCTTTCTGTACTCATTCTGCTGGCAAATTGGAACTACCTGCTTAAAAGGAAAGAGAAACCAGAGTGAATTATGACTCTTGCCCAGTTTTTGGTTGAATACTGCCTGCATGCTGCTACAATGCCCCTTTTACAGAACATTGTCTAACATGTAAATATTCTGGAATAGTACCCCCAAATTCAACTTGACATGAAGACAAGAACAAAACCATTCAGTACTGATTAAATGCTTGGGATAATGTGCAACAATCTAGATGATCCAAAGAGTATTTGATGACATTGCATTAATGACCTTAAGTTAATAGCTGCACCCTTCTGGTTACCGCTAGAACTGAGCTTTCGCTCGCCGTCCACCACTGCTGTTTTGCTGCCGTCGCAGACCCGCCGCTGACTTCCATCCCTCCAATCCAGCAGGGCGCCCGCTGTGCTCCTGATCCAGGGAAGCACCCGTTGCCACTCCTGATCGCGCTAAAGGCTTGCCATTGTTCCTGCATGGCTAAGTGCCTGGTTTCGTCCTAATCAAGCTGAACACTAGTCACTGGGTTCCACGGTTCTCTTCCGTGACCCACGACTTCTAATAGAGCTATAACACTCACCGCACGGCCCAAGATTCCATTCCTTGGAATCCGTGAGGCCAAGAACCCCAGGTCAGAGAACACGAGGCTTGCCACCATCTTGGAAGTGGCCTGCCGCCATTTTGGAAGTGGCCCACCACCATCTTGGGAGCTCTGGGAGCAAGGACCCCTGGCATCTGGATATTAAGACTGTCTCCAGCCCTTTGAGGTTGAGAGAGGAAGCAAGCACGGAGGAATGGATTTGACAACCCACATGTCCGTGACTCAAAGCAAGCAAGGCCTTGCACAACCAACTCGCCACCCACACAATCTGCACAGTCTCAGTGAGAAAGCAGGAGCAGGGAGCTCTCCGCTGAGAGTGAAGAAATGTCCTCAACTCGACTTCTCTGCAGTGTGCATGTGTGTGAAACACAGACACACACGGGAGGAATTTGGCTCTGTCATTTTAGTGTACC,False
1142,-853,2.9934857,-3.050952,0.0023654057,3.3973365,-3.8579497,0.00070593145,9.732408,-9.14532,6.3315073e-09,7.5054865,-7.7300677,2.4170353e-07,11.882976,-11.950608,4.4586775e-11,0.000614317,ENST00000595459.5,-853,CTCGCCTTTTTAAAGCTTAATAGTGGATAATAGGGGGGCAGTATCAAGGGATAATTTGGGTCCCCACAGTACCAAAGCATTTAGAAACCTCTGTTTAATTTAAGGAATGAGATAAGTTACTGCTTTTCTAGACTTCCTAGCATGGGCTGTTGTGCTGGAGAGAACGAGAGCTACGAAGAGACTACAGTGCCTCTGACTTTTTCATAGGACAGTTGGCCGAGGAAGACAAACATAAAGATGAAGTGCTTAATTCAAGGTCACACAATGTCGGGGATGGACCTCCAGATTTCCTTACTGACCTGCATTATCTTGTGGATACCTGAGTGAATTCCACACCACCCATTTTATAGATGAAACCACTGAGACATGGAGCAATTGACTGAGTAGTCACTGCCCCACCCCTGCCTGGAGCCTCACACATGACTCGCCTCCTCTCAGTGACCACAGTACTTATCCTGTATTACATGAAGGAAATGAAATAAAAAGACTGCAGCCCCACTCCCAGCTACTCAGTGAGGTGGTAGCTAGGTGAGACGTGGTCTTGTAACACAGTGGTTAAGAATGTGACTTTGGAGCCAGCCTGCTAGGGGCTGAATTCTGACTCAGCCATTTACTAACTGTGTG,False
1143,-1011,3.4773476,-3.616197,0.0008297592,5.3371916,-5.3397064,2.3071301e-05,4.276376,-4.0176916,0.00024993307,3.1657279,-3.0723255,0.0019498457,7.4292693,-7.441675,3.4804108e-07,0.0006105915,ENST00000506454.1,-1011,AGGCGCAGGTGGTAAAACTGAAGACCTTCACAAACAGCCAGCACTAATTTGCCAACCAAATGACGGTCTTTGGAAAACAGATCCTCTGGCCTCAGGTGAAAAATGAGAAGATTAAATAAGCCATGGGAAGATTTTTTAAAATGACATGAAACTCCAAGGGTAAAAAGTAACCTTCTCCCGCAGTATCCTGGTTCCCATGCTTTCTGTACCCACGTGCCTACTCTTGCAATCTATACATTGTTCCTGTTCAGCAGAGTTTGGATGAATACCCAACAGCCTGAGGAGACTGACTGTTACTTGAAATGAAGGAGTGTTCTTGTTTGAACGATCCTGCTCAGAAGGACCAGCCTGGGCTTGCATCTCTTGTAGTATTTTACTAAACCCTGCAACAGTAGCCACTTTTTTTCCCTGCCAAGTTATCTAAATGTAGAGCTTCCTGTGGTCTGAGTTTTAAGAGATTACAGTCCAAAGATGTAAGGGAGGCTCTCTTTGCTAGCATGAGTCTGGTGCTCACTCCTCAGCCAATGAAATCTCACCAAATTTGTGGAGTTTGGGAAGAGTTTGACAGCTACTATGGCAGTCATGTGGACATCCTTGAGCAGCTGAAGTTGATTGAGTCCATGGATGCAGAACCCCAGAACCTGCAGATATGGAGGACTGACTATACTTGATCAAGATGCCCTGCCCGGAGAGGAGGAATCTAGAGAGGCAATCTGGCTACAGTGGCTTTGCCGAGCTACAGTGGGCTC,False
1144,-492,5.960696,-6.055709,6.044201e-06,5.3558664,-5.6562476,1.6500333e-05,4.047225,-4.009145,0.00031697526,5.4948707,-5.5485797,1.599129e-05,2.743935,-3.1964285,0.0026241676,0.00059593574,ENST00000450304.1,-492,AGGAGGGAAGCTGAGGCTCAGAGACATCATGAGGATGCCAGCTCAAGGCCCAGCCAGGCCTTGGTCCTCAGCTGCTGTCATCCAGTAGGCTCAAGCCCAGAGGCCTCCAGGGTGTCCAGCCTCCAGGGTGCCTCCTACGCAGCCTCCACGTCCCCATCCACTGCAGCCCCTGACCATCGGGCACACCGTGGGGCCTTCGCTGGCCGCCGGGCCTCAGGTTCTGCTGCACCAAGTGATTTTTAAAGCCCCATCTGCCTTTCTCCACTTATAAAGAACTTGGGACATTTCCTCGAGGTTGGGCATTTTTCCAGATGTGGTTTCAGTGTCTCGCTTGCTACCTGGTCCCCTGTGCTGGGCGGTCCGCTGTGACGCACCTGGCAGTCCTTGCTCTAGGATGGATTCGGGCCGGCCCTTGTTCTGAGAACAGAGAACGGCCC,False
1145,-834,2.950239,-3.000473,0.002597222,3.7596788,-4.2222176,0.0003414744,7.4841485,-6.9025555,5.648509e-07,8.540604,-8.712696,3.2135652e-08,8.938262,-9.0640135,1.5195363e-08,0.0005878617,ENST00000597318.5,-834,GCTGTGATACAGATTAATTGATGGTGAATCAGCTGTTGGGAAAACAAGCTCAGGGCTCCCACTGATTGTACATTATGACCAAGTGTGTTGGGGACTTGAGATGCGTACATGAGTGTGATGTTTCCTGCTGAAAGCACAGGTGAGACGTGGTCTTGTAACACAGTGGTTAAGAATGTGACTTTGGAGCCAGCCTGCTAGGGGCTGAATTCTGACTCAGCCATTTACTAACTGTGTGACCTTAGGGAGGAGGACCTGGTTGATAGAAGAATTTATCTCGTAGTCTTAACATCCACTGTAATTCCAAACTTTGAGGACGATAGAGATCAGTGGGCTTTGACTGCCCAGCATGCAGTCTCCATTCTTAGGTGGGTTCCCAAGCCTGTAAAATGTAAGCCTTATGCTGCTGAGGGCCATCTTGCCACCCTGAGGGAAACGCTGCCTGAGAATGAAACAAGCATAAGTAAAAGCTGAGCTGTGAGATGGAGCAAGATGAAGGCCACATGACATCTTTGGAGCACCTGGATCTAACTGTGCCTTAAGCTAGTCTAACCCTGAACATTTCATCATTTCATTGACATGAGCCCAGGTTTTCTTTTTTT,False
1146,-852,2.9450004,-2.999342,0.0026137747,3.8484035,-4.310036,0.00028622683,7.6631317,-7.0744905,3.9767824e-07,8.619425,-8.7760935,2.7875457e-08,8.549921,-8.678201,3.2955004e-08,0.0005800921,ENST00000437456.5,-852,GAACACAAAATGGCGACACGTGGTTAGCATTCGTCGCCAACGAGAAATTGGGGTCGGCCCGAAAGCTCTAGAATGCACCCCTCTTCCTCCCCGGGGCCTTCCACCTCCGCGAGTTTTATGACTTAAAAAAGCCCACAGGCTGGTCTGAAGAGGAAGACAAACATAAAGATGAAGTGCTTAATTCAAGGTCACACAATGTCGGGGATGGACCTCCAGATTTCCTTACTGAGACGGAGTCTTGCTATGTTGCCCAGGCTGGTCTTGAACTCCTCACCTCAAGCGATCCTCCCGTCTTGGCCTCCCAAGTGTCAGGATTACGGGCATGTGCTATCACACCCAACCTGATACATTGCCTTTATAAATTTTTTTTTCTTTATTCTAAAAACCAGAAAAAACAAAACTGGATACATGTGCAGAACATGCAGACCAAGTGTGTTGGGGACTTGAGATGCGTACATGAGTGTGATGTTTCCTGCTGAAAGCACAGGTGAGACGTGGTCTTGTAACACAGTGGTTAAGAATGTGACTTTGGAGCCAGCCTGCTAGGGGCTGAATTCTGACTCAGCCATTTACTAACTGTGTG,False
1147,-1477,4.0164566,-4.2970557,0.00024512116,9.4426775,-9.534711,5.7309277e-09,7.7446113,-7.548648,2.2815082e-07,3.0171719,-3.1046,0.0021897587,3.7871337,-3.991473,0.00041842,0.00057070673,ENST00000502082.5,-1477,TGAACCACCCCAGGCCCTTTGCACCTGCTATTCCCTCTCCTCAGCATGCTCTGCCCCAGACAATTGCAATGCTAACTTCTTACTTCCTTCAGGTTTCACTCAGAAATGACTTTCTCAGTGGGGTCTCCCATGACCATTTTATTTAAGATTTCAACTACTTTGCCAGTATTTCACTTCTCCTCCCTTGATCTTTTCTTCCAAGCACTCACTGCCCTCTTGCACACTGTATCTTTTACTTATTTATCTTGTTCAGTTTCTGCCTGCCTCACCTGCCTCACCACAGTGTACATTTCACGAGGGCAGGGATTTTGTCTGTTTTGTTGATTGCTGTAGCCCTGGCATCTTGGGCAGTGCCAGCACCTGTTAGCATTAAATACATATTTACTGAATGAATGAGTGGCTTCATGCTTAAAAGCAAGAAGAGAGACCTTCATAGAGAAGTAGGAAAATGAATTGTTGCACAAATAAAGGGCCATGTAATGAGAGAGAGAGAGCAAGAGAAAGAGCAAACAATTAAGGAGCAGCAGTGGCTTCCTGCAGGGGAGACCAATGCCTTCTGTCCTCAGCGGAAACAGCTTGGCATTCTTCCAATTGATGAATGGCATGGACCAGGAGCACTAGTTATCTTCAGCTTCTGAGCATCCGAATAAATAAACATACAAATGCATAACATAAAATAAATTCAAATTACAAATGAGAAAACCAATCTAGGTTACCGGCAAGTCCTATGACTTGATGTGGAGGCCTGGAAGTGCATCCTTGAATCTTGCAATGCAGTGAGCCAAGGAGCAATGAGAGGCCACATGAATAACCGGGCCAGTGACAAGACACATGTCCTCCTCCTTGCTGGTATACACCAGAATGCCCCGCATGCAGCGAATGCTCAAAAAGTGTTGGTGGAAGTGACAGAATTCCATCACCATTAAACACAACCAGTGTTGCGGTTGACAATGGCACTGAAGCAGGTGAAAAATCCGTACAGCAGCTTCTGTCTTTGAAGAGTTTGCAGCCTCTTGAAGAGGGTTTAGAGGTTAAAAAAAGCTTTGTGCTGATGAACATGGTCACCTTGAAAGGTGTGTTGAATATGGCAGAGCCAGAAAATGCAAGGAGCTTCTTCTCTGGATCACCACTTGAAGAAGAGCCACTTGCTCCTCAGGAACCCTATTTTGGACTGACGTTGCAAGAAAGCTCAAGTAGCCTATGGAGAGGATGCAAGGCTTCCAGCTGATGCCCTCAGCCAGGCTCAGTAGCAGCCAGAACTAGCCTACCAACGAACCTGCTGATCATGTGCATAAGCCACCTTGAACGTCGATCCTCCTGCCTGGTGGAGCCATCCCAGCTGATGCCACATGAAGCAGACACAAGCTGTCCCTACTAAGCTCTGCTCAAGTTGGATATTCATGAGTGAAATAAATGACTG,False
1148,-1403,3.428752,-3.3897371,0.0010921775,2.7691474,-3.6092563,0.0016949534,8.419354,-7.8887215,8.269762e-08,9.308206,-9.511481,6.7098656e-09,8.881852,-8.978524,1.7512054e-08,0.00055744755,ENST00000414529.5,-1403,GAGGCGGGTCGGGGGAGGGCAGGGGAACGGAAGGGGTACCCGGGGAGCATCCTAAGGGAACCTCTTCGCTTAAAAGGGCGGCCGCTGAAGTGGCTCTGAGAACAAAGGAGTTAACACTCGGACTCCACAGCCTGCGTCCCCGCCCGGTCAGCATCGCAGGTGTTACCCAAACTCTGACGGTCCCTTTAAGAACTCACCCGGAGTCGCGCCCTCCGAAGCTGAGCCGCCCTCGGCCAGCGCTGCAGGCCCCAGCTTATAAATCTATGAAGGTGTCCAGGTCCTGCCAGACTCCGCTGCATCTTTTGCTTTCACTCCAGCAGGGTAGCAGCATGCTGCCTGTGCCAAGGCAATCACTAAAAGGAAAGGATTTAATGCTGTCAAAAAAGCTTATGCCAGCTTAGGCTGCAGGAAGAGGAACAGTGTCAAGTATGTTGAAAGTGGACATATTGGTCAGACCTCCATGAGAGCCTAGGGGGCATTGCTTAGCAGCACGCTTTTA,False
1149,-1365,6.843009,-7.047963,9.2731443e-07,3.7702732,-3.8969302,0.00046770574,9.583019,-9.708008,4.188065e-09,3.8794138,-4.2533298,0.0002936748,3.0446033,-3.1816857,0.0019728746,0.00054703734,ENST00000448374.5,-1365,AGAAGCGAGGCAGCCGTGAGGCGGAGGACAGGCTGGGGGATCCCAAAGGGTGCGCTCCAGCCCCCAACCCAGGCACTGGGACTCTGGTGGCACCCTGGGTGGCAGGCAAGCCTTGAAATCAAGTGCACGAGCCTTGGAAAGGAGGACCGGGAGAGTTATGGCATTTATGAATGAAGAAGAGAAAGAGAATCACTCGGATGGGAAAAGTTAACTGGATTGTTCCCACCTGCATGGATCACCGGAAGCAACTTAGCCGTCTCGCCTTGCGGCCTGGAACCCCTGGCAATTTCCGGAGCACCGGCAAGAGACTTTTGCACAGTTTCTGCTTGGAGTCTACCGACTGTCTGTCTCAGAGGTCTGGACAGCTGCTTGTTACATTTGGCTCACGCTAGCTTAAAAAAGGAATTTATGGACCTTACTGCAGAACGTCCCAATTCTTCAGGCCAAGGGTCCAGCTGTGTCTCCAGGGCTGCGTGGCTTATTGAAAAAGAGAGTGTATGGTGGATTTCAATATCTATATTCTACAAAAAATGTAAAAGGGGCAGG,False
1150,-1464,7.616106,-7.80025,2.0172584e-07,10.127315,-10.3584175,1.2681166e-09,3.233384,-2.7259023,0.0025751062,4.669843,-4.6751604,8.739342e-05,6.1459184,-6.3891897,3.598073e-06,0.0005332602,ENST00000496968.5,-1464,ACGGGAGGAGGGCACCCACCTGGTCGGTGTCACATGCTGCTTCGGCCCCAGCGTCCCCTCCAGGTCCCGGCGCCGGCCGCAGTCCCCAGAGCCGTCCCCAGCGCAGGCCCGGCCGCCCCACCCGCGGCCCGCCCCTGGCCGCCCGACGGGAGGGAGGGATCGGGTTCTCCTAGGAAGTTTCAGGTCATTCAACATTTATTCAACCAAAAATACTAAGTCAGCTCTATACAAACTAATGGAAGGATACAGCTATGCAAATATAGAACACTAAAGTGTTACATGACAGATGTATGAGCAGAACTGGGAAGAAAGGACCCTGAAAAGTTAGCTGGTTCCAAGTGACCCTCCAAGGGGAAGAGTGCTGGATTCAGAGCCCACCTCAGGGGAAGACAGGACCCTCTCCAAGATGGTTTCCCTAGAAGCTACTACCTCTCCCTGGAGGGTGGAGATATTTGCTGGTCAAAGATATTAAAGTAATTGTGAAATAAAAGAAAAAATTGTCTGATAAAACCACATCTCATAGAAACCCAA,False
1151,-836,2.9798653,-3.0351295,0.0024359133,3.9844012,-4.446075,0.00021807002,8.0465765,-7.463146,1.837439e-07,8.635835,-8.801803,2.6725777e-08,8.554392,-8.683815,3.262435e-08,0.0005308453,ENST00000429599.6,-836,GAACACAAAATGGCGACACGTGGTTAGCATTCGTCGCCAACGAGAAATTGGGGTCGGCCCGAAAGCTCTAGAATGCACCCCTCTTCCTCCCCGGGGCCTTCCACCTCCGCGAGTTTTATGACTTAAAAAAGCCCACAGGCTGGTCTGAAGGTCGGAGGCCTAATTTTAACGCGTTTTCCTCCCTTTAATTTGAAACGGGAACGCGAATGACTGTAAAATGTGGGCACAATATTTAATCTCTCGCCTTTTTAAAGCTTAATAGTGGATAATAGGGGGGCAGTATCAAGGGATAATTTGGGTCCCCACAGTACCAAAGCATTTAGAAACCTCTGTTTAATTTAAGGAATGAGATAAGTTACTGCTTTTCTAGACTTCCTAGCATGGGCTGTTGTGCTGGAGAGAACGAGAGCTACGAAGAGACTACAGTGCCTCTGACTTTTTCATAGGACAGTTGGCCGAGGAAGACAAACATAAAGATGAAGTGCTTAATTCAAGGTCACACAATGTCGGGGATGGACCTCCAGATTTCCTTACTGACCTGCATTATCTTGTGGATACCTGAGTGAATTCCACACCACCCATTTTATAGATGAAACCACTGAGACATGGAGCAATTGACTGAGTAGTCACTGCCCCACCCCTGCCTGGAGCCTCACACATGACTCGCCTCCTCTCAGTGACCACAGGTTGGTTGAGGGGTTTAACAAGGCTAAGAAGGTGAGACGTGGTCTTGTAACACAGTGGTTAAGAATGTGACTTTGGAGCCAGCCTGCTAGGGGCTGAATTCTGACTCAGCCATTTACTAACTGTGTGACCTTAGGGAGGAGGACCTGGTTGATAGAAGAATTTATCTCGTAGTCTTAACATCCACTGTAATTCCAAACTTTGAGGACGATAGAGATCAGTGGGCTTTGACTGCCCAGCATGCAGTCTCCATTCTTAGAAAGTGACCTCATTTCTTTTCCAGGTGGGTTCCCAAGCCTGTAAAATGTAAGCCTTATGCTGCTGAGGGCCATCTTGCCACCCTGAGGGAAACGCTGCCTGA,False
1152,-844,3.0102468,-3.0646703,0.0022945607,3.7763734,-4.24673,0.00032769362,7.570928,-6.986004,4.7643576e-07,8.826292,-8.982545,1.8438262e-08,8.590029,-8.717068,3.045254e-08,0.0005245559,ENST00000413791.5,-844,TTGCTGCGCAGGACCCCTTGAAAAAAAATGAGGACCCGTCTTTTTTAGGTCACAAGATTGCGCCAACCCTTACATGGTCCTTAAAAAAAAAACCTTCTGACACTGCAGTAGTGAAAATGAAGCGCACGATGGGCGGAAGCTAGGAAGACAAACATAAAGATGAAGTGCTTAATTCAAGGTCACACAATGTCGGGGATGGACCTCCAGATTTCCTTACTGACCTGCATTATCTTGTGGATACCTGAGTGAATTCCACACCACCCATTTTATAGATGAAACCACTGAGACATGGAGCAATTGACTGAGTAGTCACTGCCCCACCCCTGCCTGGAGCCTCACACATGACTCGCCTCCTCTCAGTGACCACAGGTGAGACGTGGTCTTGTAACACAGTGGTTAAGAATGTGACTTTGGAGCCAGCCTGCTAGGGGCTGAATTCTGACTCAGCCATTTACTAACTGTGTGACCTTAGTCTGTCTAGTGACTGGTGTTGTCATAAGAAGAGAGGGACACAGAGGGAAGATGGCCACATGAAGATGGAGGCAGAGATTGCAGTTATGCTGCTGCAAACTAAGGAATGGCTCTGGCCCTCCAAGGATTGCTGATAACCACCAGAAACTAGAAGAGACAAGGAAGGATTCTTCCCTAGAGCCTTCAGAGGGAGCATGGCCCTACTGACACCTGGATTTCAAACTTGTAGCTTCCTAAACTGCAAGAGAATAAATTTCTGTTGTTTTAAGCCA,False
1153,-72,4.5191307,-4.76596,9.278884e-05,9.182425,-9.505337,7.656114e-09,3.1931505,-3.1147747,0.0018184964,3.4800518,-3.7715185,0.00070855767,8.270464,-8.3905945,5.8102426e-08,0.00052398175,ENST00000449197.1,-72,CCATCTGTGCTCGTAAATCAGGAAACTGCAAAACTGTGAGAACACTCCGACGTCAATTGAGTATCTACATCTAACGTAACACTGGCTCATAGTGGGAAATCAATAAATATCACCTGAATGAACAAGAGAATGATTATACATTAAACAAACAAGAGCCTCATCTTGAAATAGATTATTCTCCCCCTAGGAGGCATCAATGCTTTGGTCACAGCTTTGGGATGGGCAAAGCAAGATATGCATGACTCTTGGCCAGTGATTCTCAACCTCGGCTGCACATTGGCATCAACTGGGGAACCTTCAAAGCTCCTGGCATGTGGGTTCCACCCTCAGAGATTGTGATGTAATGCACTGACAGTCAAATTGGGAACAACTGTAAATTGGCTCAGTTCATTCATCTTTTACTGCTGTACAGAAGATTTCATTGTATAAGTACTTCACAACTCATGTACTGATTTCTAGTTGATGAACTGTTTCAAATTTTTGTTATTTCAAGCAATTCTCTAATGAATGTTGTTGTACTTGT,False
1154,-841,3.0104144,-3.059059,0.002307056,3.8987393,-4.3671064,0.00025708514,7.7495437,-7.1664047,3.327251e-07,8.686183,-8.838797,2.4490546e-08,8.548468,-8.663222,3.3501053e-08,0.00051290635,ENST00000458698.6,-841,TGAAGCGCACGATGGGCGGAAGCTAGGAAGACAAACATAAAGATGAAGTGCTTAATTCAAGGTCACACAATGTCGGGGATGGACCTCCAGATTTCCTTACTGACCTGCATTATCTTGTGGATACCTGAGTGAATTCCACACCACCCATTTTATAGATGAAACCACTGAGACATGGAGCAATTGACTGAGTAGTCACTGCCCCACCCCTGCCTGGAGCCTCACACATGACTCGCCTCCTCTCAGTGACCACAGGTGAGACGTGGTCTTGTAACACAGTGGTTAAGAATGTGACTTTGGAGCCAGCCTGCTAGGGGCTGAATTCTGACTCAGCCATTTACTAACTGTGTGACCTTAGTTCCCTGAGCACATGCTGTTGAGTAATCCTGCCTGGACCAGTACTTCCCTCACCCTAGACTTCACCTTCAGTTCCCCTTTATACCACCTGCTGAAGCTGCCAGCCAGCCTTTTCGACCACCCTCCCTCCCCCAGGGGTGTTTGGCTTCTCAGACCCCAGCCTGAGCTAGTGCCCTTGGCTTCCTAGGGTCTTGCCAGGAAAGCAAAGGAGAACATGCATACCGCCAAAGAGTACCTAATAATAAGAACTCCCATCCTGAATTGTGATTTATAGTCAGCATAGCACATGTGTCAGGTGATTATACTTAGGCTGATTTTAGCCTTAATAATCTGCTTCTGTGATCCTGTATGTGGGAAGCCTAGAAATTTCTCTGTGATCCTCCTTCCTGGATCACTAAGAGACAAGTCAAGACATAGGTCCATTCTACCACCTGTGTTAATCTGGGCCTTGTTGAGACCATTTAAAGAAAGGCGTGATGCTAGAAGTAAGGTCCAGGCCTCCTGCACACTGTTTCAAGGCTGTGACCATAGTCAGATCCTGTTGCTTGAGTCCAAAGAGTTTAAAATAGTGTTGGAAACCTCCTAGGGAAAAAACAAAAAACAAAACACCACATCTTCCTGGGTAAGGAAGTGACATGTGCTGACTAGAGCAGGAGGGGTAGCCAAGGCTCCAAGTTCTATTCTGGACCTGTTGTTGATTTGAGGTGTGACATTCAGCAATCTGAGCTGATGTTCTGTAGCTCTGATTGGTTTCTCATCTTCTGCAGAGAGAGTGAAAGAGGCTGTGCTTGCAGGGGAAAAGGTGAACACTGGTCTCCTGTCCTTTAGGAGAGCTTCACCATTACACGTCCTGCCTCTCATTTGAATTTCCAGGCTTTTTTAGAGTCTCGCTCTATTGCCCAGATTGGAGTGCAGTGGTGTGATCTCGGCTCACTGCAACCTCTGCCTCTGGGTTTAAGCGATTCTCTCACCTCAGCCTCCCAAGTAGCTGGAATTATAGGTGCGTGCCACCATGCCTGGCTAATTTTTGTGTTTTTAGTAGAGACAGGGTTTCACCATGTTGGCCAGGCTAGTCTCGAACTCCTGACCTCAAGTGATCCACCCACCTCGGCCTCCCAACCAGGCTTTTTTAAATGCAGAAACCGCCCGCCCCCAGAGTTAATATGGAAACCCAGCAATGTTGTTTATGTTTTACTTGAATTCGTTTCATCAGAATTGCATTCCTTTTAACAGTGTGATTAGATCAGCTCTTAGAGGGGATGGCAGCTTCAGTAGGGTTTAGGAAAGGAAAGGAATATTTGTGTGGGGCACACACTTTGGCTTTGATAGCTTGAGGATACCAGGTACATGATAATTTAGATGGATAACAGAAACTTGTGTCCCTTGAGAGCCAGGCATGTATTAGATGCTTTCATACATTATTTAATTGTAATACAAACCAATAAAGTATTCCCATTTTTTGCACATGGGCAAGCTGAAAGTCAAAGAAGTTATGTAACTTGCCCAAGGTCACACAGCTAATAAAAAGGCTGAGCTAGG,False
1155,-847,3.0119672,-3.0663993,0.0022866772,4.002373,-4.466002,0.00020996176,7.7634063,-7.1752443,3.252569e-07,8.762518,-8.919887,2.0923277e-08,8.760403,-8.87734,2.1878904e-08,0.0004994014,ENST00000442040.5,-847,AACACAAAATGGCGACACGTGGTTAGCATTCGTCGCCAACGAGAAATTGGGGTCGGCCCGAAAGCTCTAGAATGCACCCCTCTTCCTCCCCGGGGCCTTCCACCTCCGCGAGTTTTATGACTTAAAAAAGCCCACAGGCTGGTCTGAAGGTCGGAGGCCTAATTTTAACGCGTTTTCCTCCCTTTAATTTGAAACGGGAACGCGAATGACTGTAAAATGTGGGCACAATATTTAATCTCTCGCCTTTTTAAAGCTTAATAGTGGATAATAGGGGGGCAGTATCAAGGGATAATTTGGGTCCCCACAGTACCAAAGCATTTAGAAACCTCTGTTTAATTTAAGGAATGAGATAAGTTACTGCTTTTCTAGACTTCCTAGCATGGGCTGTTGTGCTGGAGAGAACGAGAGCTACGAAGAGACTACAGTGCCTCTGACTTTTTCATAGGACAGTTGGCCGAGGAAGACAAACATAAAGATGAAGTGCTTAATTCAAGGTCACACAATGTCGGGGATGGACCTCCAGATTTCCTTACTGGTGAGACGTGGTCTTGTAACACAGTGGTTAAGAATGTGACTTTGGAGCCAGCCTGCTAGGGGCTGAATTCTGACTCAGCCATTTACTAACTGTGTGACCTTAGGCTGGAGTGCAATGGCATGATCTCGGCTCATCACAACCTCTGCTTCCTGGGTTCAAGCGATTCTCCTGCCTCAGCCTCCCGAGTACCTGGGACTACAGGCACTCGCCACCATGCCCGGCTGATTTTTGTATTTTTAATAGAGATGGTTTCACTATGTTGGCCAGGCTGGTCTCGAACTCCTGACCTTGTGATCTGCCCACCTCAGCCTCGAAAAGTGCTGGGATTACAGGCGTGAGCCACTGCGCCCAGCCTTGTATTTTTTTTCAGTTTGGGTAGCTGTCCCTAATTCATTTGTTAAAGGAGAAGCAAGAGCAAGAACCTTTAATCTGTTCTCCTCTTCCCTAATTTGAAAGTAGCTTGTTATTTTGAATATCACTTTCTCTGAAATAGCACATCTCCATCTCAGAGAATGGATTTAATGTTTGGATACAGCCAAAAGTCATTTCATTACCAAACCATGGGGTGAATATACC,False
1156,-303,3.0472517,-3.099819,0.0021351716,3.7475457,-4.20295,0.00035236316,7.946696,-7.3615046,2.2476709e-07,8.963204,-9.120403,1.4008427e-08,8.546542,-8.666752,3.3447293e-08,0.00049756136,ENST00000601395.1,-303,TTTTTTTTTTTTTTTTTTTGATACGGAGTCTCACTCTGTCACCCAGGCTGGAGTGCAATGGCACAATCTCGGCTCACTGCAGCCTCCGCCTCCCGGGTTCAAGCGATTCTCCTGCCTCAGCCTCCTACAGGCGTGCGCCACTGTGCCCAGCTAATTTTTGTATTTTATTTTTTTAGTAGAGACAGGATTTTGCACTGTTAGGCTGGTCTCGACCTACTGACCTCATGATCGCCCGCCTTGACCTCCCAAAGTGGTGGGATTACAGGCGTGAGCCACCACTTCCAGCCAAGTAGGACATTTCTTTGAGTGATTTTCTTAGAAGGGGGGCATGAGTGGTACTTTCAAAGTCTTTTTATGTCCAATTTCTTTTTAACCTTCGTGTATGAATGATATTGTGGTTAGGTTTAGAATTCTTGGAATACTAGTCCTAGTCTCGACAAAGTCTAAGTAGCTTTCCAGTGTTTTGAGTTTCTGGTGATACAGATGAGAAGTCCAATGGGATTTTTTTTCCTTGTGAGACGTGGTCTTGTAACACAGTGGTTAAGAATGTGACTTTGGAGCCAGCCTGCTAGGGGCTGAATTCTGACTCAGCCATTTACTAACTGTGTGACCTT,False
1157,-1305,9.983597,-10.074722,1.9443869e-09,3.1593719,-3.4124088,0.0013973481,8.132768,-7.9359913,1.0505729e-07,4.8380437,-4.844953,6.233054e-05,3.499978,-3.3876345,0.0010193072,0.00049581856,ENST00000412946.6,-1305,GCGTGGGAGGAGGCCAACTCTCGGGGCGCTCCCTAGCCCTGGGTGGGTGGAGCGGGGGAAGCGGAGTACGTTGGACCCGGCTCCGCCCTACCCCACGGGGCCGCCTGGAGAGGTGCTGGGAGCTGGGTGGAGCTTAGAGGAATTAAACTTTGGCCCTGCGCCTCGTCCAGCCTAGGTTCCACCCTTTTCTGGGAACGTGAGTATCAACCAAGAATGAATCTCGCTGTGTTGTCCAGGCTGGAGTGCAGTGGCACCATCTCGGCTCACTGCAACCTCTGGCTCCCAGGTTCAAGCGATTCTCCTGCCTCAGCCCCCTGAGTAGCTGGGATTACAGGCACGCGCCACCACTCCCAGCAGGAAACTGCTCAACAGTCACATCTTGAAAGTAACTTGAGGCAACTGCAGGAGGGCTGCATGGCGGGAAAGAAATTGCTGAAAACAGGCTGGGTGAGCTGGCTCGTACCTGTGATCCCAACACTTTGGGAAGTGAAGTTGGGCGGATCACTTGAGGGTCTTACTCTGTGACCCACGCTGGAGTGCAATGGCACCATCACGACTTACTGAAGCCTCCACTTCCCGGGCTCAAGTGATTCTCACACCTCAGCCTCCTGAGTAGCTGAGACCACAGAGACGGGGTTTTGCCATGTTGCCCAGGCTGGTCTCCAGCTCCTAAACTCAAGTGACCTACCTGCCTTGGCCTCCCAAAGTGCTGGGATTACAGGCGTGAGACACCGCGCCCGGCCC,False
1158,-1397,7.5718,-7.6945457,2.3437435e-07,6.782927,-6.7748437,1.2940004e-06,3.0546734,-2.9808252,0.002386594,4.557371,-4.7976503,8.6522334e-05,6.1102424,-6.2311726,4.3670634e-06,0.0004958023,ENST00000466893.5,-1397,GTGAGGTGTAGTCGCGGCAACCAGGAGGTGCACCCACCACTAGAATTTGAACATCCTAAGAACAGGTATTTTTGTCTCTGCTTTGCTGATGTATCCTCAGCAACCGGAACTGCCTGACATGTCTGTGATAGCTGCCCTTCTCATTATATTGCCCACAGCTGATCCTTTCTGTGAGACACCAGGCTGTTGAGGAAGAATCTATGGCAACATTGTATCTATTAATATACAGCTTCTGTATTTATCAGGCAATGGTGCAAGACCCACTCGAGCACGCTCAGCTATCATATGGAAAAAACAAAAACACCACATTTGCCTTATTATACACACAGAACCAACAGCTCTTTCTGAGATTTGCTTGATGAATAACATATCCTCCTGGCTTCCCTTTCTAAGACTTATCTATATTTTTAAACAAGCTAAAGTGTTATCAGCTGAGGCAGAATGTAAAATGAAATTTTGCTGCACATACCCAGAAGGACACAGGCATTGTAGGAATACAGTTTTACTGTGGGAGAGATTTTTACAGCAGATCAATAACAGAATACTTTATATGGACACAACAGAGGATTTTAGATAACTTTTGACTCTAGTTTGTTATTCCTACAATTATACCAACATATACTTTGTCCTTTTACCAACCCCTTTCTCCATGTCTTTCTGCTCATGATGGTCTTAGAAAAGAGTGGCCTTTTTCATTAGAGATAAATCTCCCAAATGATCACCCATGTCTATGCCTACAGCACACAGACAGCATCCTCTGCAATGTCCTTAGCTATTTATACAAAGGTCACCACCAATCAACAGTGCCTTGATCTCAATAGCC,False
1159,-1121,7.6447687,-7.9707823,1.6529219e-07,5.242446,-5.6907926,1.7854465e-05,7.5035644,-6.886324,5.630545e-07,6.0852294,-6.200351,4.617832e-06,2.8668017,-3.1470246,0.0024387538,0.0004923909,ENST00000579024.5,-1121,CTAGACAGAGCAGGTTGCAGGAATTTAGCCAATTCAGAGGTCTTGTTCTCCATAATTTGGAATTTTCCTTCGGATTTGATCAAGTTGGATAGAGTTGGTCAAACCCAATGGGAAAAAGATGAAAACAACAAGAAACAGAAACAAACAGCAACAACAACAACAACAAAAACAAAGCAGGAAAAAACTGAAACTCATCTTCCCTGCTGGAAACGAGCTCAAACTCCAGAAAGGAGTTACCTGCCTTCCATCATCATGGACGCAGGAAAATTTGCCTTCCTTGTTGGAAGCAAGTAAAACTCCAAAAAAGGAGTTGCACAGCAAAATAAACTTCAGATCTCAAC,False
1160,-274,6.3739443,-6.8217225,1.8586333e-06,6.886347,-6.717012,1.2363336e-06,2.9319847,-3.0903947,0.0024180342,8.986914,-9.238164,1.216043e-08,11.617836,-11.705326,7.428129e-11,0.00048422828,ENST00000595395.1,-274,AGCAGAACTTGGACTGAGTCCTGCAGGACACAGATGTAGTTTCACTCTTCTTGCCCAGGCTGGAGTGTAATGGTGCGATCTTGGCTCGCTGCAATCTCTGTCTCCCAGGTTTAAGTGATTCTCCTGCCTCAGCCTCCTGAGTAGTTGAGATTACAGATCAGTAACCCTGTACAGGGACTGTGTTCACAGGATATAAGGCAAAAAAAATCCATCTTCTCATAAGAGCTTTAGAGACTCTTAGGCTTCTTTACTAGGACAGCTGAGCTCTAAAGCATGTGAACTTCACCCACCACAACTGTTTGCTCCATCTCAAGCTCAGAACCCTGCCCTGTCTGCCTAACCACAAGTATCCAACCCAGTATCTACAAATAAATGCTTCACTCATCTACTCCTTTCATGAAACATTGCAAATCTTTTTCTTACTAGTGCTTGGGCTTGCTTTTTTTTTTTTTTTTTTTTCTTTGCAAGGAAACATATAGATGAGCCTCAAGAGATTTAGAAATCTTTTCAGAGTAACCAGCTGAATGTCAGAAAGTCATATTTGGAGGCCAATCTAGTTAGATTAGATAAATAGTTTTTAATTTTAACAAACTGTCTTC,False
1161,-846,3.0690536,-3.1204207,0.0020467073,3.818767,-4.2822795,0.00030312972,7.7271876,-7.140356,3.4922672e-07,8.786429,-8.938558,2.0050996e-08,8.708619,-8.819674,2.4409495e-08,0.00047004613,ENST00000439670.6,-846,CTTTTTTGCCGGTTCTTCCCGCTGAGGAAGTGTCGCTCAAGACGCTGGCCTATGAGTTGTGATTTCTGCCTTTTCCCCTTCCTCCTTGGGCTAAGCCAGACCAGAAAGGGCCCCGTGCGCAACGTGCTTCACAATCTCTCAGGGAAAGCGGCTAACGTGGCGCTACTCCGCCTCCCCTGTTCCTTACCCTTGGGGCGGCCGCCATGTTTCCTGAACACAAAATGGCGACACGTGAGGAAGACAAACATAAAGATGAAGTGCTTAATTCAAGGTCACACAATGTCGGGGATGGACCTCCAGATTTCCTTACTGGAAAACAAGCTCAGGGCTCCCACTGATTGTACATTATGAGACGGAGTCTTGCTATGTTGCCCAGGCTGGTCTTGAACTCCTCACCTCAAGCGATCCTCCCGTCTTGGCCTCCCAAGTGTCAGGATTACGGGCATGTGCTATCACACCCAACCTGATACATTGCCTTTATAAATTTTTTTTTCTTTATTCTAAAAACCAGAAAAAACAAAACTGGATACATGTGCAGAACATGCAGGTTTGTTACATAGCTGTACGTGTGCCATGGTGGTTTGCTGCACCTATTGACCTATCCTGGTAAATTTTTGAAGGCAGGAGGCATCTCTTATATCCTGTAGTGATGAGCATAATACGAGTTGTTCAATAAATACACATTTGGCAAAGATGAGAGAGGTGGAGAGAGAAAGAGGTTCCTCTGCTGAAGAAGTGTGATTACTTTTGGGTTTTGTCTACCTCATGTGGTACCCATTTCTAGCAGGGAATTTCTTCCACTTGCAGACCAAGTGTGTTGGGGACTTGAGATGCGTACATGAGTGTGATGTTTCCTGCTGAAAGCACAGGTGAGACGTGGTCTTGTAACACAGTGGTTAAGAATGTGACTTTGGAGCCAGCCTGCTAGGGGCTGAATTCTGACTCAGCCATTTACTAACTGTGTGACCTTAGGCTGGAGTGCAATGGCATGATCTCGGCTCATCACAACCTCTGCTTCCTGGGTTCAAGCGATTCTCCTGCCTCAGCCTCCCGAGTACCTGGGACTACAGGCACTCGCCACCATGCCCGGCTGATTTTTGTATTTTTAATAGAGATGGTTTCACTATGTTGGCCAGGCTGGTCTCGAACTCCTGACCTTGTGATCTGCCCACCTCAGCCTCGAAAAGTGCTGGGATTACAGGCGTGAGCCACTGCGCCCAGCCTTGTATTTTTTTTCAGTTTGGGTAGCTGTCCCTAATTCATTTGTTAAAGGAGAAGCAAGAGCAAGAACCTTTAATCTGTTCTCCTCTTCCCTAATTTGAAAGTAGCTTGTTATTTTGAATATCACTTTCTCTGAAATAGCACATCTCCATCTCAGAGAATGGATTTAATGTTTGGATACAGCCAAAAGTCATTTCATTACCAAACCATGGGGTGAATATACCATGTAAAGCAGTTTGGGATCAGAACTCACAGTCTGAATTGTAAGTGATGAGACTGCTGTCTCTCTGCTACAGCTTCTTGGCTGGCTCTGAAGGCTCTTTGAAGGCAGATCCTAACAAGGGGACTGCTTTGAAGGGCCATTGTTCATTTGGAATGATAAAGTCTATGTTGTTCAAAAAACAAATGCTTGTAGCAGGTATTTTTTCACTCCAGACTGAGAATATTGGTGGGATATTGATAAGGGGTACTGAATGGTAATAAACATGTGCTCTAGCTCTGTGCTAGTCAGCTTATTTCAGAACTCTAGTTTGATTCAGTTTCTTGCCTCTGACTCAAAATGGAGGGAGAGTGATTTTTACATAAGAGAACACACCCACATATCCTTTTGGCAGCAGCTACCTGCCAGAGATGTTGAAGAAGAGTAGCCAACCTTTACACAGCAGATATTGTGTGCCAGTCATAGTCCTAAGTATAATACCTTACATGTATAAACTTCTTATAAGGTTGGTGCTCTGTACCGAATTGAATAGTATCCCCCAAAATTCATGTTGTCCCAGAACCTATGAAAGTGATCTTACTTGAGGGAGGGGGGAGGGGGGAGGGATAGCATTAGGAGATATACCTAATGCTAAATGACGAGTTAATGGGTGTAGCACACCAGCATGGCACATGTATACATATGTAACTAACCTGCACATTGTGCACATGTACCCTAAAACTTAAAGTATAATAATAAT,False
1162,-849,3.1063397,-3.1591086,0.0018972541,3.7004657,-4.165707,0.00038335225,7.6449513,-7.052351,4.1404044e-07,8.600418,-8.749005,2.9190502e-08,8.777289,-8.892429,2.1190356e-08,0.00045621413,ENST00000596573.5,-849,GGGGCGGCGAGGCGAGGCCTGCGGAGCGGAGGAAGACAAACATAAAGATGAAGTGCTTAATTCAAGGTCACACAATGTCGGGGATGGACCTCCAGATTTCCTTACTGACCTGCATTATCTTGTGGATACCTGAGTGAATTCCACACCACCCATTTTATAGATGAAACCACTGAGACATGGAGCAATTGACTGAGTAGTCACTGCCCCACCCCTGCCTGGAGCCTCACACATGACTCGCCTCCTCTCAGTGACCACAGGTTGGTTGAGGGGTTTAACAAGGCTAAGAAGAGACGGAGTCTTGCTATGTTGCCCAGGCTGGTCTTGAACTCCTCACCTCAAGCGATCCTCCCGTCTTGGCCTCCCAAGTGTCAGGATTACGGGCATGTGCTATCACACCCAACCTGATACATTGCCTTTATAAATTTTTTTTTCTTTATTCTAAAAACCAGAAAAAACAAAACTGGATACATGTGCAGAACATGCAGGTGAGACGTGGTCTTGTAACACAGTGGTTAAGAATGTGACTTTGGAGCCAGCCTGCTAGGGGCTGAATTCTGACTCAGCCATTTACTAACTGTGTGACCTTAGGTAAGTCATTTACCTTCTTTGTCCCTCAGTTTCATCTCGGTTAAGTAGGGATAATGATAGCACCTATTTTATAGGGTTATTGTGAGGAATAAATCCAAGTAAAATGCTTAGAATAGTAACTGAAACATAGCACTCATTAGGAATGCTTTAATTTTCATTTATTTGAGTATTAAAGGTTGAATTTTC,False
1163,-113,3.0061479,-3.1252794,0.002168763,4.976811,-5.7299833,2.2391767e-05,9.337616,-8.737555,1.4127106e-08,6.015514,-6.157019,5.1705156e-06,4.791101,-4.888375,6.2550374e-05,0.00045177797,ENST00000549388.1,-113,AGGGTAGGTTTCCTAGAAAAGCAGTGTAGGGTGGCGATTTGGGAAGACGGCTCCGGTCGATATTGGGTTCCCGAGCAGCCCGTGGAGCAGTGGGAAGGATGGAACGGTCAATTGGAGGCGCCCTATACACATCGTCATCGTTACTGTGCCAAGTGGTCGAAACTAGGATAGAGGAATGAATAACTTCCGAGAAGTCACCACCAATCAAGAGCTGATTCAGAAGAGCAGAGGGACTCAGTGAAGTTCCAGAACTGGCCTGATAGCAGCCACTACATGATTAAGAAAAAAACAAGCAGCTTTGTTGTAAAAAAGATTGGCTTCATGGTTTTTATAATCATGAATTTCTCCTCCATGTTCCAATTGTCACCTGATTTTTAATCCAAGAATATCAAACTTGATGTACCCCTTTGTTTAACTGAAGGTTGCTTTCTCACTTGGTATCCCTTTCTTTCAAAATTTAACTTTCAGGAAATAAAGGTAACCAGTTTGCTATGAATGTTAACACATAGCCTTCTGGACACAATTAGAA,False
1164,-1309,9.539915,-9.6636915,4.570672e-09,3.6518536,-3.8518524,0.000550735,8.208983,-8.018085,8.967551e-08,5.4198613,-5.4568257,1.8893248e-05,3.252357,-3.1542583,0.0016478819,0.0004435209,ENST00000521507.5,-1309,GAATGAATCTCGCTGTGTTGTCCAGGCTGGAGTGCAGTGGCACCATCTCGGCTCACTGCAACCTCTGGCTCCCAGGTTCAAGCGATTCTCCTGCCTCAGCCCCCTGAGTAGCTGGGATTACAGGCACGCGCCACCACTCCCAGTTTACACCCCGCCACTCCTGAGCACCGCACACCGGCTTCCTCCCAGTCCCTCATCTGAGAACTCATGAAGCCACTTGGAATCCCTCTCTGCTTTGCCTGGCTCATTCCATGTCAATTTCAGATCTTCACTTCAGGTCAGCTCCAAGGAGGCTATCCTTGCCCATCTTCCTAAAATAGAGCTCTCAAAACCTGGCTGTTTTCCTTCAGAGCACTGGCCTCCAATTTAAATCCCAAGTAAGGTACCTGCCGTCGGCAGATTTGAGCTTTCTTCTTGGACACCTAATACCCAGAGTCCTCCAGGCTCCGGTAGATTGCAAATGACCTGCTTTCTTTCTGTTCCCGGGCGGCATCGGACCCGTCGGAGAGTAAATCCCAAGTAAGGTACCTGCCGTTGGCAGATTTGAGCTTTCTTCTTGGACACCTAATACCCACAGTCCTCCAGGCTCCGGTAGATTGCAAATGACCTGCTTTCTTTCTGTTCCCGGGTGGCATCGACCCGTCGGAGAGTAAATCCCAAGTAAG,False
1165,-80,3.4613683,-3.588807,0.00086650514,4.740071,-4.9850216,5.9761336e-05,3.6168451,-3.1766043,0.0011198396,4.4377866,-4.372222,0.00014920963,5.367969,-5.640092,1.6567345e-05,0.00044237665,ENST00000423419.1,-80,GAACAGAACAATAGTATGCTCTCAATAAATAAGGATGAACGCATGATTGAAATAGTTTAAAAATCAAGACCCGGAAAACTGAAGCTTAAAAAGGAAGAGAAGGACATCAGAAAGTTGATGGGTCATCTCAGGCTGGCTGCATGCCTCAGCTGAAGATCCCAGCTCCTGTCAATGCCACCTCTCTGCTTGACTGTCTCCTTCCAGATTCGAGCAGGTATGAGCTGGGAAGAATGAAGGCAGGGCATGCCCGTGTGCCAGCTCTGCACAGCTGGATAGCTGAGGAAAGATGTGGAGGAGAAGCCGGGGATTGTGTGGAAGTCTAAGGGTGTTGTTTGCCCTTTGGGTTCCAGAAGATGCATGCCAGGACCCTGGGTGGCACTGCCAGGAAGCAACAGAGAGGAGATAAAACTCACAGCAGACAGACTTGCCTTAACAACAACTCCCTTGAATTAAAACACGCTTTTCAAGAAAA,False
1166,-1069,5.759136,-6.1821575,6.5156714e-06,7.2025385,-7.0400243,6.524288e-07,3.0185912,-3.1357207,0.0021197987,7.7488227,-7.9607253,1.5046308e-07,8.12365,-8.224719,7.943159e-08,0.00042543933,ENST00000502390.5,-1069,CTTCCTCCTGCTACTGCCATGTGAGATACCTGCCCCTACTTTGCCTTCTTCCATGATTGGAAGCTTCCTGAGGCCACCCCAGAGTCAGAAGCCGCTATGCTTCCTGGACAGCTTGCAGAACCGTGGATGAAATCAAGGCTTGCTGCTGACAAAATATAAATCATGCCATATGATGCCAATTCTAAAATGCCATTAATTCTCCTCCATTAACCCCTGCAGAGTATTCACTGACTGCTGAAACTAGAGCATCACTGAGAAGCAAGAGATAGACTGACCTAACTAGAGGGAGAGCTGCCATCCAGGATGATGCCACCATCACAGGAGGTGAGAAGGAACACAGCATCTTCTGCAAATGCTACAGTAAATAGGGACGGGGTGCAGCAATGTGAGGAAAGTGGAATGAACTTGGACTTTGAAGGCAAACTAACCTGGAATCAAATACTGGCTCTGCTGTTTGCAAGTGTGATCTTTGGGTATGCTTCCTAATCTGTGAGCTTCAACTTCCTCCTCTGTAAACCAAGATCAAAGACAAACAGGGAAACCTACTTGTCTGGTGCCCATCCCCTTGGCAGAACACTCCTCTGAAGGATGACAGTTTGGCTGTGCCAGGGCAGAGCTGCCGACACCAAATGAGCCTTCATAGCAACTATCTGATGAGGAACTCACTGGCCTACCTTTCCTTGACAGCTGGGGCCTGCCAGCCTTGAAGCATGACTCCACAACGCCCCTACCCAAGGCCATGGAGGTTGCTGCTGATGAGCAAGCTGTTTTATATTTAATCCAGGTTTCTGCTTGGAGAGGAAGAAGGTAGAGGAGCCAGCGAAGGTTTGTCTGAATGATACTTGCAGAAAAAACACTGGTAACAGTCACAAAACTTTGAAAATTAAAGTGCCAGCGAGGTGGCTTTTGGTGGCCAGATGAAAGCTGTTAACCCCAGCTTTTACAAATGCTGGGCTTTGAGTAAGAGGAGAGTGTCTTTCTGGAAAAGTTTGAGACCTCTTACTATTGTAGCAGCAAAAGCATCCACGGCTAGTGTTTTCCAAGCTCACTGCTACTTGTTGCAGTCTAGCAGTGTTGTGTCTCCTGAAATTCCTACCTTTCTTGATGGATGTAAAAGAAGTACCAATTTATTAAGCTCCTAGTATGTGCCAGATGCTCCATATATGTTACTTTTGATCTTCAGAACCACTCAGCAACTTACTGCTTCTCCTCACTCCCAATTACATAGATGATGAAATTGAAGCAGAGTAGTTTGTCTAGGATTACAGAGCTAGGAGGGACCAGAGTTGGGATTCTCCCTCAGTTCTAATACACAGTATGCTACATTTCCTGTCGAGTAGTAACAAAGCTTCTAAGAAATCTGAGTTTTCATTTGTTAAAACTGAATTTTTAAGAAATGTAGACAGGAGCACTAAGTACTCTATAGTTTAACGTTAATAATGGTACAAGTATATAACCAGTTTCTCATGCACTGGCATAACATACTTCAGAGGGTACACCAGGGCTGGATGAATATCTGAACCCAAAAATATCTGAGACAGGTCTCAGTTAACTTAGAAAGTTTATTTTTCCAATTTTGAGGACATGCACCCATGACACAGCCTCAGGTGGTCCTGACGACATGTGCCCAAGGTAGTTAGGGCAAAGCTTTTTTTTATACACTTTAGAGAGACAGGAGATATCAATCAATATATGTAAGATGTACATTGGTTATGTCCAGAAAGACAGGACAACTAAAGCAGGGAGGGGGCTTCCAGGTCTTATGTAGGTGAGAGATAAATGGTTGCATTCCTTTGAGTTTCTGACTAGCTTTTCCAAAGGAGGCAATCAAATATGCATTTATCTCAGTGAGCAGAGGGGTGACTTTGAATAGAATGGGAGGCAGGTTTGCCCTAAACAGTTCCCAGCTTGACTTTTCCGTTTAGCTTAGTGATGTTGGGGCCCTGAGATTTATTTTCCTTTCACACTTCTTCCATTTTCTTTTTAAAAATCTTTTGAAGAAAGCATTTTAGAAGAAAATGAGTCTCTGCTCTCATGGCTAGGATAGTTTATTCCTACAGGGGTAGGTCCCAAGTTATTAGGAAAGCTCATTTTTAGCAGATTGAGAAGTCTCATGTCCTGTGAAGAGACAATAGTAGGAGGAAGGGAGAAAAACAACAAACAAGAGAACAATCCTAGAAAATCTATATAGACCACATTACTTTGAAGTCCATACATCAGTAGGTAGGTATGAAAGTGGCTTATGTACCTAAATAGTTTGCTTTTATTTTCTTCTGAAGTTTAAGTTGTCTAGATTCAGTTTGCAGGACTTTAGAAAGTACAGCTTAGTTTTCAATTATTTCGAATTAGGAAAAATGGGGTGAGGGGAAGGAAAAGAAGGAAAAAAATTGAAAACATTATTTTGGAGACTTGTAGCCAGGAAAAATTAGAATTCAGTCTAAACTGTAGAAAATAATAAAAATAGAAAAACATTAGGCAAGACTAAAATCTAACAACAGGTGCACTATAGTTTTTGAAACGTATTTTTTCTCTCTCCAGTTTCCCATTTTCACTAAAAACAAATCATAGAAGAACCAATTTGCTTTATTATACTTGGCCAGATTATTTGTATGAAGTGAAGCAAGAATAATTATTTTTCACATAGGCTTTTAAAATTAGCTTTGATGGACTTCTTCCATAGAAGGAATCTCACATAAGCCTTTTTTAAAGCCAAGCCCAGCCACAGATTTGTACCATCAAATACCTATGAGTTGGGTGAATTATTCTCCTTTTGAGTTCCAACATAACTTAGGGCTCTTGGGCCTGTCAGAAAGTGACATTCTTTACTTACCACAGGTCAGGAACACCGTTCAGGGACTGTGCAGACAAGGTATGAGGCCAGTTTCCCCAAGGGGTTTTTATTGGCTCTATAAATCAAGTTTAATACCTTAAAGGAAAGCACACCATTCCAGCCAAAGACTCAGTAAAATAACCAGTTTCTCCAATTGTGTCCTGTTACAAATAAAAACAGATTCTTATTTCACTTATGCAAATAACTATATTGCCGTAAGTCACGAATACTTACAAGTAGTTTCCAAATTTTGGAGAAATCAGGTAGAGAGAAACAAATAAGCTCCAAATTTCGTTCATAGGAGTATACTTGTTAAAAGCTGTCAATAGCTCAAAAGAAAAGTTTCCTTGACTCTGAAAAACAAAACAAAGGATCAGCAACGTTTTGTGCAAAAAGTCAAAAAGACTACTTCAGTCTTCTACTGGTTCAGTCCATGCAGTTAATTTCTGTTCTGCTTGATATTCGTGAACATTTCAGCTCTCCGTAAGTCCTGAAAGTTTTTCCTCTTTTCTAATGTCACAATCTCCAAAGTTATCAGAAAACTGCATTCAAGAACACATGTTAAGAGTTTTATAGCTGATTATAAAACTACCTTCAAAAGAGGAACAAAACAAGACAACAATTGTCCATGGATGACAAAAAATTTTAGGGCAGCCATAGTCAAAGACACAGTTGACAAGAAAATTTGTTACCTCTGTGGCATACAATAATTTAACATAACAATTATAATTACTGATAACATACACTAAGTCATATCAGAATTTTAGGAGTTTCCTATTATTTTGGAACAGATACCAATAACACATTTATACAAATACAGCCC,False
1167,-604,5.7582674,-5.9957657,7.8575085e-06,8.360534,-8.69389,3.9206462e-08,3.130975,-3.0627215,0.0020381012,5.1305647,-5.423086,2.6097345e-05,8.183763,-8.208252,7.603944e-08,0.00041443427,ENST00000451364.5,-604,TCAAGGGTTGCCCAGGGACACTTAAGAGCCTTCGGCTTCAAGGAGGCCTCTCAAAGGACAAAGGATGAGACTGCCTGGCGGCAGAGTGCCCCCCACAATCGTAGGAACTGTGTCGCCGCGCTTCCCGTTAACTTGCCGCTAAGTTTTTCTAGAAAAGTCGCCCTTCTTGCCAGGGGTGTCCTATAGACTTTGTCATGGAGTGAAACAGAAACAAATAATGGCCTGTCCAGAAGACAGCCAAATACATCCTTCAAACAGACTTCACTGCAGGAGACAGAGTGGATTCATCCTGTATTCTCCATGTAGACTTCCATCTTCATGAGTACTCCAAGAAGATGGTTCAGTTGACTATTGCAAAGATCACCGCCAGATGCAAAAAACCACCGCTAAGCATTTTGTAAAATGCTGAGACATATTTGAGCAACTCTTGATGAAGGCCCTGACCACATTTCTTTCATGTTCTAGACAAAATACCTGGAGAGAATGGCAAGCTTCCAGGCTCTTGCTCAGCCTTTCTTCCCCCTTGTCAGTGCAGTCAGGGATAAGCATCTATTTTTAATTAATAGTATTTCTTAAGAATGAAAACACCATTCACTTTTGCAACTGTCAACTTAAGTACAGCTGCTGTTTTGAGCTATGTCTTTTATAATCGGAGTGGATTCCATACCTCTCATCCCTGGATTTTCATCTTGTGGCACTGGATGTTGAATGGCTCA,False
1168,-6,8.989116,-9.1534605,1.3206242e-08,2.8806539,-3.3145003,0.0020351384,9.376921,-9.166732,8.842894e-09,9.59541,-9.382419,5.7284035e-09,8.810025,-8.864903,2.1080261e-08,0.0004070375,ENST00000444968.1,-6,TTTATCTTTTTTGTTGTGAAACTTTAATTTTTTTTTTTTTTTGACAGTGTCTCACTTTGTTACCCAGAGCGAGACGCGAGACTCCGGCTCAAAAAAAAAAAATTTATTTGCCTGCAAATGGATTTACTTTATCCTCGTTCTTAAAGGACTTTTTTTCCCTTAGGTGTGTAAGATTTTAGGTTGACAGTATTTTGTCTCTGCACTTTGCAAACAACGTTCTGTCTCTGGGCATGGGCAGCCGTAGGGTCTGAGCAGGAGCCTTGGTTTTTGGTGCTTGTGCTCTGATGGGCTGACATGTATCCTCAGCCTGTTTAGAGTTTGAGGCCTCTTGGATCTGTGGCTTGAGGCCTTCATCATGTTTCTTCCAGTGTTGTTTCTGCCCCGTT,False
1169,-1307,9.367957,-9.490117,6.4571735e-09,3.8417726,-4.052184,0.00037285176,9.048384,-8.8368225,1.7082586e-08,4.8950257,-4.9270263,5.4239223e-05,3.3007312,-3.195686,0.0015065625,0.0003867354,ENST00000524062.5,-1307,ACGGGGCCGCCTGGAGAGGTGCTGGGAGCTGGGTGGAGCTTAGAGGAATTAAACTTTGGCCCTGCGCCTCGTCCAGCCTAGGTTCCACCCTTTTCTGGGAACAATGAATCTCGCTGTGTTGTCCAGGCTGGAGTGCAGTGGCACCATCTCGGCTCACTGCAACCTCTGGCTCCCAGGTTCAAGCGATTCTCCTGCCTCAGCCCCCTGAGTAGCTGGGATTACAGGCACGCGCCACCACTCCCAGGCTCCGGTAGATTGCAAATGACCTGCTTTCTTTCTGTTCCCGGGCGTTTGGACCCCTGTCTTGGACCGCTGTCGGATAGTAAATCCCAAGTAAGGTACCTGCCGTCGGCAGATTTGAGCTTTCTTCTTGGACACCTAATACCCAGAGTCCTCCAGGCTCCGGTAGATTGCAAATGACCTGCTTTCTTTCTGTTCCCGGGCGGCATCGGACCCGTCGGAGAGTAAATCCCAAGTAAGGTACCTGCCGTTGGCAGATTTGAGCTTTCTTCTTGGACACCTAATACCCACAGTCCTCCAGGCTCCGGTAGATTGCAAATGACCTGCTTTCTTTCTGTTCCCGGGTGGCATCGACCCGTCGGAGAGTAAATCCCAAGTAAGGTACCTGCCGTTGGCAGATTTGAGCTTTCTTCTTGGACACCTAATACCCACAGTCCTCCAGGTGAGTCCTAAGGATCTTAGGATACGCGATGGGGGTCCTAAGGCAGGGGGGGAAGAGGGGATGGCTGTCACCCAACCCAAAATGGGCGGCCTTTATGTTCAGGTTTTGCCCAAGAGTCAGCTTATTTGCTTCTTGTACTATCAGGGCAGTTGATGCCACGGCCCTCAAACATGAGGGGCCATCCTTTAGAAACCCTCTCTAGTTGTTTAGACAACTAGGCCACCGGCCTCAGCCAGGGCCCCAGAGTTTCGGTTAAAAGTCCAGCTGCCATCTTTTCTCTATCTGACGCATTCAATGGAAAAGGCTTTGTCAGATCGGGTAGCCCCAGGGCTGGGGCTGCCAGAAGTTTTTCCTTTAACTCCTGAAAGACTTTTTGTTCTTGGGATCCCCATTCCAAAGGTTCCGTTCCCCGCCCCCTTTGTGACCTCATACAAAGGCTTGGCTAATACTGCAAAGTTTGGGATCCAGTCTACAAAACCCCACAGCTCCCAAGAATTCCCTTACCTGCCTTCTGCCCTTAGGCTCCGGTAGATTGTAAATAACCTGCTTTCTTTCTGTTCCCGGGCTGCGTTCGGACCCCTGTCGGATAGTAAATCCCAAGCAAGGTACCTGCCGTCAGCAGATTTGAGCTTTCTTCTTGGACACCTAATACCCACAGTCCTCCAGGCTCCGGTAGATTGCAAATGACCTGCTTTCTTTCTGTTCCCGGGCTGCGTTCGGACCCCTGTCGGATAGTAACTCCCAAGTAAGGTACCTGCCGTCGGCAGATTGGAGCTTTCTTCTTGGAGACCTAATACCCACAGTCCTCCAGAAAAACAAACAAAGACATGGATTTACTGTGCATATTAGCAGATCCATACTGGAAAATGCATGGAGGTTTCATATACACCACTTACAGTTTTCAGCTCCTCAGTAGTGACAAAGCCATACCCATCATTGTCGATTCGATCAACAATCTTCCCTAGCCTCTCCTTGCTCTCGTCCGGGGTGAGCTCGTCGAAGTTCTTGGAGTCCTCCTTGCCCAGGAAGGCCTCGTGGTCGTACTGGAAGCTCTGGTTGTCCTCAGGGGGCCGCTCGCCCAGCTCCGAGTCGGGCCGCACCACGCGCTCTTTGCGCACCGTGGGCTTGGCCCGCAGAACCCGCGGCGCCAGCACCAGCGCCAGCAGCAGCCCCAGGGCTAACCCCAGGCGGCCACCGCGCGCCATCGTCCCGAGGAGAGGGCGGCCGGGAGGGAGACGCTGAGCGAGCGACAACAGCGGCAGCTCGGGAATGGGGGCTCGGAGCGCGGCGGCCAAGTTTTATGTTATGTATATTTTACAAGTAAAAAAATTTTTTCACCTCAGCCTGAACTGAACACTAGCTGACAGACGTTTTGATTTCTTTGACCATCACGGAATCGTGGCCAAGCGCGGTGGCTCACATCTGTAATCCCAACACTTTGGGAGGTCAAGATGGGCGGATTGCTTGAATCCAGGTGTTTGAGATCAGCCTGGGCAACATGACAAAACCCTGTTTCTAGTAAAAATACAAAAATTAACCAGGCTCAAGCCATGACCATGCACCATTGCACTCCAGCCTAGGCGACAGAGCAGGACCCTGTCTC,False
1170,-831,3.1583564,-3.1921153,0.0017428808,4.088099,-4.5355735,0.00017976643,8.341456,-7.7840977,9.925701e-08,9.2388315,-9.437749,7.742196e-09,9.952561,-10.058639,2.0381976e-09,0.0003845513,ENST00000415742.5,-831,TTCCTCCCTTTAATTTGAAACGGGAACGCGAATGACTGTAAAATAGGAAGACAAACATAAAGATGAAGTGCTTAATTCAAGGTCACACAATGTCGGGGATGGACCTCCAGATTTCCTTACTGACCTGCATTATCTTGTGGATACCTGAGTGAATTCCACACCACCCATTTTATAGATGAAACCACTGAGACATGGAGCAATTGACTGAGTAGTCACTGCCCCACCCCTGCCTGGAGCCTCACACATGACTCGCCTCCTCTCAGTGACCACAGGTTGGTTGAGGGGTTTAACAAGGCTAAGAAGGTGAGACGTGGTCTTGTAACACAGTGGTTAAGAATGTGACTTTGGAGCCAGCCTGCTAGGGGCTGAATTCTGACTCAGCCATTTACTAACTGTGTGACCTTAGGTGGAGTCTCACTCTGTAGCCCAAGCTGGAGTGGCGTGATCTCGACTCACTGCAACCTCCGCCTCCTGGGATCAAGTGATTCTCGTGCCTCAGCCTCCTGAGTAGCCGGGACTACAGTTGTCCCTTGGTGTGGGATTGCTTCCAGTACCTCTGTGTGT,False
1171,-1310,8.98054,-9.093176,1.41476795e-08,3.5615382,-3.7668834,0.00065617834,8.492511,-8.286988,5.161265e-08,4.8576117,-4.8964796,5.8053283e-05,3.415214,-3.3124893,0.0011958481,0.0003820291,ENST00000523445.5,-1310,GTTCAAGCGATTCTCCTGCCTCAGCCCCCTGAGTAGCTGGGATTACAGGCACGCGCCACCACTCCCAGCAGGAAACTGCTCAACAGTCACATCTTGAAAGTAACTTGAGGCAACTGCAGGAGGGCTGCATGGCGGGAAAGAAATTGCTGAAAACAGGCTGGGTGAGCTGGCTCGTACCTGTGATCCCAACACTTTGGGAAGTGAAGTTGGGCGGATCACTTGAGGGTCTTACTCTGTGACCCACGCTGGAGTGCAATGGCACCATCACGACTTACTGAAGCCTCCACTTCCCGGGCTCAAGTGATTCTCACACCTCAGCCTCCTGAGTAGCTGAGACCACAGGCTCCGGTAGATTGCAAATGACCTGCTTTCTTTCTGTTCCCGGGCGTTTGGACCCCTGTCTTGGACCGCTGTCGGATAGTAAATCCCAAGTAAGGTACCTGCCGTCGGCAGATTTGAGCTTTCTTCTTGGACACCTAATACCCAGAGTCCTCCAGGCTCCGGTAGATTGCAAATGACCTGCTTTCTTTCTGTTCCCGGGCGGCATCGGACCCGTCGGAGAGTAAATCCCAAGTAAGGTACCTGCCGTTGGCAGATTTGAGCTTTCTTCTTGGACACCTAATACCCACAGTCCTCCAGGCTCCGGTAGATTGCAAATGACCTGCTTTCTTTCTGTTCCCGGGTGGCATCGACCCGTCGGAGAGTAAATCCCAAGTAAGGTACCTGCCGTTGGCAGATTTGAGCTTTCTTCTTGGACACCTAATACCCACAGTCCTCCAGTAAATCCCAAGCAAGGTACCTGCCGTCAGCAGATTTGAGCTTTCTTCTTGGACACCTAATACCCACAGTCCTCCAA,False
1172,-593,11.011636,-11.4608555,1.7390843e-10,12.229785,-12.198224,2.4606536e-11,3.946944,-3.7795982,0.00044077178,3.15198,-3.3869588,0.0014439347,8.547048,-8.300951,4.819553e-08,0.000376951,ENST00000437232.5,-593,CTCCTGGAATGGGCACTGGTCCTCTTCATCATCTCAGGGATAGATTTTAAAATAGAGCATGCTTAATATACTTCAGATGTCTGCAAGGGGAACAGCAGCAAATACCACAGTCCCATGACAGCAAAGCTCCCTTTGGATGACATAGATTTATTACTTAGTAGTATATTATGTATTGGCTGTCCCACATTTTGAAATTTAATGGACTCGTGGTGATCAGAATAAAAGAAGCCTTCGATGTGAGGCCCAGGCATTGAGTACCATGTGTGCGATTCACAAGCCTTGGCATCTGAACAATTTTTTGGAAGGATCCATCAGGACAACACGTCGGGGGTGTACTAGTGAAGTGATTTTCCAAATGTGCTACTCAGACCTGTAGCATCAGCATCACCGGATAATTTGTTAGAAATTCCAACTGTTAGGCCCCACTTTAGACCAACTGAATGTGAAACTCTGGGAGTACGTGGGGCCCAGCAATTTGTGTTTTTACAAGACTTACCAGGTGATTCTGAGAACCACTGTGCTAGTGAATTGTTCCTGTCTGTGGCCACGTAGAATAAGAAAACCATAGGGTTGGAAAATGGGGAAACTGGTGAGTGTTCGCTTATGAGGAAATGAAGAATAGATAGAAAAGAATTAGTTAACTTTTGGAATTCAAAAGAGAAGCAGTTTGTAAAAGCCAGGAATTTGATTTGAAGGACTAATTGCTTGCAGAATCTTTGCTTTCTCAGAGAGGGGCAATCCAGATCACTAGGTTACCGTGAAATATGTTGGTATGGCTCTAAAATTCTAGAATAATCTCTCTAGTGAGAAAAGGCATACCTTTCCATATTAGGACAAAACTTCAAATCAGGTTTGTAAAATCCTATAAGATTATTGTATCCCATTGCCATGGCCAACTTGTTTGTCTCTGGAGATCCCAGTTTCTACATCTGAAAACCATATGCATTCCTGCTCACCAGGAATTATCTCGCTGAATGAAGCAAGAGATTCAGGATGTGTAAGAGAATTTATGAAGCATTTGGATTACCAAGAAATGTGAAGTATAAAGATCAAGAATGATTATTACAAACACTGATGGTAAAGAGGTGTTTCGAAGTCGATGCAAAAAATGAGTTGCTTATTTCAGTCTCTCTTTGATATATCTGCCTTTTTAGTGCTGACTCTATCATGTATTCACTATTTGATTTTCAGTGAATCACATTTTTTAAAGCTTTTAATCTGTTTCCTCAAAAAATATATTTTTTAAAAATATTTACTCAGGATTGTTGTGAGAATAAAATTGATTCGATTGATATTTCAAAAAAGAAATATATTTTTAAAAAATAAAGCAATACCATTTTTGGATATGCTA,False
1173,-821,3.2491512,-3.2921004,0.0014406032,3.678791,-4.112764,0.0004130392,6.782384,-6.2337675,2.2241102e-06,8.677443,-8.9050455,2.3121821e-08,8.417887,-8.519089,4.409253e-08,0.00037118676,ENST00000596259.3,-821,GGGGCGTGGAGGGTAGGGAGCCCCACTCCTTCCTGTTTATTGTCCTGCTTTGCTCCTGCAGGGTTCAGTGCGGTGTGCTTGCTTCAGGGTACACCCAGGAGACGCTAATGGGTGATAATGAGGGTGTCCCGCCCCAATACCTATACTTGTCAATAATTAACCATGATTTCCTAGGTTCTGGGAGGAGGTAGTGGCACCTGGCCTGCCCTGGCTGGTTTAGCTCATGGGGCACCTCTGGCGTAGCCATTCCAAGGTCTCTGTGTGCTTCCAGGCTGTTCTAGGGATGGGTACCTCCCAAGGCATAAGGGAACTTGAGAACTGACCTTTACCCATGTTCCTGATCCTAGCCAGAGACAGACTCCCAGACTCGGCCAGAGGCTGATGCCAACTCCTTCCAGCTCTCACGGTAACCATGAGGCCCCTGCGTGTTTCTGTTGTGGAGGTCCCAGAGGGAACTGTATGGACAGACACAGCCCGAAGGGCCATCTGCCTCAAGCCACAGCAGCACAGAATTCTAAAGATTGTGGGGAAGGATGGGGCCAAGGGGACCAGATGTGCAGAGGTAATGAATACCAGGGAATCAGGAAACCACTGGATCAGTTCTTTGAGCCACAGAACAACACTCATCCCAGCAGCTGGGAAGCTATCTGCAAAAGTCCATCTGCAGAAAGGGCTTCCTGGTCTTGCGTGTGGCTGGGCCATTTCTCTGGATGCAGGTTTTTCATTATACAGTCTTCTCAAAGAACCACCTGCTCTCAACACCTTCTCGGTGACTCCATTTCCCCTCCTCT,False
1174,-857,4.5680876,-4.8430514,8.180107e-05,3.0065594,-3.501515,0.0014891281,7.6133504,-7.0128584,4.4454717e-07,4.228656,-4.214275,0.0002153716,5.2237773,-5.398306,2.4371211e-05,0.0003622233,ENST00000413202.1,-857,ACTGACAAAACTACCGAACCATGTTCCTGGTTGAGGATACCTGAAGGTCGACATTTATCTGGGATCTTTTGCTGCTGCTTTGGTATGACTTCTATCAAGATAGCTTTCGACGAGAATAACTGGGAGATGAAACAGGAAGCTCTATGACACACTTGATCGAATATGACAGACACCGAAAATCACGACTCAGCCCCCTCCAGCACCTCTACCTGTTGCCCGCCGATCACAGCCGGAATGCAGCTGAAAGATTCCCTGGGGCCTGGTTCCAACCGCCCACTGTGGACTCTGAGGCCTCTGCATTTGCGGGTGGTCTGCCTGTGATATTTTGGTCATGGGCTGGTCTGGTCGGTTTCCCATTTGTCTGGCCAGTCTCTATGTGTCTTAATCCCTTGTCCTTCATTAAAAGCAAAACTAAAGAAAAC,False
1175,-827,3.1901593,-3.2452726,0.001601148,4.0793285,-4.5527253,0.00017826637,7.756025,-7.1696987,3.294885e-07,8.945052,-9.101657,1.453496e-08,8.692345,-8.811214,2.5020782e-08,0.0003559567,ENST00000596028.5,-827,AGAAAGGGGTTATTGAGGGAACCTACACTGTTCTAGCTGCACCCCATGCCCTTCTCAGAGGAAAGCCTGGCATTGATTAGATACTGGGCCAGACTAATACTGGCAGCAGAGCCAGTGATAGTAACCTGCCTACCAGAGGAGCCTTCCACTGGGTTGGCAATTTTGATCTGGGCCCCGGACATCTGGCGGATCTCATTAATGTTGGCGCCTTGGCGCCCGATTATGCAGCCAATTAAGTTATTTGGAATGAGGAAGACAAACATAAAGATGAAGTGCTTAATTCAAGGTCACACAATGTCGGGGATGGACCTCCAGATTTCCTTACTGACCTGCATTATCTTGTGGATACCTGAGTGAATTCCACACCACCCATTTTATAGATGAAACCACTGAGACATGGAGCAATTGACTGAGTAGTCACTGCCCCACCCCTGCCTGGAGCCTCACACATGACTCGCCTCCTCTCAGTGACCACAGGTTGGTTGAGGGGTTTAACAAGGCTAAGAAGTACTTATCCTGTATTACATGAAGGAAATGAAATAAAAAGACTGCAGCCCCACTCCCAGCTACTCAGTGAGGTGGTAGCTAGGAAAACAAGCTCAGGGCTCCCACTGATTGTACATTATGGTGAGACGTGGTCTTGTAACACAGTGGTTAAGAATGTGACTTTGGAGCCAGCCTGCTAGGGGCTGAATTCTGACTCAGCCATTTACTAACTGTGTGACCTTAGGTCACAGAATTTTCCACACTCCTTGACAGAGGTGCTTAACCCTTATCCATCAGCATTCTCAGACAGCACCTCCGGTTAGGGACAGTATCTGACCGTCCGACATCCCTGCAGCCCCCA,False
1176,-824,3.1732142,-3.2273622,0.0016578465,4.287844,-4.7648425,0.00011706236,7.867499,-7.2738514,2.6557993e-07,8.731851,-8.89833,2.2044993e-08,8.703611,-8.8393955,2.405298e-08,0.0003550441,ENST00000415222.5,-824,CCTTAAAAAAAAAACCTTCTGACACTGCAGTAGTGAAAATGAAGCGCACGATGGGCGGAAGCTAGGAAGACAAACATAAAGATGAAGTGCTTAATTCAAGGTCACACAATGTCGGGGATGGACCTCCAGATTTCCTTACTGGTGAGACGTGGTCTTGTAACACAGTGGTTAAGAATGTGACTTTGGAGCCAGCCTGCTAGGGGCTGAATTCTGACTCAGCCATTTACTAACTGTGTGACCTTAGGTCACAGAATTTTCCACACTCCTTGACAGAGGTGCTTAACCCTTATCCATCAGCATTCTCAGACAGCACCTCCGGTTAGGGACAGTATCTGACCGTCCGACATCCCTGCAGCCCCCATGTGTCACACAGACTCAGCCTCAGGTAGATGGTTTCCGTAGATGGTGGCTTTCTTTGGACCCTTGACATCAACCAGTTACTATTTGCCAGAGACAGACTCCCAGACTCGGCCAGAGGCTGATGCCAACTCCTTCCAGCTCT,False
1177,-645,6.9443865,-7.121153,7.7877775e-07,7.5914097,-7.7257304,2.2276669e-07,9.500481,-9.130409,8.104148e-09,3.154925,-3.181624,0.001767273,6.138499,-6.3080397,3.9312904e-06,0.0003544428,ENST00000545914.5,-645,GTGTGGACAGCCTACACCAAGGGAAGAGTCAGGGGAGAAGGAACACAAGACTCCGGAAGCATGCCAGCGTATAAAACCACTTGGGACAGAACTGGAGTCAGAGATACCAATTTGGGAAGGAGAAGGATCTAGTGACAGAAACTTGGGAGTGCCCAGTGGACACTTTGCCTCATTGGTTCGTGCCTCAGCTTCCAATCTGGACATGGAGCACAATAACAGTGGGCCCACTGCTCTCCGAATTCCTGCGCGCACTTGAAGGGAGTGTCTGGTGCAGGCATGCAGGGAGGAAGAATGACTCTGAGCTTGACCATTCAACTTCGAAACTTTAACATCAATGGATCAGCACACACTGGTGTACGGTCTGCTATGCATGCAGCCCTGTGCTAGGCAAAAGAAGTATCAGACCAGGAACTGACAGCCTCACTGCAACAGGAAGAGAGGCTTCACACAATAAGCGTTTCATTCAACCAGGCTGGACCTGTGCTTATTGAGTTGAACATCACTGAGCACAAAATGCAAGCCAGACACCATAAGAGCTGTAAGGATGATAAAGATGTCTTTCTACC,False
1178,-563,7.1355896,-7.447931,4.63935e-07,10.715258,-10.61376,5.4566407e-10,3.247711,-3.140135,0.001679051,8.542571,-8.635489,3.46468e-08,14.317567,-14.216524,4.0532307e-13,0.00033591004,ENST00000411721.1,-563,AGGTAGTTCCAAAATGTCTTAAAAGGAAGAGATAAAGTTAAATTAAAAGTACTGTATTGGGGCCCCAGGCAATGAATAAAATGAGTAGAAGGAAAAATATTTTTTGTTCCCTACACTGGATTGGCATACATGAAGATAGCAGAGCACTCATAATACTCCACTACAGTGAGGACACCATTAATAGCAAAATGGGAATGATGCTGTTGATTCAAAGAAAACTGAAAGTCCCTTGAAATCCTACAGCTTGTCTAGAATAGAAACTAGATAGAACAGAAACTAGATAATTTCCAAATTTTACAATAATCTCTAAAATTTATATAACATAACTGACTTTATTAATAATTTAGAAAAGTTTCTTTATATGTGAAAGTGAAAAACATTTTTTAACATAAAAACAATGCTGTATTTTAGGCAGGTAATTAATTATTTATGTTAATTTCATAAGCTTTGTAGCATTTGCCAGGCTTAAAAATTTTAATTTATTTTGATTTATTTTTCTAAATACATATTAACCTTCA,False
1179,-1308,9.112582,-9.240154,1.07030464e-08,3.8694682,-4.078855,0.00035312923,8.876239,-8.674548,2.3866573e-08,5.2196994,-5.252715,2.8305843e-05,3.37533,-3.2844045,0.0012798462,0.00033226315,ENST00000522859.5,-1308,ACGGGGCCGCCTGGAGAGGTGCTGGGAGCTGGGTGGAGCTTAGAGGAATTAAACTTTGGCCCTGCGCCTCGTCCAGCCTAGGTTCCACCCTTTTCTGGGAACGCTGGAGTGCAGTGGCACCATCTCGGCTCACTGCAACCTCTGGCTCCCAGGTTCAAGCGATTCTCCTGCCTCAGCCCCCTGAGTAGCTGGGATTACAGGCACGCGCCACCACTCCCAGTTTACACCCCGCCACTCCTGAGCACCGCACACCGGCTTCCTCCCAGTCCCTCATCTGAGAACTCATGAAGCCACTTGGAATCCCTCTCTGCTTTGCCTGGCTCATTCCATGTCAATTTCAGATCTTCACTTCAGGTCAGCTCCAAGGAGGCTATCCTTGCCCATCTTCCTAAAATAGAGCTCTCAAAACCTGGCTGTTTTCCTTCAGAGCACTGGCCTCCAATTGTAAGTAGATATTTATCTGTTTACTACGTGTCTCCATCACTAGGCGATACACTTCAGGAGGGGAGAATTTTTTGTTTTGGTTCTCTGCCATAAGAGTGCATGGTATTTACTAAGCATGAAATAAATAGTTGTTGGGGGGAAAAAGAATGAGTAAACGAATAAATGAAGTGTGGGAAACTCCTGAGGATGCAACTCTCTACCTAGCGGTGGCCAAAGCTACTGGATAAACCATGTATGTACCCATCTTTTTAACCTATGTGTGTTTTGCTAGAATGGAGTGTTCTAATTAGAAGTAAAAATTTGTTTGTTCTTTAATAGAATTTAA,False
1180,-1178,12.812219,-12.776022,7.712015e-12,4.9110427,-5.813227,2.2003876e-05,3.4060183,-3.142967,0.0014295207,4.285003,-4.3184047,0.00018344581,6.820496,-6.231489,2.145824e-06,0.00032742321,ENST00000522715.1,-1178,TCACCCAGCTGTTATGCCGCTTCTGCCTGCAAGATGAGAAAGACACCTCCCCTTCCCAGGAGAGTCTCCGAGTCTGGGCCTTGCCACTCCTCACTCAGCATCTGACCATCCCCACCTCCTGGATCTACAGGGTTCATAGAGGAGGACCCAGAAGAGGGAAAGTCAGGCTGAGGAACTTGGCCTCCCTGCTGCAAGGGAAATGACATCGGTTACCAAGGAGGTGACCAGCTATCCTTTTCCAAGACTGAAAAGCAGAAATACGGCCCTGAGGCTAGAGGGTCTAAGAGAACAATAGGAAGAATTTCCTGACAAAGGACAATGTTGCCTAAAGGACTCAGGAAGCTCTGTGAAAACAGGAGACTCCCGAGCAGAGCACCAGACCCTTCTCCACCAGGCAGTGTTTTTCCCATATGACAGGTGAGAAAACTGAGGCTGAGAGACATGTAATAACTTGCTGAAGCAGCAACCAGCACACCATATAGCTGAAATCTGTAGATCAGCAGTTAAAAGTGGTAGGGCAAGTCCTCTCTGACTTTCAGCGCTAAGAGCCTAGGATTCTGTGTTTTTCTGCTTAAGCCTGGGAATCAGAGTCCTACAAAAGCCGCGCCTAATCCTGGGGGTGTGGGCTTTAAACCCAGAGAGAAAGCATGTTATTGGAATACTCCTGCACTTTTCTCCCTTTGAATCCCACC,False
1181,-341,6.2610016,-6.6510506,2.468118e-06,4.315323,-4.5252175,0.00014472363,7.262198,-6.9603767,6.6560136e-07,3.1015723,-3.4523437,0.0014224998,6.432559,-6.5826387,2.2262323e-06,0.00031451666,ENST00000512005.1,-341,CTCCCCAGCTGGATGAGGCAGTGGCTGAAGCCCACCTGGGCAAGCTGAATGTGAAGTTGACCAAGCTAACTGAGAAGCAAGCCCAGTACCTGGGCATGTCCTGTGATGGCCCCTTCAAGCCGGATCACTACCGCTACTGAGAGCCAGCCCTGCCAAGCACCAATGGCCAGAGACCTGGGGGTTCTTGGTAAAGCTCATCCCTGTGAAGGACAGTGAACACAGATCAAGAAGTATCAGCTGGACCCCAGCATGGAGGAGCAACTGCAGACTTCAGCAGACTCATTCAGGTCAATCACTTGATGTGGCCTCTTACTGGCAACATTAGCCATGGATTTTGTACCCTTAGGAGCTATGATGAAAAAAACAACACAAGATTAAATCAAATGCGAGAGAAAATAATGTGCAAACAAGAGATGCGGTAAACATGAAATATATGAGGATACTGTGGGTATAACATGACATACTGTTTTACAGTAAA,False
1182,-786,4.6017256,-4.465094,0.000115419694,4.833579,-5.2222257,4.2933934e-05,8.850833,-8.904678,1.9448182e-08,6.5330443,-6.4374304,2.328057e-06,3.2134004,-3.37098,0.0013798769,0.0003081156,ENST00000590092.5,-786,CTACGCCGCCCGGTCGCCAGGGAGAGTGAATACAGCTAGGGACGTGAAAGGCAGAACGGGGAAGATAACCGAAGGGTGGTTTGAGAAACCCACCAGGCCAACTGGGAATTAGAATTGATTCAAAACTCCATTGATCGCCTGACCTCCATAAGCTCCTACTCTGCTGCAGTTGAGTGCTGCCACTTAAATCCTGCAGTCCCGAGATCCGGTTATAACCAATGCATTTAGATTTTTCATTTCGGTGGCAACAATCTTCATTATGCTTCTTAGAGACAAGGCCTCACTCCATTGCCCCTAGGCCAGGCCTGGTGAGTGACAGCAGCCCTGGTGCCCCAGCCTGCTAGGGCAATGTGTCACCCAGAGGCTTCAAGGCCCTTCTCACCATGGTACCCACCTCCTCGAAGCTGCCTCCCAAAGCCCTCTAGCTGCTGCTGCAGCCACAACAAGTGCCACCACCAGGGGCCTTCCAGCTGCCAGTGCAGGCTTTCCAGAGCCGGGGACTGGGGAACCTGCAGTCATCACCTCAGCAATTCTGGTGGCAGCCAGGCCAGCCAGGGCAGCGATGATGACCGTAATGAAAAGTGGGATGACAGCTCCACACTGGTGGATGAGTTGAGAACACCAGGCAGAGGCATGTACCTGGTCTTTGATGGTTCAGTGGACCTGCACTACCATTGCAGTGCAAAGTGCAAGAGTTGAAGCTTGGAAACCTTCACCTAGATTTAGGAAGATTCATGGAAAAGTCTGGATGTCCACGCAGAAGCCTGCTGCACGAGTGGAACCCTCATGGAGAATCTCTACCAGGGCAGTGTGGAGGGGAAATGTGGGGTTGGAGCCCCCACACAGAGTCCCACTGGAGGACTTCCTAGTGGAGCTATGAGAAGAGAACCACTGTCCTCCTGACATCATAATGGTAGATCCACTGGCAGCTTGCACTCTCAGCCTGAAAAAGCTACAAGTACTCAAGGCCAGCCCTTGAGAGCATCTACAGGTGCTAAACCCTGGAAAGCCACAAGTGTGGTG,False
1183,-789,6.046813,-5.9757977,6.0068105e-06,3.1580915,-3.321813,0.0015316075,9.545133,-9.5408,5.141435e-09,8.167158,-8.3431425,6.755662e-08,8.155504,-8.2854395,7.240831e-08,0.00030755188,ENST00000600643.5,-789,GGCGGGGCTTTTGTCTCTCGCTGCAGCCAGAGCTTGGGATCGCTTTCTGCTATTCAACGTCCTCCACCTCTGCCCCCCTCTCGCCCCAGCCGGTGACAGGCTGTTGCCCTGTGATCTGCAGGTCCTGGGACGTGCACAGACAGCTAAGATGCCAGGACATTCCAGAAGGTGGGAAAGGCACCTGAGTAATTTGACTCTCCTGCCTGGACCCAGCGTACAGATGGGATTGTGCTTCATTGCTGGACCCAGCATTTAGGGATCGTCACTCCCGTGGATGATCAAAGCTACTCCGGGGGCTGAGGCAGGAGAATCGCTTGAACTCGGGAAGCAGAAGTTGCAGTGAGCCAAGGTCGCACCACTGCACTCCAGCCCAGGCGACATTGTGAGACTCCATCTCAAAAAAAAAAAAAAGAAAAAAAGTGTACTAACAAGACCCAGCACACAGAGGAGACTTTTACCATTGTATGAACACCCATCAAACAGTACACATCATCATTGTGAGTTCTGAATCTCACACATAGAGGAAGTCAAAGGTGGAAAACTTGACTCTCATATTTGGATCCAGTCCACAGGTGTGATTTTGACGCACACTTCTGCCCAGCACCTGAGTAATGTGATTCTTCAGAATTGGCCCGGCCCACAAATAGGATTGTGCCACACTGCTGGACCCAGTGCCTAAGTGATGTAACTCTATTCTTCTGCCTTGGTGCTACTCGAAAAAGACATTGTAACATATCTCAGAGCCTTACACCCAGGTAATGTGAGTCTCCTCTTCTGCCTTGCTGCTGCACACAGAAGCGGAATATGTACAGGATTGTTAATCTCATCTTGGATCTTCCTGCACTTGTGATTGTGACACATGCCTCTGTGTAGAACCTGAGTGAGTTTACTCTCCTGCCTGGATTTAACCCATAGATGGAATCGTGACATATCACTGTACCAGAAACTAGGTGATGTGACTCTATTTTCTTGCCTCTGTGTTTTTATATGGGGCATCGTGACATATCACTGGGCCTTGCACCCAAGTGATGGGAGTTTTCTCTCCTGCTTTGGTGCCGTCCACAATGAAAATTGTGAAATATTGCTGCCCTCCCCACTAGGTTATGTTACTCTCCTGCCTCTGCTTTGCCCACATGGGTCACTGTGACATATTGCTGGGTCTAAAACCCAGGTAATGTCACTCTCTTGTTTGGGTTCTGCCTGCAGGAGTCATTGTCACATATCTCTATGCTCATCACCCAGGTAATATGATTCCCTTTTACTGCTTAGTTCCTTCTCACAAAACAACTTGTGACATATTGCTAGGCCCAATACACCTAGCTGGTGTAACTCTTCTTTTCTTTTCTTTCCTTTTTTTTTTTTTTTTTTTGAGATGGAGTCTCACTCTGTTGCCCAGGCTGGAGTGCAGCGGCATGATTTCAGCTCACTACAGCCTCTGCCTCCTAGGTTGAAGCGATTGTCCTGACTTGGCCTCCCAAGTAGCTGGGATTAAAGGCATGTGCCACCACGCCCGGCTAATTTTTGTATTTATAGTAGAGACAGGGTTTCGCCATGTTGGCTAGGCTGGTTTCGAACTTCTAACCTCAGGTGATCCTCCTGCCTCGGCCTCCCAAAGTACTGGAATTACAGGCATGAGCCACTGCACCTGGCCTGATTCTTCTCTTCTTTCTAGGTTTCAACTGCAGCAGAGATTGTAACAAACCACTGGGCCCAGCCGCATAATGATGTTACTCTTTTGCCTTGGGCCTGCCCTCAGAAGGCACTGTCACATATTCATGGGCCCAACGCCAAGGTGATATGTGTCTCCAGCCTGGACCCTGCCCACAGGGGGCATTGTGACATATCTCTTGGCCCATCAGATGTTTGATTGTTATCCCCTCCCCTCTTCTACCCTGTGTTTGCCTATAAAAGACACAGTCATATGTTCCTGGGCCCAGCACCTAGGTGTTGTCTTACTGGAATGTGTCCACATGGGGATTGTGATATGTCACGTGGCCCAGTACTTAACTTGATGTGACTCTCCTCTCATGCCTAGGCCTTGTAGAGAATCCCCTTCCCCTTTTGTTTTCCTTTTTTTCTTTGCAGATCCAGGAGATAATCAACTAAGAGCCAGGCACCCGTTTAGGTCTAATAAACATTTTACAAACTGCTCTCTCTTTTAATTCACCTATCTGAGAGATTCCTCTGTACAATAAAACTTGGTCTCCACAATCCTTTACCTTAACCTAAACCTTCCCTTTCATTGATCCCAGGTCTTCAGATTCCACCACTTGTCAACCACAAAATATTTAAATTTACCTGGAAGCCGCCCGCTTTGAGTTGTCCCGCCTTTCTGAACCAAACCAATATATTCCTGCAAAACCGGCCATGATTAAAACATCAAAAAA,False
1184,-192,3.2017367,-3.2824001,0.0015251494,6.4153705,-7.1957965,1.2267182e-06,8.231864,-7.6559124,1.2590017e-07,9.65516,-9.8363695,3.4271752e-09,7.563475,-7.5424824,2.7514784e-07,0.0003053561,ENST00000560068.1,-192,GCGAGGCGTCCCCTCGGCGGCCGCCTCAGTTTCCCTGGCCGTAAAACGCGGGCGATGGCGCTCGATGCCCCGGGAGACGCCGGGGTCCGCGGGCCCTTCCGGCACCGGGTCCTCCTTCAGGTTCGGGCACCCGGCTGCCTCCACGCGGGGCGAGCGCGGCGATGGGATCGGTCCGTGCTGCGCTCAGCCCCGCTTTCGCTATCCCTCTGCTCCAGGGGCAGCAAAATCAGCAGATGAGCCCCCAGCGCGCCTGCGGCCCACACACTGCGGCCGTAACAGTTAAACAGACGGGGAACATTCATGTGCGTAGAGCTCTTCACGGGGCGATACAGAAATGTGTCGTTCTAAAGCGTTAACGACCTGCAATTTGCATATCCTCCAACACATGGATTTTACTGATTCAATTATGGATGTGTGCAAAGAATCTGCTGCTCGCTATATGGGAACACTTTCAGTTTCCCAAGTTAAAACATGAAATTGCACATCATCATTTGGATCCCCAAAGAGGAAAAGAAAAATTCACAACCTGCCAGTGAAATACTCAGGCCACTTGGATGAAGACCGAGGTCCTCCATAGAATCCAGGTGTTATTTACTAACTAATCAGAAATTAATATCAAAATAGGACTTAAAAATAACAAGGCTGTGTTATTACAGCAGTCTTTCCAGTTGTGTACGCTTTACTAATCTAAATTGGGTAACAGAACTGGAGAAAAGGAAGACTACACAGACTTATCATAAGCTGTTAGTGAACGTGATAGAAATGCGTAATTTGTTAAAGCGAATTACAGCTCTGATTTGTCAAATGAGGAGGTGAATTATCCTAGGATTTGCTATGCTGTTGTGGCGTTAGAAGATTGGATCTTTAGCAGCAAAGGTAACCTCAACAATATTTTCTGCTTAAGAAAGTGCCTTGGTTAAGGTAGACCGTGATATCGTCTTTGACTAAGCTCTCTGGGCTATTGATTCTGTCATATTCCAAAGGCAGTATTGGTTTGAAGCCGAATCTCACGGTCAATGTCAACATGCAATCCACAAAGACCCTGGCGCCCTTCCACGGTATGCACTAACCAAAACTTTCTCACTGTGAAATCCTTTTTTTAAAAACAAGAAAACAAAAAACAAAAACCAAAAAACCTTACTGTGAATCCTTTCCCAAGGAATGGTCCCACCTTCACCTCGGAAAGAGGCGTGGCTTGCTCTGTAAGCAGGTCCACCCTGAGGAGACCGCTGGTGCAAGAGCCCTGCTTGCAGAACACACAGGGGGTTTTCCCACATTCTTACTGGAGTCAGATTCGGCAAAGCATTTCAAGCAACTGCTGGACACTTCAAATACCACTCCCTGTTAACAACGCCCTGAGTATCTCACTGTCTCCAGGATCTGGTTTAAAGGGAAACACAGAAATGGCCAACAGCTCCCTCCCCAGGCAGGACTGCGATTTCACAGACAACCTATAGGCATCCCCAGTCTGGTGAATAAACAGGAGAGTGAGAGGAAAACAGCAATCATTCAACTCCAGTAGATGTAAAGCCTCCAGAAGAATGTGTCCCGGGAAGGTCAGAAATGTCATTTTTTTCCTCCAGCACATTTCATCTGCCACATTCCGCCGTCCGATGTTTGAGGAAGGAGCCCCGCCTTTCCTTCAGGGGTTCTTGTCGCCAAGTTTGATGGTGACAGTTTTCACTTCTGTGTATTCGGCCAAAGCGTATTCACCTCTGTGATCACAGAAAAGAGGAAAATTCAAAATGGGTACATCCCTTAGCCATTGTGTAGAAACTGTTCTGAGGCTTCATCATTCCATCAGGCCGTTGGAGGCTTATGCAAAAGGTTAAAATGTGACGACCTCATGGAATAATAGCCAGGACTATAACAGCACTAGTAAGTGTCAGTAGCTGCATATGTGACTTAAATGTAAATATCAAGGTCTTCTTCTGTGTGATGCTTTTGAAATGGCCAGGACTAAGGGTTTCCCTTTAGAGAATGAAGGGGATTTTAAAAAAAGTAAAGAGGTGAATTCCCTGGGGTGGCAATAGAGAGCAAAACGAGAGAGCCTGGTGGACGGTGGGGTGTCTGTGAACGAGGGAGGGGCAGAAATTACACTGGGTTGATAACTTTTAGATGGCAATTGGGAGCTGCTTGAAGAGGAGACAGAAGAGGCAGAGGCCCAAAGCTATTGGCTGGGGATGTGGCCAGAGGACCAGTGGGAAGAACACCAAGGGCCTGAAGCTGGCCTCAGAGTGCACAGCTGGGGACCAGCTGTCAGGCAGTGAGGCCAGCCTAGGGGGCATGAGAGAAGCAGACGTTAGCACAGAGTGGACATGGGGAGGCCACAGCTTTTGGGTTCACATCCTTGGTATAGTTCCTTTCTTTAAATCTTGCAGGGCTCAGGTGATCCTTCCCTGGCACCATGGGCCGTCTTCAGGGTAGCTTCCCTTCCAAGACCCAAGAGGCAGCTTTGGAGAGATTTAAATCCTTCTAAGCGCTTGATCTGCTGTCAGGTGAAGAAAAATGTGTGCTTGTTTAGGAAGAGATGAAGGTAGAGGTGGCCACTGGAGTCTCTGTAGTTAAAAAGACCTGTGACAGAATCCCATCTCCTCCCTTAGATCAATGGTTCTCAAAGTGTGGTCCCCAGACCAGCAGCATCAGCCTCACCTCTGAACTTGCTAGAAATGTAGATTCTCAGGCCTCCCCCAGCCCTACTATCGTAGGCAGAATAAGGATCTCCCCAGGTATCCAAAATTGGATCCCCCAAACCTGTGAATATGTTGGGCTACAGAGTGAAGAATTAATGTTGCAGATGGAATTCAAGTTACTAATCAATTGACTTTAAAAGAGGGAGACTCTCCTGGATCATCCAGGCAGACCCAGTGTAATCACAAGGGTCCCCAAAACTGGCAGAAGAAGAGAGGCAGAGCAAAATGAGATTATAGAAACAGGTTCAGAGAGCAGCAGTGCTGGCTTTGAAGATGGAGGATGGGGCCACCAGCCTAGGAATGCGAGCAGCCTCTAGAGGATGGAAAAGGCAAGGAAGTAGATTCTCTCCTGAGAACCTCCAAAAAGGAATGAAGCCCTTGATTTTAGCTCAGGGAGACCTGTGTCAGATTTTTATCCTACAGAACTATAAGATAATAGATTTATGTTATTTAAGCCACTGATGTTATGGTAACTTCTTGCAGGAGCAATAAAAGACTAATAAACTTACTGAATCAGAAA,True
1185,-53,3.199128,-3.3237333,0.001467302,7.7390323,-7.736304,1.9017212e-07,5.7221255,-5.380249,1.5076248e-05,11.114682,-11.251411,1.9343246e-10,5.364876,-5.1942005,2.5956142e-05,0.00030170497,ENST00000412855.2,-53,CTTTGGAAAACAAATCGGGTCCTAGGAATGAAGGAAAACAGGCAATAAGGCAAGAATCGCTGTCGAAGGAGTCTGCGCCACCTGCTCGCACAGCTCACTTGTGCCTTCTGAGCCTGCTGGAGCCCAGTGTACATATGCCGTCTCCGCGTGATTAGAGATTGCTGCTGCACGTGCCCAATCCCGTGGCGGGGCTGGAACACAAACGGGGTGGTGTTCCAGCTGCAACCATGCAGATGAAGACTATACCCTAGGAGATGGAGGAACAACAGACAAGAAAGAAACCTGGGTTCCTGAATAACCACGTGGAGCCAAGCAGCTTACTTATCTCAAGCCACTGTTGCCCACCTCCAGATTGAACTGTCTGCAAACAAATCTTTACTTGATGAGAAGTTTAAATATAATTAAATCTAGAATATTACATGA,False
1186,-1306,9.069726,-9.175398,1.1919086e-08,3.7317066,-3.9291267,0.0004706932,8.288388,-8.0887785,7.717681e-08,5.5415535,-5.563308,1.5038811e-05,3.4996624,-3.412926,0.0009941895,0.00029600214,ENST00000520590.5,-1306,AGGCCAACTCTCGGGGCGCTCCCTAGCCCTGGGTGGGTGGAGCGGGGGAAGCGGAGTACGTTGGACCCGGCTCCGCCCTACCCCACGGGGCCGCCTGGAGAGGTGCTGGGAGCTGGGTGGAGCTTAGAGGAATTAAACTTTGGCCCTGCGCCTCGTCCAGCCTAGGTTCCACCCTTTTCTGGGAACGCTGGAGTGCAGTGGCACCATCTCGGCTCACTGCAACCTCTGGCTCCCAGGTTCAAGCGATTCTCCTGCCTCAGCCCCCTGAGTAGCTGGGATTACAGGCACGCGCCACCACTCCCAGATGGAGTTTTGCTCTTGTTGCCCAGGCTGGAGTGCAATGGCAAGATCTCAGCTCACCACAACCTCTGCCTTCTTTTTTCTTCTGTTTTTAAAACTTGTGTTTACACCCCGCCACTCCTGAGCACCGCACACCGGCTTCCTCCCAGTCCCTCATCTGAGAACTCATGAAGCCACTTGGAATCCCTCTCTGCTTTGCCTGGCTCATTCCATGTCAATTTCAGATCTTCACTTCAGGTCAGCTCCAAGGAGGCTATCCTTGCCCATCTTCCTAAAATAGAGCTCTCAAAACCTGGCTGTTTTCCTTCAGAGCACTGGCCTCCAATTACCCCTGTCTTGGACCGCTGTCGGATAGTAAATCCCAAGTAAGGTACCTGCCGTCGGCAGATTTGAGCTTTCTTCTTGGACACCTAATACCCAGAGTCCTCCAGGCTCCGGTAGATTGCAAATGACCTGCTTTCTTTCTGTTCCCGGGCGGCATCGGACCCGTCGGAGAGTAAATCCCAAGTAAGGTACCTGCCGTTGGCAGATTTGAGCTTTCTTCTTGGACACCTAATACCCACAGTCCTCCAG,False
1187,-81,3.548382,-3.903274,0.0005801426,12.031133,-12.061737,3.4403293e-11,3.4906836,-3.5539038,0.0008713569,5.251284,-5.6227403,1.8943621e-05,9.40737,-9.375291,6.962958e-09,0.00029409002,ENST00000421206.1,-81,AGAATTATCAAAGGATGGCTGTACAGACCACCTAGAAAATAATTCAGTATTTCAGGTTTTTCTTTTCTGGGAGTGTGATAACTGAAATTGTTAGATTTTGGCTCAGTTAAGAAAAGAAAGATCTGTTGCCTTTCTTCTGAGTGAACAGTGGTGAGAAAAAATTTTGCAAGGCCCCGCTTTTCCTTTCTTCACAGGCCAGCAGTAGCCATATCTGATCAAAAAAGATACCTGAAGGAATATTGATCACATTTTCCTGAGGCCCTAGCAAGCACAGGAATTGAGAAGTTAGGACTGGAACAACTTTGTCATTTGTCACAATTGCCAAACATTAGAATACACAGGAACCGTTTTTTCAGGTAACTCTGTGACTTGGCTGGATCTTCCTGATCATCAAGATTAG,False
1188,-839,3.2884243,-3.3420765,0.0013177632,4.2083654,-4.675065,0.00013864842,7.845102,-7.255224,2.7670143e-07,8.9962015,-9.1697645,1.2900935e-08,8.808485,-8.944756,1.9492411e-08,0.00029134416,ENST00000432604.5,-839,AAGCCAGACCAGAAAGGGCCCCGTGCGCAACGTGCTTCACAATCTCTCAGGAGGAAGACAAACATAAAGATGAAGTGCTTAATTCAAGGTCACACAATGTCGGGGATGGACCTCCAGATTTCCTTACTGACCTGCATTATCTTGTGGATACCTGAGTGAATTCCACACCACCCATTTTATAGATGAAACCACTGAGACATGGAGCAATTGACTGAGTAGTCACTGCCCCACCCCTGCCTGGAGCCTCACACATGACTCGCCTCCTCTCAGTGACCACAGGTTGGTTGAGGGGTTTAACAAGGCTAAGAAGGAAAACAAGCTCAGGGCTCCCACTGATTGTACATTATGGTGAGACGTGGTCTTGTAACACAGTGGTTAAGAATGTGACTTTGGAGCCAGCCTGCTAGGGGCTGAATTCTGACTCAGCCATTTACTAACTGTGTGACCTTAGGGAGGAGGACCTGGTTGATAGAAGAATTTATCTCGTAGTCTTAACATCCACTGTAATTCCAAACTTTGAGGACGATAGAGATCAGTGGGCTTTGACTGCCCAGCATGCAGTCTCCATT,False
1189,-1328,4.2610445,-4.179144,0.00021596279,9.601515,-9.679052,4.2321013e-09,7.3688436,-7.4577904,3.6381007e-07,3.44437,-3.438266,0.001024387,4.343247,-4.2339935,0.00018830864,0.0002858053,ENST00000616341.1,-1328,CGGGGAGACCGCGTTTAGAGGATCAGTGGCGGCGGCACCCGCGGCCCCGCGCGGCGCGGACGGCGGGCAGCACCGTGCCTGGGCCCCCTCCTGCTCCGTTGTATCGTGACCTTCTGAACCTCAGTTGTCTTGCCTGTAAAATGGAAATGAAGGGGATGGTTAGCACTCCCACTGGATCAAATAAGCTGCACCTCATACATAATGAGGAAACAGAGACCCGGAGAGATACAGTCCTTGGCCAGTCAGCCAAGTTGGAGCATAGCTTGGACTTTGAACCCAGTCTCCCAGCTCCCAGTCTGCCTGCAGCCCTGTCCCTCTCCACCCCCAAGCCCTGACCAGAATTCTCTTCTGTACATCCAGAAGGGCTTTCCCATTCCTCAGACTCTCTGAGGCAATTACAGTCCCTACCACTCATGTGGCCCTTAATCATTTACTGCCCTTGCAAACAGCCTGTGGTCAAAAGCAATAAAGTTCGGACTTGGACAGATCA,False
1190,-564,3.7164114,-3.9895325,0.000449941,8.169515,-8.118398,8.4381945e-08,3.5180101,-3.4289484,0.0009606315,6.2666607,-6.4279566,3.0675837e-06,5.8776383,-5.717407,9.211533e-06,0.00028458718,ENST00000587306.5,-564,AATCAAAAGGTAGCCAGGTGCATCGGGGAAAGCACTGACATTGGAGTCAGACAGACTGAAGTTCATATCTGATTCTGCTATATGACAACGTGTGGGCTATGTGGCTAACTTCTCAGAGCTTCAGTTTTCTCAAGGGCAAAATGAAAATAATAGAAATAATAGAATCCACCTCACAGGGCTGTGGTGAGAATTGGAGATGAAGCACATACAGCATATTACATCAACTAAACACATGCTAAGCACATGACAGAATTGCTCTGTTGAAGTTTTGCAAGGTCAAATGACTCACTTTGTCTAATGGAACGGGAACGAACAATTTTTTTGTGTCACGTTTGAACAGATACCTTTGAGAAGTTTATGATTCTCCAAGTTCTCTTTCTCCTACTGTGGCACCTACTGACAAGATAAATGTGTAGAGGTTCCTGAGTCTAGGGGTGAGTCTTGCATATCTGATGAATCCACCAGTAAAAGTACCACTGCTGAAATCACGCAAATATATTTTTTTAGACCTTATCAACCTTGGCATGGAATTAGATGAGCAAAAAGCTGAGTTGAATTGATGAAAAGAATCCCAAGTCATTAATTACTAATGATGGAGCTTGTAAAGTACAGCATCACTGGGGAAAGCAACTGACTTTCCTCATACACATTATATTTTTAT,False
1191,-280,4.8429375,-5.0235124,5.188394e-05,3.4585996,-3.8620477,0.0006612962,8.75751,-8.397072,3.5469842e-08,3.5584624,-3.812948,0.0006285851,6.404982,-6.6804495,2.0752395e-06,0.00026877518,ENST00000595673.1,-280,GCTGACTCTCTTTTCAGATTCAGCCCAGTTGCACCCAAGTAAAATAAACAGTCTTGTTGCTCACACAAAGCCTGTTGGTGGACTCTCTTCATATGGACTCATGTGACATTTGGTGCCGAAGACCTGAGACAGGAGGACTCCTTTGGGAGACCGGTCCCCTGTCCTCGCCCTCTCTCCATGAGATCCACCCATGACCTCGGGTCCTCAGCCCAGCCGAAGGAACTTCTCACCAATTTTAAATCGGCGAAGCAAAACCAACAAGAATGAAGTGGTCAGGTATGGTGGCTCCTGCCTGTAATCTCAG,False
1192,-828,3.33123,-3.3722818,0.0012250942,4.4255767,-4.9081726,8.838236e-05,6.7689395,-6.173683,2.393807e-06,8.591091,-8.75973,2.9149664e-08,8.642032,-8.811146,2.631364e-08,0.00026318518,ENST00000423402.5,-828,GGACAATTCCCCTCCGAGATGTTGATCCGCGCGCCACTCTCCTCGCGGATCCTCTTAACCGACTCCCCTTTCTTCCCAATGATGCTTCCTACTTCCTTTCCGTGCATAAGAAGCCGAATGAGGAAGACAAACATAAAGATGAAGTGCTTAATTCAAGGTCACACAATGTCGGGGATGGACCTCCAGATTTCCTTACTGACCTGCATTATCTTGTGGATACCTGAGTGAATTCCACACCACCCATTTTATAGATGAAACCACTGAGACATGGAGCAATTGACTGAGTAGTCACTGCCCCACCCCTGCCTGGAGCCTCACACATGACTCGCCTCCTCTCAGTGACCACAGGTTGGTTGAGGGGTTTAACAAGGCTAAGAAGGTGAGACGTGGTCTTGTAACACAGTGGTTAAGAATGTGACTTTGGAGCCAGCCTGCTAGGGGCTGAATTCTGACTCAGCCATTTACTAACTGTGTGACCTTAGGTCACAGAATTTTCCACACTCCTTGACAGAGGTGCTTAACCCTTATCCATCAGCATTCTCAGACAGCACCT,False
1193,-302,3.3117628,-3.3827457,0.00123616,4.532162,-5.0148144,7.141179e-05,9.308073,-8.686241,1.5316822e-08,11.217551,-11.395217,1.5114701e-10,9.9080715,-9.992154,2.277411e-09,0.00026151794,ENST00000602091.1,-302,GTCTCTCAAAGTGCTGGGATTACAGGCATTAGCCACCACACCTAGCCTTCTAACAGGCTTTTCAACCATATATTGTGATTTTACCTGTGTAGGAGATAGATGGTAGCGTCTGTCTTTTACAGTTGACAACCCAGAGGCTCTAAGACAGGTGTCCCCAACCCTAGTCTGTGGCTCATTAGGAACAGGTTGCCCAGCAGGAGGTGAGTGAGTGGTGGGCGAGTGAGCAAAGCTTCATCTGTGTTTTTACAACCATCACTCGCATTACTGCCCGAGCTGTGCCTCCTGTCAGATCAGCGCAGCATTAGATTCTCATAGGAGTGGGAACTCTATTGTGAACTGAGCAAGTGAGGGATCTAGGTTGCATGCTTCTTATGAGAATCTAATGCCTGATGATCTGTCACTGTCTCCTATCTCATCTAATTGCAGGAAAACAAGCTCAGGGCTCCCACTGATTGTACATTATGGTGAGACGTGGTCTTGTAACACAGTGGTTAAGAATGTGACTTTGGAGCCAGCCTGCTAGGGGCTGAATTCTGACTCAGCCATTTACTAACTGTGTGACCTTAGGTAAGTCATTTACCTTCTTTGTCCCTCAGTTTCATCTCGGTTAAGTAGGGATAATGATAGCACCTATTTTATAGGGTTATTGTGAGGAATAAATCCAAGTAAAATGCTTAGAATAGTAACTGAAACATAGCACTCATTAGGAATGCTTTAATTTTCATTTATTTGAGTATTAAAGGTTGAATTTTCAGAGGTATTTTGGACCTTTGTATTTTTTCTTTAAATCACTTATTCATGACTTTTGAACTTTTTTTTTTCTTTTAGAGACAGGGTCTTGGTTTGTTGTCTAGGCTGGAATGCAGTGGTGCAATCATAGCTCACTGTAGCCTTGAACTCTTGGGCTCAAGAGATCCTCCTGCCTCAGCCTCGTGAGTAGCTGGGCCTACAGGCGCCTG,False
1194,-946,6.81748,-7.2152953,8.0471574e-07,9.165334,-9.55912,7.3802897e-09,6.1455865,-5.778695,6.6274615e-06,3.237642,-3.4296827,0.0012701807,13.890414,-13.727213,1.0134851e-12,0.00025552404,ENST00000434081.1,-946,CTCACCCTCGATGGTGCCCTCGACCTGTCCTCCCTCAGCAGCCTGTGGCATCCAGACCAGTTCGTGGCCCCTAGGAGGGGAAACTGAGTCCCAGCCCCAGGGTCCTCCCTCGGCTTCACTGGGTGCCCCATGGAGGAGACAGCCAGGGTGTGTCACCTGACAGGCTCACCAGAACCAGCACAGCAGCTGCTGAGTTTTGGCTCCCGGACCCTGGAGCCCCTGCTGCCGAGGCTGGGGATGGCGGCTCCAGAGGTCATTCCTCCCCCGGAAGACACACGCTGGCCTTGGGCCAGGGGACCCTCAGCGACGGGGTCACCCCAATGTTCTGGAGGCTGCGGTTCTGCTTCCTCCTGGGGCTGAGCTGAGCAAGCTCTAGCTCTCGGGCCGAGCGCAAGGAGGGCAGGAGTGATGTCTCCAACTGTGCTGAGGTCTGCCCTGGGTGCAAGGGCCCTGTGTTTTCAGCGCTGCCGTGTGGCCCATGGATGCCCCAGGCCCCTGGACAGTTGATGCCTGGGGTCCACACTCCTGGACAGGGCTCTGGACAGTTGATGCCTGGGGTCCACACTCCTGGACAGGCCCCCGGACAGTTGATTCCTGGGGTCCACACTCCTGGACAGGGCTCTGGTCAGTTGATGCCTGGGGTCCACACTCCTGGACAGGGCTCTGGTCAGTTGATGCCTGGGGTCCACACTCCTGGACAGGCCCCTGGACAGTTGATGCCTGGGGTCCACACTCCTGGACAGGGCTGAGGAGGTGGTGTCCCCAGACTTGCCCCAGCACAGCTGTGGGGGGCACCCGGACACCCGCCCCGGCCTCAGTCTCCCATCCCAGCTGGCCCTGACACGGGTGCATGTGATGCCCTCCTGGTCTTGGCCTCTCAGACCCAGCTCAGCCACGGCCATCCAGACCCTTGGGCTCCGGTGTCTTCCCAAAGCTCTGAGAAGCACCCCCTTGGGGCAGCCAGACCCCTGACCACCCTCCGAACCTCGGCTGGACTCCCTGTGGCCCAGTCCGGAAGGGTTCTCCTCGGAACAGAGGGCAGATGAGGCAAGAGTCGGTCCGAGTTCTGCCCTCTGGCACCGGCAGTGCTGTGGAAGGCCCATGGGGCGGCTCAGTGGTCCCCAGGGACCTCAGCCTTCGGGAAAGTGCAGCAGAGACCTCAAGGCCCCCCACGCTCAGCTAACGTTGCCCTCGCTCATCCAGAGCACAGCCCGAGCTGCAGGAGGGCCAGGAGGGCAGATGCTCCACAGCTCGGACAGCATCCATAAGACCCGCGTGGAGAAAATAGCAAAGGCCAGTGTGGAACGGAGAGGACGTGAACGGCGAGTGCTCGGAGAACAAGCACGCCAGCAGCGAACCCAGGGGGACCAGCCCGACAGCCAGTGCGCTGAGACACCGGCCAACGGCAACGCCCCATCCTCACCGCGAACGCCACTGTGACGCGCTGACAGTGGATGCGAATGCGTGACACAGACAGCGAGTGCCAGTGTGACCGTCACGGCTGATGCTGAGCACTGCACCGACACACCACAGAATCTGCAGGCCCAGGGCTCAGCTCCTGCTTGCGGGGCGCAGGCCGGCCCCACCGTCCGACGTACAGACCAGCATGGGCACCTTAGGCCTCTCCACCCTCCTCTGCCCAGAGCCTGCCACCATCCGTGTTACACAAGAGCCAGGTGCTGCACAGAGAGGCCACGTGCCTTGCCCCAGGCTGCCAGCTCCAGAGAATGGTCCGGGGACGCCATGGTCATCCGGCCCCAGGACTGCTCCTGACCCTCCTGGGACGGATCCTCCGGGCAGAGAGGGGACGCCGTGGTCATCCGGCCCCAGGGCTGCTCCTGACCCTCCTGGGACGGATCCTCCGGGCAGAGAGGGAATGAATCACATTCCGGATGGTGGCTTCAGGTCAGAAAGCTGTCAGGTCACCCAGGTGCCATGCGAGCTGCTCCCCGGAGACGGCTTTCGGCCTTGGGTTTATCACAGCGGCTGTTTTCCGTCTGCCAAGCCAAGCCTGGCTTTCATCTCCCCTCGCACAACGGTCTGCTTCCTCAGCCTCTGGGCTTATAGTGGTTTTCTTTTCTACTGTCTGAAATTGAATGTTTAGTTCATCTATTTTCTATTCTCTCATTTATAATAAAAACATTTCAGATGAGAA,False
1195,-748,15.619304,-15.581433,2.8163854e-14,12.456429,-12.694859,1.19380885e-11,13.301207,-12.968065,3.9030146e-12,5.4564195,-5.3422465,2.0426318e-05,3.292395,-3.3995435,0.0012393373,0.00025195273,ENST00000567961.5,-748,CCGTGAACCCGCGCTGGCGGGAGTAGCTACTGACCGCTGGGGACCCCTGCCCAGGCTGTTCGCATGTGGAAAGGATTCAGGGAGCAGGCGATGCCCAAAGCGTGGAGACCAGCACTGCTCTCTCCCCAGTGACAGTACAGCTGTGCCGTGTACAGGAGGGTGCTGTCTGACGCCAGACACCTGGACTACAGATCGCAGCCTGATTCCTGAGTTCATGAGGCCCCTTGCCCGGAATGTCCACATTTGAAACCTCCCAACACCGAGCCCCATTTCAAGTATAACCAGGAGGGAAAATGGTGCTTGAAATAAGCATGCCACAAAGGAAAACCTGCTTTCTCGAAATGGGCCCTGGCCGCCCAGGCCCTGACCTCCCCGGCCAGGATGGAACGTTCCAGAGACCCATTAGTGCCAAAGGCAAATGAAAACACACCCTGTGAAAATGTC,False
1196,-454,4.299135,-4.3320847,0.000178415,4.8722734,-5.10066,4.6643385e-05,8.7552595,-8.452485,3.3633455e-08,7.6434927,-7.4949255,2.6635965e-07,3.5930314,-3.3035293,0.0010102359,0.00024711885,ENST00000568457.1,-454,AGCCCCATCAGCCCCTCAGCCCTTAGCCCTCAGCCCCTCAGCCCTCAGCCCCCTCAGACCCCTCAATCCCCTCAGCCCTCAGCCCTTTAGCTCCTTCCTCTTTTCCATCAGTTGGTGTTCTCTGTGCCCCCAGAGCTGTGCTCTCCTTCTTATGGGGCAACCTAAATTCAGAGAGCACCCTGGCTTGGTTTGCCACTTTGTTGTGTGGGCAGGTTCACGTCTTCCACCAGGGCCTTTGGGTGGCATATGACAGTTTGGGACTGTCCAGTCTCTGTACTTTCTGGGGCCTCTCCTGTTGAATGGCTAGGCACCTGCAGGTGTAGGGGCTCAGGGTCACCTCCGGCCTGCAGGTCAATGTCTTGCTGCTCCTGTCCTGGGGAGGGCAGCTCTCTCCTAGCCCAACCCAAAAGCCCCCAGAAGCCTCCACACAGCCAGCTCCGGAGTCTGTCCTTGGCTTAGGTGGCTTCAGGACTGGGCCAGGCACCTCCCTCACAGGACAATCAGACATGAAGGGTACCTTTCAATCACACAATCCTACACAGTCCTAGACATTAGGTGGGTCCTCTGCCCTCTGCAGGTGACCTCATCAGAGAGCCCAGCAGCATCTGCCCATTTCCTGTCTACATTCTCCTCCCTAGTGCACTGGGAGTGGGAGGAGAGCCCAAAGCTCCCCCAGATCTTTAGGAAGCCCCACTGTCAGGCTGAGTGGAGGGCCTTAGTGACAAGTGATAACTTCAGGGAAGTCCAGAGTGGGAGACACATCTGGGGTCCAGCTTGCTGGTGGGCACTCCCTGCTCATGCCCACAGCCTCGAGGGGAAAAGGTCATAATTGACAGGTGGTTCCTGGGGTCCTGAGATCCAGCCCAAGGGATGGGACGACATGCTAGGAAGGGGAAAGTGACAGAAGGTTCATATGCATCACACACCACTTTGACAAACCCATACATAGCATTCACTATAGTGAATAGAAAAACTCACGAAGCACCATAGTTCCAGCACTTTGCAAATATCCCCCACCCAATACCTTTGAGGTGAGAGTTACCATCATTGCCTAGTTACTGGTGAGAAAACAGAGGTTCCATGACGTGCCTGAGGCACTGAGGGGGATGATGTCAGCACTTGTGGCCGCACGTGCAGGCACACGCCCTCCATGTCACACCAGTGCACTCACTTTGCAGATGAGGAGCGATGCCTGAGCACTGGGATGGCATCATTGGCTTGTGTTGGACAGTGCCTATATAGGAGTCCAGCTTCTACCCACTTGTTCCAGTCTATCCACATTTTCCACCAACAGAACGAGTTTACTAGAAACCTCTCCTCAAATTGGTACAAGGACTACATGACATGGCATGTGATGACACACACACAGAGGAGATCCTTTTTCCAGCATGCAGGAAGAGGAGATCCCATACATGGGCTTGGGGGTGGCTTCCCTCACTGCAGTGTCCGGTCCCCCAGCAGCTCTGGGAGCAGGAGTGACTATCTCCGTTTTGCAGATGAGGAAGCAGAACCATAAAGGTGACCTTTTTTCTTTTTCTTTTTTACATTTAAAGTTAAATTGGTCTCCCCTCAAAAAATGCTTAGACTTAATTATTTTAATTATCCTCACATATACTCCTCCGGCTTCTTTACTGAAGTGTAATTTACACACCATAAAACTTACCATTTGAAAACGTGCAATTCGGTAATCTTTAGTATATTCATAAGGTTGTGCAACCAACCAACACCATTATCTAATTTTAGAACATTTTCATCACCCCAAAACGAAACCCATACCCATCAGCAGTCACTCTTCGTTACCTGGTAGTAATTACCTACCCCTACCCTCAGCCCTTGGAAACCACTAATGTACTTTCTGTTTCTTCAGTTATGCCTATTTTGGATATTTAGTATAAATGGGATCATACAATA,False
1197,-829,3.3947272,-3.4330049,0.00108214,4.5665174,-5.031763,6.784074e-05,8.570001,-8.007887,6.3141435e-08,9.441053,-9.6312065,5.2122204e-09,10.103263,-10.207348,1.5108224e-09,0.00023001013,ENST00000411429.5,-829,GAACACAAAATGGCGACACGTGGTTAGCATTCGTCGCCAACGAGAAATTGGGGTCGGCCCGAAAGCTCTAGAATGCACCCCTCTTCCTCCCCGGGGCCTTCCACCTCCGCGAGTTTTATGACTTAAAAAAGCCCACAGGCTGGTCTGAAGAGGAAGACAAACATAAAGATGAAGTGCTTAATTCAAGGTCACACAATGTCGGGGATGGACCTCCAGATTTCCTTACTGACCTGCATTATCTTGTGGATACCTGAGTGAATTCCACACCACCCATTTTATAGATGAAACCACTGAGACATGGAGCAATTGACTGAGTAGTCACTGCCCCACCCCTGCCTGGAGCCTCACACATGACTCGCCTCCTCTCAGTGACCACAGGTGAGACGTGGTCTTGTAACACAGTGGTTAAGAATGTGACTTTGGAGCCAGCCTGCTAGGGGCTGAATTCTGACTCAGCCATTTACTAACTGTGTGACCTTAGGTCACAGAATTTTCCACACTCCTTGACAGAGGTGCTTAACCCTTATCCATCAGCATTCTCAGACAG,False
1198,-33,7.142988,-7.462427,4.538878e-07,4.3263335,-4.319364,0.00017585102,8.726341,-8.594797,3.0027916e-08,3.4174204,-3.5746639,0.0009182846,6.846593,-6.9495997,1.019505e-06,0.00021912779,ENST00000432294.1,-33,CAAAACAAATAACTGTTAGAAGGTACAATTTTCTTCTCTTCCCTGTAACTGAAAGTTTTAAGAATTGTTCCTTGGGGAAAAATTTTTTTAAAATTCACCTAGAATCATAGGGCCTCATTTTGTTTTCTTATTGACAAACAATACCTGGTAGCATTCTCTAAAGAGTCTTCTAGATCAATTTTTATAAAGTACTAATGCTCATGTGATAATTTAAAATTATTTTCAACTACTTTATTACACAGATGAAGAAACATTTCAAGATATTGATGTAATAACATTACTGAGTCCCATGTGGGCAGCAAGAGAACCGCTGGAATGCATCAAATGAAAAGGCAATTCCAGGCAACTGGAAAAATAAACAGCAGCTACCATTTTTACAGCCTA,True
1199,-1146,4.761215,-5.018033,5.6611134e-05,6.443773,-6.496083,2.4004414e-06,3.625912,-3.2601175,0.0010209205,7.728172,-8.100476,1.3356899e-07,6.527134,-6.2860847,2.7245103e-06,0.00021655802,ENST00000416999.1,-1146,TTATTAATGCTTTTACGAGTTAGAAGAGTTGGGATAATTTGCCATCTGGAGTTTCTCTGCCTTGCTGATCTGAGCTCAGACCTGCCAATTTACCAGAGATAATTGATAACACCCTGTAACAGCTGAATTCTTTCTTGCATGAGATACAAGAGTCCTCCCTTGGGGTCTGGATCAGGACCCCTTTCCCATAACAGTGTGAGCAGTGGTTATTGTATGGGTTTTGGCTTCCAGTGAGATGAAAAAGAATTGGTGGATTTTAAGGAGAGAAGCAACATGATCTTTCTAATGAAGGCACCCTGAAGATAAAGACACACCCACCTGCAAGGATAAAAGAAGCATGGCGGCGGGGTGGGGCTGGTATCCAGTCTGCTTCAAAACGGAGGAGGG,False
1200,-79,3.7620366,-3.8949218,0.00047251963,7.4855065,-7.717952,2.4958683e-07,7.811972,-7.3862944,2.50886e-07,3.7179358,-3.6923864,0.00060460996,5.966663,-6.243245,4.9808373e-06,0.00021652218,ENST00000424371.2,-79,GAAGGAGCCTTCGGAGGGAACATGCACTGCTGATTCCTTGATTCCAGATTTCTGACCTCCAGAAGCATGGGAGAACAGATTTCCCTTGTTTGAAGGCACCCAGTCTGTGGTCCTTCATCATGGCAGCCCTCAGGAATGGATACAGGCCCTTCCCTGCCTGCCTGGTGGAGCAGCCTCCAAGGGGAGCCTTTGCTAGCAGGAAGAGGCATCGCATGGAGCTCAGACCCGCCTCAGAGGAACTTCTCTCAGCCTCCTCTCTCCGCACACCCGACCAAGATACAAGCAAGGAAACGTGTGGCATCTGGCTACCATGAGCTGAAGACAAAGCCTACATGGGGAAAAGTGCAAAACCAGGAGAATGGGAGAGAAATGGAGCCACGCACTGATGCTGTTGTGAAACATCTCAATCAAACTGCACCTGAAGACCGCCCTATCCCTGCATTTTTCATTTACATGAGCCAA,False
1201,-490,3.6223085,-3.7147021,0.0006505703,8.2134905,-8.239428,7.154644e-08,5.9247518,-5.6258373,9.63028e-06,10.07437,-10.205064,1.5586681e-09,3.9786777,-3.8575952,0.00039498284,0.00021105132,ENST00000443993.1,-490,ATGCCATGTGAAGACGCAGGGAGAATGTGACATCTGCAAGCCAAGGAGAGAGGCTGCAGGAGAAACCAGCTCTGCTGACACTTTGATCTCAAGCTCTGGCCACCAGAACTGTGAGCAAATAAGTGTCTGTTGTTTAGGGCACCCTGTCCATGGCACCTTGCTCCGATAGCCCCAGGAAACGAATCCACAGAGGAGGAAGCCGAGGTTGGGAAAGGTGGAGGGACTTGCCCAAGTCACACAAACGACAACTCAGCAGAGCTGAGAATTGGCACCCAGGGCAACTGGAGTCCATCCTGAGCTTGTCACTGCTGGGCTCTGAGACCTCCTGGTGAAGAAGGACAGTGGCAGAGACAGCCCGACCCAGAGAAACCCAGCAACGCTACTTTCTAAGGGCATTTTTCCCTCTCATTTGGAATCCTGAGCCTCCTGCTCGTCCTGTAGGCCACACCCAGCAAACAGAGCTGGCTGGGAACTGGGAGAAGAGCTGGAGCAACAGCCTGCATCCATTTCCTCTTGCTGCAATAACAACTGATCACAAGATGGAGTCTCACTCTGTCAACCAGGCTGGAGTGCACTGGCGCAATCTCGGCTCACTGCAGTCACCTCCTCTCAGGTTCAAGTGATTCTCCTGCCTCTGCCTCCTGAGTAGCTGGGATTACAGGTGCATGCCACCACGCTCTGCTAATTTTTGTATTTTTAGTAGAGACGGGGTTTCACCGTGTTGGCCAGGCTGGTCTGGAACTCCTGACCTCAGGTGATCCGGCTGCCTCAGCCTCCCAAAGTACTGGGATTACAGGCATGAGCCACCACACCTTGCCACAAATGTGGTTTTTAAATGTGGTTTTTAAAAATATCTTGATAGCCATATTTCCAGTGACTCGGTTTCCTGTGTAATCCTACGTATTTGTTATGCATGTACAAAGAAGACAGGGCATGAAGGTGTCACCAGATGCCACAGCAGCCCACAGCACAGAAAAGGTCACAACCACCTACTTCAGAGAAAGGCACTGGGGACCTTGGCTATGTGGACAAGAACCAGGAGCTTGGGCTTCCCAGGCACAGCAGGGAAGCCTGCAGGGGCCTGACAGGTGGATAACCTAGTGCCCAAGGCAGGGCTGGGTGGAGGAGAGAGTGGCACCCTCTGATTGTCTGAGGTCTCTATCTCTAGAGGACAGTACCACAGATTGGAAGCCAGGTCTTTCCAGAGTCCCTGTGACCTCCTCTTTCTGCATGAAACCCAGATTGAGTAGGAAAATGTCCCCAGGAGGAAGCAGCCACTGCCCAAGGGAGACAGCTAGAGACTCGCTGGGCAGGCTACATCCCTGGGCTTCTCTCGGACCCGACAAGAGCCTGTCCATCCCTTCACCTCCACTAAGATCAGGGCACCCCAGGAGTCTCGGCAGGGCCACCCCAGGCTCTGCTCTGCCCTGGAAAGGTCCTCGTTTCACACTGACTCAGTTTCAGTTTTGGAAGGAGGTCAGAGGTTGCCTCCATGTCCCTTCTCCCCACTGGTTCTCTGGAACCCTCCATCATAGATGTCCCTGCCCTTCCTTCCCTGCTCAGGAGCAAAACCCCCAACCCCCAGGAGCTGGTCTCTCTAAGTCCTCTTGGATCAGGCCAGGCTCAGCCCTGGAGGCCACAGCTCAGGCCCTGAGCCAGCCCAAGGGGCAGGGCGAGGAACCTACATTGTTGTGTGCCCAGCCCCTTTAAGGGGCCCATACGGACAAGAGCAAATTCAGTAGGTTGCGTCATCCACTCTATAGTGATTAAACAGGGATGGTGGAGAAGTAGAGAAGTGTCAGCTCTGGAACCAGGTGGCCCTAGATTGAAATCCTAGCTCTGCTATTTACCAGCCAGGTGGCCTTGGATAGGTGATTTGACCAATACCGTTCCTCCGTTTCCCCACCTTGAGTGTTATTGCAAGGATTAAATGAGTTACTACAAAGTAAAGTACTAAATACATATCAGCTATTATTATTATTACTACTACTATTATTATTATGAGCCAGGAGATGGGGACTGTGACATAGGCTGCTGGTCTCTTCTCTCCTCTTCCATAAGAATAGTTCACCCCATCCTTAGCTGGGTGTATGGCCACCTGGCCCAAAACTACATTTCCCAGCATCCCTTGCTGCTAGATGTGACCATGTGATCAAGTTCTGGCCAATGAGATGCCAGGAGAAGTGGTTTGGCCCACTTCCTGGGAGTTTTCTTTAAAGGACAGGGGCAATGCCTTCTCCTTTTCTTCTCCTTTCTGCTGACCAGAATGTGAGCATGGAGTCTGGAGCAGGAGCAGCTGTTGTGCACTGTGAGGTTGAAGCCGTGTGTTGAGAATAGCAGAGCAACAAAGCAATAGGAGCTGGAGCCCCTAGGGGCCATGAAGCCCCTACCAGCCCTGGACTGCTTAGATTTACTTGAGCAAGAAATAAACCCTTGATTGTTTAAACCG,False
1202,-840,3.4994266,-3.5417495,0.00087433186,4.1350455,-4.6171575,0.00015808761,6.897151,-6.301488,1.8531182e-06,9.22161,-9.390683,8.256268e-09,8.882435,-9.029176,1.663745e-08,0.0002068595,ENST00000421255.5,-840,GGGATGGACCTCCAGATTTCCTTACTGACCTGCATTATCTTGTGGATACCTGAGTGAATTCCACACCACCCATTTTATAGATGAAACCACTGAGACATGGAGCAATTGACTGAGTAGTCACTGCCCCACCCCTGCCTGGAGCCTCACACATGACTCGCCTCCTCTCAGTGACCACAGGAAAACAAGCTCAGGGCTCCCACTGATTGTACATTATGAGACGGAGTCTTGCTATGTTGCCCAGGCTGGTCTTGAACTCCTCACCTCAAGCGATCCTCCCGTCTTGGCCTCCCAAGTGTCAGGATTACGGGCATGTGCTATCACACCCAACCTGATACATTGCCTTTATAAATTTTTTTTTCTTTATTCTAAAAACCAGAAAAAACAAAACTGGATACATGTGCAGAACATGCAGACCAAGTGTGTTGGGGACTTGAGATGCGTACATGAGTGTGATGTTTCCTGCTGAAAGCACAGGTGAGACGTGGTCTTGTAACACAGTGGTTAAGAATGTGACTTTGGAGCCAGCCTGCTAGGGGCTGAATTCTGACTCAGCCATTTACTAACTGTGTGACCTTAGGGAGGAGGACCTGGTTGATAGAAGAATTTATCTCGTAGTCTTAACATCCACTGTAATTCCAAACTTTGAGGACGATAGAGATCAGTGGGCTTTGACTGCCCAGCATGCAGTCTCCAT,False
1203,-1009,4.7150345,-5.1354156,5.2720658e-05,4.48298,-4.392199,0.000139797,3.605642,-3.591985,0.0007477998,5.0232077,-5.2201266,3.559272e-05,4.8273435,-4.9846573,5.478714e-05,0.00020613945,ENST00000507916.6,-1009,CAAGGAAGGACTTTCTGGAATCTACTTATCTGACCAAGAAAGCTTCTTTCCAAAAGAAATGCAATTGTCTTGAGACTTCTTCCCTAGGGATCTGATCAACTAACCAGAAAAGAGCAACCACCAGAGAAGAGACTGTGGGTGTCATTGTGACTGGCTGCTACCTCCCCATGAGTCTTCTAAAATAAAACCTGCAAATTCACATCTTCCCCATGCTTCCAGAGAATGCATATTCTTCCTTTGAAAAAAGAAAACCAGGTAGTCGTACAGTGTCCAGAAGGCAAAAGGACAAGTATGCACTGCCCTACTTACCTACTTTCCACACTGCTGCACAGGAAAATCTGACAGAGGACAATAACAAACATCTCACCAGCTCATGCGTTCTTTTTTGATCCTAATTCCGAGAGACTCACCAAAGACATGAAGAGAAAACAAACAATACTTTTCTTGGAAATATTGTAATTGCTGGTACATTTGTTGTTCTGGCATAAAGTAGAAATTGTCAGGTAAACATTGCTTCCTTTTGGATCAAAAAGAAATTTAACCAAATAAATGCAAGAGGTATGAGGGAAGATAATGGGAAATAAATGAGATTTGAGAAATCA,False
1204,-611,4.7557726,-4.7099533,7.745578e-05,3.3747058,-3.617756,0.0009179386,9.35122,-9.27939,8.106404e-09,5.288236,-5.3812404,2.3243158e-05,8.440849,-8.550444,4.1761417e-08,0.0002037375,ENST00000527683.1,-611,TGTTGATTGTGAAATGCCAGTTGAAGCATATGTCCTGCGAGCTTAGGGGTGCTACAAGTTGACCACTGCAGCAGTAAAGATGACTCTGAAGAATGGCGTGGGATGGTTCCTTTCAAATGCACTTGAGCAGCGGTCTCCAACCACAGGGCCACAGAGCTGGAGCTGGATCTACCATGAAAGACTTGTGAATCCAGGAAGAGAGACTGACTGGGCAACATGTTATTCAGGTGGGAACATCCAGTTGCAGGAAAACAAGCTTAACACGCCCACTGATTCTACATTATGCTCCTACCTCCCGGCAGCCTCTCCAGGCCCAGAACTTTCTCCAGTCAGCCTCTACAGACCAAGCTCATGACTCACAATGGCCTATTTAGGCCCATACCCTACGTCACGGCAGCCTCCGCAGATGAGGCTACTGCCTCACAACAGCCTCCACAGGCACAGCTCCATCGTTACAATGGCCTCTTTAGACCCAGCTCCTGCCTCCCAGCCTTCTCTCCAGGCCCTGAACATTCTCAGGTCTCCCTCTGTTGTCCAAGGCTGGAGTGTAGTAGTGCTATCGCAGCTGACTGCAGCCTCAACCTTCCAGGCTGAAGCGATCCTCCCACCTCAACCTCCCACGTGGCTGAGACTACAGGTGCTTGCCACTATGCCCAACTAATATTTGGAATTTTCGTATACGT,False
1205,-1119,6.3664923,-6.7057667,2.1027572e-06,5.468126,-5.888561,1.1690918e-05,8.686909,-8.111307,5.0655608e-08,7.439242,-7.566902,3.0402862e-07,3.3275857,-3.6237943,0.0009563977,0.0001941092,ENST00000584621.5,-1119,ATAATGCAGCAGGGCCACCAGTCAGTTTCAGATAATGATGTCAACCCCGGCCACCAAGAAGTAACCTTGTCTCCACTAGACAGAGCAGGTTGCAGGAATTTAGCCAATTCAGAGGTCTTGTTCTCCATAATTTGGAATTTTCCTTCGGATTTGATCAAGTTGGATAGAGTTGGTCAAACCCAATGGGAAAAAGATGAAAACAACAAGAAACAGAAACAAACAGCAACAACAACAACAACAAAAACAATGCATTTAATTAAATGAAGATGAGCTCATGCTGGAGTAGGGTGGACTCTGAACCCAGTGGGACAAGCGTCCTTATTAAGAAGAGGGAAATCTGGACACACACAGAGCAGAGACCGCCGTGTGAAGATGGAGGCAGAGATCGGAGAGATGCTGCCACACGCCACAAATGCCTGGGGCTCCCAGAAACTACACGGAGCCTCCCCCAGCGGCTTCAGCAGGAGCATGGCTCGGCCAACACTTTGATCTTGGTCTTCCAGCCTCCAGAACGTTTTCCTAAAATTCCCTTTTCCACTGGTGTGTGGTGCAAGATGAGGCACATTTTCCATGGATGGTGAACAGAGGGAGGAGCCTTTTGATCACAACCAGGTCACCCCACTTCTAAGCCACTGTGCCTCCAGCCCCACAAGACTAAGGAGAGAGAGCGCAGCGTGGTGGAGAGTGAGCTGTGCTGGGACCATTGTTTCCGTAACCTCGTTTTCTGTGTCCAGCTGACACACCTTCAAAGTGGCATCAGGTCCTAAACTGTAGCTTGCAATGTGCCTGTTTCCAGAAACCAAGGTGAAAGTGCTTTTAGACAGTGTTCCCATGCAAGAGTCCCTTCCCAGCTTTTTTCTGGAAATGCATGTTTCTCTGAACTCTGAGTCCCAAGAAAAATCACTTGAGACACCAAGAAAATGGGGGAAGTGCTAAAATTGTGTGGGAATTCAAGCTTAACAATAAACATCAAGACATTTTTGATAAAAATGAATCCACTGACATCGGGGAGGAGCAAGAGAACAGCACGCTGACACTGGGTCAGAGGCTAAGACCGACATTTCTGGGAACCACTCCCGGAAGGGCACAGAGGAGACGCTTTCAGCCTCTCATCAGCCAGCCTGGCCTGTAGCTGCTGCACGTTATGAGTGTGTTCCTGGCATGACTGCTTCTAACAACTGGGTCTCGCTTGTTGCCCAGGCTGTAGTGCACTGGTGCAATCATGGCTCACTGCAGCCTTGACCTCCTGGATCAAGGTATCCTCCCACCTCTCAGCCTCCCAAGCAGCTGGGACTATGGGTGCATGCCACCACACCCAGCTAATTTTTGTATTTATGGAGATATGGGTCTCACCATGTTACCCAGGCTGGTCTTGAACTTCTGGGCTCAAGCCTTCTGCCTGCCCTGGCCTTCCAAAGCATTGGAATTACAGGCCTGAGCCACTGTGCTAGGCCAGAGCCAACAGGACTTACTGAGAAATTATCTGAGAGAGAGGGGTCAAGGAAGACTCCCCCTGTTCAACCAAGCAACGAGGTGAATGGTGCTGCTGCTTCCTGAGATGGGGAAGACTGTAGAGGAAACAAACCAGGAACGACAAATCAGTAATTTAGCTTTGAATACATTAGGTTTGAGATGGCTAGTCTGTACCCAAACAGACCACACTGTGGCATCTGGGCAGCAGGATCTGCAGAATCCAGCAGGATGGATGCTGATGCCAAGCTGAGTAGACAGTTGGGTCTGTGAGTCTAAAGCTCAGGGAAGACCTCAGGGTCTGGGATACAAATCTGGAGATCATCACCCTGTCCATGAAAGCCAAGGGAATGATGGAAGATACTATGAGAAAAAGTGAAGAGAGGAAAGAGAAGAGGTCCATGGAAGGAGACCTGGGAGAATCCAACCTTCGATTAGATCAGGAAGAGGAGAAGAATCCAGTAAAAAACTCTGAGAAGTCTCTGGGAAGGAAGTCTTCCTTCCTTCCCCTGTACCAGGAGAGGTGCTATCCCAGAAATTAGTAAAGAAACAGTTTTTGATGGGGAGAACAGGATCACCTTTGTCAACTGCTGCTGCGAGACTTGGAAAAATAAGGACTGGGAAGAGAGCAATAGAAACTTTGAAAGCCATTGGTTATCTTGATAAGAGTTGTTTCTGTGGGGGTGGTGAGAACTGGAGCCTGACTGGATGGGTTCAAGAGAGAATGGGGAGTTCTAGCCAAGAAGGCTGATGAGGATGAGTCAAATTAAAAATGTTTTCTTTTTATGAGTCCTCTCATATTTACTGATACAACTGATATATTGGGTCTCCATTCTGCCACATTACTTTATATTGATCATGTATTGTATCTGCTATGCAATTGTATTGCATGTATCTGCATGGCAATTGTATTGCCATGCAATGTATTTTTTTTTACTTTAAAAATTATATTTATAAAGGTTTGTAA,False
1206,-1181,4.8250246,-5.13581,4.7211088e-05,10.147352,-10.310344,1.3041752e-09,10.775788,-10.744953,4.504651e-10,3.7465727,-3.933902,0.00046154254,3.7581391,-3.9737313,0.00043843055,0.00018943718,ENST00000523825.1,-1181,TGTTTCCCATCTTACACTTTTTCAGAATAGATATTCCCATGGTAGAATCATGGGCTGACACTATCACATTATAAAATTTTCTCTGGTTCTGTCTCTTCCCCTCAGGAACACACATGGATGATTCTTATTACTTTATGCCCACATTAAATAATTGTATACACCATGAACTGGAGGCCTTGTGTTTTGAGTGAAAAGCTTTGGATTTGAGTTTGTGTTTCCAAACACACTTCTGAGGTAGAAATTGTCAAGAGCTTTCCCAAACTCTTTTTTTAATCCTCCTGAGCTCACCATCTCTGGGACTGTCTTGCAATTGGACAGCCATGCAATTGAGCTTCAGCCAATGAAACATGAGTGGAGGGCGTGACACACAACCTGCCATGTTCAAGCCTCCATACTCTTTCCCTCCTCCAGCTTTGTGCTGATGAACATGGTCACCTTGAAAGGTGTGTTGAATATGGCAGAGCCAGAAAATGCAAGGAGCTTCTTCTCTGGATCACCACTTGAAGAAGAGCCACTTGCTCCTCAGGAACCCTATTTTGGACTGACGTTGCAAGAAAGCTCAAGTAGCCTATGGAGAGGATGCAAGGCTTCCAGCTGATGCCCTCAGCCAGGCTCAGTAGCAGCCAGAACTAGCCTACCAACGAACCTGCTGATCATGTGCATAAGCCACCTTGAACGTCGATCCTCCTGCCTGGTGGAGCCATCCCAGCTGATGCCACATGAAGCAGACACAAGCTGTCCCTACTAAGCTCTGCTCAAGTTGGATATTCATGAGTGAAATAAATGACT,False
1207,-658,6.843213,-7.2546496,7.5400794e-07,7.3003964,-7.2206507,4.9384306e-07,3.4533346,-3.5505688,0.00090750516,10.176076,-10.498686,1.0496987e-09,10.868043,-10.934542,3.398266e-10,0.00018175089,ENST00000470091.1,-658,CGAGGCTCCCACCTGCTCTAAGCGCTTGGTACCAGGGAGGGAATGGGAGGACGCTTGCGGGATAGGGAGGCGGGGGCTGGAAATTGGCAGGGTGAGAGCTGGGGAAACTAGTCTGGGACGCAGCCCTCCTTGTCCCCCTTCTTCATTCACCCCCTTGTTGAGGCCCTTGGCTTTTGCATAATTATGGAAGCTCCAAAAGGAAAGATACCAGATTGATCTTGATCACCTCTGCCTCCCCAGCACCTAGTCTTCCTTGGCACATCGTGAGTGCTCGGGTCAGGCTGTGCCACATCCACCCAGCCTTGCCTGGGGTCATTTATCCTACATGTACTCAGATCACGTGAACTGGTGATGGGCCACCCATGTGCCTGCCTGGAGACTCCTATTCACCCTTCAGATCAATATCCCCCAAATAAACTCCCAGTCACTCTGGCA,False
1208,-279,5.146866,-5.3816214,2.6762362e-05,3.368307,-3.748188,0.0008109482,9.25969,-8.89484,1.3049323e-08,5.4667854,-5.7296405,1.3722962e-05,6.4153886,-6.711397,1.9911715e-06,0.00017068755,ENST00000601263.1,-279,TCCCCTGTCCTCGCCCTCTCTCCATGAGATCCACCCATGACCTCGGGTCCTCAGCCCAGCCGAAGGAACTTCTCACCAATTTTAAATCGGAGACAGAGGAGACACGTTTTGTCCATGAACTCAAAATTCTGCTGCTGGTCACAGACTCGGGAAGACAGTCTTCCCTTGGTGTCTAATCACTGTGGGGATGCATGTCTGATTATTCACCCACATTCCAGAGGTGTCTGACCACTGCAGGGACGCCTGCCTTGATCCTTCACCTTGGTGGCAAGTACCACCTCCCCTGGATGGGACGCAAAGCCAACAAGAATGAAGAAGTGGCCAGGTATGGTGGCTCATGCCTGTAATCCCAGCACTTAGGGAGGCCGAGGAGGAAGAATTGCTTGAGGCCAGGAATCCCAGACCAGCCTGGACAACATGGCAAAATCCAGTCTTTACAAAAAAAA,True
1209,-766,9.718626,-9.895877,3.03061e-09,6.2954597,-6.512719,2.738277e-06,8.890727,-8.735568,2.213081e-08,7.418005,-7.4256897,3.576557e-07,3.611579,-3.4635983,0.00084512786,0.0001696498,ENST00000443037.1,-766,CATATTCATATGCTCTTGTTCCTTCTCAAATAATTCCATCACTAATACACATTCCTTGCTGCTGCTTCCTGCTTTCGCTTTTGAAGTGCCCTTCCATCCACTCCTCAGCTCTATTCCCTGCATATCTCTAGGAGGCTGTGAGGGGAAGGAATTATTCTCTTTGTTTTCCACCTAAAGAAACAGAAGCTCTGGCAATAGTCGGCTGCTTGCTCAAGGTGACACAGTTAATGGAGAGGCAGATCTCTGGATGCGGCGTCTCAGGGGCCACGCCTGCCTCCCCCGCCGCCGCGCGCATACACAGAATTCCTCATGCTGCTGCTATCACGGAACTCAGGGGTTTGGCTGACTTTGTCTACTAGGAGCAGAGAACAAAGTGTGACTTGAACCATGCACA,False
1210,-787,5.6466,-5.51821,1.4163755e-05,3.8272896,-4.1683774,0.00033680585,7.985949,-8.102706,1.0298777e-07,5.117228,-5.031093,3.914021e-05,3.79002,-3.926449,0.00044523238,0.00016708903,ENST00000588223.5,-787,ACTTAACCTGTGTCTAAAGCACTGCTGGCCGCCGATTCTACGCCGCCCGGTCGCCAGGGAGAGTGAATACAGCTAGGGACGTGAAAGAACGGGGAAGATAACCGAAGGGTGGTTTGAGAAACCCACCAGGCCAACTGGGAATTAGAATTGATTCAAAACTCCATTGATCGCCTGACCTCCATAAGCTCCTACTCTGCTGCAGTTGAGTGCTGCCACTTAAATCCTGCAGTCCCGAGATCCGGTTATAACCAATGCATTTAGATTTTTCATTTCGGTGGCAACAATCTTCATTGTAAGTTCTGTCCTACAGAGAAGTGTGGTGATCAAGCTCTTTGGAGATACTGGGACTCCTCTCACAAATGTATGTCTCACAGTTATGATGAATGGTGTATCTCCTGGATCTTCCTCAGTTGAATGCTTCTTAGAGACAAGGCCTCACTCCATTGCCCCTAGGCCAGGCCTGGTGAGTGACAGCAGCCCTGGTGCCCCAGCCTGCTAGGGCAATGTGTCACCCAGAGGCTTCAAGGCCCTTCTCACCATGGTACCCACCTCCTCGAAGCTGCCT,False
1211,-659,5.7141266,-6.105793,7.3564947e-06,6.7907157,-6.6715326,1.423703e-06,3.5232785,-3.5759728,0.0008250416,8.051625,-8.332776,7.662048e-08,9.149933,-9.200487,1.0727879e-08,0.00016678183,ENST00000489452.1,-659,AGGGAGGGAATGGGAGGACGCTTGCGGGATAGGGAGGCGGGGGCTGGAAATTGGCAGGGTGAGAGCTGGGGAAACTAGTCTGGGACGCAGCCCTCCTTGTCCCCCTTCTTCATTCACCCCCTTGTTGAGGCCCTTGGCTTTTGCATAATACACCCTTTAAAAAAATGTATTTAAAGAGGCTGGTTCCTATCCATCCGACTGGAGGCATCTCAGTGCAAGAGCAAAGCTAAGTCCTGCACACGCTCCTCCCCTCCTCCTCCTCCTTCTCCCCCCAGGTTTTCCCGAATGTATCTACTCCGGTTACAACTAGACGCGGCCCCTCCCCCACCTGCCTCCCCCCTTCCTTCCCTCGATCGTGGAGGGAGCGTTCTCTGTGCCTTCCCAAGTCCCCGTGGGGGACCTTCTATGTTGGAGTGGGGGGAGGGGGGGAGGGTCATATAACGAAGGCCAGAAAGAACAAATTAGATAATCAAAAGAATTATAGTAATTGCTTTCACTTTCCCCCGCCCGCTCAGCGGATTCCCTCCCCCGCCCCTCCCCTGG,False
1212,-1393,4.936075,-5.0842986,4.4482316e-05,3.386036,-3.86479,0.00070908497,9.051495,-8.722868,1.9085011e-08,4.9257135,-4.7798467,6.093995e-05,10.647004,-10.851551,4.6057094e-10,0.00016290534,ENST00000428584.5,-1393,ATCACAAAGGCGGTGAGACTGCATTCACTTACAGGTTCCTATTTAGGGCCAAGTTGCTCTGCCTTTCCAAATCAGCATGGGCCTCAGGCCCTGGCTCAGCCCTCCAGGCTCGACTTACCCGGCTGATGAGCTGCTCGCCCGTCTCGGAGGCAGTGATGAGTTTGCAAAGGGCTTGGAGGGCAGGATTGGGCAGACCTAAACCAAGAAAAAAGGGTAGAAGTTATTCAGAAGGGCCTCTGCACCCAAAAGCCTGCCACCTTCCCAGGGGAAAGAACCCTAAATCCTTGGCATCGGTGGCATTTTTCAGAAGCTCAGCACAGCTAGACATGTGTGTCTGTGTGTGCCTTGGAAAAGGACAGCGTGGTCTCCCAGGAAGGTGGGTGGAAGTGGGTTGAGTCCTGACCCTGCCGCAGTCCTCTAGGCGTGGCCACACTCCCAGGACCCAGGCAGCACCACCCCTAGTCAAGCACCCAGCTTCACCCTGGGGTTGGCCGCACAGCTTCATCGGGGCCACAGCTGCTGATGACAATGGCAGTAGTGGCCAGTGTCTGCCGGCACGACCTCCCATCATCCCGGGAAGGGGCAGCGCCAGTGGGGCGCAGATGCCTGCCATCACAGATGGAAACAGCAGGTAAATGGCACTTGTTTCCTCCAGGTGTGGAGATGCTTGTATCTGGGACCCCCTGCCATTTCTCAGGACACCCTCCTGCTCCTAGCTGGGAGATCCAGCATCCTCATGAATGCGGGGCCCAAGGCCACCAACTGTTCCACCTGCTGTCAGCCAGGCCTGTTGCCCCAGCCCTACACCCACAGCTCACCCAGCAGGGACTGGAGTGTGCTGCTGCACTGCTGGAGCCGGTCGCCCGGGTCGGAGGTTGGGAAGAAGACAGCCGCTGGCAGGCCACTGGTTGGGGGGTCCAGCCGGAAGCCCACAGCGGTGAGGAGGGCCTGCCAGCCAGGGATGCCGCCCACTTTGTTCTCCACACTCTGCTGGGATGTGTACATGGCATTGCGCTGCCCATTCTGGATGCGCTGCAGGGATTTCTCCACCTGAGGGGGAATTGGGGTAAACACTGGGATGCCGGAGCTCAGGCATCCCAGACAGGAGGAAGTGTGTACTCACACCAGCCAGGAGGAAACAAGCCTGCCTGGGAGGACAGACGATCAGCCCTGGCTGTCCCTCAGGAGCGGGGGGCCTCCAAGGCACACTGCCCACTGGGTCAAGGAGTATCCAGGAGGAGTTAGAAGCATGACCCATCTGCCTGGCACCAGCACCTGGGGCTGCCAGGCAGCCACCCCTGCAGCTGTGTTGACAGGACCTGGCAGAGGGACTGACCCACCTTTGGAAAATGACACCAGCAATATCAGGATGTGTCAACTGGATTTATGCTAAGAAAATAGGATTTTTGGTGTTCCTCTGTTTCCCAAAGTTTGAGACACTTTCAGACACTCTGCTTTGCGGTTGTGGCCGATGTTACCCATGGGTGGGACTTTTGCTTTGCTCTAGATTTTTGTAACACCCTGGGGAGTTTCAGGGGCCAATGCTGAGAGAAGACCACAGGCTGACACATCATGAGGTGCCTAACTTACTGAGAATCATGCCTGCTGTGATGAGCCCTTGGAAACCATCAGGACTGGATGGTAGGGGTCCTGAGAGGATTGGGGGAGGAGGCCTTGATATGACAGAGTGGACAGAGGCCGTGGAACCCAGGACAGCCAGCCTGCTCCACAATCCTCATCCCCACAGACCTTCATGTGTGGCTCCTAAATAAGAGGAAACCCACTCCTGATAAGTCAGGGGCTTTGAAAAGTGATTTTGTTTAAATGGTGCAAACAAGCAAGCCAATCTTGGGGAGACAGGGCTAAACTTAAGTCCTTTAAGAAGCTCTACATACTGACAAGATTCTAGTTCCCTTCCACCTTATATGCTGCAAAGTAAAAAGTATCACTGAATGAGAAAATCAGCATAAAGAAGCCCAATAATGTCTGCCTGAGTTTCCCCTATGATGACTTTTGGTACTTTTTGGGAAACATTAAGTATGAAGTTATTTCAAAATAATTTTTTGGTGCCTCTGCTTGGTGATGCCTTAAACTCTGGGTAAGAGAAACACCAGGTGCCTGTCAGGAGATGGCCTTTTCCAGGTTTCTGGTTAAGCTACAAACAGCTAACTGGCTGCTGTCATCAAAATAAAAGCTTTCTGAAGGTGGAGGCATCTGATACCCAGAGTGCTGCTATCAGCCGGCACGGTGGGCCGCTGGGTGGCAGGAGCGTCGAGAAGGCCAGCTCGCTTCCTATCTGGGATTCAGAATCAGCTATGGAAACTTGAGAGACCTAGAGAAAATAACTTCTTTCACTTTGAACTGATTCTTTGCTTCATAAGAAAAGTATTATCCAGCCACAAAAATGGTCAAAATTCAGATCTACAAAAGCCTGTCAGGCAGAAACTGACCCCACTTAGGCCACGCCAATGAGCAAGTCATCAAAGCAGCCAAGACAGGTCCTGTGGGGGCCACCCATGCACAGGGCCCAGCCTCGGGTCCTAACCCCGCCTATGCTTTCCGCCACCATAAAGAGGCCCATCTGGGTAAGACCTGTCCCGCCTGCTGTGGGGTATTAGGGCAGATGGGGTCTGAGGGGTCTGAGGGCTCTGAGAGCAGCTGGCAGCTCAAGGACATCCGGAGTTGGAGGATGGAGCAATGCAGGCCCTTGTGGTAAAGACAGTCCTGCAGCCGCGCAGGCAGGGATGCTGCAAGTGGAGTGCCAGGCGGGTGCGGAGCCCTGTGGGACTGTGGAGGGGTCAGAGGGAAGCCAGGATTTTGGGGTCTCTGAGAGTTTGGAGAAGGGGAAGAAGATTAAAGCTTGTTTCAAAAGTTTCTAATCAGGTGGGCAGGGCCAAGGGTGGCTGTGGGGTGAGACCCATGACTCAGGGTGGCCCACTGTTACTCTATTGATTTTTGGGCGTTTTTTTCCAAATTGATTATTCTTGCTGAATGAGACCTGAGTCCTTGACTGTCCCCTTAAAGCCACCTGACTTGTTTTCAGTTCCACTGGCCTGTCGGGCTGTTTTCTACTCAACTCCACTCTTGCTTGTCTGCCCTCCCTGCCTGGGGCCCAGCCAGCAGTCAGCTCAAGGGCCAGATGAATTGGGTGGCTGTGCTCTGCCCACTGGGCATCGTGTGGATGGTGGGTGACCAGCCCCCTCAGGTGCTCAGCCAGGCCTCAAGCCTTGCTGTGTACCTCAGAGCAGCTCCGTACCCTGATGTCACAGCAAAGAAACTTAGACATGACACAAACTGTGGCTTCCCAAGGCAGCAAAGAATGGCCAGGGGTCATGAGGGCCGTGCCCCACTTTTGGACAGACCTACTCTAAAGTCACGCTACCTGCGTGCAAATCATAAAATCAACACTTTTGAGGAGATCACAGCTATGCCTTCGTAACACAGCCCAGTCCGACCAGATAGACGGTGCCTCGTGACCCGAAAACAAGCCCCCGGCCCCCCACCATGTGTGTGAGCCTTACCTTGGACTGCACGCTGAGGGAGCGGATGGAAGGGACAGCAAGGAGGCCGAAGCGCTCGTAGAGGTACTCATTGGAGGAGCTTCCCTTCAGGAGGGCGAAAGGAATGAGGTAGAGCTCCCCCTCCAGAACCAGGATGAGCTGCCGGTGCCGGCCCACGGGGCCGCTGGAGTGCATCAGGCCCTATGGAGCAAGCACGGAGAGGCTGACATGGGTGGCCCAGCAGGCAGGGGTTTCAGGCACCAGGACAACCCTGAGCCCTAGCCTGGATGACACAAGCACGAGCAGAGACAAATGGCTTCTCTGGAACATCCAGCTCCGAATTTTAACCCAGAGACTATGAGAGACAGAGGTCGTCACATCCCCCTCACCTCATCTTCACGTCACCATCGCTATCCTCCACACCTACTTACTGAGCCACCACCAAGCAGTTACCCTGAAGTCCAGTTTCCAAGCCCAGAGTTCTCCCAGGCAACCCCCAATGGATCCCGAATGTGTCTTTGGGTGGTGAATTCTGATTGGATTGCCGTTTCGGTCAGCGGGACCTTCTGCATATGCCCTGGTTGAGTACAGGTCGAGCTCTTCAGAAAGCACTCATAGCAAATGTTATGTTGATCATGTCCTAATCTGGAGTTTAAGAAAGATGCGCTCCTTGCGTATCGCCAAGGTTAGAGGATCTGCAGGTGACCTCCGCGGGGCACCGGGGAGTTTCCTTTTTACTGGCAGACACGGCAGGCCTCTCAGGGATTCACAGTATCACAGGCCAGAGGAATGAAAATCTCTGATCACCATGGGGGAGGGAAAGAAAATGCCTGGGTCCATGAGCTTTCAGACTGATTAGACTTGGGATGAAATGGACTTTACTGTCTACAATAAGGATTCCAGAGGCAAAGGGCTTCAGGGTATCCAGATACCCCAGAACTGTGTATAGGGCTTCACATTTTTTCCTGACTGATATTTTTGATGGAATAAATTTATCAAACAGAACTGTTTAAGGTAGAGGAACCCTTTCTGTGATGCTGCTGGGAAATCCTGTCATGATGGGTGGATACATACAGTTTTGGCAAAGATCACACACCTCCTGGAAATCACCCTCAACCATAACTGAAGCCCACCAAGACTGTAGATACTGTATTTCAGCCAGAAATGGAAAAGCGAACATTCAACCCATTCAACTGTATGCTTTGGCCAAACAACCGCCCACTGGTTTGCCTGAAGTACCTAAGAAGGTATTGGAGAAACGTGACCAATGGCCAGCAAGAGCCAGAAGGGCCTGCCTGAAACCCAGGGTCCAACTTCAGCCAAATCAGCTTGAAGGGACTGTTCAAGCTGCAGGAGCCTCTGTGCAGTGGGCAGGGTTGGAGGGGCGGAGGGGAGCCTCTCTCTCTATCTTGGCTGACCTGGTAAAAATGATCCCTCCACCCCTAGTGGCAGAAGACCCTGACCTGCCTGGAACCTGCCAGGGTAAGGCTAAGATGTCTGCTTGTTGAACACCAGCTAGAATAGAGCCAGCACGCAGATGACACTCATGTAACAGCAGCCATCCAGGTGAGAATGCCACTTACCACGTGAGATCTTGCTGGTTATCCTGGGTGCTGCCACCACTGGTTTTAGTCATACAGACAGTTTGCAAGTAATTGCCTCCATTTTTCCTCCTCCTAATCAGTTGTGAAAATGCTTGTTGTCCTTGGGTGATGTCTGTCCTCATTTGAATATCACTACAGATGTCTCAATCAGAAATCAATTAGACAGCCTGGTGGTGGGGCTGCCAGTCTCACAGGCCTCATCCTCTACCTCATACTGGAATCTAGGTCTGATTGTTTCTAAGGACAAAAATTCCCTGGCTATACCCAAGCCTCCCAATCTATTTAGAAAACAGGCAGCCACGTGGTCAGTCTCATTCCTGTTGCATCTGTTCTAGGAGAGGCCGACTTATCCTGCTACCTGATTTTGCAAGGGGTATTTTACAAAACACAAGGGAGTCCTTTCCCCCAGGGCAGTGATTACAGTCATGACCCAACCAAGGCCAAGCCACTCTCATGGCCGAGCCCTCGGCAGAGCTAGACCCCTGCTTTCACTCTTAGATGAGAAGTCTTAGGTGAAATCCCTGAGCTCCAGTGCTTGGAAAGCAGTTCAACAGCCTAACAGACATAAACAAGTTTTGAATAAGTTTCTAGGATTTTAAACAGGTGACTCCACACTTCATGAATCACAAGCTGAGGTGAATGAGATGTACTTTTCTTTCTGATCAAAGTCATTTGCTCTTGCTACCTGTCCTAGAACCTTGGTTTTTAAATTTAAATACAGGAAACAGGGAATTTAAATAAAGGGAAATAAAAGT,False
1213,-1311,8.35612,-8.51655,4.702111e-08,5.5748935,-5.737804,1.2216665e-05,7.6730947,-7.467287,2.6583712e-07,6.0889688,-6.0460167,5.3683484e-06,3.6403856,-3.5000348,0.0007917915,0.00016193787,ENST00000425586.5,-1311,GGGGAGCAGAAGGCCGCGGGCGGGCGGCTGGCGCGCTGTGTACTTAGGTCGTGTGCTGGGGCTTTTCTCTCCCAGGAGCCGGCGGGGGGAGGGGAGGGGGAGGGGCCACCGCTCCGCCTTCTCCTTTTCGCAATGTTGACGCAATCTATAAATAGTGGAACAAAAGGACCAACTTCCTCGGAGCTTTGCTGAAACTGCACAAAAAATCGAGCCGGGGGGTTCCCTGGTCCCCGGCGATGGGGCGGGGAGCGCTGCGCCGGGGGAGGGGGCGGGCGCGGCGGCGCGGGCCCCGCCGAGGGGGGACACCTGGCTGAGGCACAGCTGCCGCCGTGCCTTTCCGCGCGAGCCCAGAGCTCCGATCCCTGCGCGGGCTCGAGAGCTCGCCCCGAACGGGGGTCTTCCTCCTCCGCCGTTGACAGGTTTTGACCTGTAGCAGAGAACCAATTCTGGAGAACAGCCTCACTTCTTTGATTGAATACTTACATAATGCATTGGAACATGACATGAGATTAAGGTTTAATAATGATAGAATGAAGACCACAATAAAAGAGACCTCTACTTAGCTCAGCAATTCTTACCTTTCTTACCTATTTGATGAAGATGTCTTTTGAAAGGTGTACTGCAAGGAACAAAATGTTTGTAAATTCTCCTTTTACCAAGGTGGATAATTACTGTACCTTCCTCATGGAAAAAGTTTTATTTAAAGTGTTATTTCTCATTGAATACTATCAAAAAGGAAAAAAAAATGACCTAAACTTTTGAGATAGATTTGGCTCTAGGCCTACTCTAGGTGCGGTACTTCACTATAGTTTATAAAAGATGGTCCCTGTCAGCAAAGAACTGTAACCTGTATGAGAATATTATACTAACATACAAGAAACAAGTAGAGAATAATGGAATGTAAACTCTGGCTTGCTAACTTAAGTGTGGTAGAAGCTTGAAGGAAATGTGGACTTAAACTTATCAGAGAAGACTTATAAGAGGATATGAAAGGTGTAAATTTTGATACCACCATTGCCGCCTTCCCCTCAAAAAAGGTGAGAACTGACTAAACTACTGGTACTTAGACCATGTGGAGAAGGAACTGAAAATGGAAACAGAAACACGTCTGTACAGAGCAGAGTGTCAGATAATAGCTCATTTTAGTAGAGGGCAATAAATGCCACATGAGATGATCACCTCAGCAGAAAACTGTAAGTAACTGGGGACTTACAGGAGAATTGAACAGTTGTTTCTGCTGACTCAGTAAAAAGTCTTCATTTTATAA,False
1214,-1115,6.5069685,-6.848279,1.5844882e-06,5.0872946,-5.519136,2.47557e-05,7.8933997,-7.2908144,2.5443669e-07,6.805309,-6.9291167,1.0844619e-06,3.4272804,-3.7315838,0.00077733304,0.00016100242,ENST00000434399.5,-1115,AGAAGGTACTTGCTTCTCTTTCTCCTGCCAAAGCATGACCTTATAATTGTAAGTTTCCGGAGGCCTCCCCAGCCATGCGGAACTTTTTCCTAAAATTCCCTTTTCCACTGGTGTGTGGTGCAAGATGAGGCACATTTTCCATGGATGGTGAACAGAGGGAGGAGCCTTTTGATCACAACCAGGTCACCCCACTTCTAAGCCACTGTGCCTCCAGCCCCACAAGACTAAGGAGAGAGAGCGCAGCGTGGTGGAGAGTGAGCTGTGCTGGGACCATTGTTTCCGTAACCTCGTTTTCTGTGTCCAGCTGACACACCTTCAAAGTGGCATCAGGTCCTAAACTGTAGCTTGCAATGTGCCTGTTTCCAGAAACCAAGGTGAAAGTGCTTTTAGACAGTGTTCCCATGCAAGAGTCCCTTCCCAGCTTTTTTCTGGAAATGCATGTTTCTCTGAACTCTGAGTCCCAAGAAAAATCACTTGAGACACCAAGAAAATGGGGGAAGTGCTAAAATTGTGTGGGAATTCAAGCTTAACAATAAACATCAAGACATTTTTGATAAAAATGAATCCACTGACATCGGGGAGGAGCAAGAGAACAGCACGCTGACACTGGGTCAGAGGCTAAGACCGACATTTCTGGGAACCACTCCCGGAAGGGCACAGAGGAGACGCTTTCAGCCTCTCATCAGCCAGCCTGGCCTGTAGCTGCTGCACGTTATGAGTGTGTTCCTGGCATGACTGCTTCTAACAAAGAAATGCTGAGGCAGTGTCACGCTGGTGTCTGTCCTCCTTACAGAATGCCTGAACAGTTCCATTGACTCAAAGTGAAGATCAAAAGAACCAAATGACAGCAATAGCCAAGTGTAATCATCAGTAACCCTGTGTTCTATCCACAGTTAAAAGAATATTGGCAGAGAAACAGCCTTGGTGTTCCAGCAGGAGTGAAGAGGAACAGGAAAACGAGTGGCAGTAGCCCTGAAACAGCCACTTCTGGTGGTTGCCACTCACCTGAGGATGTGGGGTCTTGCCATTTGCCCAGGCTGGTGTCAAACTCCTCAAGTAATCCTTCTGCCTCGGCCTCCTAAAGTGCCAGGATTATAGGCCTGAGCCACTACACACAGCCCGGAGTTTTTAAAAAATACTCAATTAAAATGCTTCATTTAAGTGTATGTCTCTAAGAAAATTTAATAATTGATTAAATATTGTTGAATAGACTGAAA,False
1215,-354,3.532954,-3.641725,0.00076514576,7.31917,-7.359124,4.219856e-07,5.959212,-5.656782,9.020574e-06,10.861182,-11.009486,3.1746028e-10,6.016863,-5.8057775,7.3365063e-06,0.00015638502,ENST00000458623.1,-354,TGAAATTTCATTCTGATTTTCTGGCTGAAGACTATTCTCTTTGTGTATGTCCACCACAGTTACTTTATCCCTTCATCTGTGGATGGGCAGTCTCGCTGTATTGCCCAGGCTGGAGTGCAGTGGCATGATCTCAGCTCACTGCAAGCTCTGCTTCCTGGGTTCACGCCATTCTCCTGCCTCAGCCTCCTGAGTAGCTGGGATTACAGGCACCCGCCACCACGCCCAGAATGAAACATATATGGAAATGTTCTGTGCAATCAAAACAGCAGTGGTAACAGAGGAGATGTAGGCTCTGAGTGTCTCACTGGAGACTGAAGTCCACAGATATGCAACAAAGCCTTTGTCTCCCTGATGTTTTTGCCTCCTGCTGGTCATGTGCTTTCACACATCAAGAGAGGACATTTAACATTTGA,False
1216,-1116,6.285922,-6.625285,2.4702044e-06,4.732507,-5.162578,5.0419338e-05,7.9015803,-7.3019733,2.4956302e-07,6.85335,-6.9824014,9.799616e-07,3.468048,-3.7661617,0.0007209569,0.0001550152,ENST00000578293.6,-1116,CTGTAGCTGCTGCACGTTATGAGTGTGTTCCTGGCATGACTGCTTCTAACAGCGACCATTTCATTAAGTTTTTAAGTGCCTGGTAATTGCTTGGTTATGACCGGTGTCTGCTCCATGGCAGCCTCTTCCTGGGACCAGATCTGAACAGTCTGGAGAGAGGAGCTGTGGTGGCAGCAGACAGATCTCTGCTTCAGGGGCCAGGTGTCTAGAAGAAATGCTGAGGCAGTGTCACGCTGGTGTCTGTCCTCCTTACAGAATGCCTGAACAGTTCCATTGACTCAAAGTGAAGATCAAAAGAACCAAATGACAGCAATAGCCAAGTGTAATCATCAGTAACCCTGTGTTCTATCCACAGTTAAAAGAATATTGGCAGAGAAACAGCCTTGGTGTTCCAGCAGGAGTGAAGAGGAACAGGAAAACGAGTGGCAGTAGCCCTGAAACAGCCACTTCTGGTGGTTGCCACTCACCTGAGGATAGATGGAGTCTCGTTCTGTCACCCAGGCTGGAGTGCAGTGGCGCAATCTCGGCTCGCTGCAAGCTCTGCCTCCCGGATTCCCGCCATTCTCCTGCCTCAGCCTCCCTAGTAGCTGGGACTACAGGCGCCCCCCACCATGCCCGGCTAATTTTTGATATTTTTAGTAGAGACAGGGTTTCACTGTGTTAGCCAGGATGGTCTCGATCTCCTGACCTCGTGATCCACCTGCCTCGGCCTCCCAAAGTGCTGGGATTACATGTGTGAGCCACCACACCCGGCCCCATTTTTAATACGTTTTTTAAAGATGCATATAAAATGCATTACCCTCTGGAAGATTCCAGTAACTTACTGAAGCAAGTTTCTCCTCTACATATACCTATTTCTGCCATGAGTAACTGTTCATTTTCAGTGAGTCATTTGAGTTTCTGTTATTCAGGTATACAGAGTTCCTGTTGTCTTTTTAGTCAACAAAGTTTAACAAAGACCATAATAAAGATGGCTTTCAGCAGCTCTGTTATTGGGAA,False
1217,-845,3.7465618,-3.781793,0.00053733325,3.9424434,-4.434128,0.00023014483,7.809135,-7.2246714,2.9573383e-07,11.087142,-11.2482815,1.9945698e-10,8.871905,-8.993509,1.7424062e-08,0.00015355829,ENST00000416506.5,-845,TACGGGCATGTGCTATCACACCCAACCTGATACATTGCCTTTATAAATTTTTTTTTCTTTATTCTAAAAACCAGAAAAAACAAAACTGGATACATGTGCAGAACATGCAGACCAAGTGTGTTGGGGACTTGAGATGCGTACATGAGTGTGATGTTTCCTGCTGAAAGCACAGGTGAGACGTGGTCTTGTAACACAGTGGTTAAGAATGTGACTTTGGAGCCAGCCTGCTAGGGGCTGAATTCTGACTCAGCCATTTACTAACTGTGTGACCTTAGTCTGTCTAGTGACTGGTGTTGTCATAAGAAGAGAGGGACACAGAGGGAAGATGGCCACATGAAGATGGAGGCAGAGATTGCAGTTATGCTGCTGCAAACTAAGGAATGGCTCTGGCCCTCCAAGGATTGCTGATAACCACCAGAAACTAGAAGAGACAAGGAAGGATTCTTCCCTAGAGCCTTCAGAGGGAGCATGGCCCTACTGACACCTGGATTTCAAACTTGTAGCTTCCTAAACTGCAAGAGAATAAATTTCTGTTGTTTTAA,False
1218,-1460,5.091112,-5.3742366,2.850652e-05,6.40499,-6.462812,2.5797854e-06,3.8195422,-3.4239273,0.000714317,7.683473,-8.072527,1.4363354e-07,7.085493,-6.8659883,8.728678e-07,0.00014928398,ENST00000435523.5,-1460,ATCTTGTGGTTAATGGAGACAGATGGTCTTCCCTTGATAGATGCTTCTGGAAAGTTAACATTCCAGCAGTGACGGTTACATTCCTGTCAGGCAGGACTTCAGGAAGAGAGGAACTCCGCACCGTTTGATCAGGATTCCCAGGTGTGACTTTGCAGGCATTTTATTAATGCTTTTACGAGTTAGAAGAGTTGGGATAATTTGCCATCTGGAGTTTCTCTGCCTTGCTGATCTGAGCTCAGACCTGCCAATTTACCAGAGATAATTGATAACACCCTGTAACAGCTGAGAGGAAAATGGAAGAAACGGAGATACTTTTAGTGAAGCAGAATAAACCACTGAACAGGAAAAATGAGGAAGCTGTGAGTACCAGTGGAAGGAACGAGCCAGGAAGAGGGACTGGAACCATCTCAGAAGCCATGCCCCTCAGGCTGGAACTTGCCCTGTCTCCTCGCAGATGAGCTACCTCTTGTGTTTAAGAATTAAAGGAAGATGAGCTAGGAATCAAGAAATACGCAGAACTGATTCCTGTCACTGGCGCCACCCTGCCACTTGC,False
1219,-174,5.8388777,-5.7469883,9.296475e-06,4.466188,-4.488271,0.00012914324,3.794451,-3.6333249,0.0005941551,5.787887,-5.885913,8.513921e-06,12.85845,-12.935706,6.276836e-12,0.00014822175,ENST00000559134.1,-174,GCCCCGGCGCCGGGCTTCCCCCCGCCTTAGGAAGCTCGCCCTTCCAGCCAGCGGCCCCGACTGTACTGGCTCCGCGGCAGCCTTGGCTCAGGCGGCCAGCGCTGGACAGCGGCCGGGGAATCCCGTGCTGCGCGGCGCGGCCGAGGGGCGGGCCTGGCCCGGAGAGTACCGCGGCTTCGGCCCTCTGCCGTGCGCCTCGCGCGTTTTGCATCGCTGAGCGAAGCAGAGACGCCCCCCCTTTTCGGTCTCCTTAACTGGTTCGTCTTCGTAGTTGGAATTCCTTTGCATGAGGCTATGGAATATACACTACCTTCTCTGGACGTTAACTATTAGCTACAGCTTGAGGACTCCCAAATTTATGCCTTTAGCAACACGATCCGAGCCCTGCAACTTTTCGACCTCATTTTGAGCCAACATTATTTTGCTCCCTTATTTTGTTGAAGTACTTTCTCCAGTTATTTACTTAAAATGTTCACATGAGAGACATACTATTTGATTCCTTGCTTGTACTAAGATGTAATGATTGTAACGACTTCATTTTCCTAGACCCAGATAAAAGTCTCGCTTCATTCATGAA,False
1220,-833,3.6413858,-3.7085323,0.0006422321,4.3700914,-4.8627443,9.776601e-05,9.003731,-8.403736,2.7544392e-08,10.759866,-10.916721,3.8545905e-10,10.204266,-10.287114,1.2609773e-09,0.00014800546,ENST00000599427.5,-833,GTGAACTGAGCAAGTGAGGGATCTAGGTTGCATGCTTCTTATGAGAATCTAATGCCTGATGATCTGTCACTGTCTCCTATCTCATCTAATTGCAGGAAAACAAGCTCAGGGCTCCCACTGATTGTACATTATGGTGAGACGTGGTCTTGTAACACAGTGGTTAAGAATGTGACTTTGGAGCCAGCCTGCTAGGGGCTGAATTCTGACTCAGCCATTTACTAACTGTGTGACCTTAGGGAGGAGGACCTGGTTGATAGAAGAATTTATCTCGTAGTCTTAACATCCACTGTAATTCCAAACTTTGAGGACGATAGAGATCAGTGGGCTTTGACTGCCCAGCATGCAGTCTCCATTCTTAGGTGGGTTCCCAAGCCTGTAAAATGTAAGCCTTATGCTGCTGAGGGCCATCTTGCCACCCTGAGGGAAACGCTGCCTGAGAATGAAACAAGCATAAGTAAAAGCTGAGCTGTGAGATGGAGCAAGATGAAGGCCACATGACATCTTTGGAGCACCTGGATCTAACTGTGCCTTAAGCTAGTCTAACCCTGAACATTTCATCATTTCATTGACATGAGCCCAGGTTTTCTTTTTTTTTGGATGGAGTCTTGCTCTGTCGCCCAGGCTGGAGTGCAGTAGCTCAATCTCGGCTCACTGCAAGCTCC,False
1221,-1147,3.6306226,-3.8378725,0.00057046086,4.1868114,-4.6267715,0.00014867735,7.5470347,-7.328287,3.465209e-07,7.986545,-8.167754,9.6444424e-08,7.1067076,-6.982048,7.609057e-07,0.00014406841,ENST00000421648.1,-1147,CTGAGGAGTGAAGAGCTCCAGGGATTTCACTCTTCTTTGTGTGTGTGAAGGAAGGCAGGTTTATTTGCAAGATGGGTTTGAGGGAATTAAGGATAAAGTCTGCTGAAAGTAGCACCAGCCTCTGGATTAAAAGGGATGTTTGGATGAAGCTTCAATCTCAAGAAGAGGCAAGAGAAAACTAAAGAAAAAGAGACAAGAAGGTAGTTGACAAGCTGTGAACCTGCATTGCATTCTAGTGATGGGACACGTGGAAGGGGAAGCTGAAGTTGAAGGGTGGATGGTAGCAGCCACAGGGAGTGAGATGGGCTCGTTTCTGGAGCTGTTGGGAGAGAAAAAGGGAGTCAAACGGGAATTCACACAGGGTTGTGCATTATATCCAAGTGTGTATTCAGATACAAGCCTTTATCTCAATACCTTCCTTACCCCCATTCCGCACATATCTCATACCAAAGTACAAATAAAACCATTCCCAATTGTTCTAATA,False
1222,-1093,6.1403437,-6.4177303,3.5163837e-06,5.9858437,-6.477042,3.867549e-06,8.085126,-7.4391975,1.8108058e-07,8.86808,-8.815074,2.0907558e-08,3.5472693,-3.7159016,0.00070039096,0.00014159537,ENST00000440001.2,-1093,GGTAAGAAAATCCGCCCGCGTGAGGAGGGAGGCGAGGCGCAGATCTCGTGCCGCTGCGGCCTCGCGGGAGGGAAGGGCGGGCGGGCGGCGGAACGGGCGGGGCCGGGTGCGGACGCAGCCGGCCCTTCTCAGGTAACGCCGCGGCTCCGCGCGTGGCCCGGGGGCGGTGCGAAGGGTGGGGGCGCGCGGGCGCGGGCTTCGGCCTATAAAAGGGCCGCCCTGGCGTTCCCCCTTCCCGAACGTGCCGCGCGAGCCGCGGTGCCCCCTCCTCTTTGCTGCTGCAGTGTCTGCGCCGGGCCATTTAATGAGATTTATTCACGCACGGCTCTTCTCAGCTTTGCGAGGGGTTGGCAGATCCAGTGCACAGGGATTTCCCACTACCGTGTTTTTCTCCCGCCCCCTTCCTTCCCTCTCGTCCTAATACATCCTTCGTTGGTTTCCTCGGCCCCGCAGGCTGCGTCCCGGGCACGCGCAAGTACATGTGCATTTTAGTGGTTACCAGGTTGCCACGTATTTGAAGTGGTGTGAGAGCTACTCGTTTGGAACCGTTGTGGATTTTCAAATAGGAAAATCAAAAGGCCCAAAGAGACAGCTCACTGGTGACCATGCTTTGGGATTTTCATAGTTTGAGTAATTCCTATGGGCTCTACCACCCAGCGAGTTAAAGAAGACAAGATTCCACCCCCAGGGGGTTGTGGTTCTGGGAATGTGAGCAGCTTGTTTTCAGGAGATCTGCATCTTGATCTGGCCTGCTATTAGGATCTGTGGTGGTGGTGCCTGTCTGGTTTTAGTTGTTTCTTTTATCTTACACAGATTTTTGTAAGTTATTTGCATATAAAGGTTTTTGAAAAGTGAATGTTTTATGGGGGCATCTTGCTTATACAAAGAAAAATTAAAACTGTTTTAAAATAATCA,False
1223,-830,3.725239,-3.769545,0.0005556676,4.2457676,-4.7221775,0.00012741354,7.166393,-6.563363,1.0895384e-06,9.35966,-9.520655,6.315153e-09,9.030785,-9.1652,1.2519432e-08,0.0001368379,ENST00000434781.5,-830,AGTAGTGAAAATGAAGCGCACGATGGGCGGAAGCTGTGAGTCCGGCAAAGTTTTAAAATGATGACGTATTTTATTAACTCTAACGGCACTGGCGGGTGACTGAAAATACTAGTGCTGTGTATGCGGGATAGACATTATTTTCCTGCCCTACATGAGGGGCTCGTGCGCGGAACGACATGGGCAGCCCCGGCGGAAACTGCAGGCACAAGCCGGGACGCCGCGGGTTTAAAACATGCGCGTGAGAGGAAGACAAACATAAAGATGAAGTGCTTAATTCAAGGTCACACAATGTCGGGGATGGACCTCCAGATTTCCTTACTGGTGAGACGTGGTCTTGTAACACAGTGGTTAAGAATGTGACTTTGGAGCCAGCCTGCTAGGGGCTGAATTCTGACTCAGCCATTTACTAACTGTGTGACCTTAGGGAGGAGGACCTGGTTGATAGAAGAATTTATCTCGTAGTCTTAACATCCACTGTAATTCCAAACTTTGAGGACGATAGAGATCAGTGGGCTTTGACTGCCCAGCATGCAGTCTCCATTCTTAGGTCACAGAATTTTCCACA,False
1224,-960,5.9846954,-6.119831,5.5343744e-06,3.930266,-4.375292,0.00024707854,8.36556,-8.075361,7.240997e-08,3.9526951,-3.8327258,0.0004155795,9.915275,-10.157985,1.9155533e-09,0.00013365335,ENST00000419253.1,-960,CTCCACTGCGGTTGCGCAGCCTGCCGAAGAGCGTGCGGCTTCTACTGCGGCTGCGCAAGCTCGACGCGCGCACTCTTGTCTGCTTACGAGGGCTCCTCCCTTCAGCTTTGGTCCCTCGGGGCGTCTGGGCAGCCTACGCTTTCCGAAGTACAGTCTATATAAAGACTGTCCAGGACAAAAACTGGCCACTCCATTCAGCATTGACAGCAGTATTTAAAGCTGGTGCATGGTGAGGTGAAGTTTCTCAAGGGCAAAGACAATGCCTTCATGCATGTTCAGTGTCTGCCCCCGTGGGCTTTGAAATGATCGCTGACAATGGGGGATCTGCAGTGACTTCTCTGCCTCTGCCAAAGCCCAGGGGTGCTGCTCCCTAATTCTAAGGATTCTAATGAGACTCAGAGCAGGTGTAACACAGGGCATGGAGCTTCCTGAGCAAGAGGCTGGCTAACAAACTGTGGACGTGGTACTTAGACACATTAAGAGACATTACAGGGACACCTGCAAGTATGTCTCCCTGGGGAGAAGCCAAGTGCAGATGCTATGGCCACAGATGATATGGTTTGGCTCTGTGTCCCCACTCAAATCTCATCTCAAGTTGTAATCCCTGGATGTCGAGGGAGGGACCTGGTGGGAGGTGATTGGATTGGTTCGCATGATAGTGAGGGAGTTCTCACGAGATCTGGTTGTTTGATAAGTGTCTGGCATTTCTCCTGTGCTGTCTCTCCTGCCACCTTGTGAAGAAGGTGCCTGCTTCTCCTTCGCCTTCCGCCATGATTGTAAGTTTCCTGAGGCCTCCCTAGCAATGCAGAACTGTGAGTCAATTAAACTTCCTTTCTTTATAAATTA,True
1225,-90,6.7955065,-6.974695,1.0463499e-06,9.575984,-9.829442,3.7353436e-09,15.9623575,-15.8969,1.457809e-14,16.528095,-16.846388,3.2036641e-15,3.4929209,-3.839574,0.0006535127,0.00013091255,ENST00000526036.1,-90,CGCAAGCGCAGGCCGAGACGCCGCAGGTCGAGTACCGGGTGGCAAAGCAGCTGGCCCGGGCCGTGGAAGGTGGCCAGGCCACCGCGGCCTGTGACGCGCACCTCGGCGCCCAAGGCCCGTAGCCGCGCAGTTTCCTCGGGCGTCAGGCCGCCGCGCAGCCCGGCCGTATACACGGGCCCCGCGGGCTCGCAGAGCAGGAGCGCGCCCGCCTCAGTCCCCGACGGGGCCTCAATGCCTGGCTCGGCCTGCAGCCGCCGCAGCCAGCGGTCCTGCAGCCCCAGTAGCTCGGCGTACGGCACCCGACCCAGGCGCACCAACCGAACGGCGGGTTGCCGCATCGTGCCCACCGTTGCGTCCGCGGGGCCCCGCCCTCTCCGTGGGCCTGGGGGCGTGGCCTGAGGGGCGGGGACTCGGGGGCACACCCCGAGCCGCAGCTCCCAGGTGCGTGTTAAAAGCTGGAGGGGGGATATGTGATCCCAGGACCAAAAGCGCGGGGCCAGACTCATCGGTTCATTCAACAACCAGTATTTAGTGCCTGCTGTGTTCTGCAGGCCCTGCCATAGGCGCTTGATACAGCGGTGCATAGCGTATGAGAAAGATCTGTCCTGGCTGAGCATCCGTAATATAAAAATCTGAAATCTGAAATGCTCCAAAATCCTAAACTTTTTGAGTGCTGACATTATGCCACAAATGGAAAATTTCATACCTGACCTTATGTGAGTTGCAGTCAAAACACAGGTGCACAACACCCAGTTCATGCAACATCCCCAGTGGGAAAAAAGACCCCCCCAGCTCTCTTCTGCTGCAGTTTTTCTGCTCACACCTGGATTTCCCCATGCATTCCCACAAAAAGTAATTAAATGGCATGCGTGCAGGCTGGACACGCCAACAACAGGTTTCCCACAATGCCCCACATGGGGCCAAGACCTGTGTGCATTACTCACTGCATTTTTTTGCTTATTCTCTGCTGTGTGGTATAAATATATTGTTGAAAATGTCAAAAAGACCTAAAGATACCCCTGTGAATATCAGTGATAAGAAAAAGAGGAAGCATTTATGTTTATCTATAGCACAGAAAGTCAAGTTGTTGGAGAAACTGGACAGTGGTGTAAGTGTGAAACATCTTACGGAAGAGTATGGTGTTGGAATGACCACCATATATGACCTGAAGAAACAGAAGGATAAACTGTTGAAGTTTTATGCTGAAAGTGATGAGCAGATATTAATGAAAAATAGAAAAACACTTCATAAAGCTAAAAATGAAGATCTTGATCGTGTATTGAAAGAGTGGATCCGTCAGCGTCGCAGTGAACACATGCCACTTAATGGTATGCTGATCATGAAACAAGCAAAGATATATCACAATGAACTAAAAATTGAGGGGAACTGTGAATATTCAACAGGCTGGTTGCAGAAATTTAAGAAAAGACATGGCATTAAATTTTTAAAGACTTGTGGCAATAAAGCATCTGCTGGTCATGAAGCAACAGAGAAGTTTACTGGCAAGTTCAGTAATGATGATGAACAAGATGGTAACTTTGAAGGATTCAGTATGTCAAGTGAGAAAAAAATAATGTCTGACCTCCTTACATATACAAAAAATATACATCCAGAGACTGTCAGTAAGCTGGAAGAAGAGGATATCAAAGATGTTTTTAACAGTAATAATGAGGCTCCAGTTGTTCATTCATTGTCCAATGGTGAAGTAACAAAAATGGTTCTGAATCAAGATGATCATGATGATAATGATAATGAAGATGATGTTAACACTGCAGAAAAAGTGCCTATAGACGACATGGTAAAAATGTGTGATGGGCTTATTAAAGGACTAGAGCAGCATGCATTCATAACAGAGCAAGAAATCATGTCAGTTTATAAAATCAAAGAGAGACTTCTAAGACAAAAAGCATCATTAATGAGGCAGATGACTCTGAAAGAAACATTTAAAAAAGCCATCCAGAGGAATGCTTCTTCCTCTCTACAGGACCCACTTCTTGGTCCCTCAACTGCTTCTGATGCTTCTTCTCACCTAAAAATAAAATAAAATACAGTGTACAGTAACCTTTTAGTCAAAACAGCATCATACTTGGAAACTGAAAGCCTACTGTTATTTGTTATTGTTGCTTAACAGCTGATACAGGTATTCTGGTGACACTACTGTGCTGGCTTACTTAACCTGAATACACTATTTTTTTCGTTGTATTACTGGTATGTCATTTTTTTTACTGTTAAGTACTTATGTGTGAATAAGTGTAAAAAAATGATTGCTTATCGGTAACATATAAATTCAGAATCAGGAATGATGGTGATGCCAAACAATCACAGATCGTCCACATGGGTGGCGGAGATGTTAACACCTTTGCTTTCTGATGGTTCAGTGTATCCACACTTTGTTTCATGCCAAAATTATTTAAAATATTGTATGAAATTACCTTCAGGCTATGTGTATAAAGTATATATGAAACATAAATGAACTTTATGTTTAAACTGGGA,False
1226,-193,3.6258657,-3.7132144,0.00064922625,6.019596,-6.7858505,2.745769e-06,8.369564,-7.8095436,9.408118e-08,9.766023,-9.976056,2.667621e-09,7.631272,-7.625908,2.3653267e-07,0.00013046106,ENST00000560461.1,-193,GATTCAATTATGGATGTGTGCAAAGAATCTGCTGCTCGGGCGTGGTGTCCTCAGTGCTGAGAGAGCCCCGCGACGGCGGTGCAGCTCCTCCAGGGCGCGCAGCCCCGCCACCTGGCGCCACCGCGAGGGAGCGCAGGCCCAGGGCCCGGGCAGACGCTGGAGGGGACGCGGCAGGTGAAGATGGGGCACCTCCACTTCCCTTCTAAAGGAGCCTGGGAATAGGCTAGGAAATGTCCCCACTGTAGAAGACAGCAGGAACATCTGACACGCGGATAACCTGTGCTGAGCTCGTTATATTCCCAGCATTTAATTCTAGCCATTAGGCATGCGTTAGCCACAACTTCGCATAGGAAGGTTATTGCAGCTATATGGGAACACTTTCAGTTTCCCAAGTTAAAACATGAAATTGCACATCATCATTTGGATCCCCAAAGAGGAAAAGAAAAATTCACAACCTGCCAGTGAAATACTCAGGCCACTTGGATGAAGACCGAGGTCCTCCATAGAATCCAGGTGTTATTTACTAACTAATCAGAAATTAATATCAAAATAGGACTTAAAAATAACAAGGCTGTGTTATTACAGCAGTCTTTCCAGTTGTGTACGCTTTACTAATCTAAATTGGGTAACAGAACTGGAGAAAAGGAAGACTACACAGACTTATCATAAGCTGTTAGTGAACGTGATA,False
1227,-1120,6.6350756,-6.9710903,1.2328684e-06,5.198931,-5.638094,1.9657642e-05,7.9958053,-7.393279,2.0730306e-07,6.6830845,-6.80216,1.3913359e-06,3.5464406,-3.8332884,0.0006233808,0.000129174,ENST00000584199.5,-1120,AGATTCGACACAAAACCCGGAAGGACCCCGCCGAAGGTTTTCTCCGGTTCGGGAGAGAGACGGAGTCCCGCTCTGTCACGCAGGCTGCCAGGCTGGCGTACAGTGGCGCAATCTCAGCTCGCTGCAACCTCCACCTCCTGGGTTCAAGCGATTTTCTTGCCTCTGCCTCCTGAGTAGCTGGGATTACTGGCACACACCACCATGCACAGTTGCAGGAATTTAGCCAATTCAGAGGTCTTGTTCTCCATAATTTGGAATTTTCCTTCGGATTTGATCAAGTTGGATAGAGTTGGTCAAACCCAATGGGAAAAAGATGAAAACAACAAGAAACAGAAACAAACAGCAACAACAACAACAACAAAAACAAGCAGAGACCGCCGTGTGAAGATGGAGGCAGAGATCGGAGAGATGCTGCCACACGCCACAAATGCCTGGGGCTCCCAGAAACTACACGGAGCCTCCCCCAGCGGCTTCAGCAGGAGCATGGCTCGGCCAACACTTTGATCTTGGTCTTCCAGCCTCCAGAACGTTTTCCTAAAATTCCCTTTTCCACTGGTGTGTGGTGCAAGATGAGGCACATT,False
1228,-1476,4.161809,-4.452907,0.0001813835,13.149813,-13.314549,3.2112427e-12,9.320473,-9.2646475,8.483683e-09,3.7692,-3.9301956,0.0004528957,6.097731,-6.330522,4.0038376e-06,0.0001276583,ENST00000501396.5,-1476,TGTTTCCCATCTTACACTTTTTCAGAATAGATATTCCCATGGTAGAATCATGGGCTGACACTATCACATTATAAAATTTTCTCTGGTTCTGTCTCTTCCCCTCAGGAACACACATGGATGATTCTTATTACTTTATGCCCACATTAAATAATTGTATACACCATGAACTGGAGGCCTTGTGTTTTGAGTGAAAAGCTTTGGATTTGAGTTTGTGTTTCCAAACACACTTCTGAGGTAGAAATTGTCAAGAGCTTTCCCAAACTCTTTTTTTAATCCTCCTGAGCTCACCATCTCTGGGACTGTCTTGCAATTGGACAGCCATGCAATTGAGCTTCAGCCAATGAAACATGAGTGGAGGGCGTGACACACAACCTGCCATGTTCAAGCCTCCATACTCTTTCCCTCCTCCAGCTTTGTGCTGATGAACATGGTCACCTTGAAAGGTGTGTTGAATATGGCAGAGCCAGAAAATGCAAGGAGCTTCTTCTCTGGATCACCACTTGAAGAAGAGCCACTTGCTCCTCAGGAACCCTATTTTGGACTGACGTTTAATACAACATGGAAGCCACCAAGGCTTACAGAATGTGCTTTCCAGAGCTGTGACCTGAACTGTACCTGGGGCCTTTTGAGTGAGGCTGGAACTGGAGTGGCCTGGATGCAGAGAGCAGTGTCCTAAGGCTGTGCAGGTTGCAAGAAAGCTCAAGTAGCCTATGGAGAGGATGCAAGGCTTCCAGCTGATGCCCTCAGCCAGGCTCAGTAGCAGCCAGAACTAGCCTACCAACGAACCTGCTGATCATGTGCATAAGCCACCTTGAACGTCGATCCTCCTGCCTGGTGGAGCCATCCCAGCTGATGCCACATGAAGCAGACACAAGCTGTCCCTACTAAGCTCTGCTCAAGTTGGATATTCATGAGTGAAATAAATGACTG,False
1229,-1459,5.5807924,-5.8368106,1.1000019e-05,7.449813,-7.5043874,3.202381e-07,3.9060476,-3.5165079,0.0005972631,8.51581,-8.904793,2.7184937e-08,7.6459618,-7.4083123,2.8974233e-07,0.00012178007,ENST00000443623.5,-1459,GAGGAAAATGGAAGAAACGGAGATACTTTTAGTGAAGCAGAATAAACCACTGAACAGGAAAAATGAGGAAGCTGTGAGTACCAGTGGAAGGAACGAGCCAGGAAGAGGGACTGGAACCATCTCAGAAGCCATGCCCCTCAGGCTGGAACTTGCCCTGTCTCCTCGCAGATGAGACTGAGTGTACTTGGTCTGGTATTTGTGGCATAACTTACGGAACACATAAGAATGATACAGATACTATTTAATGATGACCTAATACAAGCTTAGATAGCTAAGGTGAAAGCTTCTATGGCCTTAACATTTTCCTCTTGAAGAATGTATTTTCTGTAATAAAATACAGTGGCTACTTGAAATCTATAAACTTATGTGAGGTCTGGATAAATCTGAGCAACTTTCTTCTTTGTGCTCCAGGAACCTACGCACTATATATATAAATAAAGCTTAAGTAAACAT,True
1230,-278,4.980523,-5.206845,3.76414e-05,3.5837264,-3.9427814,0.000538326,9.195382,-8.795163,1.5374658e-08,6.459452,-6.7062316,1.9152055e-06,6.702048,-7.0204206,1.0975069e-06,0.00011579909,ENST00000598754.1,-278,GAAGACCTGAGACAGGAGGACTCCTTTGGGAGACCGGTCCCCTGTCCTCGCCCTCTCTCCATGAGATCCACCCATGACCTCGGGTCCTCAGCCCAGCCGAAGGAACTTCTCACCAATTTTAAATCGGGGACGCAAAGCCAACAAGAATGAAGAAGTGGCCAGGTATGGTGGCTCATGCCTGTAATCCCAGCACTTAGGGAGGCCGAGGAGGAAGAATTGCTTGAGGCCAGGAATCCCAGACCAGCCTGGACAACATGGCAAAATCCAGTCTTTACAAAAAAAAAATTTTTTTAATTGCTGGGCATGGTGGCACACACCTGTGGTCCCAACTACTTGGGAGGCTGTGGCAGGAGGATTGCTTGAGCTCAAGAGTTCCAGGCTGCAATTAGCTATGATCAGACCACTGCACTCCAGCCTGGGCAACAGAGTGAGACCCTGAAAAACAAAAAAGAAGGGAGGAAGGGGGGAAA,False
1231,-1125,6.3767815,-6.7213473,2.049056e-06,5.0414453,-5.480301,2.6943388e-05,8.105308,-7.508795,1.6553182e-07,7.236574,-7.369127,4.5375793e-07,3.608532,-3.9288042,0.0005325312,0.000112428585,ENST00000578994.5,-1125,ACATTCACCACCGCGTGACGCGGCGCCGGGTCGCCGCCGCAGATTCGACACAAAACCCGGAAGGACCCCGCCGAAGGTTTTCTCCGGTTCGGGAGAGAGACGGAGTCCCGCTCTGTCACGCAGGCTGCCAGGCTGGCGTACAGTGGCGCAATCTCAGCTCGCTGCAACCTCCACCTCCTGGGTTCAAGCGATTTTCTTGCCTCTGCCTCCTGAGTAGCTGGGATTACTGGCACACACCACCATGCACAGTTCCTTGTTCAAAATGCCAAGAACCTGGATGACTCATAGTCAAGACCCTCCACCAGTAACATATATTGGCGAGCCAGCCAGGAGCTTGGAACCCTCGGTGGACAGTGCCTAAGCACAGAGGCAACCACAGGTTTCTAACAGGGCCACTCTCTGGTGAAACTGAAAGGTTTCTGTGTGAAAGTGCCTGACCACCACTGCCCAATTCAGACCACTACAGGAAACACTCCATTTATTCCACCTGACTTCCCACTTGGCTGCATCCTCAACCATTGAAATGAATTTGACCCTGATAATCTAAGGAGGAAACATTTGATATTCTTTTGCAATAATACTTGGCCCCAGTATTGTTTGGAATCTGGAGTTTGCTGTTGAATGGGAAAGCAGGATGACGTTGC,False
1232,-1058,10.8687725,-10.742994,4.112718e-10,4.2913566,-5.170654,7.774408e-05,4.1836886,-3.9519155,0.0002928363,4.2555504,-4.3146977,0.00018962972,6.8984227,-6.2625895,1.9241725e-06,0.00011242695,ENST00000499583.1,-1058,CTTTAGCATCCTCGCCGCGCCCTGAGCGCGCTGGAGGCTCGCAGGCTGCGCCCTCCCAGGGCTGATGCCGCGTCCTGCTCCGCCGTTCTGGGACGTCGGGGACAAAAGTGGAGGAGACGGGAGAGCCCGGGCAGAAAAAGCAGGACGCGCGTCCCAGGATGCTTTCTGTTGCAGACATGATCGCTGGTAACAGATGCCTGGTTCACTCTCATCCTGGCCATACCTGAGGACTATGCTCCTCTTCTAGAAGTTCGGTGCAGTCATCTGACTTAATTGATTCAGCGCATTTATCTGCAGGCTGGAGTACAATAGCACGACATCAGCTCACTGCAACATCTGCCTCCCGGGTTCAAGCAATTCTCCTGCCTCAGCTTCCCGAGTTGCTGGGATTACAGGCACCTGCCACCATGCCCAGCTAATTTTTGTATTTTTAGTAGAGATGGGGTTTCACCATGTTGGTCAGGCTGGTCTTGAACTCCTGACCTCAGGTGATCCACTTGCCTCGGCCTCCCAAAGTGCTGGGATTACAGGTGTGAGCCACCGCACCTGGCCTGTGAGATGGTTTTCTTGGGTAGAATGAAAGAAGCTTGGCTACTGGGTCCATTTTATGTGAACATGTTGCTCCCTATTATAGTCAGTCCCTGGAACCCATTGTAAAGTCAGTTCTGGGTTTTTGCTTAGCTACCATGTAGTAACAGTCACAGCCTGTCTCCTGTCACCCTAACACCATCACCATTGCCAGTGGATATTTTTACCCCTAGTTTATAGTTAGGAAGCCTGAGACCCAGAGGGATTAAAGAGCTTTTCCAAAATCATATGGCTGGCAACACTAGTAATCTGGGCTGCCTGAGTCCTAAACATCATTCTACCCCAGCATTGAATTCCGAGGCCTCTAGAATCTTACCTACCTTCCCTGTTTGAAATGTATTTGTGGGGGAACAATTGACCTCAGAATGAGTAATTTGTCACTACTCTGAGAAAGTTTCACCGAGTTTCACATTTTCCCATTACAAAAGGAAAATGAGAAAATATGTCCTAGATACTACAGAGAAAAATACTTCATTGTCTTAATTGCCTTTCTATTTCAATCAAGGAAGGCATTTAATTATTTCTGAACTACATTCAAAACTCTCTCTCAAGAATATTACTCTCCCCAGGTGAGTTAACCAAAGCTGTGCACAACATTTCTCAATCTGAATAATAACATCAAAAAATTTATTGAGCACTTTTTATATGCCAAACTAGTCAATTCTTTCTGTTTATGACCTCATTGATTCCTCATGGCAAGTTTATGAAGTGGAAGCAATCATTCTCTCTTCTAACAAATGAGGAAACTGAGGCACAGAGGGATGAGATAGTTTGTCTAAGATTGTAAGGCATTAGGTGGTGAAGTCAGCATTGGATCCCAGGCCAAGCCCGAGGCCATCACTCCACCATGCTGCCTCTCAAGAGAAAGATTCAGTTTCCCCTTTGAGATATCCATTTATAAGTACATGTGCCAAAGCAATGTGAAGAAACCAACCCAGATGACTTGATTAAGCTACAGAAGGGACATCTGGGGTCTCAAGCCTCTGGAAATCAAGGTGGAGCATGTAGAGGTTATGGGATCAGGAGAGACAGAGTTTGACTTCTTTGTTTTTTCTTTGAGACCAAGTCTTGCTCTGTTGCCCAGGCTGGAGTGCAGTGGTGTGATCTTGGCTCAATACAACCTCCACCTCCTGGGTTCAAGTGATTCTCCTGCCTCGGGCTACTGAGTAGCTGGGATTACAGGCGCACGCCATCAGGCCGGCTAATTTTTGTATTTTTAGTAGACACGGGGTTTCACCATGTTGGTCAGGCTGGTCTCGAACTCCTGACCTCGTGATCCACCTGCCTCGGCCTCCCAAAGTGCTGGGATTACAGGCATGAGCCACCGTGCCCGGCCTGGGTTTGACTTCTTAAGCAACCTGAGGAATGATGTCCTTGCTGCTGAGCACAGCTGCCCTGGGCCCTGGAAAACCCACATGACACTCACTCAGCACCCAATGCTGGCTTCATTGTGGCTGTTGGAAACCATGTGGAAAAGAAATAACTTTTTTTGTGATCTGTACGTTATGGCTATTATTTTTTTACCTCGCTTAGCTTTTCAAGAGAATGAAGACCAGTCGACTTAGTATTTGTACTCTGAAATCGAATGGCATGAACACATGTGTTGTATAAGTGAGAAGAAGTATTCTCTTGTGTGATGGACTATAGCCTTCAGAAAGCACCTACTATTAAACAGAATAGAGATTGGATTTTGAAATATGTAGGCCACATCAGTAGGAAAGTTGACACTTCAAATTGCTCACAAGGACTTTAAACTCTACAATAGGTAAAATGTGGAGTACCTTATGTTTTCAGACCAAATGATTTTGTAATTTGAATTCAAAATTTTTTTAGTCTTCACAGTAGTCTTAGCATTAAAAGCATAGTTATTTTTAATATTTTGATAAAATATTCTATTTCATTAATTTTGTATAAGGGCATGTGTGAGAAGCATTGATATTTTTAAAATATAAAAATACAGCCTCTTTCTAATAAGCAAGAGCAATTGTTGATTTTTAAATTTTGTGTTTTTGGAGGCTTCCATTCACAAATCTGATTGTTTAAATAAATCTGTCTCCAGTAAATATGTTGGCACTT,True
1233,-963,5.0619497,-5.2161126,3.4377885e-05,3.5924554,-4.073068,0.00046849172,9.201799,-8.868187,1.4200533e-08,5.110543,-4.965938,4.205539e-05,10.540837,-10.745434,5.6949556e-10,0.00010898795,ENST00000433317.1,-963,GTTTCCTCCAGGTGTGGAGATGCTTGTATCTGGGACCCCCTGCCATTTCTCAGGACACCCTCCTGCTCCTAGCTGGGAGATCCAGCATCCTCATGAATGCGGGGCCCAAGGCCACCAACTGTTCCACCTGCTGTCAGCCAGGCCTGTTGCCCCAGCCCTACACCCACAGCTCACCCAGCAGGGACTGGAGTGTGCTGCTGCACTGCTGGAGCCGGTCGCCCGGGTCGGAGGTTGGGAAGAAGACAGCCGCTGGCAGGCCACTGGTTGGGGGGTCCAGCCGGAAGCCCACAGCGGTGAGGAGGGCCTGCCAGCCAGGGATGCCGCCCACTTTGTTCTCCACACTCTGCTGGGATGTGTACATGGCATTGCGCTGCCCATTCTGGATGCGCTGCAGGGATTTCTCCACCTGAGGGGGAATTGGGGTAAACACTGGGATGCCGGAGCTCAGGCATCCCAGACAGGAGGAAGTGTGTACTCACACCAGCCAGGAGGAAACAAGCCTGCCTGGGAGGACAGACGATCAGCCCTGGCTGTCCCTCAGGAGCGGGGGGCCTCCAAGGCACACTGCCCACTGGGTCAAGGAGTATCCAGGAGGAGTTAGAAGCATGACCCATCTGCCTGGCACCAGCACCTGGGGCTGCCAGGCAGCCACCCCTGCAGCTGTGTTGACAGGACCTGGCAGAGGGACTGACCCACCTTTGGAAAATGACACCAGCAATATCAGGATGTGTCAACTGGATTTATGCTAAGAAAATAGGATTTTTGGTGTTCCTCTGTTTCCCAAAGTTTGAGACACTTTCAGACACTCTGCTTTGCGGTTGTGGCCGATGTTACCCATGGGTGGGACTTTTGCTTTGCTCTAGATTTTTGTAACACCCTGGGGAGTTTCAGGGGCCAATGCTGAGAGAAGACCACAGGCTGACACATCATGAGACCCTCTGGGCAGGTCCACTAAGAGCATGTATTCTAGAACATGCAGGGCTTGAAGCTTCACAAGATATTCAGTGCACTCCTTACAGATCCTGTCAAATGTGGACCGGGTGGTGTCATCGCACCACCATCATCCCCTTGTTACCCCTGAGAACACAGCTTCAGAGAGGGTAAGTAACCTATCTCAGGCCACACAGCCAGGACATGGAGTAGATCCATCCTAAGTCTTTCTACCACACACTCCTTTCTACAGTCATGGGTTAAATGAGGGTGCCATGGAATGGGTCATCCAGTGTACACTGACATCAGGAGGAGTTTCACATTCATACACTCATGGCAAATGGTTCTGTTGCTCCCTGGTCCAAAGATGATCTTAATAGTAGGAAAAACTCATTTGGCAGAAGCAAGACTCAGCACACAGGCTCTCTCCCTGAGTCTTCTGTGGCTGGCCTTGCCCTGCCCTCCCCTCCCCAACCCCACTGGCAGAATAAAGTCGGGGGGCTGTGAGGACTGAGCCCCAGGCCTTGACAGGCACCCGCAGCCAGCCGAACTCCCACCTGCCCAGTTGGAGGGGTGCGAGAAGGCCTTGCTGCTCTGCACCACCTTCATGGCCTCCCCCAGGGCGGCGCTGGCTTTCAGGCCGTTCAGCAGGGATGAGTAGAAGGCATGGATGAACATCTTAGAAGCAGCCACTGGCACAGGCCACAGAGACACGAGGACACACTGAGCGCCGGCAGCCAGGAAGGCCCTTGTCAGCGCGATGACCCCGTCGGCTGTGACTTTGCTGTTGGACTCCTGGGAGGAGCCAAGCACCACCAGCTTCACAGGCAGCTGCAGGTCCAGGACGTCGGCGGCAGTGCCTAACTTACTGAGAATCATGCCTGCTGTGATGAGCCCTTGGAAACCATCAGGACTGGATGGTAGGGGTCCTGAGAGGATTGGGGGAGGAGGCCTTGATATGACAGAGTGGACAGAGGCCGTGGAACCCAGGACAGCCAGCCTGCTCCACAATCCTCATCCCCACAGACCTTCATGTGTGGCTCCTAAATAAGAGGAAACCCACTCCTGATAAGTCAGGGGCTTTGAAAAGTGATTTTGTTTAAATGGTGCAAACAAGCAAGCCAATCTTGGGGAGACAGGGCTAAACTTAAGTCCTTTAAGAAGCTCTACATACTGACAAGATTCTAGTTCCCTTCCACCTTATATGCTGCAAAGTAAAAAGTATCACTGAATGAGAAAATCAGCATAAAGAAGCCCAATAATGTCTGCCTGAGTTTCCCCTATGATGACTTTTGGTACTTTTTGGGAAACATTAAGTATGAAGTTATTTCAAAATAATTTTTTGGTGCCTCTGCTTGGTGATGCCTTAAACTCTGGGTAAGAGAAACACCAGGTGCCTGTCAGGAGATGGCCTTTTCCAGGTTTCTGGTTAAGCTACAAACAGCTAACTGGCTGCTGTCATCAAAATAAAAGCTTTCTGAAGGTGGAGGCATCTGATACCCAGAGTGCTGCTATCAGCCGGCACGGTGGGCCGCTGGGTGGCAGGAGCGTCGAGAAGGCCAGCTCGCTTCCTATCTGGGATTCAGAATCAGCTATGGAAACTTGAGAGACCTAGAGAAAATAACTTCTTTCACTTTGAACTGATTCTTTGCTTCATAAGAAAAGTATTATCCAGCCACAAAAATGGTCAAAATTCAGATCTACAAAAGCCTGTCAGGCAGAAACTGACCCCACTTAGGCCACGCCAATGAGCAAGTCATCAAAGCAGCCAAGACAGGTCCTGTGGGGGCCACCCATGCACAGGGCCCAGCCTCGGGTCCTAACCCCGCCTATGCTTTCCGCCACCATAAAGAGGCCCATCTGGGTAAGACCTGTCCCGCCTGCTGTGGGGTATTAGGGCAGATGGGGTCTGAGGGGTCTGAGGGCTCTGAGAGCAGCTGGCAGCTCAAGGACATCCGGAGTTGGAGGATGGAGCAATGCAGGCCCTTGTGGTAAAGACAGTCCTGCAGCCGCGCAGGCAGGGATGCTGCAAGTGGAGTGCCAGGCGGGTGCGGAGCCCTGTGGGACTGTGGAGGGGTCAGAGGGAAGCCAGGATTTTGGGGTCTCTGAGAGTTTGGAGAAGGGGAAGAAGATTAAAGCTTGTTTCAAAA,False
1234,-235,4.1234617,-4.296351,0.00022040727,6.2621856,-6.356828,3.308495e-06,12.2327795,-11.883459,3.360865e-11,4.0102887,-4.129625,0.00029157734,5.5475793,-5.616292,1.4177052e-05,0.00010589403,ENST00000581613.1,-235,GGTCACTGAGGAAGAATATAAGTTAGCCTCGTAGTGACCATGTGGAAGTCCTGACCTCGCTTGCAGACTTGACCTCTGGATGTGACAAGAAATGCTGAATCAGCAAATAGAGTGAACGAACAATCAAGATGAGATGGCTGCTGTTGATGTGATTCTCTAGGTTACTACCTTTCTTCCTGCTGCAAATGCTGCATGACACTAAGCTTACAGGATCTAGAAGCAGACTACAAAAAAAGAAGAAATTCACTCTGAAGACTGAAGAAACACTAGGCTGATCTTAAGTTTCCGAAATACACTCTGTAACACTACACTGATTCTTTGAATCTCTTGCAAAAAGAATCAAACCAGGACAAAGTTCAACAGATAACTGGTCAAATGCTTAGGAATGTCTATGTCCACCAAGAATATGGAACCATTAATGCCATGCTTCAGGTAAACTTGTTACAAAATTTAGTCTTCGATAAATTAGTCTCTGCAAATGATTTACCATTGCTCTACATTAGTAAGCTGAATGTTTCACTAACAAATAAGAAAATAAAATATTTCATGTTTTTACAGCTAACAACTTAGTAATAC,False
1235,-1092,6.236107,-6.5161595,2.8957434e-06,5.801454,-6.292353,5.5940177e-06,7.929197,-7.288028,2.4617472e-07,8.968549,-8.914897,1.7112686e-08,3.6932173,-3.8692095,0.000519343,0.00010561921,ENST00000456352.2,-1092,ATTTCACATCCAGCAGAGGAGGCGGGGGCAGCCGCTGAGACGGTTTTTCACAAGGAAATGACCTCATTCTTGATGGCTGCTGCTAACTTATGTATTCCCACGAGCATTCTGCTGAGATGAACAATCAGATGACCTCGTGTGAGATTTGGAGGAGAGAAGGAAATGGAGAGCATGCGTCTGCCGCTTCTGTGGTTTCTGTCGGTAAGCACAGTGATGAGGTGCTGAGTTTTCCCCAGAAGGCCTCCCAGTGTCCTATTACCAGCTTCACAAGCGTCGAGGGCAGGGCATGGGCATCTATTGTTCACCAGTGGAGATCTATCTGGCACAGAACCGATCCAACCATTGCAGTGGTCACAGCGGTGTTGGCTTTCTGATTCTCAACCTTCCTGACCGCCAGAGGAGACAGCCTCTTTGGTGGCCCTGTTCTGTGGTATTGTGCTAACCGGTGGTGGGACTAAAACTGTCTCTATAATGTTTTATTTCT,False
1236,-1090,6.064583,-6.3379507,4.1081507e-06,5.8033204,-6.2991314,5.545871e-06,8.120613,-7.4740534,1.6878055e-07,8.917187,-8.856615,1.9095717e-08,3.6996098,-3.8708007,0.0005152151,0.00010501141,ENST00000532226.1,-1090,CGAGGGGCTTGCGGGAGGGGGGCGCCAGTGTTCGGGGCCGTTTTGGCGGCTATGCAGGATTGGCAGGAGCTGCGATGCTCACACTTGCCTCGCCGACCGCCATTTCACATCCAGCAGAGGAGGCGGGGGCAGCCGCTGAGACGGTTTTTCACAAGAAATTATTTTAATAGAGATGAGGTCTCACTATATTGCCCAAGCTGGTCTCGAACTCCTGGGCTCAAGCGATCTTCCTGCCTCAGCCTCCCAAAGTGCTGAGATAACAGGTATGAGCCACCATGCCCTGCGAAATTATTCTTTTTGAGACAGAGTGAGACTCTGTCACCCAGGCTGGGGTGCAGTGACCCAATCTCAACTCACTGCAGTCTTGACTTCCCAGGCTCAAGCAATCCTCCCACCTCAGCCTCCTGAGTAGCTGGGACTACAGGCGTGCACCTCTACACCCAGCTATTTTTCATATTTTTTTGGAGACAGGGTTTCACTATATTGCCCAGGCTGGTCTCGAACTCCTGAGCTCAAGTGATCTGCCTGCCTTGGCCTCCCAAAGTGCTGGGATTACAGGTGTGAGCCATGGCGCCCAGCCTCAAGCTAAATTATTCTTTGTGTCATCCCTTTTCTTTCCTTCACTTTCAGATAACTCAGTTTTCTTAACTACTGTAGGGCAAATGTCTGAGTCATTTAGTTCAGTGTTCCTCAACCAGGGGTGATTTTTGCCGCCCTAGGGGACATTTGGCAAAATATCTGGAGGCATTTTTGATTATCACATCTTACAATGCATAGGGCAGCCCCTGCAGCGCAAAGAATTATCAGGTCCAAAGTGTCAATAGTGCAGGTGTTGAAAAACCCTGGCCTAGTTTAAAGTAAATTTGTACCCAGCCCTTCATCCAGTCTCTTGCCTTTATGAAACCATGATGGAAAAGAAACTCATTCCCTTTCAGAGGCATTTGGAAGGCCTAAGTAAGTACGGCAAACTTTGGAGTCAATTGCATCAACCATACAAAGTCCCAAAAGGCTTTATATGCAGGTTTCTGCAATTTCTCCATAGAACCTTCCTGGGTACAAGGTAGGCACATAAATATTTGTTGCCTAAATGAATAATAATAAAATAATTCTTGGCTAAAAGACATATTTTATTTCTTTCTCTTTAAACCAAAGTCAGATTTATCATGTGGTGAGAGATGAATTTCCTGAACAGAGATCTCTCTATTCATTTTAACCAATTAATTTACTCAGTTACTCAGAGAAGCAAAACTTTTCTGAAACAACTTCCACTTCCATAAGTTAGCAGTAATAGTCTTAAGGAAGGAATTGATAGCCTATAAATTAAAGATGATGTTTGAGGAACAAGAAATAAAAGAAACTTTCAGAATAGAGTAATATTAGAACTGATGCCTGAGCTTTCCAGGACCCTCATTTAAATTACATATCCAGAATTGATATTGGAGCATTTCCAATGGATTATATTATAGATAGGCAGGAGGAGACCAAACACACATAGAGTAAGGATAGATAAAATTCCCAATTTAAATAATTAAGATGCAAAATCTCAGAAGCTAGGTATCTATTTGGATCAACATATCTCAGGGTAGTTTCCCCTGGCCCCAAAGTTTATTGCATTTTAATATTCACAGTGTAAATCACATTCCAGAAAAACTCCCACTAAAAAGCTTTTTACTGAGACTGGGCAGGGTGGCTCATGCCTGTAATCCCAGTACTTTGGAAGACCAAGGTGAGATTATTGCTTGAGCCCAGAAGTTTGAGACCAGCTTGGGCAACATAGTGAGACCTTGTCGCTACAAAAAATTAACAATTAGCCAGGCGTGGTGATGTATGCCTGTAGTCCCACTTACTCAGGAGGCTGAGGCAGGAGGATCACTGGAGCCTAGGAAGTTGAAGCTGCAGTGAGCCATGATCACCACTGCACTCCAGCCTGGGTCACAGAGCAAGACCCTGTCTCAAAAAACACACACACAGAAAACTTTGTTATTGACACTGGATTCTCCTAGATTTTGCTTTATTTTACATCCTCATTCCAGAGGCCAGAAAAGACTACTTATTCTCAGATGTGTAAATATAGATAAGTCCTTCTGTTTCTTCATTTTCTCAATAAAATGTATTTTTCCAATTTTAAAAGTTTTTAAATGCATAGCATGGAAAACATGGAGGACAATAAAGAAAAATATAGAACATTCAG,False
1237,-1333,10.851891,-11.160969,2.7538272e-10,6.183201,-6.3613415,3.5642893e-06,7.312349,-7.10168,5.4962544e-07,5.4918528,-5.5341296,1.6273083e-05,3.8437824,-3.749922,0.00050335855,0.00010474917,ENST00000533232.5,-1333,GGAAGGCGGGGGACCCGGGACTTCCAAGTGTTCTGGCCATGGAGGCATGGTATCCGTAACATCCCCCAAAGGAGCTAAAGAAGAAATCCACAATTTACCATGAGCATTTCTCGTCTGAAGATTGCCAAGCGATTCCTCCAGGACATTCCTCAAGATCAATTTCTGTTCATCCACCTTGTCCTGGGAGGGACATCAATGGGTTTCCATGTCCTTTGGCTTCTGGTTGAGTTCACTCAGTGGAGAACCCTGGCAAGAGGCAGGAAAAGGGGAGGAAGGCTTTATGATACATGTGTTGAATGTGCAGGTTCGTTACATAGGTAAATGTGTGGCATGGTGGTTTGCTGCACCTATCAACCCATCACCTAGGTATTAAGCCCTGCATGCATTAGCTATTAGTCCTGATGCTCTCCCTCCCCCGCACCCCCTAGCAGGTCCCTGGTGTATGTTGTTCCACTCCCTGTGTTCATGTATTCTCATTGTTCAACTCCCACTTATGAGTGAGAACATGCAGTGTTTGATTTTCTGTTCCTGTGTCAGTTTACTGAGGATACTGGCTTCCAGCGTCATCCACGTCTCAGTATAGGACATCATCTCATTCCTTTTTATGGCTGCATAGTATTCCATGGTGTATATGTATCACATTTTTCTTTATCCAGTCTACCATTGTGGGCATTTGGGTTCATTCCAAGTCTTTAATAAGGGTTTGGTCTTACCTGATTTATGTTAGAAGGAAACCATTTGTTTGGAATGAATAGAGTAAATCTTTTGGGAAAATAGAAAAAAAGATTATTTTAAAATCATGTGAATATTTAGGTCTAAGAGTTGTCCATGAATCCTTAGCTCAGTGTTCATAGATCCCTACAAACAAGATCTATGAATAGAATTCTTGGAATCCTTAAGTTAGGATAGGAAAAAATTACATCTTTATTTTTTCTAACCTCTATTTGAAATGTAGTATTTCTTTCCATCACAAGTGTATGTGACAAGACACAATAGTGTTGGTCATTACTAAGGCTTTATCACCGACAAAAATCATAGGTATTTTTATATCACACTGCAGTGTTGTAAAAATCTCAAGATATCATCTATACTCTTCACTGCTTCGAAATTATGGTAGTTGGTAGACCCACCTTCAGGTCTTGTTATTGGCGGCATTAATAAGGAAGTGTATATGTTATGTTTCACAATTTTATTTTCTAAATACTTTCAGATTGCAACTGCATTTCCATATAATTTATTTTATAATTCGTTGTGTTTCAAGTTATGCATTTACACATGTAATTCTAAAAAGAAGTCCATAGACTTGACCACATTTCCAAAAGAGTTCACAGTAAACAAATTATTAAAAATCTCTGTTAATTCATAGATACTCATTCCAGAAAATACAGCAATGGCTGCATATCAGGAATATCTTTTTCCAGAAAAAAAAATATCCGAAGTTACTAGATATTCTGTAGTTTCTGTATGTGGAGTTTCTGGGGTAAATCCTTTGAGTTCAATATGTTGACTATGTGCTATGTCATCTCAAATATTTGACCTTATTCTGTTTTTCTTCTCTGGGTCATTGTATGTTTTGTAACTAGATTTCCTATTTGGTATTTGTCTCCCAAATTTTAAGAGCAAAACTTGTCATCTATCGCCTTATTTTAATTCTCACTATGTAAACTTGTAAGAACTAACTCACAACTTGGTGTCTCATAACTCACTTCTGAAATATCCAATAAAAAACTGCCAAGTTA,False
1238,-1124,6.1557474,-6.50214,3.18235e-06,4.9553766,-5.3761425,3.258848e-05,8.174985,-7.5904083,1.4229074e-07,6.7812037,-6.908177,1.1344282e-06,3.6540294,-3.9769151,0.0004849672,0.00010440295,ENST00000579174.5,-1124,CATTCACCACCGCGTGACGCGGCGCCGGGTCGCCGCCGCAGATTCGACACAAAACCCGGAAGGACCCCGCCGAAGGTTTTCTCCGGTTCGGGAGAGAGACGGAGTCCCGCTCTGTCACGCAGGCTGCCAGGCTGGCGTACAGTGGCGCAATCTCAGCTCGCTGCAACCTCCACCTCCTGGGTTCAAGCGATTTTCTTGCCTCTGCCTCCTGAGTAGCTGGGATTACTGGCACACACCACCATGCACAGGGAGATATGAGACATCAATCAATATATGTAAGATGTACATCAGTTTCGTCTGGAAAGATGGGACAACATGAAGCAGGGAGGGGGCTCCCTGGTGACAGTTCCTTGTTCAAAATGCCAAGAACCTGGATGACTCATAGTCAAGACCCTCCACCAGTAACATATATTGGCGAGCCAGCCAGGAGCGAATGGGTCTCATGAGATCTGATGGTTTTGAAAATGGGAGTTGCCCTGCACAAGCTCTCCTTTTGCCTGCTGCCATCCACATAAGATGTGATTTGCTCTTCCTTGCCTTCCACCATGATTGTGAGGCCTTCCCAGCATGTGGAAATGGTCCAGCCTGCAATAACTGAAGCCCCCAGACCTGGAACCTGAAGATCCCATCAGCCACTAAACCTGTGAACCTGTAGAAGACCTGAAGTACCTGTTTAAAAGGCAGCCAAAAGATAAGTAAATTCCTATCAACTTTCCTTGGTGTCCTTCTTGTATATTTACTGTAAGCTGGATATA,False
1239,-1235,5.7226315,-5.955331,8.478552e-06,9.399982,-9.337382,7.2856023e-09,3.8242276,-3.7514377,0.0005125162,9.036501,-9.23574,1.1600244e-08,9.340005,-9.301682,8.017113e-09,0.00010420433,ENST00000413421.5,-1235,AAAGGTGGAGGCGGAAGTGACTGATCAATTCAGGGGCGTGGGGTTCGTTTAGGTTTTGCCCTGTGTATGACCTCGTTTGGAGCCATGAAACCAGCCTCAAGCTTTATTCTAGGAAGGTAATTCTGAAGATACCTATCTTCTTGAGAGTGAAATTTTATGGAATCCTAGATTTCTCATACCTAGGAATAACAATGAGCAAAGCAGACCTTGGTGGCCAGAGGGGAGCCCTCAGGTAGAGCTGCAGATGCTGGCAGTTTGTGTTAGAAGGTTCCGGGGCTAAACAGATGCCTAGAATTAGCCACCAAAAGGTAAATTGTAGACTCCACTCTTCAAGAAGCAGCAGAAGGATTAGGAATTCAAACAGTGCTATTTTACGGTGGCTTTTCTACAATATAAAGATGGAAATGGGAAGAAGATGTTCATTGCAAATTAAGGAAGCTCTTCCACGAGTTCACGAATGGAAATAACATCAAGAGTTTTTCATCTTCTTAGTGTGCAAGGTTAAAATGAATAATGAAAGGAAAGGGAGAGCGTCTCTCTTTACAATGCTGGAACAGATGTCTTGAGTCTGCCTCCTGATGACTTAATTTATGTCATGTGCTCAGCCCTAAACCAATCCCTGTGGCAGAAGTGAAGTGGCTGTGAAAAGAACTGGGGGTAGTATTGAGAAGAAAAGTAGAAAATGACAGGTCAAAATATAACAAATGTCCGCTACCAAAAATAATGTTTTCCTGTCAATTTTTAAGCATGTGTGTATGGTTTCAATGTATTATTAAAAGTATGTGTGTGTATACATATACATATAAGAATCTAATGTATTCTATAT,False
1240,-1392,4.607955,-4.743904,8.679636e-05,3.6657457,-4.1780615,0.00039201937,8.89254,-8.544116,2.675199e-08,5.161937,-5.020925,3.7811395e-05,11.246638,-11.456062,1.3814716e-10,0.0001033308,ENST00000452612.5,-1392,GGCTCCTCCCTTCAGCTTTGGTCCCTCGGGGCGTCTGGGCAGCCTACGCTTTCCGACTGGAATCAGCCATTTTACCAAGAAAGTTGGGTTTCTTTTACTGGCAAATAGTACTTCAAGAGCACAGTCTTATGTAAGCATGACCCATCTGCCTGGCACCAGCACCTGGGGCTGCCAGGCAGCCACCCCTGCAGCTGTGTTGACAGGACCTGGCAGAGGGACTGACCCACCTTTGGAAAATGACACCAGCAATATCAGGATGTGTCAACTGGATTTATGCTAAGAAAATAGGATTTTTGGTGTTCCTCTGTTTCCCAAAGTTTGAGACACTTTCAGACACTCTGCTTTGCGGTTGTGGCCGATGTTACCCATGGGTGGGACTTTTGCTTTGCTCTAGATTTTTGTAACACCCTGGGGAGTTTCAGGGGCCAATGCTGAGAGAAGACCACAGGCTGACACATCATGAGGGCGGCGCTGGCTTTCAGGCCGTTCAGCAGGGATGAGTAGAAGGCATGGATGAACATCTTAGAAGCAGCCACTGGCACAGGCCACAGAGACACGAGGACACACTGAGCGCCGGCAGCCAGGAAGGCCCTTGTCAGCGCGATGACCCCGTCGGCTGTGACTTTGCTGTTGGACTCCTGGGAGGAGCCAAGCACCACCAGCTTCACAGGCAGCTGCAGGTCCAGGACGTCGGCGGCAGTGCCTAACTTACTGAGAATCATGCCTGCTGTGATGAGCCCTTGGAA,False
1241,-1448,7.2241983,-7.551379,3.8286709e-07,5.4204345,-5.88323,1.2327508e-05,7.87925,-7.265359,2.6471562e-07,7.4740167,-7.6075745,2.8193455e-07,3.6574326,-3.9773405,0.00048311468,9.9274344e-05,ENST00000440438.6,-1448,AAGAAATGCTGAGGCAGTGTCACGCTGGTGTCTGTCCTCCTTACAGAATGCCTGAACAGTTCCATTGACTCAAAGTGAAGATCAAAAGAACCAAATGACAGCAATAGCCAAGTGTAATCATCAGTAACCCTGTGTTCTATCCACAGCTTTAAACTCCCTCCTAAGTTTCTGAAGATCCTCTTGGGCCACTTCATGGATCTGATTTAAATCTAAAGTCCTAGGGGTTTCAAGGAGCACAGTTTGGAATCTACCATCCCGGGACATTCATTATATTAGTCTGTTTTCATGCTGCTGATAAAGACATACCCAAGACTGGGCAATTTACAAAAGAAAGAGATTTAATTGGACTTACA,False
1242,-668,4.4339657,-4.393985,0.00014655685,7.610673,-7.852654,1.924696e-07,6.1746345,-5.8475475,6.009383e-06,6.3792815,-6.4599085,2.6546647e-06,4.1555305,-3.868399,0.0003274232,9.656731e-05,ENST00000540968.1,-668,AGTCATTCTGTGGAACTTCCTCTGTGTCTCTCACTGGAGCCGCCTAACTTCCTCTCCCACCTCCCTTCATCAAGGAGCAGTCTCATGCCCAGGAGCTAGAAATGTAGGCTTTGCCGGCATTGGTTGAGCTGTGCTGGGCCCTAGGCAGCGATGACTCAAACTTGACCCTTAACCCCCAGGCAGGGGTCTCCCTCCCTCCCCGTCCTTAAGTGGGGCGGGCACTTAGCCCAGGGTGGTGATATGACCCAGTCCTATCCAATCACCATGGTCCCGCCTCCTGGCTACCACAATTGGCTCAGGGATGAGCACGTGGCCCATAGCAGCCCAGTGAGAGTCAGCCCTGGGTGGGAACTGGTGGGAAAGAATTCTGCTGGAGCATCTGGAGTTGCTCAAATGGAGTGGCTGTGGCCATCTTTCCTTACACGTGGGGAGGAATCAGCCTGAGAATGAAACCATCACAGGAAAGGGCTGAAAGACGGCAAGTTTTCACTGGGTCTTACCCGACGTGAGCCCCCACTCCTCCATATGGACCTGTTTTGGACCAATGAGGCATCCTCTTCTGTAGTCCTCAACACGCGGAGCTCCAC,False
1243,-222,5.3472977,-5.320675,2.327814e-05,3.5263395,-4.1628685,0.0004575311,14.696055,-14.136346,3.007788e-13,9.623159,-9.919396,3.2566825e-09,14.348606,-14.400328,3.2696155e-13,9.6162505e-05,ENST00000577270.1,-222,AGCTTTAGTCCCTGGGACCGTTTCTGTGCCCAAGGAGAGGGAGGGCAGGGGAAGGATGGAATTTCATCTAGAGTAGCAGGTCCTGGTTGCCTGGTAAATTATGCATCAGGACTGGGCTAGCCACTGCCTCCGTTTTCTCTGGGCTCCTGAGATAACCTCCACCTGCCTCTAGATTCTGTGCCAGCTGATCGTTATCTATCTCATCAACTCTTGTTCCATCAGGAAACTGCATCTTGGTGGATGATGAACCAATAAACCTGGACACAATCTCCCGAATAACACCACACATGCCAACAAATGACATCAGCATTCCAGAATGTAAGCGGCTGGAATCTGATGAAGATAAGAACTAACGAAAATCCCACATGAGTCATGCTAATATACACAAAGAGGGCTCAAATTCCAAGAATCAATTTCCAGATCAGTAAGCCAAGATCAGAGCATGGTAAACACCTATCATAAATGAAATGGTAGAATCCTGACATGGTGTTTAATGATGGCTTTACAAAGTATCACATTTCATAGCTGTGAACTATCCCCAAATCATCTCACAAAAAAGGAAAGATCAAAGAAAAGGGCAATTCAGAAAAGATCTTATTTCTCTCTCTCTCTTGCATGAAAAAGAGCACATAAAATAGAAGCAGTGGTTACCCCAGCGTGGCCCTTCAGAGAACCGAGGTAACTATGGTAACTAAGAACGGTCTTTTAGTTCGCAAGGTTCGAATTCTAGAACTGTTGGTTGGATTTGGGGTAAGTCCCATAAGGGAGAGCTGCGAACTTCAAGTGTGGACTGGTTCATTCTCTAGGGAGATAGCAACCTTTTCCTAAAAAATCTTGGTTCTTCATTGCTGGAGAGAAGAACAAGCCCTGTGAAGCAGTCAGAGATCCTTATACCCAGCAGACTTAAGGGTGTGGTATTCAAGGAAAAAAACACTTTGGGAAATAGAGAAGAAACTGATCAGGAACACCAGACTTTTCTTTATAAATACGTATATTTTAAGAGCAACAAAACAGAGACAATTTTCTCAAAATAAGCAACCACTAAAATGTCAAGGAAGGACCCATTTATGACTTAAAATTCCCATGGCTCTCTAACGAAAGCAATGCTAATTTTGGCCTTGGGAAAGTGGAAAAAATATATAATTATGAAAAGTCCTCACCTTTCTTGCAATTTCTTGAGTTTCTCAGGGTCTGCCTTTATCTTACTGGTTTCCTTTTCATCTGTGAAACCAGAGGCTGCCATCCTGCTCCCATTATCATTTTGATTTGGGAAATGAGACACTGCAAAGAAAGTAAATGGTGTATTTTCTTGCAGAGACCCAGACACATGCAAATGGCCTTCTGAGTTCATTCTTGATGGAGAGGAGCTGGAAGAATCCACTAAGGACAAATTGCCCTGTGGATTTAGTAAGAGATCTGTATATAGTGGAGCCCCCTGAGGCTGGCTTGTTAAAGTAGTATCTTCTGCTTCCCTGACAGCAAATTCGTGTGCACTGTTTACTGGGAAATAATTATGGTTTTCGGCACTGGCAAATGGAGTCCTATTTCTAATGGGAGACAGTGGTTGGCAAACATGAAACCCTGAGTTTCCCTCTGAGTCTGAGCTGTGAACTGAAGTCGATGACATTGACAAGTCTACTGGAATATCATCTCTCAGAGCAGAATGCATGAATGATGCAGGAGGGTTATAGGATGAATTCACTGATGATCTTGGAGATATTGGTCTGCCAGAAATAAAGTAGTCAAGAGAATTTTGAGAACTGTTTAAATAGTCTTTCCAGTATCCTTCAGAATCATGGGTGCCAGGCCTATGTTCCACAGAAATACAATCACTCCATACATTTTCAGCATTGACACCAACCTCTTGTCTGGGCTCGGATTTGGTGTCCCACGAAAGAGGGCTCTTTTTCGCATTTTCACTGCCACCTCTGTCCTTCTCTGTAGCAGATTCCCTATCAGGCAGCCCGGGGTCTTGGGACAACCTTTGCCCAGCAGAAGGCCGCTCTGTTGCTGGCTCCATTGCATTGCTTATTCTCAATGAGCCATGACTGGGCTCACTTCTTCTTGAAGAATGACCTCTGCAATTTTCAGCATTTTCTTCAAAATTTTTATTTTTGGCCTGAGGGGTCGATGTCCCCCCAAATCTACTTCTTTTGTGATGGGAAGGAGAACAGGGTGAGCGCACACCAACCCACAGACATTCTTCAGACTGGGTTTCCTCTTCAGTGTCATCGCTTTCTCTTCTGCTGTTCAATGACAAAATGGAATAAAAGTCTTCATCTCGGAACCTAAATGATGCCTTTCTTGGCCCTCCTACAGTGGTGGGTGTGAGTGGTGGCCCCGAGAACTCACTCAATACTTGAGGACTATTTTTTCCTTGGAAGGCCTGGGACAGGGCTGGATGCAGCTCACTCTGGGAAGGAGCACTCGGGTCTCCTTTTTTGGCTCTATCAGGGGCGTTCTCAGTCATTGGCTGTGACGATGGGACCAAGTTTCTTCTCTCTTGATTTGGCCTCTTCAGCTTAGTGTTACACATCAGGCCTTCTTGTTGAACTACTTGATCTGCATTGAGAAAAGACACATTTATCGTTCCAGTAAAAGGGCCCATGGATGAAAGGCCTCTAGCACCAAGTGCAAAATTGCCCTTTAAATGCAACAGACAAGACCTAGAGAAGAAAACAGACACGGTCAAAATGGCTGGAGGTACAAGAGGAGCAGAGCCCAGCAGGCTTCATTTTACTGCCCCGTATTCTCCTTTGTACCCCTGTGGTCCTAGGGAAATGGGGGGACCCTGAGGATACAGATTCTTTCTGCAGAAGCTCCCGGAAGACTGGCCCAGCCCCAGCCAGTCAGGACTGATGATGCGCAAACCTCACACTAAATACTGGCTTTTGTTCCATACGTACTGAAAGGGAAAACCACCACTCTGGGAATGACTTCTACAAAAACCACCAGCCCTTTCTCATCCACGTTCATTCAATGTACATTTATGACACCCTGCCTCCCACGCAGCTTTACAAGAACTTAAGAGAAGTATAACATGTCTTGGCAGATCAGGAGGAAGGCTATAGGAGCTGGCGCCCGGGGAACACTGGGGATTTTGGTCATGTTTACTATTTAGTGAAAATAAAAATTATAAATCGCT,False
1244,-438,8.070555,-8.263015,8.0616e-08,4.2634053,-4.454061,0.00016367463,8.965515,-8.695145,2.138321e-08,4.1725307,-4.3417163,0.00020054988,4.7798567,-4.569751,8.699199e-05,9.0263704e-05,ENST00000422230.1,-438,AGGAGCGCGAGGCCGGCCTGAGGGAGGAGGCCTAGCGACCCATCCGGCGCCTCCCGCCCCGGGCACCCGCCCGCGGCCGCGCATCCTGCGGGCCCCAGGAGGCCTCCATCTCAAAACAACGTGTTTTTAGGATCTCATCCACTATCACAGTTTCAGCTTTCCCCAAACTGGAATGTGTCTTTGCAGACGCCCATCCTTATTAAAGGGCAAAGACTTCTCATACACCTAGGATGGATCTTATATTCTTGGCGGGACTGCAGAGAAGGTGCCGTGTCCTGAGTCCTCATGTCAGGGCACAGGCTTCCAGCCAGTTCTACCTGGGTTATGTTTATCTCAATTCCCTGGTGGTATTGGTGTCTGCTGGGTTTTGCCAGAATGAAGACACCGTGTTTTCATTTGTCAGTTGATTCGTATTTTCCAGGAAGACATTCTGAGATTACAGCATTGTCTTAGTCAAGGTGCTGCAGAAGGACAGAACTAATAGGATATATGTACATATGAAAGAAAGTTTATGAAGAACTGGCTCACACCATCACAAGGCAAAG,True
1245,-103,5.5825453,-5.7594495,1.1863938e-05,6.933001,-7.03313,8.601732e-07,8.977227,-8.529934,2.4930841e-08,3.9366744,-3.9841254,0.00036298,4.7181916,-4.8812904,6.775927e-05,8.869766e-05,ENST00000540198.1,-103,TGTGGACAGCCTACACCAAGGGAAGAGTCAGGGGAGAAGGAACACAAGACTCCGGAAGCATGCCAGCGTATAAAACCTTCTCTCTCTGTGACCTGTAATTTGAGGGTGACAAAAAAGAACTTCCCATGAAAGAACAAACAAACATGACACCACCTGGGACCATTGAAGTTGGATTTCCCCTGGTAAGGTCTGATGTTATACCCTTTAATCATCTTTGTTGGGTTCTGCCAAGCCTCCCCAAACTTCCCACACTTCTCATTAGTGGATCAGTGGGTATCCTTGCTAGAGACTGACCGATTGTGGGTACAATGGCACGGTTGTTCTTGCTGACCACACATCTGTTTATACAGTACCATGATTGTTTCTTGAGCAAACAAAAGCAAAGACAGTGTAGAGACGGGGTT,False
1246,-804,7.115781,-7.563781,4.214511e-07,7.0059686,-6.8390703,9.70902e-07,3.780886,-3.9433305,0.00044179775,9.213429,-9.4708185,7.6830595e-09,11.1621,-11.299072,1.7588828e-10,8.8639594e-05,ENST00000595649.5,-804,GGGAGAGCAGAACTTGGACTGAGTCCTGCAGGACACAGATGTAGTTTCACTCTTCTTGCCCAGGCTGGAGTGTAATGGTGCGATCTTGGCTCGCTGCAATCTCTGTCTCCCAGGTTTAAGTGATTCTCCTGCCTCAGCCTCCTGAGTAGTTGAGATTACAGGTACACACCACAATGCCCAGTGAACTTTGTATTTTTAGTAGAGTCGAGGTTTCACCATGTTGGCCTCGCTGGTCTCGAACTCCCGACCTCAGGTGATCCACCTCCTGGGCCTCCCAAAGTGCTGGGATTACAGGCATGGGCTACCACGTTCAGCCATGATTGTTTCCAGGGTGATTTGCTACACATGTTGGGAAAAATCAAACCAGGAACAGTATGAAAATGGCCTCCTTGAAGACGGTGTTCCCTGAGTACCTAGAACCCAAAACCGATCAGTAACCCTGTACAGGGACTGTGTTCACAGGATATAAGGCAAAAAAAATCCATCTTCTCATAAGAGCTTTAGAGACTCTTAGGCTTCTTTACTAGGACAGCTGAGCTCTAAAGCATGTGAACTTCACCCACCACAACTGTTTGCTCCATCTCAAGCTCAGAACCCTGCCCTGTCTGCCTAACCACAAGTATCCAACCCAGTATCTACAAATAAATGCTTCACTCATCTA,False
1247,-793,5.8561735,-5.878025,8.014914e-06,4.621351,-4.7382994,8.612285e-05,8.655566,-8.567114,3.3134885e-08,3.9617393,-4.019172,0.00034181084,11.335647,-11.4472885,1.27496e-10,8.719637e-05,ENST00000594576.5,-793,GCTTTTGTCTCTCGCTGCAGCCAGAGCTTGGGATCGCTTTCTGCTATTCAACGTCCTCCACCTCTGCCCCCCTCTCGCCCCAGCCGGTGACAGGCTGTTGCCCTGTGATCTGCAGGTCCTGGGACGTGCACAGACAGCTAAGATGCCAGGACATTCCAGAAGCACCTGAGTAATTTGACTCTCCTGCCTGGACCCAGCGTACAGATGGGATTGTGCTTCATTGCTGGACCCAGCATTTAGGCGCCTGTAATTTCAGCTACTCCGGGGGCTGAGGCAGGAGAATCGCTTGAACTCGGGAAGCAGAAGTTGCAGTGAGCCAAGGTCGCACCACTGCACTCCAGCCCAGGCGACATTGTGAGACTCCATCTCAAAAAAAAAAAAAAGAAAAAAAGTGTACTAACAAGACCCAGCACACAGAGGAGACTTTTACCATTGTATGAACACCCATCAAACAGTACACATCATCATTG,False
1248,-546,5.001177,-5.3937216,3.0587194e-05,8.252564,-8.382814,5.961373e-08,11.023698,-10.6672945,3.7994585e-10,6.703605,-6.933595,1.1951945e-06,3.7715254,-4.0455203,0.00040264777,8.689803e-05,ENST00000570409.1,-546,CTGCAGCTCCCTGGGCACCCTCTTCCCACAGTGTGGAAGGTGGAGGCTCCCAGGGCACAAGCAGAACACGTGCCGCCCTAAGGCCAAGGCGGAGCTGGCTGCTGTCGCTTCTGCCCACATTCCATGGGTGCTGTCGAGCTGTAGGTCCAAGCCCCACATCAGGGGAGTGAGTGGGGTACAATCCTCCCATGCTGGGCCCCACTCTGGAGATAGGCCTGGGGAATGCCCAAGAAGGAAGCCCAGCCCTTCTGGGATTTTCACATCCACAGAGAATGGGTGCTGGCAGCCAACGGCAACGAGGAGAAAAGCTGACCGCCTTCTCAGATCAGGATGAGGTGTTTTTACACCAACCCCGAGGATCTGCAGCCTTCTCAGGTTAAATTAAACCTGTCACAGACACAGGAAGGGAAAAGAGCACATAACAACAATTATATTGACATCTAAGCCAGGTCACATGCTCTGATTTGGCTGAAATTACAGGATAAAGGAAAAATCCTATAGGCACCATGGCTGGAAACAAATGGCCTCAAAGGAACGCTGGTGGCCGTGGCTTTGTGCAACGACAGCCAGTGTTGTGTGACCCAGCGACGTGCAGGCCAGGGAGGGTACCCTTCTACTGATCAAGAGGGAAAGCGGGAAGGACGCACAGCTGTGGTTTCCAACCTGCACGGAGGCACCCCCATGAACTCACAGAGCACCATCAGATCCTTCTGAATTTTGAAGGAAGCAATGATACTCTGCTCTGCTCAAGGCCATTCATGGTCTCAACATTAACGTTACCTTGCTTTATAGGGTATCTTCCCTCTCTCTGCCAGGCTGGGTTGTGGCAGTCACTGAACAAGCAATTACTGTGAAGGTCGACGTGGAAAAATGAGGCAATGAGGGTGGCGGTGTTCTACCAGATTCCAAGTTGAAGAGGTGCTCGACAGGCACACACATCCCATGACTAAACAAATAACATGAACATTTCTCTTTATGTATTACTTTTCTAGACATCCACTATAAGTTGCCAGGACACAAATGCTTATTATTGGGGTTTACTTATTTAATAAATGGAACTGTGGGGGA,False
1249,-1168,3.904269,-4.0005836,0.00036881265,8.4265175,-8.416368,4.8442708e-08,5.307504,-4.9732885,3.4284178e-05,11.117652,-11.209612,2.0109114e-10,5.2726946,-5.1375136,3.0122508e-05,8.665359e-05,ENST00000518732.1,-1168,ATTTTTTAAAATGTAAATGGAGTAAATGATAAAATGTAGACTGAATTTATCATAAAGACATTTTCTTTTGGTATACTGCAAGGAACTATGAACTTTTAGTAACTACTATAAGCAACTGACAGGAAAAAATGGCAACAGAAGAAGGAAAGAGGAGAGAATGGGGAGCAGACACTAAGGTGTAGTGAAAGGAGGAAAATGAAGGCTAAGTCTAATGATGTGAATCCTCTTTGCAATTCCATCAAAGGAGGGATCTTCCTACTGACCAGAAGACCTGAACAGCCTGAGAATGATTCCTTTCAACTCCGAGAGAAGAAGCTGCAGATGAAGAGCAATCCTGGGATACATGTGCAGAATGTGCAGAATGTGTACATAGGTACACACTACCATGGTGGTTTGCTGCACCCATCAACTCGTCATCTACATTAGGATACTGTTTACTGAAAACCCACCAATCTGATCTTTTATGAGAAGCTAGTCCCTGAAAAGGCCCTTGGATCAAAGGTCAAAAACTTGAAGCACAGAGTGGGATGTCAGATGCCAAGATTTAAATCTAGTCATTTGATTCCAGAGCCCACATTCTTAAATAATATGCTACACTGACCTTTATTGTCTTTAAACATTATCTTTATTTAATGTGTTTCATAGAAATTACTTCTCAGGTATTCCTAAATTTATTTTTAAAAATAATGTCATGCTATCACTATAATATAGTTTTTTAAATTAACTTGAGAGGTAATGTAGTATGATCAACTTCCTTAATGGCCTTTTAAACTGGAAATAACTATTAAATATTTTAATATTATAAATTAACAGGCAAAATGGTGAAAAATCTAACATCTGGTTCTTAAAAGTAAGTTGAAATATAAGATCAGATTTGAATGCACATGGAAAAATAGAACTGGCAAATAATGCCATATTTGAAGATCTTTTAGTATTCTCTGGTATTTTTCCTTTCATTTCAAAATTGTTATATTCTTTTTAATGACTTCAAATGAATTAGGAAATGTCAGGCTTCTAAAAATCAAACAGAACGTCCAACCAGTAGATTTCATTCAGGGCAGTGGGAGCCTGTTCGGTTGTTTCCTCTTTCCCCCTCACTTTTAAAAATCCTCAATCACTGCCATTTCTCTTCTCAGCTTTCACAACACTTTACAGGCAGCTGAATGAAAGGGCAGAAGCTTCCTCTGAAACTCCTGTTATTTCAGCTCTAAAATCAGCTGAAAAGGATGCCCTCCCCAGAGACAGAAATGCATTCCCTCCATCATGAACCTGCAATGCCCTCAGGTTGTGGCAAGGGAGAAGTTTAGCACTTGAACCTAGATAACGCTATTTTTTTAATCAAAGTGCACCATTCTTGTTTCATATGGCCTGTGGCACAATTTATTTAAAACAATATGGTGCATCAAAGAAGGTAAACAATAATAACAATAATAATAATATAGGAATAGCAATGTGCACATAAATAATATAGGAAAACACATGGCCTCAGTACCTTCATGAAATGGGACTTCAATATACATATTTCTTATACAGCTTTATGCATGACTTCATTGCACTTCACTGCTCTGTTGTGTCACTCTACCAATAAACCTATACATCATACTGAGTGAAGTATGTTCACAGTCCCTTTACTTGACAAAAAAAAAAAAAAAAAAAAAAAAAA,False
1250,-410,9.923461,-10.170775,1.875789e-09,4.6604943,-4.7932534,7.838906e-05,7.890118,-7.6597443,1.7651465e-07,8.242956,-8.362789,6.140679e-08,3.930346,-4.0547247,0.00034039252,8.3804276e-05,ENST00000505637.1,-410,GCTGGGAGGAGATGCTGCCACCTAGGTTACTTGTAGGACCCTATACGGCAACCTCCTTTGCCAGGAACTATTTATAAACATCCTGCAGGAAAATGGTAGCTGAGACCAATGATGCTGACCTCCCTCAAAAGCTGCATTTCTGAATTTCTGAAGGCAAACTGTCTGCCTATATTGTACAGCAAAATAATTTCCTGTATTAAAACGTTTTTATTGCTCTAAA,False
1251,-579,6.8942337,-7.295569,6.877758e-07,4.8877063,-5.290132,3.800183e-05,6.0184917,-5.5808535,9.172007e-06,3.918462,-4.0537825,0.00034478513,11.988739,-11.741494,4.9441437e-11,7.852936e-05,ENST00000456633.1,-579,GCTCTCTCAGAGATCCAGGTCCGGGAGATGACAGTGGCTCCCAGAAAGCCCAGGATTCAATCGCTGAGAGAGTGCTTAGGCCCGAATGCCGGCCCAAATCGTTCTACTCACCGTGTCGGAGGCCGAGGCCGAGGCCGAGAGCGATGAGAGTGCAGGGAAGTGGGGAAGAGGGGGTGGCCGCCAGGCTCCTCCGCTTCCCTGGGTCCACGGCGGATCCCTCCCGCTTGTCAGGAGGCGGCCAGCGGGGGCAGGAGAGGAAGGGACGGGCCGAGCGGGTCGGGGCTTGCCGTTTGACTGGAATTGCCAGAATGGCGGACCGAGCCCCACGACAACCTACCTCCCTGGGCTCCTCGCCGCAGCGCTGCGGCTCGCCTCCCTCTGCTCCTCCTCCTCCGCCGGATCGCGGCGAGCGGATCGAGGACTGCCTAGCGCCCCTCTGCCCACCGGTGGTTGGAGGCCGCGGCGGCTGCGCGTTGAGTCGTTTCCTGCCGGTTGACCTGAGCCTACTTCGCAGTAGCAGGACCGCTGCTGTGGAGCTGGTCGCAGGCGGTGTGTGCCGGTCGCCTAGTCAGGAGAACTAGTCCTCGACTCACGGTGAGGGAATGGACCGACACGGGTATTGTACCGCTGAGGGAAAGGAGCGGGACTCCGGACCTCCAGGAGGTAGGGAGTGAGGCCAGTAGGACCGGCGCGCCTCCGGGGGGATTCCTCCCGGGCGTTGAGTTGCCAACCTGGGACCCGAGGAAGATCGGCGTGGTGGTGTGCTTTTTGTTGTTGTTAACCCTCCTCGGATTTCTCGAATTTCACACCACTGTCCATATGCGATGATGTTTGTTTGCCCTTGACGCACTTACTCATGGATGGTACTTCTTCAGCCTCGTTAGACAGCCTGGTGATGGAGGATGAAGAAA,False
1252,-1122,7.2681026,-7.60326,3.4789574e-07,5.3373585,-5.7955647,1.4622666e-05,8.406646,-7.7977877,9.1728424e-08,7.412876,-7.5240026,3.2583375e-07,3.8052526,-4.082749,0.00037507794,7.809322e-05,ENST00000584372.5,-1122,GACACAAAACCCGGAAGGACCCCGCCGAAGGTTTTCTCCGGTTCGGGAGAGAGACGGAGTCCCGCTCTGTCACGCAGGCTGCCAGGCTGGCGTACAGTGGCGCAATCTCAGCTCGCTGCAACCTCCACCTCCTGGGTTCAAGCGATTTTCTTGCCTCTGCCTCCTGAGTAGCTGGGATTACTGGCACACACCACCATGCACAGGGAATTTTCTTGTGGGCAAATTGTGAGGGAGTTGCAGGAATTTAGCCAATTCAGAGGTCTTGTTCTCCATAATTTGGAATTTTCCTTCGGATTTGATCAAGTTGGATAGAGTTGGTCAAACCCAATGGGAAAAAGATGAAAACAACAAGAAACAGAAACAAACAGCAACAACAACAACAACAAAAACAGTTAAGTGAAACAAACAAACAATCACACAATTTATGTGGTCACTGAGTGCTCTAATAGTAAGGAGAAATTAAGACCAGCTGGCTGTTAGTCTTAACTCTAGCCAAGACAAAACTCCAATTCAGCTACTTACCTAGTAATGAGTCTCAGGCTGAAGT,False
1253,-1458,6.4069815,-6.668213,2.0965938e-06,7.470052,-7.499593,3.153304e-07,4.141252,-3.7600293,0.00037013175,9.163783,-9.571315,7.302144e-09,8.882077,-8.617959,2.5109081e-08,7.451522e-05,ENST00000451786.5,-1458,AGCGGAGCCCTCCCTGCTCCCGGGCGGCTCTGGAGGAGCTCGGTGTTTGCCTCTAGCCCTTCGCTACCGGAGGATCAGGTTCCTCCCCTCCTCCCCCTCCAGCTCCGGCCGCCGCCGCCGCCGCCGCCGCCTCCTTCTTGCATGACACAGCAGAACCGCAGCTGCTGCAGCAATTTCAAGCCATCCGCCCAGGAAGCGCCGCAACCGGGACTCGGGAGGGGTGGAGGGGGCGAGGCAGAGGCCGCGGCCCCAGGGGATCCTTGGCCCCACTGTGCACCACACACTCCTTTCCCAGCCCAGGGGCACGCGAACAAAATGAGGCTCAAGCTGACCAGGCCGAGCCGGAGGAACGCTGGGGCTTGGCAGCAGAAGGGATGGGACCAGAGAGAAGGGTGTGGAGGAGACCCCAGTGAGGGCCAGGACATTTCAGGTAAAGAGAGGTCATATCTCCGTACCTCACTTCCTGACACAAACAAGTTTTCACTGTTGTCAGCAACAAAGCCCTAATATAGCTGCGGAAGAGAAAAACTGCATTGCATTTTGCCTCCTGCAAGCATCATCAACAGTTACTGGAGGAACGTAATTCCAGAAAGCTTGAAAGCCGTGGTGATGGTAATTATGTATCAAATGCCTGGTTCTATTTCTGTTATTATTGTTTTGTCATTTCTGTTTTCCCAGCGATCTGACTGAACTCGCAGAGGGACAAATCCAGTTTTTCTTTTTGACTTTTGTCAAACTAAATCAGGCCTGATAGAAAACTCATTGCTCTCCGGGGAAACAAAGTAGGAGCCACGAAATGTCATTTTAACAGAGCGTGGGTTTGGTGACTGTAGGAAAGGATTTGAGGACGCTCCTTCTGTTCGGCTTCCTATGTCATGAGCACAGGCTCCACGCACGCACAGACACCACGGCTCCCGGATGCTGTGGCTCCCCGATCGGGGCTCCTGCAGCGCCAGAAGCCCCTCCGGGATGCTTCGAGGGGCTCCCGGTGGGTGGAGGTACGGACGCCGCTGCGGCCGCCGCCGCCAGTCCTGCTGCTGTTGTTGCTGCTGCAGTCACGTGGGAGCCCCTTTAAGTTTCCATAGAGAGGCCTCTCTGGTGTCACATGATGGACATGATATAATGAAACAACATTGTGGAGAGGAAAGCATTAGGGGAGCCCACGGCTACAAAAACAAGTGAGTGAGAAGAGGTGGGAGGAAGAGAAACTACGCCACCTCCCCTGCAGCCGAGTGCACGCAGCAGCCTGGCGTGACAAGTGGGCGACGCCGGGGGGCAGGGAGCCGGGGTCCTTGGCCCTGGCCGGGGACCCCACCGCCCACCGCGCGGAGGACAACTTTTAGCCGGCAGCCCAGACCAGCGCGGCACCTGTCTCCGGAGTCTCCACCGCTCCTCCCGATTCATCCCAGGGAAATTCTCAAGAATACGCTCTACAAATCTACGTGCGCATCATTTTCACCTCGCGTCGCGCCCGGGAGGAAGGAACGAGGCAAGGAGCTAAAGCAGCGTGCGTTCAGCCCTGGGGCATTTTATTAATGCTTTTACGAGTTAGAAGAGTTGGGATAATTTGCCATCTGGAGTTTCTCTGCCTTGCTGATCTGAGCTCAGACCTGCCAATTTACCAGAGATAATTGATAACACCCTGTAACAGCTGAAGACAGAGTCTTACCCTGTCACCCAGGCTGGAGTACAATGGTGCGATCTCGGCTCACTGCAACCTCTGCCTCCTGGGTTCAAGTGATTCTTCTGCCTCAGCCTCCTGAGTAGCTGGGACTACAGGAGGAAAATGGAAGAAACGGAGATACTTTTAGTGAAGCAGAATAAACCACTGAACAGGAAAAATGAGGAAGCTGTGAGTACCAGTGGAAGGAACGAGCCAGGAAGAGGGACTGGAACCATCTCAGAAGCCATGCCCCTCAGGCTGGAACTTGCCCTGTCTCCTCGCAGATGAGGTAGGAGGCTCAGCACGGGCTGGTGGGAGCAGCCCACAGCAGCAGTGAGGGTCAGTGGGCCTGTGAGTTAAGAAGAAGGTGGCACAGAGCGAGGGTCTCTGGATCCTGACTGTTTGACTTTTCCATGATTAGGATAAGTAGCCAGGGCTTGGCTAGTTGGAGAGTTACTCGAACCTCAGGTGACAGTTGTAAGGCAGCACATAGTGAAAAAGAGTCCTAGCCTGGGAAAGTCCAAAACCTTAGGTCTGGTTTCAGTTCACTCACCTATCTCTGTGACATAGCAAAGTCTGTTAATTTCTCTAATTTTCTGATTAGTAGTATAGTTGCAGGAATGAAATAAAAATGGTCCTGATTACTCAGAGATTCATTTACTGATTACTCTTTTTGTGACCTGAATAAAGAGTACAACATCTCTCAAAAGGTAACAATATGATGTTTCAGGAAATTAGAGAAGTTAAGAGACTTTGCTGTATTTACTATACAGATAGTTGACTGACAGCTGAGCCCGGACCCAAGATTCATTTATAAAATGAAGGAGTTGAGAAGTACATACTCTGAGGTTTATCCTAAATAAACTGAAGTCTAGGCAAGTGGCTGAGCTAGGTTTGCCATGAATCAATCTGCTGAGTATATTTCTTGGTAACTAGTTCATCTTTCCTTAATTCAGTCAACAAATATGATATCAAGTTTAGTAAGATGATGACAGTTGTCATGTAATACTCCATCTGGAAGATTGTATGCTTCTCAGCTTCCCTAACTTTTCTTAATCTACCTTAAGCTTCCTTTCTGAAAGGTTTCTGTCTTTCCTAACAGTCTCTTCTTTCCGCCAGCTACCTCTTGTGTTTAAGAATTAAAGGAAGATGAGCTAGGAATCAAGAAATACGCAGAACTGATTCCTGTCACTGGCGCCACCCTGCCACTTGCCCAGAGCTGTGGTATAAATTTTTTTAATAGGCTGAAATAAAAATATGAATAGCATTTTGGTATTAAGCATTAAATTGATAAAGGCTATGAGATACACCTGCTCTCAACCATGTTAATTTTTTATTATTGGTATTAATAAATTATTACTTACTAACATATTAACAAGAATTGCATTGAGAAACAAAGCATCCACAGGCCAAATCTTCTGAATTTCAAATGTTTATATTAATGCGTTGTATTCTAGAAAAGTAGAATTGTCTTAAGTAGCTTTGTAATATAAAGTCATCTATCAGCCCATTACACCTATTAGAATGTTTTAACCTTTATTTCCCACTTTTTTGTTTCTAGACTGAGTGTACTTGGTCTGGTATTTGTGGCATAACTTACGGAACACATAAGAATGATACAGATACTATTTAATGATGACCTAATACAAGCTTAGATAGCTAAGGTGAAAGCTTCTATGGCCTTAACATTTTCCTCTTGAAGAATGTATTTTCTGTAATAAAATACAGTGGCTACTTGAAATCTATAAACTTATGTGAGGTCTGGATAAATCTGAGCAACTTTCTTCTTTGTGCTCCAGGAACCTACGCACTATATATATAAATAAAGCTTAAGTAAACATC,False
1254,-961,5.3869753,-5.5191755,1.8344714e-05,3.7280068,-4.2450175,0.00034451636,8.423513,-8.06884,6.8779954e-08,5.9471035,-5.8180456,7.770649e-06,11.498713,-11.7082,8.343835e-11,7.4140116e-05,ENST00000428858.1,-961,ACTCTTGTCTGCTTACGAGGGCTCCTCCCTTCAGCTTTGGTCCCTCGGGGCGTCTGGGCAGCCTACGCTTTCCGGTGAGTTTTCCAGTTGGTTCTTTGGAAGCCGTTTTGCGGTGACTGGTTTTCTGCTCTCTCTCACTGCTCCGAGTCAGGGCCCACCTCCTTGACCGACACCTCACCTCCATAGTCCACATAAAAGACTCCTGACAGGTTCTGGAGGCAGCCGACGCCAGCTTCTGTTCCCCTCCCCAGCCCTTGGCAGCTCAGGTTCCGCGGGAGGACGTTCACCTGCTTCGCGGTCTCGTGGAGGTCCACCGCGGCGGAGAATCCTAAACCTCACCTGTGACTCGGCAGGATGAGCGGCCAGCACTCCCGACGGAGGCCCTCTGGGAGAAAAGAGGCCCTTGGCCTCGAGACCCAGGAAAGCGGGCTGTTCAGGAGTTGGTTCGCGCAGTTACACCGAAAGCGCCGTGGGCCTCAAAGCCGCAGCCCGGAGGATAAAAATGGCAGAATGAAAGAATTATGAGTGGAACTAGAGAATAGGAAAGACATGAACCAACGCCCAA,False
1255,-667,4.541584,-4.490615,0.00011948516,7.6475453,-7.911487,1.7490332e-07,6.669357,-6.325856,2.2711713e-06,6.0652733,-6.1288757,5.0599497e-06,4.3116717,-4.0116644,0.00024272573,7.394338e-05,ENST00000538790.1,-667,CCCCTGCCTCCCTTGTCTCCACCCGCCTAGATCACTGTCTCACAGTCATTCTGTGGAACTTCCTCTGTGTCTCTCACTGGAGCCGCCTAACTTCCTCTCCCACCTCCCTTCATCAAGGAGCAGTCTCATGCCCAGGAGCTAGAAATGTAGGCTTTGCCGGCATTGGTTGAGCTGTGCTGGGCCCTAGGCAGCGATGACTCAAACTTGACCCTTAACCCCCAGGCAGGCAAGTTTTCACTGGGTCTTACCCGACGTGAGCCCCCACTCCTCCATATGGACCTGTTTTGGACCAATGAGGCATCCTCTTCTGTAGTCCTCAACACGCGGAGCTCCACCACTCCTGAGCAGTGTGACCTCAGGTGCTTGCTGCAGAGGCATCGGGGGTCTCTGGCCAGAGGTGACATCTGAAGCAATCGGGATCCTGTTTGGTTTTGCCACATCCGACCTGCCGCCCAGCTGGGGCAAGACAGCCACGCGCGGCGGATGCACCGGCCCTGAACTCTTTCTCGAGTAGTCCCCAGAGATTTCAGGAAGAGAGAGAAGAGGTAAAGAGACCAGAAACAAAGTCTTCTGCAAGCAAAGAACTGCAACAGGCCCCAGCTGTTAGGTTTGAGGGGCGTATGGGGCAGGCGACTGAACTGCAGAGTTGGAGCCAGAGGTACCATTGCTGACCCCTGAGCCCAGGAGCCTTGAGAATACTGACAGTGTTAATAATAACTGCAATCATCCAACATATGATGCTAGAATAACTGGACATCTGTGTGCAAAAATATTAAACCTATACCTTGCACCTTATCACAAAATTCACTCAAAATAGATCATAGACCAAAATGTGAAACATAAAACTAAGA,False
1256,-534,5.461464,-5.423403,1.8739342e-05,3.7080646,-4.258558,0.00034672825,17.530384,-17.057028,9.525301e-16,9.577231,-9.95078,3.3043988e-09,15.022357,-15.116533,8.1441676e-14,7.309418e-05,ENST00000379640.1,-534,GCCAAAGCTGAACTCGAAATGGAGCATCCACAGAATGGAGATCTCCTGCACAAGCCAGGGATTCTTTTTCCTCAAAGAGCACAGCTCTGGAGTGAGCTCTGTGAAGGCAGCACAGATGCCTGGAAGGACCCTCTACAGAAGCCTTTGCTCCTGTGTGTTTCCGCTGCATAGCCCAACCAGACCTCCATCGCCGGCATCAGCCCCCAAGGGCTTTCTCCTGCTCTCCCCAACTAGCAGCAACGCCTCCAAGCTCATGCCTTATTATTTATTCCACCGAAGCAGAGGAGTTGACAACAGCAAAATCTCTGTTCTTATCCTACTTGGCTGTGAACTCGAACAAACAAAGAAAAAAAAACTGGGACCAGCCACTGCCCTGGGGAACAGTGGCAGGGTGGAGTGATCTGAACATGAGGCATGAGAAGAACTGAGTGACTACAGTGATTGGGCTATAATAGACTCTGTCACTGGCCCAGCTGTAATCCCTGGCGCCTGCTGCTTCACTGTGTTCTGCAGGAGTTCCACTGCCCTGAATCTCTGACTCTGTGCCCGAGGTCTTTTTCTGGAATTGTGGAAGGTGCTCTGCTATGTGGGAAACAAGCTGGAAGTTCCGGGAATCACACTTCCCAGAAGCTACACCCAACCAGTGATTGACAGGAGTTGAAGTAAAAACATCATGGCTTTCTTACCCCTTAAGTGGAATATTTTATACTATTTTTCAGAATTTCCCCAAGGAGTTAAGCTGTAATTGCCCATCACGGCAGCCGGGTTAATAAGGTATCTGTATCTGCCAGAATTAAATGAGACGGCAGAATCACATAGTAATTTGAGCAGGAAAAGCTTAATATAAGGAATTATCATGTAATTATAGAGTTGTTCTATAATTATGTAATATTATATTCTAAGCTCCTCTTATACAATATAGGAGAGGATTTGCAGTAACAAGGGATTAGATAGCAAGATGTAAGAGAACTCTGAAGAATATAGGACTAGTGGATATAAGGAACAGCCACTACCCCTGGGGCTGAGGTGGAGCACTCCAAGAATTAAAGAACCTGGAATAAGAACACCTCACCTCACTCACGGCTCACTGGATGGTGGACAAGTCCCTGAGTTGTGATGCTGTAGAACTTTCTGGAAATTTGCCCTCCATATTTTCAAGGGAAGATGTCAAAGAGAAGTTTCATCTCTCAGAAATTATCTCAAAACCTTCTTGGGGATTACCAGGGAAAATTGTCACAGGAGACTCCATGAGGGGTCATGTCACTCCTAGGCTGTTCAAGGGAGTTCTGGGGGAAGCTGGGCACTGCTGGTCACAACAGGTTGTAAAAGCTGGGCCCTGGAGAAGCTGTCCGCACTGCAGGAGACTGGGTGCTGCTGGAGTTGCTGGATGAGCTTAAGGCATGTGGGGAGAGGAGAACATTAGAACTAGGAAATGAAACCTCTCTCTATTCTACTGTCCCTCCAGCACCCTCTACTGTAAACACTTAGCATTGTGCCACCTGGCACAGGAGAAGTCTTTACAGGGCCCGTCTATAACATAGCAAAGCAGGCAACAAAGGGTGAACTTGGAGTGGCTCACATGTTGCTCTATGTTGACTTCTTCCCTTTCCTTTTTCATTCCCCTACTCCCCTTATTGGTTTTCCTTAAATTCTAAATAAAATACAGTCATCCTCAGTATCCAAGGGGGATTGGTTCCAGGCTTCTCAGAGAATACCAAAATCTGTGGATGCTCAAGTCTCAGTTATAAAATGGCGTAGTATTTGCATATAATCTACACACGTCTTCCCATATACTTTAAATCATTTCCATGTTACTTACAATACCTAAAAAAACGCTACATAAATAGTTGTCATTGTCAATTACTTTTTATTTTTGTATCGTTATTTATTATTTTTTTCAAATTTTTTTTACTGCCTGTTTGGTTGAATCATGGATGTAGGGTTCATGGATATTGAGGGCTGACTAATCGCACTTGACTTTTGACTCCGTGTTGGCTTTTGGGTAAACCCAGACTACATTTTGAAAGTAAAGCCAATAAAATTTTCTAATGCATTGTATTTGGGATATGAGCAAAACAGAGGAGTCAAGGATGCTTCCAATGTTTTTGGCCTAAACCATGGGGAAAATTTCATCTTTATAATATTAAGTTTCTTAGTTTTAATACTGAATATGATGCCTCCTTCCAATTTCCCTGTAGAGCCCTTTGCATCTTTCATTGAATTTATTCCTAAGCATTTAATAGTTTTGATGCCATTGTAAATGATATATTTTTTCTTTTTCTTTTTTTTAAAAATAGGGTCTCACTTTGTTATGCAGGCTGGAGTGCAGTGGCACGATCTTGGCTCACTGCAGCCTCGAACTCCTGGGTTCAAGTGATCCTCCTGCCTCAGTCCCCCAAGTAGCTGGGACTACAGACATGCACCACCAGGCCTGGCTAATTTTTTTGTATTTTTTGTAGAGATGGGGTTTTGCCATGTTGCCTAGGCTAGTCTTGAACTCCTGAGCTCAAGTGATCCACCGGCCGTGGCCTCCCAAAGTGCTGGGATTATAGGCGTGAGCCACCACATCCAGCTTGTAAATGGTATATTTTTAAATGTCAGTTTCTAAAATGTTTTGTTAGCATAAAGAAATACAATTGACTTTTTAATACCAAGCCATCTTGCTAATTTAATAATTTAGTTCTAGATCTGATTTAGACTTTATAGTTGTGCAATTGTACTATCTGTGGAAAATGACAATTTTTCTCTTCCTTTATAATCTTTAGCTTTTTTTTCTTTTCCTTGGCTTTTTGCAAGATAATGGGATGTCCAGTGTGGTGTTATATACAAGTGGTAATTGTAAGTGTCCCTGTTCTGTTCTTTTTGTTTGTTGTTCTCAAGCTCAAAGAAAAACAACTTTGCTATTTCGTCATTGAGTATGATAACACTTAAACTTTACTTACTGTAGGATTATTGTACATAATCTTTATTGTATTAAAGATGTTCCTATTTTGCTAAG,False
1257,-1312,7.6921663,-7.9353323,1.6332909e-07,7.549876,-7.645808,2.5153474e-07,9.855952,-9.634842,3.4296928e-09,6.391084,-6.286917,3.11898e-06,4.0563693,-3.898711,0.00035075212,7.085788e-05,ENST00000443587.5,-1312,TGATCTCATCAATCTAGCGGGAGAGACAGGATAACCTGTCCGAGAGTATAGCGCCACTATGACTCCGCCGGAAAAATTACTTTAAAAATCGCCAAAAATTACTTGGAGCAAAGGGCAGTCGGCGGAGCTTCGCCAAGGCTGGCGCAGTCGGTTTTGACCTGTAGCAGAGAACCAATTCTGGAGAACAGCCTCACTTCTTTGATTGAATACTTACATAATGCATTGGAACATGACATGAGATTAAGTGTATAAAGCCAAATGTCCCATTTAAAGTTTGACATTTGCAATAGCATTCTATTTAAAAGGTTTAATAATGATAGAATGAAGACCACAATAAAAGAGACCTCTACTTAGCTCAGCAATTCTTACCTTTCTTACCTATTTGATGAAGATGTCTTTTGAAAGGTGTACTGCAAGGAACAAAATGTTTGTAAATTCTCCTTTTACCAAGGTGGATAATTACTGTACCTTCCTCATGGAAAAAGTTTTATTTAAAGTGTTATTTCTCATTGAATACTATCAAAAAGGAAAAAAAAATGACCTAAACTTTTGAGATAGATTTGGCTCTAGTAAGTATTTAGTTATATCACTTGCATATCTGGGAGAAGAAATAAGAGACTATCATCAGTACATTCCCATCTACTAAAAAAATTTATTTTACACATGTCAAGGGATTACTTATAACTTCCATTTTATTACTAATAG,False
1258,-1118,7.394743,-7.746935,2.6549282e-07,6.4201727,-6.8809237,1.6726561e-06,9.643722,-9.065239,7.495511e-09,9.065404,-9.193633,1.1754414e-08,3.829554,-4.1220284,0.0003519806,7.07876e-05,ENST00000426529.6,-1118,CCCGCCGAAGGTTTTCTCCGGTTCGGGAGAGAGACGGAGTCCCGCTCTGTCACGCAGGCTGCCAGGCTGGCGTACAGTGGCGCAATCTCAGCTCGCTGCAACCTCCACCTCCTGGGTTCAAGCGATTTTCTTGCCTCTGCCTCCTGAGTAGCTGGGATTACTGGCACACACCACCATGCACAGGGAGATATGAGACATCAATCAATATATGTAAGATGTACATCAGTTTCGTCTGGAAAGATGGGACAACATGAAGCAGGGAGGGGGCTCCCTGGTGACAGTTGCAGGAATTTAGCCAATTCAGAGGTCTTGTTCTCCATAATTTGGAATTTTCCTTCGGATTTGATCAAGTTGGATAGAGTTGGTCAAACCCAATGGGAAAAAGATGAAAACAACAAGAAACAGAAACAAACAGCAACAACAACAACAACAAAAACAATGCATTTAATTAAATGAAGATGAGCTCATGCTGGAGTAGGGTGGACTCTGAACCCAGTGGGACAAGCGTCCTTATTAAGAAGAGGGAAATCTGGACACACACAGAGCAGAGACCGCCGTGTGAAGATGGAGGCAGAGATCGGAGAGATGCTGCCACACGCCACAAATGCCTGGGGCTCCCAGAAACTACACGGAGCCTCCCCCAGCGGCTTCAGCAGGAGCATGGCTCGGCCAACACTTTGATCTTGGTCTTCCAGCCTCCAGAACGTTTTCCTAAAATTCCCTTTTCCACTGGTGTGTGGTGCAAGATGAGGCACATTTTCCATGGATGGTGAACAGAGGGAGGAGCCTTTTGATCACAACCAGGTCACCCCACTTCTAAGCCACTGTGCCTCCAGCCCCACAAGACTAAGGAGAGAGAGCGCAGCGTGGTGGAGAGTGAGCTGTGCTGGGACCATTGTTTCCGTAACCTCGTTTTCTGTGTCCAGCTGACACACCTTCAAAGTGGCATCAGGTCCTAAACTGTAGCTTGCAATGTGCCTGTTTCCAGAAACCAAGGTGAAAGTGCTTTTAGACAGTGTTCCCATGCAAGAGTCCCTTCCCAGCTTTTTTCTGGAAATGCATGTTTCTCTGAACTCTGAGTCCCAAGAAAAATCACTTGAGACACCAAGAAAATGGGGGAAGTGCTAAAATTGTGTGGGAATTCAAGCTTAACAATAAACATCAAGACATTTTTGATAAAAATGAATCCACTGACATCGGGGAGGAGCAAGAGAACAGCACGCTGACACTGGGTCAGAGGCTAAGACCGACATTTCTGGGAACCACTCCCGGAAGGGCACAGAGGAGACGCTTTCAGCCTCTCATCAGCCAGCCTGGCCTGTAGCTGCTGCACGTTATGAGTGTGTTCCTGGCATGACTGCTTCTAACAGCGACCATTTCATTAAGTTTTTAAGTGCCTGGTAATTGCTTGGTTATGACCGGTGTCTGCTCCATGGCAGCCTCTTCCTGTTTTTGCCCGAATGATGAAGGAGGAAGTTTACATCTTGCTCCCTGGGGACAGGCAGAGACAGTGTGTGCACTTCCATCCTACAGGGACCAGATCTGAACAGTCTGGAGAGAGGAGCTGTGGTGGCAGCAGACAGATCTCTGCTTCAGGGGCCAGGTGTCTAGAAGAAATGCTGAGGCAGTGTCACGCTGGTGTCTGTCCTCCTTACAGAATGCCTGAACAGTTCCATTGACTCAAAGTGAAGATCAAAAGAACCAAATGACAGCAATAGCCAAGTGTAATCATCAGTAACCCTGTGTTCTATCCACAGGTAAAAAACAATCATCCTCTTCATTATGGGTTTCAATTTTAAATGTAATACATTTTTAGAAATGCCTATTTCCTTTTATAATCTCTTTATATAATCTAGGTTATTCTGGCTCTTAGGTCTTCATTTAGCTACTGAAAAGATTTGATCTCAAATCAATGATCTAACCACCCATGACCATCTCCCACCTCTCTCCCCGTACACCCCCCAGCATGAATTCTGGGAACTCAGGTAAAATGCTTTCTGGAAACCTGCCTGTATTAGTCTGTTGTCAAGCTGCTAATAAACACATACCCGAAACTGGGTAGTTTATAAAGGAAAGAGGTTTCCTTTATAGTTCCACATGGCTTGGGAGGCCTCACAATCATGGTGGAAGGCGAATGAGAAGCAAAGTCACATCTTGCATGGCAGCAGGGAAGAGAGAGTTTGTGTAGGGGAACACCCCTTTAAAAAACCATCAGATCTTGTGACACTCATTCACTGTCACGAGAACAGCACGGGAAAGACCCGCCCCCATGATTCAATTACCTCCCATGACACAAGGGAAGTATAGGAGCTACAATTCACAATGAGATCTGGGTGGGGACACAGACAAACCATGTCACCGCCTAAAACCAACTCAATAGTCTAAGGAATTTGACTGGGGAGAATCTGGAGAGGATTTAATTAATTTGGCAAAAGGATTAGCAATTGAATCTAAGTGAGAAAAGAGAATTCTTGGAGGAAAAAAAGATGTTTAGTTACACTGAGAAATTAAAACCTGAAGTAATTGCCTTTGAGATTTTTTTCAGGAAATGAGTATTGATTGCCTACTGTGTGTCAAATTATGTGTTTCATGTCAAAGACTCCAAAGTAGATAAGATATAGGCCCAGCCTTGGGGAGCTCATTGAGTCACAGAGAAAGTTTGAATGTTTCAGAGGAATCATCAAGAACAGGGGATCAGCAATCTATTATATTTTAATTGCGTCTTTTCATGATTATAAAAGCAATGCATGCGTGCTGAAGAGAATTTGGAAAAACAAAGAAGAAATTAAAAATCGTCTCTGATCCTGCCACCAGAAATAACCACTGTTAGCAATTGTATCACTTCTGTAGGTCTACATGGTTATCATAATAAGCTCTAGTATTGATTACATGCATCTCATGTACCAGAGATTATGCTAGACTCTCATTTAATCTGTACATTAGCCCTATGAAGTAGGGACCATCATTCTCCTCATTTTACAGATGAGGAAACAGAGGCTTGGAGAGGTTACTCTGCCTAAAGTCTCATAGCTAGCGAGTGGCAGAGATTGGACTCACCCAAGCTTTGTCTTATTCTCAAGCTCTCAACCAACCCGGTGGTGAGAAGAGCCAGCAGCAAAGCCTGTCATCTTTGTCTTCTTTTTTTTTCTAACCTCAAATCAGGGAGAAAATGCCCTTTGTCATTAGAAGGGCAAGGCAATTCTGAAGACAGCCCAGTTGGCTTGTCTCCGATTTGGCTTTCAGGGGCCTGTCTGATACCTATGGAGAGACGAGGGCTGAACAAGCTGTACTCTCAAAACAAAACAAAGCAAAACAAAACTTTAGTCTCTTTAGGGACTCTCTGATAGTAATGCAGAGGGAGAAAGGCTTTCTTTGTCTCACTGGGAGGAAGGTTCCCTACGGAAATTGAAGGCAGTGCCTGTTGACATAGCGCTGCCACCTGGTGGAAATAATGGTGTAGGACATCATGTCCAGCACCACTAGCGCTGAGACACTCCCTGGGAAGAGAAATGTTTGGAGAGAAATTTGCAAGAAGTTGGAAGTCTCGCAGTAGCAGGTAGGAACAAGAATTATAACTGCTACTGTGACCCCCTAAGGCTCCTCACATCCTCTTAAGGCTTGGAGAAACTCACACTATGTATATTTTCCTGTATTTTTGAAAAATGTTTTCCTTTATGCTTTGTTGTAATGAAATTACCTCTGATGGTCACATACCTTAAATATTTAGTATATATATGAATACTAAATGTCCATTTTCAGGAGTTAGTTTACCTGCATCTAAAATCAGGAATAGGTCACAGAGTAACTGAGCAAAAAGTGCTGTTAGGTTTGTGCATTTCACCCTTTGCCTGGGATGAGAGGACCTCAATCATCTTGGTACTAATGACAGGAAAAGTGCCCTCCTATCCATGTGTATCGGCTACGTGACTCAAGTCTCCTTATTTCCTTTTCTAGCATAACAAGGGGTTGTTACTGTTGTTTTACATCTGTGTTAATGAGATAAATAAGTTTAAAATAAAAAGATGTGTACCAGG,False
1259,-30,9.874466,-10.098288,2.1180848e-09,9.17549,-9.120225,1.13310925e-08,4.014777,-3.9481866,0.0003479986,9.1173,-9.32869,9.750087e-09,10.322763,-10.261314,1.1493402e-09,6.960459e-05,ENST00000600103.1,-30,TGAAATTTTATGGAATCCTAGATTTCTCATACCTAGGAATAACAATACAAGGGACAGAATAGTTAGCAGTGTTCCTGTTGAAAGGTCCAAGTATCTCCCTAGGCACAGAAAACACCCAAATGAGCAAAGCAGACCTTGGTGGCCAGAGGGGAGCCCTCAGGTAGAGCTGCAGATGCTGGCAGTTTGTGTTAGAAGGTTCCGGGGCTAAACAGATGCCTAGAATTAGCCACCAAAAGGTAAATTGTAGACTCCACTCTTCAAGAAGCAGCAGAAGGATTAGGAATTCAAACAGTGCTATTTTACGGTCATAAGAACAGACAGTATTTTTTTGGCGCAGCAAGAACTTCTTAGGCCATAAAGCATGACAGACCTCTTTTCCTTATGCGCTGAATTGAAGAAGTGCTGACTCTTTTGCTGATGGAAGCTCTTCCACGAGTTCACGAATGGAAATAACATCAAGAGTTTTTCATCTTCTTAGTGTGCAAGATGTCTGAGGAATAGTCTTAGTGGATTATCCCAAACTTGACACATTTTTTGCAAAATGCTATACAAAAAGAAGATACATGCGATTATGACAAGATTCTCCACTTGGTGTGACCAGTCTCATACAACCCAAGGCTGTGTGTCCAAAGGCAACTGTACTGATCTTGACAATAATCAAAAGGTAGCCAGGTGCATCGGGGAAAGCACTGACATTGGAGT,False
1260,-805,8.657865,-9.067163,2.0050154e-08,7.0562215,-6.916594,8.544427e-07,3.9636571,-4.0236425,0.0003396348,5.9587207,-6.1739674,5.3806903e-06,8.051479,-8.207,8.69024e-08,6.9195376e-05,ENST00000601116.5,-805,AGCAGAACTTGGACTGAGTCCTGCAGGACACAGTTGTATGTGAACTATGTTGAAAACAGGATGCATGACTGGCGGCCAGAACAAAGAAGTTTGGTTTAATTTCTATCTATACACCCAGTAAAATATCTGTAATACCACTGGAAAACCTTAAAATACATTATCTATTTCTTGTAAAAGAATGATGAAATGTGAATTTGAACAGCATAAATATGTACAAGTATCTCTTCTCAACGGAAAAAATTATGTTTGTGGATGAAATATGAACCGAGTTTGTGGATGAAATATGAGCAGCATGAATATGCACAGATATCTCTCCTCAATGGAAAAAATCACGTACAAAATATAAGAACCCAGTTTGTGGATGCGTGAATAATGATAAATTGAGGCCGGGCGCGGTGGCTCACGCCTGTAATCCCAGCACTTTGGGAGGCTGAGATGGGCGGATGACCCGAGGTCCGGAGCTCAAATCCAGCTCGACCAATGCGGTGAAACCCCATCTCTAGTAAAAATACGAAAATTAGCCGGGTGTGGTGGCGCATGCCTGTAATCCCAGCTACTCGGGAAGCTGAGGCAGGAGAAATGCTTGAACCCTGGAGGTGGA,False
1261,-835,4.0078754,-4.083974,0.0003059297,5.0222325,-5.5211897,2.6365637e-05,9.542338,-8.931983,9.477727e-09,10.900051,-11.06106,2.9000846e-10,9.926039,-10.022468,2.1700721e-09,6.6461456e-05,ENST00000425333.5,-835,CCTTAAAAAAAAAACCTTCTGACACTGCAGTAGTGAAAATGAAGCGCACGATGGGCGGAAGCTAGGAAGACAAACATAAAGATGAAGTGCTTAATTCAAGGTCACACAATGTCGGGGATGGACCTCCAGATTTCCTTACTGGTGAGACGTGGTCTTGTAACACAGTGGTTAAGAATGTGACTTTGGAGCCAGCCTGCTAGGGGCTGAATTCTGACTCAGCCATTTACTAACTGTGTGACCTTAGGGAGGAGGACCTGGTTGATAGAAGAATTTATCTCGTAGTCTTAACATCCACTGTAATTCCAAACTTTGAGGACGATAGAGATCAGTGGGCTTTGACTGCCCAGCATGCAGTCTCCATTCTTAGGTGGGTTCCCAAGCCTGTAAAATGTAAGCCTTATGCTGCTGAGGGCCATCTTGCCACCCTGAGGGAAACGCTGCCTGAGAATGAAACAAGCATAAGTAAAAGCTGAGCTGTGAGATGGAGCAAGATGAAGGCCACATGACATCTTTGGAGCACCTGGATCTAACTGTGCCTTAAGCTAG,False
1262,-1390,5.143449,-5.2735205,2.9919527e-05,3.9712996,-4.472069,0.00021527718,8.961682,-8.633178,2.2837542e-08,4.7521534,-4.6182275,8.5203705e-05,10.7971325,-10.9880085,3.4580677e-10,6.608472e-05,ENST00000430853.5,-1390,GTGCCCCACCCCGGGCACACGAGGCCTCCACTGCGGTTGCGCAGCCTGCCGAAGAGCGTGCGGCTTCTACTGCGGCTGCGCAAGCTCGACGCGCGCACTCTTGTCTGCTTACGAGGGCTCCTCCCTTCAGCTTTGGTCCCTCGGGGCGTCTGGGCAGCCTACGCTTTCCGACTGGAATCAGCCATTTTACCAAGAAAGTTGGGTTTCTTTTACTGGCAAATAGTACTTCAAGAGCACAGTCTTATGTAAGAGCTGCCAGGAACTCGTGGCATCCCGGGAGCCGCCACAGCTGGACGCTGATGGAGACCTGAATGGGAGCTGATGCCAAGTCCTGCTCCTTCTCGCCAGCCTGGAGCTGAACCAGCACCTGGTGGAGCTGAGGAAGGGGGGACAGCGTGTGGAGATGCTTGTATCTGGGACCCCCTGCCATTTCTCAGGACACCCTCCTGCTCCTAGCTGGGAGATCCAGCATCCTCATGAATGCGGGGCCCAAGGCCACCAACTGTTCCACCTGCTGTCAGCCAGGCCTGTTGCCCCAGCCCTACACCCACAGCTCACCCAGCA,False
1263,-1194,6.0144033,-5.879671,6.830715e-06,6.4715877,-6.645615,2.010344e-06,6.1381993,-5.838111,6.2914623e-06,8.700278,-8.809732,2.48599e-08,4.1818247,-3.9032333,0.0003080137,6.4634216e-05,ENST00000439298.5,-1194,GACGCCATCAGCACTGCCACTCTGCCCCTGCCCCATCCCCTACCCTGTTGTGCTGGCCCATGTGGGCTTTGGTGCCAGCTCTGCTCAGCCATGGACCCTCGACTTCTCTGAACCTCAGTCTCCTCTTGCAGCAAACGGGCTCATCACAGCCAGGCCTGGCATTGAGCCATGGTTGCTAGGACTGTCCACCTAGAGGGCCCAGCCAGGCCTTTTGGGTCATGCCTCTGCCCCTCAAGGCTGATGGAGATGGCGTTTTCAGGGAGGATGGATGGGGTAACGTGAGGAAACTGAGGCTCGGGAGTACAGAGCCTGCCCCACCTGCTGCATGACCTTGGGTCAACCCTGCCCCTCTCTGAGGCCTTTAGCAGGTAGAGAATGGGCCAGAGCAGCTCCGAGTGCCCTGCAGCTCTGCTCTTGGATTGCTCCAAGCCTCATTCCCTCCACATTCCTGACTCCTGTGTGGCTATGGGCCAAGCAGTCTTTCCTTGAGCCTCTGACATCCGATTCTGTGTCATGGGGTTATCAGCCCTGCCTTCTTGGTCCTGGGCTGGGAGTGGAGGCTCCATCCTGGCCTGGATGGGGTGGCAAAGAGGTAGGTGCCCCCATCCCTCACCCCTGCCTCTGCCACCAGTGTCGGGACTCTTCTGCCTGGTGTGGGCCTGGGCCTGGGGGGAACTGATGGAGAGGCTAGAGGGGGCGTCCTGCAGGGAGAGGCCTCAAGGAAGGCAAGGCCAGCACCCACCCTCAAAGGGCCTCTGTCTCACCCAGGAGACTCCATCCTCCCAGCAAGGTCAGCCAATAACTGTGGGGATGGAGTGGAGCCGTGAGTGGGGGCAGAGGCCTAGACTCCCACCCCACAGGGCGGTCCCGGGCAAGGGCTCTCCATCTGCAAAGTGCAGCTCTGGCCCCTGCTCTAGGCTGCTATGGCTCTGGGAAGCCCTCCTCCTGCCCCTTCTGGGCCGCTTTCTCTGGGGTCCCCCTTGCCATGTGCTATGTGCCCAGGCCGTTTCTCAGGGCTGCCCGCTGTGCCCTACTGTGACCTCAGCCACTAGAACAAACCCGAGAGACCTGGAGGGAGCTCACCAGACAGGTCAGGGCTGATGATGTTCAAGCGCATGAAGACAGTCCTATGGACTTCCTGGAGGAGAAAGAGAGAGCAGTATGTGGCACCTTTGGGAGGCGGCTTCCAGGTTTACTCCCTGGCTCCGTGACCCCAGCCCACCCTAGAGCCTTGGCTTTGAATCCCATCTCCACCGCTTCGTAGCTGGATGCCTCTGGGTCTCCTGTTCTTTGAGATTACACTGGTGACCATACTACATGGATGTGCGGGTGGTTAGATTCCTGGGTGGGAGGGTGGATGGATGGATGGACGGACGGGCCCCAAGTCCAGGTGGCAGCTGTCTAACTGGAGCAGGAACTCGGAGACGGATGGGGACACTCTGACCTGCATGGGTAGGCTGTCTCCCTCCTGACTCTGGGAGTCTCATCTCCTCTGGAGTCATGGTGGGAAGAAAGGCGGAGAGGAAGTTCCAGGAGCTGGGAGGCCCGAGGGGTGACAGGCATGCCAGGCAGAGGCAGGCAGATCACAGGAGGCCAGAAGTTCGAGACCTGCCTAGCCAACATAGTGAAACCCGACTCTACTAAAATTATAAAAATTAGCCAGGTGTGGTGGCAGACACCCATAGTCCCAGCTACTGGGAAGGCTGAGGCACAAGAATCGCTTGAACCTGAGAGGAGGAGGCTGCAGTGAGCCGAGATCACATCATTGCACTCCAGCCTTGGTGACAGAGCGAGACCTCGTCTCTAAAACAAGAAAAAGAAGGCCAGTTGCAGTGGCTCACGCCTGTAATCCCCGCACTTTGGGAGGCTGAGTCTGGAGACAGCGAAGAGGTTGAGGTGTTCTCGTAAATCAGTGGTGAAAATTCAAATCATCTTTGGGAAAGTGGGTTGGCAACATGTATTGAAACTTCATTCATTTTGACCCAGTAATTCCACTAATGTGGAAATCTATCCTGAGAAAATAATCCTATATAAAGAAATGTTTCATGCACAATG,False
1264,-52,4.020961,-4.1436234,0.000284474,7.5328765,-7.53126,2.8689868e-07,5.6315527,-5.305484,1.7786793e-05,10.75231,-10.966257,3.6961215e-10,5.6401486,-5.3945637,1.613164e-05,6.373595e-05,ENST00000602806.1,-52,CAGGTTTGCCGACCTTACGGGCCCTTCTCCGCCAGCCCTGGCTGGGTCACCCCCACGACCCGGGACTCCCCCGCCGTTCCCTCCCGGGCTGCCTGCAGTGAGGTCCGCTCCTGAGGCCTCAGCCTCGCCGGGGGTAGGGCCCTCTCCCGCCGTCGCCGCAGCTCCTTTCCGTCCCGGGGCCTGGGGGGCACCGTCCCACGGGTGAGGGCCGCCTCCAGCGCCTGGCCCAGCCATGCGAACGCCTGGAGCCCGCGAGCTGCAGCTGCGGCCCTGAAGGTGCCGCATATCCTGCCGAGTGGGTGAAGCGTGGCACTTTGGAAAACAAATCGGGTGATCCGCCCACCTCGGCCTCCCAAAGTGCTGGAATTACAGGCATGAACCACGGTGCCCGGCTGACACAAGGAACTTTCTATGAGGTCCTAGGAATGAAGGAAAACAGGCAATAAGGCAAGAATCGCTGTCGAAGGAGTCTGCGCCACCTGCTCGCACAGCTCACTTGTGCCTTCTGAGCCTGCTGGAGCCCAGTGTACATATGCCGTCTCCGCGTGATTAGAGATTGCTGCTGCACGTGCCCAATCCCGTGGCGGGGCTGGAA,False
1265,-1035,6.707019,-6.5639954,1.7237371e-06,5.0944066,-5.1581364,3.5266476e-05,4.162504,-4.0558214,0.0002695935,7.8013606,-7.8364654,1.6165102e-07,12.230593,-12.230731,2.3800304e-11,6.134908e-05,ENST00000506247.1,-1035,AGACCCGGGCTTGGGCCCCGCGGCGCTGCGCCTCCAACCCGGAAGAACAGCCCCAACTCCGCGGCGGCGGGCGGCCACGTGACTGCAGCTCCGCTCCCACCTCGGCCCGCGCCCCTTCCCCGCCCCAGCTTTCTTCCCGCCAGGCCCCCTCCACCCGATCGCCGCGCGCTCTCCGAACCAAAAGGCGACCTCACGAAATGCCCCTTTGAGCTCAAAGGCTAGTTACCCCCAGGGGCCCTTCCACTCTCGGGGACAGGCGAAACCTCTTTGTCTCTGCCTCGGCCTGCGGCCCCCAGCCCAGCCTCCGCGCTTTCCCTCCGCCAGTCCTTGTCAATCAAACCTGGTGCCAAACGCGGCAGCTGAAGTTTTCAGGGACACATTTGCTTCTCCCCTTGAAGAACCAGTTACAAAGCGTGATGTCCTCTCTGGGGTCCCATCAGAACAAAGAAACAGGGAAGCAGCGGAATACAAGAGACTGAACTGTATCTGCCTCTGTTTCCAAAAGATTCACGTTCAACTTTCACTCACACAAAGCCGGGAAAATTTTACTTTTTTTTTTTTTTTTTTAGACAGAGTCTC,False
1266,-184,4.0752525,-4.16989,0.00026246195,7.1609025,-7.1661997,5.9953993e-07,5.809897,-5.5222015,1.198194e-05,10.602029,-10.746213,5.3527427e-10,5.3249135,-5.17716,2.7478662e-05,6.0504524e-05,ENST00000566291.1,-184,ATGGAAATCGTCTTTGACAAAACTGAAATGCCCTGAAGTTTTAATTTTTTAAATACATGTAATGAATTGGTATATGGTAGATACTCGTGGCTACTTAGTATTTACCAAATGCTTTGTTTCCATCTCGTTTATTTTTATTTTTTATTTTTTTAAGAGACAGTCTTGCTATGTTGCCCAGGCTGGACTTGAACTCCTAGTCTCAGCCAACCCCTTCTGCCTCAGCCTCCTGAGTAGCTGGGATCATAGGCATGTGCCACTGCTCCTAGCTCTTCCATCTCAGTCTTATGATGTAGTTACTATTTTCATTTTATAAATAAGAAAATAGAAGCTCAAATAAAATGGGTAGTTTCCTTGAGGTCATCCTGTTAGTAAGTGGTGGAATGAAGTTACAAACCTAGGTTTTATTGGTCAGCACACACAGTGCCGGGCACTGGCAGTACAGCAGTGAACAAAAGGTCTGTTGGTTTGTCTGAAGCTCTCAACCTTGATTCTGCATAGACTCGGTGGATTGCCCAAGGCCACTCAACCAGTTAATATCAGAGCCAGCTCTGCTGTTTGACCAGTATATTATTTTCACCATGCTGTATCTGCTTCTCAGTCACCAAAAGCACCAGCTAAAATTGTATATAGACTGATTAGGGGACTTCCAACCTAAGATTGTCCTGGAAACTTAATTCTTATCTTGGCTCATCTCTTCAAAACAGATGCCTCTTTCGTTGGTGACCTCAGATACACTGTTCAGAAGTACTCAAAGTATTCCTTTTTTCTCACATTTGAGAGTCACTCTAGCATTTTAATGAGTTAAGCAAGCCAGCCCTGCATTTCCAAACCCTTCCCAGAAGTCTAACCTTACTTTGATCTGATGACATGGGCTTTTTAAAAGATTACTATTTTTTTAGAGGTGGGGTCTCACTATGTTGCCCAGGCTGGAATATAATGGCTATTCACAGGCACAGTTAGGGTGCACTACTGCCGTGAACTCCAGGACTCAAGCCATCTTCCTGCCACAGCCTCCTGAGTAACCTAGGACTATAGGTGCATGCCACCATGCCCAGCTGACAATGGCTTTATATACATAATATTTCCTCAGCAACAATTTATGTCTTATTTGGCACCTGTAAAACCCTCTTCACTGATTATGCCTGTTTAAAGGTTTGGTATTTACTCCAAGTCACCTGCCTTTAGCCATGGAGTATTCAAGTTTCTTTCAGAATGAGAATTTGGAGGGTGCTCATAGAAATATAAAACAAGGCTGGGCATGGCGGCTTACACCTTGTAATCCCAGCACTTTAGGAGGCTGAGGCAGGTGGATCACGAGGTCGGGAGTTCGAGACCAGCCTGGCCAACACAGTGAAACCTCATCTCTACTAAAAATACAAAAATTAGCCAGGCATGGTGGTGCATGCCTGTAATTCCAGCTGCTCGGAAGGCTGAGGCAGGAGAATCGCTTGAACGCGGGAGGTGGAGTTTGCAGTGAGCCAGGATCACACCACTGCACTCCAGCCTGGGCGACAGAGAGACTCTGTCTCAAAAAAAAAAAAAAAAAAAAAAAAGAAGAAGAAGAAGAAATACAAAACCAACTCTTTATAGTAGACAGTTTATCCCCCAGAAAGCTTTTTAGGCTGAAAACGTTTCTATAGATTTTGGATTTCCTTCTGATAGCTAAAATTTGTTTCTGTATAACAGAGTAGTGCCCTATAAGCCAGTTCAGTGCACATTAAATGGCTGTTCTTAGAATTATGAATCTGAGGCTTATGCAGTGAGGCTCTAGCTCTCTGGAGTCAGTTGGTCAAGTGGGATTCCTGAGGACTGAGCAAACACACACAGAGCAGGATTTTGTCCTAAGTTTTCTTAGGGATCCTATCCAAAAACACCATTACTTGAATTTCCCAGCTTCCTTTTACAGGGAGACTTCCTTGCTATGTGTACTCCCACCTCGGTATGTCAAATCATTTTCTCAGAGGAAGTACAGCATAAAATAATAACCAGCATTTGTAGAGCACTTCTTGTGGGCCTTCTTGGGCAAATAGACATTCTCATGGAATGCTCTAAAATTGTTAAGTTCTTGCACTTGCTCTCAAGTCATTTATAATCTAATTGCTGGTCTTCCTGGTATGAACAAAGATGTTTGCTTGTTAATAAATTCCTACCACAT,False
1267,-1470,4.0938625,-4.263068,0.00023470868,8.174009,-8.350712,6.6589344e-08,5.5694985,-5.0731096,2.3876102e-05,5.0275354,-5.147563,3.8106085e-05,6.1253314,-6.3734446,3.7312054e-06,6.0097733e-05,ENST00000470435.5,-1470,GGAGCCCGGGCGCACGGGCCAGGCCGCGGGCTGTCCCAGGGAGCCCCGAGGGCGCGGTGCGCGGGCGCAGGTCGGGCGCAGGCGGGGTGACCCGGGGAAGGGGCGCGCACAGAGACAGAGGGAGCCAGCCGGGCCCCACGGTGTCCTCGGACGCCTCCGAAATCTCCCTGCGTGTTTGTTTCTTCGGAGCTTCACCGGAGCCTGACTCTGGAACCGGCCTGTCTGCCTGCTGCAGTCTGGAAACGTTGTGTTCTGTTAGTCTTGGAGGCCAAGGCTGAGTGGGTTTATCTCTGTGCCCCTCCAGTGACTTCAAAGAATGCCAAAAGTCTCTCGAGTGTGCCTGTGTGCACACACAGACACACACAAATATGCATTCTTAGAAACCAGATATACAAAGACAAGATCTCTGCTTTCAAGAAGCTCTCAATCTGATTGAGGAGAGAAACAGGTAGCAAATAATGGCAGCAGAGCATGGTCATTCAACATTTATTCAACCAAAAATACTAAGTCAGCTCTATACAAACTAATGGAAGGATACAGCTATGCAAATATAGAACACTAAAGTGTTACATGACAGATGTATGAGGTAGGTATTATTTTCA,False
1268,-764,9.306669,-9.488153,6.8787926e-09,6.33004,-6.551779,2.543877e-06,8.674054,-8.493023,3.5029473e-08,6.753681,-6.767241,1.3425725e-06,4.128064,-4.012462,0.00029139893,5.9065456e-05,ENST00000414600.1,-764,AAGCCAAGTGGGAAGATCCTTGCTGGTTTCTCCCTCTGAGGAAGAAGGAAAATGCCATGACTCCCACTATGGCCTCTCTTGGAACCATATTTTGAGGTTCATCTCAAAGATCTCTCTTTGCATAATGTGTGTGTGGACCTGCCTACAGATACATTGGGTGGAAGCCCTAGGAGCCTCAAGCAAGTCTGAAGATTGGCCCTGAGAACCACTGTTCTCATTATCAGCAAGGATTTTATCCAGAGACCTCTAGGAATACATTCACTAAAATGTGACTGTGGTCCTGTGGTTGTATGAACTCTGGCTCTTCTCGTGAATTACATTTCACTGGAGTCAGGTGTTTTCTGTAAACATCGTTAAACCACGAGACCAACTGCATTGAACATTTTTTGCACTACATTGTTTTATTTCTTGCTCGTCTTTTCCTTGCAGAGCTGGGGCTGGGGTGAGGTGTGTGGTGTACCTAGCACTCAAAATGTAAGGATTCTCAGAGTCATACAGGTGCACGGTCAGCACCTGAGAGTGAGCCACCCTTTAACATTTTGCCTTCTAGGTGCTTCACTTGCCTTGCCCAAGCACTAGCCCTAGATTAAATAATATGTTTCTATTAGTTTTTTAAAATTATAATATTAACAATAACTAGCACTTATTGAGCACTCCCTTATGTGCCAGCAAATGTGACTTACATGTATCTGCTTATTTTTCCTTACATGAAACCCTCTGAAGTAGATACAATGGGTATCAT,False
1269,-1487,3.9348094,-4.2133994,0.0002891694,6.3413405,-6.7785034,2.0050402e-06,7.377688,-7.0173635,5.6015483e-07,9.00372,-9.057841,1.4320674e-08,6.873821,-6.894123,1.0487145e-06,5.8559533e-05,ENST00000431616.5,-1487,GAGACCAATTTGGCCTGGGGAGAACCGCCTTCAGGCGTTTGGACTCAGTGGAGGTTGTGAGTGCCCAGCAGTGTGGCCTGAATCTCCGTGGGGTTTAGGGAGACGAAAGGACCCCAGATCGACGTCCCCTCGTTCCCACTTTGGGGATCGGCGCTCTGGCTGTTTCGTGAAGGAGAGAGAGGTTGATTCCATACCCTGGCTATTGTGAATAATGCTGCAGTGAACATGGGAGTACATACATCTGTTTGAGATTGATACTGGAAAAGCAGTTTCTATTGAGCCCCCAAATGAAGAGTGAGTGCAGATGAAGAGGAGGCAGGACTCACAAGCCCTTGAACTTTATTCCAGATCTGTTAGCACCTACAGGACCCTGCACCAGGATTTCATCTGTACTATCAGCTTCTTCAAAGAGAGAGAGGTTGTTGAGCTCAGAAGTGACAAAAGAGAATTATCAGGATGGCAGTCCTTATAACCAGATGCTTATCAACATTCTTCACTACATTCTGAAGATGAATTTCTACAAGGGAAATTGTTTATATTTGTTGTTGGGGATAGATAAGG,False
1270,-951,4.138219,-4.2383895,0.00023013647,7.986879,-7.9678693,1.1774456e-07,5.736369,-5.4339333,1.4086178e-05,10.489728,-10.639932,6.660478e-10,5.0548825,-4.9033346,4.733479e-05,5.8335172e-05,ENST00000437781.5,-951,GAGGCCCCTGCAGCAGCAGCGGCGTGGTCAGAGCGAGCTTCGGAGAAGCAGTGGTGGGTTCCATGTGATGGTGGAGTAGGAGGCAGGTCTCCGCGGTTCATCTGTGTTGCTCTAAATGACACTGCTTCATTATTTTGATGGCTGGAGAATATTTCCTAGTGTATGTATATGAGAGTTTCTTGATCTCTTTATCTGTGGATGAACAGCTACTTTGAAACATATGGTACATTTGTGTTAAGGCTAGTCACCCTGCTGTGGAATAGAAGGCCAGAATTGATCAGTCTCATCTGAGAGTAACTTTGTACCCATCACTGATTCCTTCTGAGACTGCCTCCACTTCCCCAGCAGCCTCTGGTTTCTTCATGTGGCTGCAGATGGCAGGATTTCCCAAAGGTTTCTGGCTGAAACATATTCCGTGGTGTATCTGTACAGCAGTTTCCTCATCCCTGCAGCTGTGTTTGAACAGGTCATTTACCATGCTGTCCTCCAGGTTCAACAGTATGGCTCCAAATGATGAAATTTCATTCTGATTTTCTGGCTGAAGACTATTCTCTTTGTGTATGTCCACCACAGTTACTTTATCCCTTCATCTGTGGATGGGCAGTCTCGCTGTATTGCCCAGGCTGGAGTGCAGTGGCATGATCTCAGCTCACTGCAAGCTCTGCTTCCTGGGTTCACGCCATTCTCCTGCCTCAGCCTCCTGAGTAGCTGGGATTACAGGCACCCGCCACCACGCCCAGGAAAGAAAAAAGAAGAAAACAAACCTCCATACGAGAATGGGTCTAAAGGAACTTCCCAAACCTCCATGATTTTGCAGGAAACAAGATAAAGGTGGTTTCCACAAGAAAAATGGCACAATGTTTCTCAGAAGACAATTACATAAGAATCAGCATACTTCAAATTCACAGCAAATAATCAGACAATTGATGAAAATACTTACCCAAACACTAATTGTAGACTATGCCTTCTGAATATGTTTGTCATAAACTTGGAGTAAGGAATCCTCACAGGCACTGGACAATTCAAAAAACGTAAAGTTGTTTGTTAGAATACTGGTGCTTTTGGATAGAAACCCTCATCCATATCCTGGTAAGGCTTGAAGTTGCACAGGAGTTTTCATTTGTCAAAACCCAGAAAACCATAAGCTTTAGATTTGTGAATTTTATATTGTATTATATGTGACCTTTCTTTTTAAAAAATGAGCTGTAAGCAGTCTCCCAGACAGTAGCTCAGCCTCCAGAACTCTCTTTCTGCATAGTTGAAGACCCCTCTTCACACAAGATGGTAGCAACAAATCATAGGTGCAATTGCACCAAATTCACAGAAGATCAATTGAAAATCCTCATCAATACCTTCACTCAAAAACCTTACCCAGGTTATGCTACCAAACAAAAACTTGCTTTAGCAATCAATGCAGAAGAGTCCAGAATCCAGATTTGGTTTCAGAATCAAAGAGCTAGGCATGGATTCCAGAAAACACCAGAACCTGACTTTAGATTTAAGCCACAGCCATGGACAAGATTAACCTGGTGTGGAGTTTCAAAATAGAGAAGCCAGATGGTGTTGTACCACCTATAGCACCTTTCAATTACACACAGTCATCCATGCATTTATGAAAAACCCATACCCTGGGATTGATTCCAGAGAACAACTTGCTGAAGAAATTGGTGCTTCAGAGTCAAGAGTCCAAATTTGGTTCCAAAATCAAAGATCTAGATTTCATCTCCAGAGAAAAAGAGAACCTGTTATGTCCTTAGAATGAGAAGACCAGAGAAGACCAGGGGCAAGGTTTCTGAGGGACTTCAAGGTACAGAAGATACACAAAGTGGCACCAGCCTCACTAGCACTCTCATTTCTCAAGAGCCAGAACATGGTGAATACAGTCAAGTTCAGTGTATTTGATAATATCAATTTGGGCCCCAAATCTCTCTCACAGTCTTCCTGGGAGTCTATTCTTCTTCCAAAAGTGCAAGCTAAGCCTTCTGAAGATGGTAAAGAACTTGGCCGGGTGTGGTGGCTCATGCCTGTAATCCCAGCACTTTAGGAGGCTGAGGCTGGAAGATGGCTTGAGCCTAGGAGTTTGAAACCAGTCTGAGCAACATAGTAAGACCCTGTCTCTATTCTAAAAAACAAAATAAGTAAAAAGGACTGTAGGAGGCCAAGACAGGTACAGGAGGCACCACACTACCCTGTTGACACAGCCTGGATCCAGAGTTCAGCAGACCTTGAGACAATGAAAACAAACTTAGTAATAATCATTTTTCAATCATTGCAGTAATTATTGATTTGGACAAAAATCAATTGATGTCAAAACCTTAAAGTGACGTTTCTCTGCCTATGGAGTGGTCATTCTTTTATTCCTTTAGTTTCATAATAAATTTTCTTTTACTTAAAAAAA,False
1271,-1441,6.416868,-6.6975403,2.0159691e-06,6.062179,-6.558332,3.3035453e-06,8.595787,-7.951929,6.50756e-08,9.791619,-9.7459135,3.2730851e-09,3.9962068,-4.167529,0.0002847152,5.8020618e-05,ENST00000449449.6,-1441,ATGCAGGATTGGCAGGAGCTGCGATGCTCACACTTGCCTCGCCGACCGCCATTTCACATCCAGCAGAGGAGGCGGGGGCAGCCGCTGAGACGGTTTTTCACAAGGTGCATTTTAGTGGTTACCAGGTTGCCACGTATTTGAAGTGGTGTGAGAGCTACTCGTTTGGAACCGTTGTGGATTTTCAAATAGGAAAATCAAAAGGCCCAAAGAGACAGCTCACTGGAAATGACCTCATTCTTGATGGCTGCTGCTAACTTATGGTGAGATGCTGGGTCCCTGCCCAATACCACATGGACATCCAATCAATTTACCCAGGGACAAGTCCACTCAAGAGCATCATTTAGAAGAGGGAAAAGGCACTGGGGTTATTTGTTTTTGGAGTATGTGCTTAAGGAAATCTAGAGTATTCCCACGAGCATTCTGCTGAGATGAACAATCAGATGACCTCGTGTGAGATTTGGAGGAGAGAAGGAAATGGAGAGCATGCGTCTGCCGCTTCTGTGGTTTCTGTCGGTAAGCACAGTGATGAGGTGCTGAGTTTTCCCCAGAAGGCCTCCCAGTGTCCTATTACCAGCTTCACAAGCGTCGAGGGCAGGGCATGGGCATCTATTGTTCACCAGTGGAGATCTATCTGGCACAGAACCGATCCAACCATTGCAGTGGTCACAGCGGTGTTGGCTTTCTGATTCTCAACCTTCCTGACCGCCAGAGGAGACAGCCTCTTTGGTGGCCCTGTTCTGTGGTATTGTGCTAACCGGTGGTGGGACTAAAACTGTCTCTATAA,False
1272,-854,4.0965004,-4.177766,0.00025493008,4.916343,-5.395277,3.324341e-05,7.845074,-7.2213717,2.8623677e-07,10.137516,-10.293403,1.3395667e-09,9.59999,-9.747986,3.9562207e-09,5.7693007e-05,ENST00000415060.6,-854,CATGGGCTGTTGTGCTGGAGAGAACGAGAGCTACGAAGAGACTACAGTGCCTCTGACTTTTTCATAGGACAGTTGGCCGAGGAAGACAAACATAAAGATGAAGTGCTTAATTCAAGGTCACACAATGTCGGGGATGGACCTCCAGATTTCCTTACTGGAAAACAAGCTCAGGGCTCCCACTGATTGTACATTATGAGACGGAGTCTTGCTATGTTGCCCAGGCTGGTCTTGAACTCCTCACCTCAAGCGATCCTCCCGTCTTGGCCTCCCAAGTGTCAGGATTACGGGCATGTGCTATCACACCCAACCTGATACATTGCCTTTATAAATTTTTTTTTCTTTATTCTAAAAACCAGAAAAAACAAAACTGGATACATGTGCAGAACATGCAGCAGGGAATTTCTTCCACTTGCAGACCAAGTGTGTTGGGGACTTGAGATGCGTACATGAGTGTGATGTTTCCTGCTGAAAGCACAGGTGAGACGTGGTCTTGTAACACAGTGGTTA,False
1273,-107,5.910244,-6.166319,5.6913186e-06,5.0112634,-5.0618157,4.219869e-05,8.383165,-7.873394,8.706947e-08,4.286374,-4.25499,0.00019518555,4.946629,-5.1347394,4.1850355e-05,5.70026e-05,ENST00000499948.2,-107,AAACATACACACACCCCTGATTCCAGAAACACAACAGGAGCTGACTCAAAAGGGAGTGTCTGGTGCAGGCATGCAGGGAGGAAGAATGACTCTGAGCTTGACCATTCAACTTCGAAACTTTAACATCAATGGATCAGCACACACTGGTGTACGGTCTGCTATGCATGCAGCCCTGTGCTAGGCAAAAGAAGTATCAGACCAGGAACTGACAGCCTCACTGCAACAGGAAGAGAGGCTTCACACAATAAGCGTTTCATTCAACCAGGCTGGACCTGTGCTTATTGAGTTGAACATCACTGAGCACAAAATGCAAGCCAGACACCATAAGAGCTGTAAGGATGATAAAGATGTCTTTCTACCCTCGAGAGCTCTAAGTGTGGTCAGGAGAGAAACACATGCAAAGATTATGCTGGCTGGAAGGAAATGCTGGAATGAAGGTGGAAGCATTCTATTCATCTAAAAGCACCGGTAATTAACGATGCTAATAAATGTATAATCCCTTTGTAAACATCTCTTCACAAGGTCATAAAGAAGGAAGACTGAATGAAGGACGCCAGGCTTTCATTTTAGAATTAATTTTGTCATTGAATGCACTCACTGCATTATTTGATAGAGTACTTTTGCATTTGAAGTAGTACATTTGCCTTCTACCATCTCATTAACATTGCTTTCAACAGAATCAGAAATAACACAAACCACTGCAGGGTAATTTTGAATGCTCATTTGACTATGCAGTGACATCAAGTGGCGAGTTGAGGAATGATCATATGCTGTGTGAGAACTCCGTGTTAAAAATTCCATGGAGCCAGGCTAGACACCACATTTGGCACTTTCAGCTGTTTAGATTTCAGAGAATTAAAAGGAAATGGTCACCGACCTGCCTTTGATAGTACCCGTATACCCCTTCCCACCATAAGAAACCAGCGTTCCTTAGAGAAATGGCTAATTCTAGCTCTAGGGCAAGAAATGCTAAGATGTGCTCAAAACATCTCATTATACCAGCAAGCCAGGGAGCCATCAACGACTACTGGAGCTGTGTCAAAAGGACCAACAAACCAACTTGAAGAGGCTCCCGCTGGCCAACAGTGGGGCAATTAGAGCATCAATAAGAATAATATCTGTAACAAACTGAAACGTATCAAATATGTTTAAATTCATATGTTTATAATTACACTCAAAAAACGAAGATGCAGACCACTTTACCTTGAGGATGTTACAGAATGAAATTATCATTCTGAAAACTGGTAAATAAAGAGAAGGTATCAAGTAAGCATGTATCTGGCTTTTTCTATATGAAATAAAGGAAGCCAAATAGTAAACGAGGGGAAGTTTCTCTTTACTGAAATATTGCAGGTAATAAAAGAAGAAGGAGAAACAGAGAACATTATCGTTTTATGGCCTCTAATGGAACAAGACATCTAGGCAATGATGAACTATGGTCACCAACATCACTCAATCAGGGACAATCAGACACTGTGGGCCCCTGAAGGAAGTAAACACCACCACGTAGGAAATATTCTCACCAAAACTTCAAAAACTTGAATCTGATCTAGTCTTTAGTTTCAACTACTAATTTACAGGCAATACGGGGCTCAGAGGGATGTGGTAAAATGTCACGGAAATATAATCAGCAAAATCCAGTACAGATAATAAGAAGACAAATGATCCACAGATGGAAAGGAAGAATGTAAAGTTGTGTTGGTAAAGAAATTCACAGATTAATAAAAGCTTAAAAATGTACCATCA,False
1274,-368,5.144496,-5.3802814,2.686183e-05,5.0000405,-5.4118667,3.0071362e-05,9.529925,-9.1962185,7.367828e-09,4.0355287,-4.364266,0.00022486295,8.450443,-8.618706,3.8633384e-08,5.6368426e-05,ENST00000462717.1,-368,GAGTGGTCATCAGACTTCAATTTCACAGACTAGAATTGAGAAATGGAACAAAACCTTGGGATACCAGCCTTCCATTTTGTGCATATAATAAACGAGTAAAAGGCCGGGCGCGGTGGCTCACGTCTATAATCCTGCACTTTGAGAGGCTGAGGCGGGCGGATCGTGAGGTCAGGAGATCAAGACGATCCTGGCTAACACAGTGAAACCCTGTCTCTACTAAAAATACAAAAAATTAGCCGGGCATGGTGGCGGGCGCCTGTAATCCCAGCTGCTCAGGAGGCTGAGGCAGGAGAACGGCATGAACCCGGGAGGCGGAGCTTGCAATGAGCCAAGGTCATGTCACTGCACTCCAGCCTGGGCGACAGAGTGAGACTCTGTCTCAAATAAATAAATAAATAAATAAATAAAAGGTCTACAAGGATATAAAACAATATTAAAATC,False
1275,-575,4.799616,-4.766075,7.008785e-05,4.1106586,-4.394757,0.00020232862,7.1078525,-6.944336,7.8924444e-07,7.1599493,-7.3161936,5.165244e-07,7.517883,-7.6373034,2.619307e-07,5.4796838e-05,ENST00000457719.1,-575,TGCAAATGTTCACAGTTCCAAGGGACCGCGGGGGAAATTTACACCTCCTCCCCCTACTGCTTGTGCTTCCTTTCGCTTTGAAGTTCTGTGGCTCCGCACTGGAGTTGGGGAGGCAAGTCCTCCAGCCTCGGGCTTTTAATATTCACATCACGTCCTCTTTGCAGCTACTTTGGGAGGATTGAAAGCTACAAAGGACGTTTGGGTGACCTCCCCACAACACAAGGTGGGGTGGGGGGTTTCAACCCACACTGCCCCATCTTGAATCGCCATGGATGACCAAGTAGTTGAAACACGACGGGGGACTTAGGTGCCAGTCCTTCTAGGCAGAAGGGCCCTCTTGGGTTTTCAATGAAAGGAAGAGTGTGAGGCATTAAGAAGCCTGAGGAAGAGAGGAGAGAGGGGCTAGGGGCTCCCGCCTGGGAACAGGGAACTGCAAGAGGGCCTGTTCAGTGCTTTGGCCTAACTCGAAGTGGTGCCGCTAAGGTGACTGGTGTCCTGGTTTCCACCGGTCATGGTTTGATGAGCATTTCTTCGAAGATGTGAACTGCCTACCCCAACGGCCCAGCTCTTGGCCCAACAGTCTACACCACGCTCAAGATTGTCAAGAGGTCATTGTGCTTGTTGGATGGCTAGTTAACTCTTTACTCACCACTTCTTCCCTGACCCTCTTCTTGTAAATTTCTAAAACTAGCAATACAAGATTCAAATCTAAATCATCATACAGAACTGCATGTTGGGCAGAATAATGGCCTCCAAAGTATCCATGTCCTAATCTCCAGAACCTGTAAACATGTTACCTTTCTTGGCAAAAGGGAATTAAATTTGCAGATAAAATTAAGGTTGCTAATCGCCTGACCTTAAAGTAGAGAAACCAGCCTGGATTATCTAGGTGGGCCCA,False
1276,-657,7.0946894,-7.436074,4.890681e-07,7.4431233,-7.4194894,3.5095317e-07,4.0880466,-4.1249657,0.00027102925,8.993942,-9.330146,1.1014105e-08,11.511329,-11.572603,9.435744e-11,5.4376073e-05,ENST00000552992.1,-657,TTCATTTGCACTCCCTGTGGTCCCAGGTGGCAGAAATGAGGATGAAGCCAAGTGTTTGGAGTTCTTGCGAAGAAAGATACAACAGCCACACAAGGTATTATTAACTTTATTACTTGTCAGGAAGAGGTGGGGGAAGCAGTTAAGATTCGGCTAGATGAGAGGTGAGTGTACTGCATTACAATCTCTGGAGGGTGTGGTGGGCATATGAGCTGGAAAGGACCATTATTTATTTACTACTTTTGTTAAGTGCCTGTAATGTGCTGGGTGCTATGCTGGATGTGTGTGTAACACAGACACATAAACCATTCAGGGTCAACCTTGCGTGGGTGGGAGGAGGTTAAAAGCACTTGCATCTTCTTCTCCCTGAAAACAGAAACATCTTCCTCCTTGGCCTACCATGGTGCCAGCAATCTCCAGCATTAGCGATGGCTCCTTGGGGGTAACCTGCAGAAGCTTCTTAACTGGGTTAAGGCATCTTATTACCTTGCAGGAGTAAGGCAATCGCCAGCTCACTGATAGTACACAATGATTTCGCTCATTCCATCCACTCTTGGCCATTGGTGCAGCAGGAAGGGCCTTGGGGTCCTCCAATTTGG,False
1277,-394,7.92136,-7.894436,1.3529666e-07,5.465868,-5.810489,1.2668775e-05,4.5123873,-4.854985,8.546036e-05,4.729699,-4.588274,8.978767e-05,4.867203,-4.551402,8.119256e-05,5.3848933e-05,ENST00000508266.1,-394,AATTGCTAGGGGCTGGCTGGATTGCTGTTGGTTTTTCCCCTCCTGGTGGCTTTGCTTGGTTTGGGTTTAGTTTGGGAACAAACTTGTTTTATATCAACACTTCCTTCTACATCGGGCGCCGTCGCCTCAACTGCGCGTGGGGGGCGAGGCGCCCACCCCGCACAAGAACAGAGGAGCGGGGGAGAAGAGACGGCCTCGCTGCTCACTGGGCCCCTTTGTGTGACTAAATTTGGCAAGAATATGGATCTGAGCCAGTCTTTCCACGTGTGCTCCCAGCTCCCAGCTGAGAAGGCCAAGGGTTCTCTTCCGGGTAAGGAGACAGGGAGAAAGATCAAAGAGTTTGGGGAGCTGGATCTGAAATGTGAATTGAAAATAAAAATCAAGCCTGGACACATTCCAGTTTCTAAAGCAAAACCAACCCTCAGCAGAGGCCGGCTCTCTATATAGCTCTCTTTCTTTCTCTCTCTGCTCCCTTTGACTCTTTTCTGTGACCATTCTTGAGCACATGGTATAAAATAAAGAGAACATAGGGAAACAGTTTCTCTATATTTCGTTTTGG,False
1278,-48,8.096466,-8.053752,9.6838704e-08,5.17504,-5.531896,2.2388609e-05,7.246297,-7.4614687,4.0973063e-07,4.2450085,-4.128482,0.0002308549,5.842973,-5.9266763,7.735756e-06,5.2297168e-05,ENST00000553157.1,-48,AGAGGCCGGACCTGGGCAACCCCAGCCTGGAGGTGCCGGGGCCGGAGCTCCCAGAGGGCTGGGTGCGAGGCCTAGGCGGGGTCAGGTTCGGGTTCCTAGGCCATAGCGGAGCTGCAGCCCAGGCGGCCGGAGCGGAACCCAGCCCCGCTCCGAGTGCCACGTCTCCAGGAACCCCCTCCTTACTCTTGGACAACACTCCGCCCCCGCCCGGGCCTCCGTCCCCCAAACCGCCCTCATTTGTGCAGCGCCAGATCCTTCGGACACATCCCTAGGTGTCTCCATCCTCATTCGGTCCATCCAACTCCCAGACCTCACGTCAACCGGCTGCACCCCACTTTCCAGCCTGCGCCCCAGATCTGCAGCCTTCGCCCCTAGATACACCCGCCTGGTGATGAGGCGCTCCTCGCGTTCCTTCCGGCACGTGGCACACGCTCCACAAATATTTGTTGAAAGGGAGGGTAAATGGCCTTGAGTTTCTGTGGCTACCATTGGCTGAGGATGGAGCTTTGGGCTGGACAAAGAAGAATCTGGTTGACCACATGAAGCAGGAA,False
1279,-452,7.0391464,-7.38788,5.4252735e-07,5.5702386,-6.017541,9.278699e-06,8.557297,-7.953888,6.7496856e-08,7.8695807,-7.9940944,1.289714e-07,4.0048747,-4.307191,0.00024547617,5.109877e-05,ENST00000582549.1,-452,AAAACCCGGAAGGACCCCGCCGAAGGTTTTCTCCGGTTCGGGAGAGAGACGGAGTCCCGCTCTGTCACGCAGGCTGCCAGGCTGGCGTACAGTGGCGCAATCTCAGCTCGCTGCAACCTCCACCTCCTGGGTTCAAGCGATTTTCTTGCCTCTGCCTCCTGAGTAGCTGGGATTACTGGCACACACCACCATGCACAGGGAGATATGAGACATCAATCAATATATGTAAGATGTACATCAGTTTCGTCTGGAAAGATGGGACAACATGAAGCAGGGAGGGGGCTCCCTGGTGACAGGGAATTTTCTTGTGGGCAAATTGTGAGGGAGTTCCTTGTTCAAAATGCCAAGAACCTGGATGACTCATAGTCAAGACCCTCCACCAGTAACATATATTGGCGAGCCAGCCAGGAGCTTGGAACCCTCGGTGGACAGTGCCTAAGCACAGAGGCAACCACAGGTTTCTAACAGGGCCACTCTCTGGTGAAACTGAAAGGTTTCTGTGTGAAAGTGCCTGACCACCACTGCCCAATTCAGACCACTACAGGAAACACTCCAT,False
1280,-259,4.256283,-4.2515516,0.00020183981,4.8984714,-5.1425858,4.3571763e-05,8.649356,-8.496132,3.5793885e-08,6.6446867,-6.6863203,1.6233662e-06,7.31332,-7.3836966,4.141585e-07,4.949697e-05,ENST00000598922.1,-259,GCTTTTGTCTCTCGCTGCAGCCAGAGCTTGGGATCGCTTTCTGCTATTCAACGTCCTCCACCTCTGCCCCCCTCTCGCCCCAGCCGGTGACAGGCTGTTGCCCTGTGATCTGCAGGTCCTGGGACGTGCACAGACAGCTAAGATGCCAGGACATTCCAGAAGGTGGGAAAGGGCGCCTGTAATTTCAGCTACTCCGGGGGCTGAGGCAGGAGAATCGCTTGAACTCGGGAAGCAGAAGTTGCAGTGAGCCAAGGTCGCACCACTGCACTCCAGCCCAGGCGACATTGTGAGACTCCATCTCAAAAAAAAAAAAAAGAAAAAAAGTGTACTAACAAGACCCAGCACACAGAGGAGACTTTTACCATTGTATGAACACCCATCAAACAGTACACATCATCATTGTGAGTTCTGAATCTCACACATAGAGGAAGTCAAAGGTGGAAAACTTGACTCTCATATTTGGATCCAGTCCACAGGTTCTGCTAGCAAGGAAGACTGAGACATATTGTGGGGCTCTACGCCAATGTGACATTACTGTTCTGCCTTGGCCTGTACCTGAAAAGGCATTGTGA,False
1281,-608,4.1515684,-4.23659,0.00022749408,12.559577,-12.786177,9.828324e-12,6.870627,-6.4006863,1.7232227e-06,5.760704,-5.686962,1.0674243e-05,8.943669,-9.199755,1.3195038e-08,4.798095e-05,ENST00000450314.6,-608,CCGCCTCCTCCTCCACCAGCACCACTCCCTCCGGGGCACCCCGGTCCCTGCAGAGTCCCTGGCCGGCGCCGCCTCCGCTGCGGCCCCCTGAATCCCGAGCCTGCCTCGCCCAAGCTGGTAGGACAGAAGGACAGACAGATTCCTCTAGCCTAGCGCTCCGCCGCTGCTGCCTTACGCGGCCCCGCGTCGGGAGAACTGGGATCGCCCCAAGAGCACCGCGAGGGGTCATCTCAGGCTGGCTGCATGCCTCAGCTGAAGATCCCAGCTCCTGTCAATGCCACCTCTCTGCTTGACTGTCTCCTTCCAGATTCGATACAAGCAAGGAAACGTGTGGCATCTGGCTACCATGAGCTGAAGACAAAGCCTACATGGGGAAAAGTGCAAAACCAGGAGAATGGGAGAGAAATGGAGCCACGCACTGATGCTGTTGTGAAACATCTCAATCAAACTGCACCTGAAGACCGCCCTATCCCTGCATTTTTCATTTACATGAGCCAATAAACTCTCTCATTTAAGTCAA,False
1282,-647,4.0572615,-4.2957335,0.00023563406,9.767471,-9.935457,2.7741303e-09,14.686502,-14.49514,2.1211612e-13,7.0304074,-7.251427,6.2730356e-07,7.671822,-7.984001,1.5876783e-07,4.728458e-05,ENST00000552133.1,-647,GCAGTTCCCCCGCACTTTGCCTGCCACCATGTAAGATGTGTCTTTGCGCCTCCTTTGCCTTCCACCATGATTGTGCGGCCTCCCCAGCCATGTGGAACGACACAACTCTTCACCAGTGCACAAAACCTGATGAGAAGGATACAGACTGGATTTTGGTCCAGCTTGCTGCTTAACTAGGTTCCCTTGCACAACGCACAACCTGTGCAATGATTATGCAGTGAAATTGATGGCCATTACCTAACGTGGCTTCAGTGACCATGTTTTCAAAACTGGGAGTCAGAGTGCATGGCTTGACATCAAGGCTTTGTGTCACA,False
1283,-1117,6.8646927,-7.2103496,7.714118e-07,5.324081,-5.781137,1.5033448e-05,8.309313,-7.7022314,1.1124361e-07,7.4716425,-7.5858884,2.8879995e-07,4.0577087,-4.363223,0.00022016089,4.727316e-05,ENST00000580902.5,-1117,ATGCATTTAATTAAATGAAGATGAGCTCATGCTGGAGTAGGGTGGACTCTGAACCCAGTGGGACAAGCGTCCTTATTAAGAAGAGGGAAATCTGGACACACACAGAGCAGAGACCGCCGTGTGAAGATGGAGGCAGAGATCGGAGAGATGCTGCCACACGCCACAAATGCCTGGGGCTCCCAGAAACTACACGGAGCCTCCCCCAGCGGCTTCAGCAGGAGCATGGCTCGGCCAACACTTTGATCTTGGTCTTCCAGCCTCCAGAACGAAGAAATGCTGAGGCAGTGTCACGCTGGTGTCTGTCCTCCTTACAGAATGCCTGAACAGTTCCATTGACTCAAAGTGAAGATCAAAAGAACCAAATGACAGCAATAGCCAAGTGTAATCATCAGTAACCCTGTGTTCTATCCACAGTTAAAAGAATATTGGCAGAGAAACAGCCTTGGTGTTCCAGCAGGAGTGAAGAGGAACAGGAAAACGAGTGGCAGTAGCCCTGAAACAGCCACTTCTGGTGGTTGCCACTCACCTGAGGATGTGAGTCTTGGCAGGCCAGGCTTCTGGGGACAGGGGGCCCAAGGCACAGTAGACGGTAATTTTTAAGATTATGGATGGACTGTTGGGTACTGGTTAAGAATTCTGGGTTTGGCCAGGCACAGTGGCTCATGCCTGTAATCCCAGCACTTTGGGAGACTGAGGCCGGTGGATCACGAGCTCAGGAAATTGAGACCATCCTGGCTAACACGGTGAAACCCTGTCTCTCCTAAAAATACAAAAAAATTAGCCAGGCTTGGTGATGGGTGCCTGTAGTCCCAGCTACTCGGGAGGCTGAGGCAGGAGAATGGTGTGAACCTGGGAGGCGGAGCTTGCAGTGAGTTGACATTGTGCCACCACACTCCAGCCTGGGAGACAAAGCGAGACTCCATCTC,False
1284,-493,5.4310875,-5.616892,1.591903e-05,10.506467,-10.757003,5.826295e-10,8.957664,-8.520357,2.5668026e-08,4.1747303,-4.2462053,0.00022016004,8.946376,-9.189938,1.3289197e-08,4.7223723e-05,ENST00000569497.1,-493,GTGGGAGTGGTGGCTACAGGAACCCATCAGAGCCAAACTTGGGGCCAGAAAGTCCCTCACAGCTCAGTGCGGCTGTATTGAGGGTGGGACCACCCCCATTAGCTTTCCTCCCCTGTCCTCCTGCCACATAGACTCCAACGCGGCCCAGTCAAGGGCATGTCACTGTCTGAACTGACAGTGAGTGAGCCCAGCAACCAAACCCAGCGTGGGGAGCTTGGGAAGCACCCACATGGGGTGGCTGTGGATGCCGGGCTCAGCTCACATGCAGACACATGGGTCTAATGATCACACCATGGACGTGGGGAACTGCAGACCAGCCTTGGGTCCCAGACCAAAGACCAGCAGCTCTGAAGACAGGAGTCCACGCAGGTGGGAGCAGTGTGGGCCCAACCCTCACAGGACCAAGTGCCTGCTAACCAAAGACACCCACGCAGGTGGGAGCAGTGTGGGCCTGACCATCCCAGGACCAAGTGCCTGCTAACCAAAGATACTCATGCGGGCAGGAACAATGTGGGCCCAACCTTCACAGGACCAAGTGCCTGCTAACCAGACTTCAACATTTCCCACAGGATTCAAACATGACCCAGATCTCATAAAGTCATATTCAAAATGTCTAGAATATAGCCCAAAATTGCTTGACACACGAAGAACCACAACATTTCAACTTGCAGCTGGGCACCGCGGCTCACACCTGAAACCCTAGTTCCCTGGGAGGCCACGGCTGCAGGGAGCAATCACCGGGCCGCTGCACTCCAGCCTGGGTGACAGAGACCCTGTTTCTAAAAAATAAAAATAAAAAATAAAAGATTCAATGTGCAAA,False
1285,-213,6.0172157,-6.1979456,4.9547375e-06,9.569715,-10.036662,3.0553349e-09,12.111332,-11.706818,4.5280276e-11,5.899443,-5.743595,8.779891e-06,4.150302,-4.264761,0.0002214565,4.7038848e-05,ENST00000433001.1,-213,AGAGACAAGGAAATGCTGTCACCGCGGTTAACACGCACGTGGAGGGAAGACCTGGGTTTTAGTCCTGTCTCCATCAACCTCAAGAAATGGGACCTCATGGAAGGGAGGGGAGGCAATGCCGAGGATGTGCTCCTGAGCAGGTGCCACAATTCTTCACCTGTAAGGCTGATCTAAGAAGATTCCTAATTATCAATTGAGAGCAGAGATATTCCACTTCCAATTACATGGCCTGCCTGCTCACTCTTACTTCCTATTCACACTCTCTTGGAGACCACTTTGTGATTCTACCAAATTCTATAGGAGAGGTGACAACCCCAAAGAGAAGGCTCTAGAAAGATGACATTTGGAAATGTGTACGCTAGTGTCTGCTGGCTCCTCCTGAGCCATTTTTACTCTGTGAATGAGATCAAAGGCCACCTAACTGCCTAAATCACCACAAAGGGACAAACTGGTATCTCAGAGCACTCAGCAACAAAAACAAGAAAGCTAAGCCTCTGCACTGCAATGTGGCAGGGCTTCTGGCTAAGTATAGCAAGCAATTCTGATGTGGAGACAAACAGCAGCAATGGGAATGATATGCCAATGAAGGATTCCAACAGTTGGGTCTGCAAGTGTGCTTGTCCTGTGACACAAACGGCCTAGACATCTCAGCACTGCTTGGAGCTGCTCATTGGGGGAGCCTAAGAAACATCAGCCCTTTCACAACCTCTTGCTCCTGAGCAGAGCTCATCTCCCAAGAGCACATCAGCCCGCAGCCCAGTCTGATGAGAAGCACAGTATTCCCCTGTGCCAGTGGCAGCCTCAGAGCATCCTGAAAGAGCGCTTCCTAGACACGCAGTGGAAGCCATGACTTCCCCTAAGCTGCCGGTGCTGCCTCTGAACTCATGTGGAGGTTCTTTTTTCAGTGTCCCC,False
1286,-959,4.4704094,-4.540694,0.00012203219,4.7512016,-4.810868,7.0342154e-05,5.163804,-4.9751015,3.951046e-05,6.1351175,-6.5218067,3.1854167e-06,10.7044525,-10.826447,4.459122e-10,4.701413e-05,ENST00000417083.1,-959,TAAAAGCATACGATGGGAGATCATATTGTACTTGCGAGTGAGACCCGGCTGGAGGAATGTTTTAATTCTTCGGAAATACCAAGTGGTCTCTAGATGGGTTTTCACTATTTTTCCCAGGCTAGTCTCCAACTTCTGGGCTCAAGCGATCCACCCGCCTTGGCCTCCTAAGTCCTAGGATTATAGGGGGACCTTTGGCCATGTCTTGAGATGTTTTTGGTTGCCGTGATTGAGGAGGTGCTACCAGCGTCTGCTGGGCAGAGACCAGGGATGCTGCTCCACATCCCACAATGCACAGGACAATCTTCTCTACAGCAATGAATTATCCAGTTCACAATCTCAATAGCACCAATATTGAGAAACCCTGTTGAAGATGGAGACTATCCACGGGGCATTGATCTTGGGGTCTCCCCCTTCCTGAATACTTGAAGTCCCTCGGCAGACTCTTGGATACCTCCAGCAATGGGGAGCTCACCACCTGTTTTGAAGCCAGGCAGGTTTGGGCTCTTCTTGTAGCTGTGTGACTCTGGATTTTCCCATAGGTGGGAGTGGATCCACCACCTTGAGCTTCAGTTTCCTCCAGTGCCATGGGATTAGCAGCAGCCCTGCCTCACAGATTGCGTGAGGATGAAATGAGATGATGCTCCTGAGTTGGCTGGTGCAGTGCACGGTACACAGAGAGTGCTCAATAAATGTTCCCTGCTGTGAA,False
1287,-1091,5.9358797,-6.2040825,5.3416948e-06,5.534497,-6.047679,9.330841e-06,8.206014,-7.564909,1.4150613e-07,9.564099,-9.471177,5.4085953e-09,4.1375937,-4.3187017,0.00021251297,4.5466484e-05,ENST00000420651.2,-1091,GGCTATGCAGGATTGGCAGGAGCTGCGATGCTCACACTTGCCTCGCCGACCGCCATTTCACATCCAGCAGAGGAGGCGGGGGCAGCCGCTGAGACGGTTTTTCACAAGGTGACCATGCTTTGGGATTTTCATAGTTTGAGTAATTCCTATGGGCTCTACCACCCAGCGAGTTAAAGAAGACAAGATTCCACCCCCAGGGGGTTGTGGTTCTGGGAATGTGAGCAGCTTGTTTTCAGGAGATCTGCATCTTGATCTGGCCTGCTATTAGGATCTGTGGTGGTGGTGCCTGTCTGGTTTTAGTTGTTTCTTTTATCTTACACAGAT,False
1288,-792,4.5017414,-4.500877,0.00012307188,4.482938,-4.7123938,0.000101501886,7.803929,-7.699482,1.8490742e-07,6.510693,-6.671327,1.884172e-06,7.2650905,-7.3118744,4.6698634e-07,4.5421966e-05,ENST00000602077.5,-792,TTTGGCGGGGCTTTTGTCTCTCGCTGCAGCCAGAGCTTGGGATCGCTTTCTGCTATTCAACGTCCTCCACCTCTGCCCCCCTCTCGCCCCAGCCGGTGACAGGCTGTTGCCCTGTGATCTGCAGGTCCTGGGACGTGCACAGACAGCTAAGATGCCAGGACATTCCAGAAGCTACTCCGGGGGCTGAGGCAGGAGAATCGCTTGAACTCGGGAAGCAGAAGTTGCAGTGAGCCAAGGTCGCACCACTGCACTCCAGCCCAGGCGACATTGTGAGACTCCATCTCAAAAAAAAAAAAAAGAAAAAAAGTGTACTAACAAGACCCAGCACACAGAGGAGACTTTTACCATTGTATGAACACCCATCAAACAGTACACATCATCATTGTGAGTTCTGAATCTCACACATAGAGGAAGTCAAAGGTGGAAAACTTGACTCTCATATTTGGATCCAGTCCACAGGTTCTGCTAGCAAGGAAGACTGAGACATATTGTGGGGCTCTACGCCAATGTGACATTACTGTTCTGCCTTGGCCTGTACCTGAAAAGGCATTGTGACATATTGCTGGGCCCAGCAACAAGGTGGCATGAGTCTTCCGTATGGACCCTGACA,False
1289,-1123,6.9949675,-7.341483,5.939616e-07,5.484822,-5.935476,1.0970414e-05,8.549769,-7.961422,6.7496345e-08,7.888679,-8.009424,1.2460666e-07,4.0750923,-4.39211,0.00021020813,4.4392924e-05,ENST00000582733.5,-1123,GTGACGCGGCGCCGGGTCGCCGCCGCAGATTCGACACAAAACCCGGAAGGACCCCGCCGAAGGTTTTCTCCGGTTCGGGAGAGAGACGGAGTCCCGCTCTGTCACGCAGGCTGCCAGGCTGGCGTACAGTGGCGCAATCTCAGCTCGCTGCAACCTCCACCTCCTGGGTTCAAGCGATTTTCTTGCCTCTGCCTCCTGAGTAGCTGGGATTACTGGCACACACCACCATGCACAGGGAGATATGAGACATCAATCAATATATGTAAGATGTACATCAGTTTCGTCTGGAAAGATGGGACAACATGAAGCAGGGAGGGGGCTCCCTGGTGACAGTTGCAGGAATTTAGCCAATTCAGAGGTCTTGTTCTCCATAATTTGGAATTTTCCTTCGGATTTGATCAAGTTGGATAGAGTTGGTCAAACCCAATGGGAAAAAGATGAAAACAACAAGAAACAGAAACAAACAGCAACAACAACAACAACAAAAACAGTTAAGTGAAACAAACAAACAATCACACAAT,False
1290,-239,8.11007,-7.9534197,1.056124e-07,4.207648,-4.2472863,0.00021280232,9.392637,-9.256444,7.9580476e-09,8.660979,-8.558545,3.3239584e-08,11.3758,-11.62364,1.02676354e-10,4.2589847e-05,ENST00000596923.1,-239,GGAGCCTGTCAGCTGAGCAAAGGAGGGAAACTCAGGATGGAGAACTCCTCCCCCTCCATCCATAAGTGGCACACCACTGGCCTCCTGGTGTTATTAAAGGAAAATTGGAAAAGTTTCCAGAAGATTAAGCAGAAAGCTTACAACTTGCACAAGACTCTCAATTTTCCAGTGGCTCTGACAGAAGGATAAATCTTCGGCTGTTTTAACTAAAATGGACGGTCAAGTTGGTATCCATCGTGAAGCTAAATGAATATCTGGACAGGAGTCAGACAAAGGGAAGGAGAATCCAGGGGAAGATGAAGCAGCTGCAGGCCTGTCTGCTACCCTATATCCGGGGAAGAGCCAGAAAGTAAGTGACAACATGGATAAGGTACAAAGTAGCTACTCCTTTACTTTCACACTGAAATATTGCCCCCTCCACTTAAAAAAAAAAGTAGAAGAAGAAAAAGAAAGAACGTTTCTTTTGGCTCACTCTAACCAGAGACATACGAGAAAACTATTTATGGCAAATGAAGTTCAGCCTATCCAAGTTGGCACATTACAAAGCTGCCACAGAGAGCATAGAAAATGGTGAATATTTATAAATGTACCCTTATATGGGTACAAATGCAATGGCAGGGCAGGAAA,False
1291,-15,4.522564,-4.8460193,8.535692e-05,7.520702,-7.9495015,1.9115072e-07,12.740566,-12.244297,1.4099761e-11,4.6057186,-4.4261518,0.00011952447,9.852991,-9.940155,2.5348126e-09,4.1015017e-05,ENST00000454613.1,-15,GATGACGCTGTAGCTCTCCACGTAATCGACGTGTTCGTCCTGCGGCTCGCTGGCGATCTGCCGCAGCGTGGCCTTGTCCACGCTGCCCACTCCGATGGCGAACAGCTCGACGCCGCTGGCCCGGGCCCGCGCAGACACGTCCTGCACGCTGTCCTGGGGCCTCCCGTCTGTCACCACGATGACCACCTGCGACACGCGGGGCGGTGTGACACCGGGCTCCCGGAAGCCCACGGGACTGTCCAGGAGAGGAGGCTGAGGCCCGGAGAGGCGGGAGGACTGCCGGGTCGCACAGCCAGGCGGCACCCGGGGGAAGAGGACCCGGCTGGCCGAAGAGGAGACCCGTTTCCTCTGACTGAGAGACGTGGCTGGGGGGCTTTCCATCTGCTTCGCCTCCCTCGGGCAGGCAGCTCTGAGATGCCCGGAGGGATGTGATGCCCCATCGCCAAATTGGGGTCTCTAAGGTCAGGGCCATGCCTTCCCCTCAGACTGAGGCGGCTGAGGGCAGGGTCCTCAGGCTGATGGCTGTGGGAGTCGTGCCACGCCCCTCGTGCCCCCGGGAGGCCCGGCCGGGGCTGGGTGGGGGGATCCGGTGGTTCCACATGGTGCAGTTCTGCGCTTTGGCCACCAGATGGCAGCCGAAGCTAAGGGATGGGGCTGCCGTCTCCCGTCTTGCTGTCCTTGTCCCGGTAAGACCGGGGACCCTGGACCAGGGAACCGACGGAGGGCCACTCCCATGTGGATGCCCAAGGGACCAACCCAAGAAAGATGCCGCCCTTATCCTCCTCCACTCCCCGCTATGAAATGGCCACCTCACGGGGCATCATGGGAATCAAAGTGTCTGCAGGCAAAGCTCATAACTCCGAGCGGGAGCCTCCAAACAGCAGCATCCTAGCAGGGTGGCGTGCACGTACCTTGCTGATGTCAGGGGACCTGGAACGACCACCCTCTGCATCGCCGAAGGCTTTGGTGATAGCGAACTGGATGGCCAGGCCGGTCATGGTGCCTGTGGACAGCGGCTGGATACGGCGCACAGCCTGCAGCAGTGCGGCCTTGGAGACATGAGCCCGCAGCGAGAACTCCTGCTTCACGGTGCTGGCATAGTTGACCATGCCCACCCGGGTGGCATTGGGCCCCACGTCCAGCGACTCGATGACCTGGGACAGGAATACCTTCACTTTCTCAAATTCAACAGGCCGAACGCTGCGAGAGCTGTCGACAACAAACACCAGGGTCACACAAGGGCCATCCACGGTGACCAGCGGTGAGAAACGCAATGCTGTCCTCGTGCCATGCTGGAGGTGAACGAGGAGAACGTGAGCTGGGGTCTCCTCACCAACTGCTCCCCCCACCCCAACCCCCCTGACGGCCAGGGCTGTGTCCAGGGCTCAGGGCACAAGGCTCCGTTAGCTGGGCAGCAGCTGGCCCATGAAACAGCCCTTTCAGCTCCACCTCTGAATGGCAGTTCTATGGGCTCCTCGGAAGAACACAGGCGCCTTCTCTGTGTCACTTCTCCGCTCATTAGCAGAGCTGCAGAAATACACTACAGGACTCAAAATTGAGAACAGTGTGTCCGGTATGAGCCAGAAGGAAAAAAAAATGCACGAAGGGGCCTTCTGCAAGGTTGCTCACAAGTCAAACAGGCAGCTGTGAAGGGCTCTGCTGTTCCCTCCTCCTGTTTTCACATCCCTCGGGCTTCCAGAAACTTAAAGCCGTTAGTGTTTCATGCAAGAGAGAGCATCTGTGATCCACGGAGAGGCCCCTGGGCAGTGTGGTTCAGTGGGAAGCACACAGGACTCCCTCCCCAGTGCTCCCAGGATCAGCTCTTTCCCTAAAGAGCAAACCTGGTTATCTCGCAATGACCTAGCTAACACAAATGCAACATCAGCCGGGGCAGCCTGCCCCCTTCACTCTTTGCCCACCATCAGCTGTTTGGCAGTATCCATATACGCCTTTACCAGTATTTATTTAATCTTTTTGTTTAATTCACTCTAAACCAACTCACTTCTTAAAAATTTCTCTGCCTTATAAGAAATAATAGCCATGAAATCACTGGTTTGATGTACGGTTTATTTATTTATTCCAATAAACACTCATTCAATATAAAATTCAAATAAATTCAAAACTAATTAAA,False
1292,-850,4.372673,-4.4290686,0.00015044815,4.6546073,-5.1745687,5.3854215e-05,8.50278,-7.86685,7.776075e-08,11.252789,-11.386593,1.4717755e-10,9.948275,-10.045344,2.07435e-09,4.087647e-05,ENST00000594548.5,-850,GACCCCGGAAGTGCTTGCTGCGCAGGACCCCTTGAAAAAAAATGAGGACCCGTCTTTTTTAGGTCACAAGATTGCGCCAACCCTTACATGGTCCTTAAAAAAAAAACCTTCTGACACTGCAGTAGTGAAAATGAAGCGCACGATGGGCGGAAGCTAGGAAGACAAACATAAAGATGAAGTGCTTAATTCAAGGTCACACAATGTCGGGGATGGACCTCCAGATTTCCTTACTGACCTGCATTATCTTGTGGATACCTGAGTGAATTCCACACCACCCATTTTATAGATGAAACCACTGAGACATGGAGCAATTGACTGAGTAGTCACTGCCCCACCCCTGCCTGGAGCCTCACACATGACTCGCCTCCTCTCAGTGACCACAGGTTGGTTGAGGGGTTTAACAAGGCTAAGAAGGTGAGACGTGGTCTTGTAACACAGTGGTTAAGAATGTGACTTTGGAGCCAGCCTGCTAGGGGCTGAATTCTGACTCAGCCATTTACTAACTGTGTGACCTTAGGTAAGTCATTTACCTTCTTTGTCCCTCAGTTTCATCTCGGTTAAGTAGGGATAATGATAGCACCTATTTTATAGGGTTATTGTGAGGAATAAATCCAAGTAAAATGCTTAGAATAGTAACTGAAACATAGCACTCATTAGGAATGCTTTAATTTTCATTTATTTGAGTATTAAAG,False
1293,-362,4.4758215,-4.80363,9.3313596e-05,5.138225,-5.003326,3.940608e-05,4.780661,-4.9076204,6.2002e-05,6.5122194,-6.663665,1.8957687e-06,8.824057,-8.779192,2.264677e-08,3.9328017e-05,ENST00000602478.1,-362,ATGCCTTAAACTTATGAGTAAGGAAAATAACGATTCGGGGTGACGCCCGAATCCTCACTGCTAATGTGAGACGAATTTTTGAGCGGGTAAAGGTCGCCCTCAAGGTGACCCGCCTACTTTGCGGGATGCCTGGGAGTTGCGATCTGCCCGACCTTATTCACGCCTAAAAAGTAGACTGACTGTGGGGTGGTCGTGTTTTTTGTTTCTTGTTGGTAGGTGGTGAATGCGTTTTTTTCGTTGTTTTCTCCGTTACTCAGGCTGCCAGTTGCTTGGCAGTCTTGTCGCTGGCTGTGGACGCTCTGCACTTCATCACCGTCCCCAGCTGCGCTTTGAGCCGGTCTAAGGTTGCCCACAGTATTGACGTTGGGACCCACGAAACTGGCAATTTCCATGTGTGCGGCCTTACCCAGTTCTCCCAAACTTCTGCGTATAACCGCTTCTCTGTGCTTCAGAAAGATAAGTCCGGCCCCGGCCTCACACAGCAGCTCAGTTCGTGACAGCGTTTAATATGTAAAATGGAGCAAATAATTTATAGGGCGTTGGGAGAGTTAAAGAGACTAATTCATTTACGTGTTAAATACAGGGAATGGCTTTTGCATTGATATAACCCCAGCCTCCAGCATGCGCCAGACCTGACGTAGGTGTTCGGCACATATTTTGTCCA,False
1294,-436,6.0567703,-6.3164406,4.2303955e-06,6.584205,-7.0734687,1.1709736e-06,9.333858,-8.683286,1.4971114e-08,10.405387,-10.356381,9.622293e-10,4.2185383,-4.4025297,0.00018023515,3.713049e-05,ENST00000531702.1,-436,CCCTAAATCAACACATATTCCTAGGATGTGGGAACATATGCAATACTTAAATGCACAGGCTCTGGGTTCAGACTCCCTAGGGTTAAATTCTCCCTGTGCCGGCTAGCTGCATGATTAGATTTGTGATCTTGACAAAGTTACCTAACGTCTCTGGGCCTCACTTTTCTCATCTGCAAAATAGGGAAAATAGCAACACTTCTCCATAGGGGTGTGGTGAGGATAAAGAGTAGATGTAAATAAAGTGTTGAATGTAGAGCCTGGCACATATCAAGCTCTTAAAAAGCAATGGCCATTTTGTTATTTTTACCGCAACGACAACTGCAGTTATTATCTGGCTTCAGAGCTCTCTTTTTAAAAACAGTATTCCCTGGTTTTACACCCAGGTGCTAATACTATTCTATGAAGCTAATGTATAGAGACCATATCTTTTTAACAAACGTGTATATATGAGTCATTTCCGGCACATTTGATACACATCATCTCGTTTGGTCCTTAAAACAAGCCTAGGCCATAAGCAGGGTACGTGTTACCACTTTGCCATTCCTGTTTTACAGAGGCTTAGACACATTGAGAAGCTTTTCCATAGTCACTTAACAAGTGATGGGTGAAGCCAAATCAAGCCTTTAGATCTCCAAGCTCTTTCCATTAAACCATATAAATCACGGGTTGGCAAACTTTTTCTGCAAAGGGGACAGATAGTAAATAGTTTAAGCCTTATGGGCCACATGCTGTGTCTGTTTCATATTCTGCTCCTTTTTTATTTTTATTTTTTTTAAGAAAAGACACCCTTTAAACATATAAAAACCATTCTGAGCAACAGGCTGGTGCTAAAAACAGGTCATGGTAACCATTGGCTCTAGGGTTGTAGTTTACTGTTGATATAGATTGTACACTGATAAGCCAAAATACAAACCTAATGAAACTGACATACTTAAGGAACTTTACTCTTTGTTAGCAATCATTGTTAATATTTATTGAATGGTGACTACGTGGGAAATGCTGTTCCAAGTGTGATAGATATATTAACTTACTTAATCCTCACACCCACTCTAATTTCCTAAGTACTATTGTCAGACTCATTTTACAGACAGGAAAAGCAAGGCATAGAGAAGGTAAGTAACTTTTCCGAGGTCACATGGCTATTAAGTAGCAGAGCTGTGATTCAAATATAAGCGGTTTGGCACCAGATCCTGTGCACTTAACCGCTTGCATCTCGGTTGGGAGCACTGACTGGTTCAGCTATTGGGAGGGAAGAAAGGGGATGGGGAAGCCACATAACCCCTAGGAGATTCTGTAATAAATATGCTTCAGAGCCATTCACCTTGAAGCTGAGGAGGCATGGAAGCAGGCCACCTGTGTTCTGTACAGCATCACCAGGCTGGAAATCTGCCATGGCTTTCCTTCACGCCATCACAAGAGGATACAGATGAGGCTGCAGAGGCATCTTGATTTGAGAAAAGCATTTGACTGGATCTCATTAAATTTTAATCATTAACTGAATTCAAAATAAATTGAAAACTGGTTGACAGAGCACCAACAAAGGGTGATGATAAATGGTGATGCATCTAGAGGGGAGCTATCTTCCAGGGGACAACTCTAAGGCAAGGACGGATGGGATTTAATGAAGGTGTTATGTCCCCAGAAGAAGACAAATAGCACAGCAAGGAACAGAGGAAGGACAGGAGTGAGCAGCCTGAGTAATTAATAAACCATATTAACAGCTCCTCCATAATCAGGCCTTGGTGATCACAACTGCTTGGATTTTTTCTTAAGCTTTCTTTGAGTCAGGAATAGGTTTGAAGCGTCCTAGAGACACACAGCATGAATATTTCAGGTGGACATTAAAAAGAAATCTATAAATTTACAGCTGGGAGGATCCTGAGATCTACTTCGGATCAGAAACTTTCAATTACAAGATTCCCAAGGCCTTACTTCATTCCCCAGAGAGTAATCTTTTTAATAAATGTCCAAAAGTCATGGATTTAAAAAAAAATCTTTAAACTCATTAATGTCCTTTGTTTCCTGCCCAAATGCATGCAAACTTTCATAACACTGGTTTGCTGAGTGGAAGGTTGGTTTTGAGTGAACTGTTTGGCTCAGATTCAAACTCCAATGAACAAATACTTCCAAGTTTACTTGCTGAATTTCCCATACAGAGAAGTTCTTCCACTGGGCTTGCCAGAGGATTTGAAACAGTGGTGAGCCCTGGAAGGAAGGGAATATTTACTGGCCCTTGGACATAAACCCAGCACAGTAAGACTCACATCAGGCTGAAGGCAGTGCAGTATGAACCGACCTGATTTGAGGAAGTTTGCTCTGGGACTCCTCTGAGCTACTAAATGAGGAGGAGAAGGACTAATGGGAACACACTGACTCCATCACATTAGAAGTTATAATAAACATTTAGAGAACAACCTCAAA,False
1295,-1148,10.339549,-10.539997,8.553186e-10,13.131669,-13.252748,3.4785117e-12,9.8960495,-9.513742,3.719071e-09,4.326627,-4.273248,0.000184095,8.751045,-8.905017,2.1481728e-08,3.682421e-05,ENST00000476560.1,-1148,GCGGGGTGACCCGGGGAAGGGGCGCGCACAGAGACAGAGGGAGCCAGCCGGGCCCCACGGTGTCCTCGGACGCCTCCGAAATCTCCCTGCGTGTTTGTTTCTTCGGAGCTTCACCGGAGCCTGACTCTGGAACCGGCCTGTCTGCCTGCTGCAGTCTGCACATCTTCACAATGAAATCTTCACAAGCTCAGAACCATCAACTTGCTACACTGTGTTCCTCCAGTGCCCAGTTCACAGGAAGCACTCAAGAGTAGGATCAATTGTTATCAACCTCTAGCAGATTATTGAATAGACGGTCGTTACATGAAACTGACACTCAGTTCTTCATGGTCCACGATAGTTCTTATATCCAGAAAACGTACTTACGTTATCAACTCTGACTCCATAAGACAACTTTGCAAAGTCTTGGCTCATAACTATTAGTGAAATGGTGAAAAATCAGACAATGGTCACAGAGTTCCTCCTACTGGGATTTCTCCTGGGCCCAAGGATTCAGATGCTCCTCTTTGGGCTCTTCTCCCTGTTCTATGTCTTCACCCTGCTGGGGAATGGGACCATCCTGGGGCTCATCTCACTGGACTCCAGACTCCACACCCCCATGTACTTCTTCCTCTCACACCTGGCCGTCGTCAACATCGCCTATGCCTGCAACACAGTGCCCCAGATGCTGGTGAACCTCCTGCATCCAGCCAAGCCCATCTCCTTTGCTGGCTGCATGACATAGACCTTTCTCTTTTTGAGTTTTGCACATACTGAATGCCTCCTGT,False
1296,-1457,6.2035217,-6.472562,3.1249674e-06,8.333508,-8.331025,5.790097e-08,4.4915648,-4.1320257,0.00017978116,9.445849,-9.792656,4.413904e-09,8.292529,-8.024163,8.198804e-08,3.6610083e-05,ENST00000433079.5,-1457,ACTGGAATCAGCAACTCCCTGGAACTCGGGCCTCTGGCCCCGTCCCTCTTTTCTCCGGCAGGGACGCAGGATGCCTTGGTGCACTCTAGAGACGGGGACCGGAGGGTGCAGCGCGCCTGGGTGGGGCGAAGGGCGCCGGTCTCCTCACGCCCTCTGACTTTAGGATACCAGACAGTGTCTCTTCAACCCCACCCCAGGCGCAGGTTTCCAGAAGGCGGGGTGGGTGGGGCCCCCGATTTCCAGAAGGCGAGTTACCTAGCAGGTGTGTGGGGTGGGCATTGCTATTCGGAGAAAAATCAAGACGTTCCCTTCAGTCCTCCCTCGGTGTTAACGTCTGCTCCAGCTCGCAGCCCGCTGCTGGGAGGAAAATGGAAGAAACGGAGATACTTTTAGTGAAGCAGAATAAACCACTGAACAGGAAAAATGAGGAAGCTGTGAGTACCAGTGGAAGGAACGAGCCAGGAAGAGGGACTGGAACCATCTCAGAAGCCATGCCCCTCAGGCTGGAACTTGCCCTGTCTCCTCGCAGATGAGCTACCTCTTGTGTTTAAGAATTAAAGGAAGATGAGCTAGGAATCAAGAAATACGCAGAACTGATTCCTGTCACTGGCGCCACCCTGCCACTTGCCCAGAGCTGTGGTATAAATTTTTTTAATAGGCTGAAATAAAAATATGAATAGCATTTTGGTATTAAGCATTAAATTGATAAAGGCTATGAGATACACCTGCTCTCAACCATGTTAATTTTTTATTATTGGTATTAATAAATTATTACTTACTAACATATTAACAAGAATTGCATTGAGAAACAAAGCATCCACAGGCCAAATCTTCTGAATTTCAAATGTTTATATTAATGCGTTGTATTCTAGAAAAGTAGAATTGTCTTAAGTAGCTTTGTAATATAAAGTCATCTATCAGCCCATTACACCTATTAGAATGTTTTAACCTTTATTTCCCACTTTTTTGTTTCTAGACTGAGTGTACTTGGTCTGGTATTTGTGGCATAACTTACGGAACACATAAGAATGATACAGATACTATTTAATGATGACCTAATACAAGCTTAGATAGCTAAGGTGAAAGCTTCTATGGCCTTAACATTTTCCTCTTGAAGAATGTATTTTCTGTAATAAAATACAGTGGCTACTTGAAATCTATAAACTTATGTGAGGTCTGGATAAATCTGAGCAACTTTCTTCTTTGTGCTCCAGGAACCTACGCACTATATATATAAATAAAGCTTAAGTAAACATCACTGC,False
1297,-333,10.979662,-11.270895,2.1712304e-10,4.4570184,-4.6413884,0.00011183135,5.602846,-5.7477665,1.1762142e-05,13.193964,-13.296896,3.1272723e-12,4.8122897,-5.0300055,5.315237e-05,3.5349214e-05,ENST00000567819.1,-333,GGGGTCTCGGGTCACGTGACAGGCGGCCCAATCGCACTCGCGCGACGGAAAGCGCCACGGACGTCGGAGGCCCAGGGGGCGGGGCTCCCGAGCTCCGCTCTTTCGTGGTCGGGCGGCGGACCGCACTGTATTTTTTCCTTCCGGGGGCGGCGGAGCCCAGGGCTATCCCGGCCTCCGCTCATACCCGGAGGGCCGGCAGGCGTTCAGTCCTCCAGCCGGTGAGGCTCGGGCCGGGGTGTCGGGACCGCCTGAACACGCGGGCTCTGGGAGCTTCAGGGACCAGGGAGCCACCTCGGCCGAGTTGCGTCGCAGACTACAGCTCCCAGCATGCGCCGCCGCTCCCAGCATGCACCTTCCTCCCGAAACGCGTCTCTGCTTCCGGCGCTCTGCTGCGGAGGCCGTGGCCGCGGGTAGTTGGGAGGAACCGAGATTTACGCTTGGTAAGGCAAGTTGCGAGCTGTCCGGCGCCGGTCGAGTTCCTGCCGCCGTCGTCGTCAGGCAGGGGAGAAGGGGGCCTCAACCCCTCTAGTGACAGCTGTTTGCTACCTAATAGGGCTTTTCATCCCACCGGGCCCCAGGGCCTTCGTTAGGAGCCCAGCAGGCTCAACTTCTTGCTGTGGTTCTGGAAAAGGGAGTGACCACCTGGCTCAACACCTCTCTCTGTGATGTGTTTGGGAGTTTTGGGAAATGAGACGGCTCCGAGGGAAGAGCTTGAGGGAGCGGCGTCGCACTCGTTCGACCTTCCCGGGCCTGGGCTTTGTTTCTAGGCATTTTAGGTTGAACGCTCTACATCTTAACTGGGGGCAGGGGAGGTGGCCAGAGCATCCCGCTGAGCGTTTTCCGATTCCCCAGATGGCCAGGCACCTGGTCCTGGTGGCTGGACAGTGACCCCGTGGACGCACATTTACAGCTATAGCCATTCAGTGCCGCGGGGAGGTGAGGATAGTGATCCTGGGACCTGCTCGAGGATTCACCCTTGCCCCAAGAACCTGTTCCATTCCCAGGAATGAAGGCGGTCAGGCAGGGGAGGAGAAGGGGGCCTCAACTCTTCTAGTGACAGCAGTTTGCCACCTAATAGAGCTTTTCAGATTTTGCCTCCTCAGGCCATTTTACTCAGCCTCGGACTATCAAGGATGGTCACATTGAAGCTGTTTTTCTGCAGTCAGGAGCGAAAAGTCCCGGCTGTTGAAGGAGAAACTGAATCTGGTTCAGGAGTCCCAGGTTCCTCCCTCTGAGAGGCCAGGTGGGGCCTGCGTGAGTAGCAGTTGTTCAGGTGGCAGGACACTGCTGTTTTCATCCCACCTGGCCCCAGGCCCCTGATTAGGGGCCCAGAGTGCTTATGTACTTGCCTCGGTCTGAGAAAGGGAGTGACTGCATAGCCCAACACCTGTGGGATGCCTCACTGCCCAGATGTTTCATCTCCGGGATGCTTCATTGCCCATTCAGCACCCTCTATGGTGCTGACTCTTCCGGAAGATGTTTCTGATTCCTTGCTAGGCTGGTGGTTGCACCATAGCTGAGAGGACTCAAGAAGAGCCTGGTCTCAGCTTCACCTAGGAGTCCCGGAGGAGTAAGAAACACGTATCTTTCCTGTTCTGGGCACATATGGGTGGGTAGCAGAGCTGAGGCTAGCTGAGGATCCCGACTCTCCTTTGGGAGCCTTTGTTGTGCCGCTCTCCCAGGCTGATCAGATCTGGAGAGCTAACAGCTTCCTGTGGCCACATCTGTGTCCAAGGCTGGGCCCATGCCTGTAGCCAGATTGCCAGGATCTGGAAGGGGCCAAGAGACAGCTGGTGCTGGGTAGGCAGCAGCCCTGTGTCAACCTGCCCCCACTATTACCCCATGCTGTGATTTGCATGTGGTCTGCCCCTGCCCAAAATGGTATTGAAATTTGAGCCTCAATGAGGCAGTGTTAGGAGGTGGTGCCTAGTAGGAGGAGTTTGGGTAATAGGGGTGGATCCCTCATGGATAGGTTAGTGTCCTTTGTGGAGGGGTGAGTTCCCATGAGAGCTGGTTAGAGAGTCAGCCTTCCTGCGGTTGTCTCTTGCTTCCTCTCTCGCCATATGGCCACGTAATCTCTTTGTGCATGCCTCTCCCCTTCTACTTGCTGCCTTGAGTTGAAGTAGCATGAGGCCCTCACCAGGTGCAGCTGCCCAATCTTGAAATTTCCACCAGAATTTTGAGCCAAATAAACCTGTTTTGCTTTTTTAAAAAAATAAATTCCCCCACCTTGGCTGGGCGCAGTGGCTCACGCCTGTAATCCCAGCACTTTGGGAGGCCGAGGCGGGCGGATCACGAGGTCAGATCGAGACCATCTTGGCTAACACGGTGAAACCCCATCTCTACTGAAAAAAAAAAAGAAACAAAAAAATTAGCCAGGTGTGGTGGCGGGCACCTGTAGTCCCAGCCCCTCACTCGGGAGGCTGATTGAGGCAGGAGAATGGTGTGAACCCGGGAGGCGGAGCTTGCAGTGAGCCCAGATCGCACCACTGCACTCCAGCCTGGGCGACAGAGCGAGACTCCGTCTCTAAATAAATAAATAAATAAATAAAACAAACCCAACCTCAGGTATAGCAGTGTGAAACAGACTAAGACATTCCACATGCCCTGTGGTCCCATCTGCTACCCCAGGGTGCAAAGATGTTCCCTCAGCCCTGAAGAATGACATTCCCCCCGGCTCCTGGGATATCTGGAGGGGTTGTAAGCAGCTTGGGTTGGTGAGATAAGGAGTTTGGGGGGCAGCTGATTCATGACCCTGGCCTCCTCAACTGCAGGCTCTTGGTCTGAAGTACTGTAATTAAAGTATGAGAGCCTCGGGGCCCTCACTTCAAGGAGGGAAGAGCATCCCCATGCCTCAGCGTTTGGGGATTGTAGGGAGATGAGAGTCCTTCAGGTGGGACTAGTTCCCGCCATGACCCCACTGCTGGCCAGTGGCCTGAAACGCATCTGACCACTTCTCAGGTTCATGGGTGTTGAGGAGGAGCCCTGTGGAATCAACCCTGTCTGCCTCCTCTTATCCTGCCACTCCTCTTGCTCTGTCTGGATGACTGCCCTTGTTTTTCAAGGGAATGTTCCCTGTCTTCCTCAGCCAGGATTTTTTCTGAACTTGACATCTCCGTTTGTTCAGGGGGCAATCATTGGGCACTTCACTGTGCTGGTCCTTGCATTCTCATGGAGATGCAGAGATTAAAAATTAGTATCTTGTCCACATACTGCCCAGAGTTAGCAAGGATTGCTTTTCTGTGGATTTGTCTCAGGTCGGGCACAGTGGGGGTAGGGTCCTTCTCGAACCTTTTCCTAGCCTAAAGGTTCCAGCTGAATCTTCCCAGGCAGGGCTGAAACAGGAACCATTTTAGGCTTTGCTGCAACCCATGGTCAGTTCTCCAAGAAAAGTGAAGAGGGTTCCACCTGGGGCAGCCCTCAAGGGCTCAGAGGGCCAAAACACACGTACAACATGTTGAGACACTGAGTTTGTGCGATCCCCACACATCTCAGCAGTGAGTATTTCTGCCTCATTTTACCGATGAGGAACCTGAGCTTCAAAGGGAAGAGGTGACAGCTCAGGACCACACAGCTGTAGGTAGGAGGCAGGAAAATAGGGTCTGAGTGCAGGGAACATAGGCTGATTCACACTTCAGTTATGATAGGAAATACCTTCTCCATAGGACATAGGCCAAGCAAATGACTTTGTAACTTCATCCTCTCCATCTGCATAACGTGTGCCCCAAGTAACCAATGGAATCACCTAGAGGGTGTTTAAACTCTCAGAAGTTCTGTAACAGGCTCTCCATCTACATAACGTGTGCCCCAAGTAACCAATGGAATCACCTAGAGGGTATTTAAACTCTCTGAAGTTCTGTAACAGGGCTTTTGTGCTCCTATGCTCAGGCTCACCCCCACACTGTGGAGTGTACTTTCATTTTCAATAAATCCCTTCATTCCTTCTTTGCTCTCTGTGTGTGTTTTGTCCAATTCTTTATTTAAGACGCCAAGAACCTGG,False
1298,-372,6.4016256,-6.2848935,3.0925248e-06,4.1911855,-4.4758596,0.00017213736,8.775064,-8.683462,2.6173286e-08,8.832414,-8.886309,2.0176984e-08,8.836086,-8.98326,1.82455e-08,3.50589e-05,ENST00000502789.2,-372,TGGGAGCAGGAAACCCAAAAGAGCCGGCCCTGGAACCAGGTGGAGGGGAGGCAGCCCGGCCATGACCCAGAGCAGGACACCTGCTCCACTTCACCTTTTGCCATGAGTAAAAGCTCCCTGAGGCCTCCCAAGAAGTTGATGCCCTGTGCTTCCTGTACAGCTGCGGAACCGGATGGCTTTCCGTGGCTTTGCTACAGCCACTCCTGGAAGTGCTGCCTGACTGAATCCTCAGGGCACCCCGGCAGGATGGACGTGGTGTACCCCCTACTTTACAGATGGGGAAACTGAGGCTTGAGAGCTAAAGCAGCCCACCCAGCTCCCAGAGATGAGGAGGCCGACTCTGGCAGGAGTCACTGTCGGTGCATGGGCATTTCTTCCTGTTACAGCCTGCGGCCCCTTCCAGGCCGGGAGGCCTTCTGCGCAGGTGCCCTGACGTGATGGTATGACCCATTCTGGGAGGCCGAGAGCACCTCAAAGAACTCAGCAGGAAGCACAGTTTCAATTCAGAAGTTCTGGAAGGCGAGGCAGGACAGGGCACCCTCCCTGCATGGCCCGATGACCTGCACTCCTGTTTCATCTCCCCGTGTGGCACCTGGGGCAGCTTGGAGCCTACCAAGGTCTCAACAAGGAACCAGTAAATACCAAAAAAAGGACATCACGTCCCCTACAGCTAACTGCAAATGGTGACCATCCCAGCCCTTGTTTGATAACACAAGCAAAGCAATGGCTTCTTCAAGGACACCGAGAGGAACCTCACCTCTTTCTAAAACCTCCAACACAGGGCCAGGCGCGGTGGCTCATGCGTGTAATCCCAGCACTTTGGGAGGCCGAGGCAGGTGGATCACGAGGTCAGGAGATCGAGACCATCCTGGCTAACACGGTGAAACCCCGTCTCTACTAAAAATAAAAAAAATTAGCCGGG,False
1299,-559,8.011773,-8.291667,8.3081794e-08,8.475515,-8.406729,4.6573035e-08,4.3836203,-4.2859907,0.0001716964,6.140535,-6.4448028,3.4218094e-06,9.185183,-9.24524,9.903043e-09,3.5051555e-05,ENST00000599146.5,-559,GGTGGAGCTGGAAAGGTGGAGGCGGAAGTGACTGATCAATTCAGGGGCGTGGGGTTCGTTTAGGTTTTGCCCTGTGTATGACCTCGTTTGGAGCCATGAAACCAGGTGGCTTTTCTACAATATAAAGATGGAAATGGGAAGAAGATGTTCATTGCAAATTAAGGAAGCTCTTCCACGAGTTCACGAATGGAAATAACATCAAGAGTTTTTCATCTTCTTAGTGTGCAAGAACACAGCATAGTATGTGACATAAAGGCTTGATGACTGTGTTGAATGAATGTATGTTGTTATTTTAGGGCAATGATGGAAAGCACCAAGTGGAGTCTGGAGCTAGACTGATCTGTGTTCAATCCTGTCTTGGTTACTCATTGGGGGGCCTCGACTTTCATGTCTCTGTAATGTCCCTGACAGTATCTGCCTCACAGGGTTGCTGTGAGAGTCAAGCGAGATGTCTGAGGAATAGTCTTAGTGGATTATCCCAAACTTGACACATTTTTTGCAAAATGCTATACAAAAAGAAGATACATGCGATTATGACAAGATTCTCCACTTGGTGTGACCAGTCTCATACAACCCAAGGCTGTGTGTCCAAAGGCAACTGTACTGAATACCGGAAAGCATGTATTTGTTTGCTAAATTGCTCTCTTTCCACCAGTGATATCAATTCTGAAATACTTTTGAGATCTTGACAATAATCAAAAGGTAGCCAGGTGCATCGGGGAAAGCACTGACATTGGAGTCAGAC,False
1300,-561,9.830915,-10.136709,2.128976e-09,10.135249,-10.110313,1.6123655e-09,4.4191966,-4.3029985,0.00016290267,7.952043,-8.184056,9.821577e-08,10.196467,-10.226158,1.3507221e-09,3.2601194e-05,ENST00000594152.5,-561,GGAGGCGGAAGTGACTGATCAATTCAGGGGCGTGGGGTTCGTTTAGGTTTTGCCCTGTGTATGACCTCGTTTGGAGCCATGAAACCAGGAAGCTCTTCCACGAGTTCACGAATGGAAATAACATCAAGAGTTTTTCATCTTCTTAGTGTGCAAGGTATGGATATTCTGTGTGTGAACTTCAAGAGTATCTAAGGGAGGCAATAACATGGTTGATAATATACCAGAGACTACAAACTGTCTGTGCATCCCAGAGGAACAGGAAGCTTGTGCAGGTGAAAAGACTGGAGGAGGAAGTATGTTGATGATACCCAGGAAGCCCACCTTCCACTTCTTTGGTCATCAGAAATAAATATCAAGGAGTGCAATTCCTGGATTTATGATGTCTGAGGAATAGTCTTAGTGGATTATCCCAAACTTGACACATTTTTTGCAAAATGCTATACAAAAAGAAGATACATGCGATTATGACAAGATTCTCCACTTGGTGTGACCAGTCTCATACAACCCAAGGCTGTGTGTCCAAAGGCAACTGTACTGATCTTGACAATAATCAAAAGGTAGCCAGGTGCATCGGGGAAAGCACTGACATTGGAGTCAGAC,False
1301,-1245,9.689633,-10.049936,2.6743203e-09,9.809657,-10.173585,2.0959854e-09,4.5868797,-4.2074203,0.0001515717,10.610456,-11.088098,3.770833e-10,13.903275,-13.738675,9.89132e-13,3.031537e-05,ENST00000427669.5,-1245,AGAGATGCGGTTTCGCCATGTTGGCCGGGCTGGTCTTGAAGTCCTGACCTCAGGCTGGAGTGCAATGGCACGATCTCGGCTCACTGCAACCTCTGCCTCCCGAGTTCAGTAGAGATGGGGTTCTGCCATGTTGATCTTGCTGGTCTCGAACTCTTGGCCTCAAGTGATCTGCCCACCTCAGCCTCCCAAATGCTGGGATTACAGGAGGGCTCTGAGAGATTTCATTTCTGTCCTGCTGATGAAGTCTACGTTCATTCAGGGCCTGCTGTGGAAGACCAGCCCCAAAGTTGCTGAACAGAAGACTTTTGAGAGTCAGCAGAAATCTTCCACTTTGCATGGTTCTCTTGATGTGAAATCATCTATATAGCCCCAGAATTGGAAAA,False
1302,-613,11.535529,-11.878934,6.7799724e-11,10.620051,-10.440796,7.1349315e-10,4.526944,-4.3022175,0.00014637949,17.64111,-17.773191,4.1664423e-16,7.7454762,-7.735343,1.8913214e-07,2.9313882e-05,ENST00000524947.1,-613,AGTGCGGCCTGGACACTGGGGGGATGGATCTGCAGCCCTCCCCCCCGACAGGGGAAGGCCCCTTCCCGGGTGTCCCAGGCCAGAGGCCGTCGCGTCCCTCCCACGGCCGAGGCTCCACACCTCCCGGACCGACTCCGGGCCAGGGTCCGCCTGCTCCGGTTCTGGCCCCCGCGGGGGTGACGTTCGGGACGTCGGGGGCTCGCGCAGATCCGCGCTGGATCTCAGGCGGCCCTGATGGAGACAACAGGAAGGAAAGAGACCTTCCTGGTCACACTTGGGCCACAGGAGAACAGGCAGCGGCCCAGGAGGATCCAGGGTCCTGATGGTGGTTGAGAAGCTGGTTCTTAGTGATCACTCAGAAACGTCGGCCTGGCCTTGTGGGGTCAGACCTTGCATCTCAGTCAGCCCAGGGAGAAGAAGAAGATGGTCCACACCCAAGTGCAGGGAACATCGTGGCAGTCGGCTGGGTGCCTGCGTCCAGGCGAGGACACCTCCCGCATCAGGGAAACACACGTTTCTGGAGTGAGGAGGCTGAAGGCAGGGCCCAGAGGAGAGCTGAGCCATGGAAGG,False
1303,-778,7.51404,-7.377159,3.4106273e-07,4.4277043,-4.410553,0.00014505438,8.777995,-8.613618,2.7984557e-08,7.5126576,-7.4206824,3.2698864e-07,12.932116,-13.238486,4.3077694e-12,2.9150082e-05,ENST00000601523.5,-778,AATTTGTGATCAATTTTACCTGATGGTGACAGCTTGGTGTATAAGTTAGTGCTAATGTATATTACTGCATTTCATTTCTGTGGAGCCTGTCAGCTGAGCAAAGGAGGGAAACTCAGGATGGAGAACTCCTCCCCCTCCATCCATAAGTGGCACACCACTGGCCTCCTGGTGTTATTAAAGGAAAATTGGAAAAGTTTCCAGAAGATTAAGCAGAAAGCTTACAACTTGCACAAGACTCTCAATTTTCCAGTGGCTCTGACAGAAGGATAAATCTTCGGCTGTTTTAACTAAAATGGACGGTCAAGTTGGTATCCATCGTGAAGCTAAATGAATATCTGGACAGGAGTCAGACAAAGGGAAGGAGAATCCAGGGGAAGATGAAGCAGCTGCAGGCCTGTCTGCTACCCTATATCCGGGGAAGAGCCAGAAAGCCTCCTGGGTCCAGCATCCCTGTCTTCTTGTCAACTTTTCAAGTAAAGTAATGCATTTCATTACATTTTGGATGCCACACCAGTTTAATCCCATTGATAGAGGGCTATGCAATC,False
1304,-349,7.203519,-7.0350704,6.5502667e-07,5.6407557,-5.985813,8.925683e-06,5.565886,-5.53598,1.5083926e-05,4.998462,-5.1492333,3.9164697e-05,4.667353,-4.752491,8.109212e-05,2.898429e-05,ENST00000448927.1,-349,CTCCTGACCATGGGGTCAGGCCCTGTGCCGGATGGCAGATGCCTAACAGAGATCACATCCCGATGCCCCCACCACAGGCACCAGCAGCGGGTGTGATCTGCCAAGCAGGAGAGAAGTGCCCAGCTTCTGTCAAATGCGTTCGTGACCCGCTGCCAACTGCCCTGGGAGGCGCCGGCGTCTCACTGCAGAGTCAGCCCTGTGGCCCCTCCACGGCCCCCAGGCCCAAGGCCATACGGGCACTGATGGCCGTGCCCACAAACCATTCCAGTCACTGTGGCCCTAGGCCACCCCCCCCACCAGGGGCTCCCTGCACCTCACGAGCTCTGGTGCTGTGAGCCTTCTCTGTGCCAGGGCACGGGGCCTGGCTCACCCCCTCTCCTGCTCCCTGGCACATCCGCTGTTGGGCAAAACATGGACCTGCCACTGAAATCACTACCTGGGCACTGAGTCACTCCCAGAGAATATGGATGAGAACAGACACTCCCCCCGGATAATCCCTGTCCCTCACTTCCCAGAGACGCAGCTCACGGGAAGCCCCATTCACTCCCCGTGGGAGGACCCTGGGGGACAGGGATGGGCTGCGGAGTCCCCGCTGCCCTCCAGCCTCACGTTGCCTCCTCCTCGCTGTCCAGCGGGTCCCGGCCAGTCTCAGCAGCGGAGCTGAGGGAGCTCAGTGTGCAGCATAGCTTGGGGCCGCCGTGGCCTGTGCCCTCTCTCTCTGGGGCCGCAGTGATCTCCTCTCCCTCACTCAGTGCACGGGACAGCTCCTCCTCCGTCACAGCTTTGGGATGAAAGACAGAAGACAGCATGAGTGGCCTCACCCACGTGCAGGCCACATGCACTGCAGCTCCCGTCCTCACTGTGGCTTCAGGCACAGTCTGCTTGTGAAATGCATGCACGTGTATCCACCTCCAGGGACAACTCCCAGAGTAGCAGCCGGTTCCTCACTGTCCCATCCCCAGCCTGGCACAGGCTGACACACAACAGATGGTGGAGGGCTGCTCAGGAATCTCAACACCAGCCTTGGCCAGAAGCAAATACTCCTCAAAACCTCAACTAAGACACAATAGAAAAAGGAACAGACCATATTGAATTTATTCCATTTCTCTCATATATCAATTTCCCTGAAGTTTATATTATTAATATCAATAAAATTGTCTGGGAGAAAATAGTGGTGTCTGTATACCTGACAAGGATGAGACACTAGTGTGCTGAGAATGCCAAGGATGAACAAACAGCATGAAACCACAGCCTGGAAAACTGTGTCGGTGCTGGCGCTGGCTAGAGGAGGCACGAGTGCCTCCAATAGGTGGAGCGCAGCAGCAGGCACTGCGGTGCTGGGACGGCCCCTCCCCACGGCAGGGGCGCGATGGCACCGCCACCCTAGGTTCACAGTGGCCCGTGGAGCCTGCCCAGTCCCTGTGGACCAGTGCGATGCTGCTTGCCAGATACTGACGCCCCCGCTCGCCATGGCGCATGGCGATGGTCAGAGCAGGGCTGCTACTCACAGAAGCAAAAGAAGGAACCCTTTTGCTTTGCTACCAGGTCCTGCGGTCGTTGGGGGATACCCAAACTGTCAGTCCCAGGAGGGACCCTACGCTGCGCTGCTGCATTCGGGTGGCGGGATCAAGAGGAGACACAGAAGCCAGGGGAACAGCCTCTGGAGGAGACTTCACAGGACACATCTATGTCCCGCCAGACCAGGTACAGCTCACTCAGGCGCTGGCACCGGCTCACAGGCTCCAGGGTGGAGATGCTGTTGACACTGCACGGAGACCAGCACAGTCAGCGAGGGACGTGGCCAGGGCCCCCAGGGCCACCTCTCAATCCCCACCCCCAGTAAAAGGCACTCATGGGACCTGTGTCCCTGCCCTCTCCTGAGAAGCCTAAATCGGATGTCACAAGTCACGTGCAGCAGGACCTGGGCCGAGGAGAGAGCTGTAGGAAGGCCAGGCCCTGAACTCAAAGGCGGACTGGGGTGGACCCCACCAGCAACAGCCCCTTGGCCCGACGCTCCACATCAGCTCCTCAGGGCGCTAGAGTGCGGGAGGTGGGGGATGTGGCCCTCCTTCACAGGTGAGGAAAATTAAGGCCTCTCAGGGGACATATCATGTTGCCCCAAAGCAGGGAGCGGCCAGAAAAACTCATGGCAAAAACTAGGAGCCAGCTCCACGTGACATGGGAGTGAGCACGGACCTTCCAAACCCCCACTTGAGGGCGGCAACACTGGGGATGGGCCTCATTTCCATTCTACAGAACGTGGACGCGTCAGAGAAGAGAAACAGCAGGCCTGGAGCGGGGACCTGCAGGCTTTACCCTGCAGCGTGGGGTCCGTCCCCTCCACAAGCGAACACGCGGAGCCGCTCCCGCAGGCCCTCAAAGGCGCGGAGCCAGGGCCCCCTGCCTGGAGGGCTGCACTCGCGTCCGGCAGGCGCCTCAGAAGGGCGGTCACCAGGCCCCCATGGGCAGCCTGCCGTCCTGAGCCCCCCTCCCCATGCCATCCCTTCACTCGGGGTTTCCCAGGTCTCATGCAGCTCCTAGCTATGAGGCCGCCCCATTTTACCAAGAGCAAAACTCCGGCTGTGGGACTCTTTCCAGGATGGGGTCTGCCTCAGGCACAGGCAGCAGCGTGATGTACCGACCGCGTCCGCGGCCTCGAGGCTTCCTGCTCCGCTCCAGTGCAGTCAGGCGTGCAGGCACCACGCACCTGAGCTCGGTCAACACCCCTGGGGTCCTGTCCCTCCCGAGATGTGACAGAAATGGCCCCACACACGAGCGGCCTGATGCTCGGAGGCCCTGTGGCCCCTGGGTGACTCAGTGAGCGGCAGGGATAGGGCTGGATCCACAGCCCCGCCCCAAGCTTCCTGCCACCGTGGGAACCACAAGCTCCACGTTTCCCTGTCAGGTAAGCCTTTCGGAGGCAGGCCTGAAATCCCAGCCTCACTGTGTCGCCTGACTAGTGAAACGAGCCCCGCGGCAGGCACGCGCACCCCCCCTCAACCTCTGGGCGGGCACGCGCACCCCCCCCCCCCCCCCGCTCAACCTCTGGGCGGGCACGCGCACCCCTGCTCAACCTCTGGACTCGGGCTCCATCTCCTCCTCATCTCCCTGTGGGGTGGGCACTTGTAATACCTCCATGTTACAGAAAGGAAACTGAGGCACAGAGAGGGCCATGCCTCGCCCAAGGTTAGCCAGCCAATAGATGGGAGGGCTGAGATTTGACCCATGAGCATGCCTCCAAGCCCATTTCATTCATTCAGCAAGGCTCGGGCAGGACAGGCTGGTGCCCGCGCTGGGGATGCCTGAACACCAGATGGACTGGCCTCAGCCCATGGCGGGCAGCAGGCTGGGCACGGGCATCAACATGGCAATGCCAACCTCAGAGGGCATTACGGAGGATGGGCAGGGGCTGGCCTACCCCGTGGCTGCCTGTGAGATCAAGAAGGTAGGTCACAGTCAGGGACCAGGGGCCTGCAATACCCACTCTCAGAGGGCAAGCCCTAGAGACTTCTGAGCTGCCAGAGGGGTGGGCCTTCCCCACAGGGTTTAAACCCTTGTGAGCTTTTAAATGCGGAAACCCACAGAAGGCGCCCATCCAGCGTCTGGTGGGCAGTGGTGAGCCATGAGCGTCTGCTCCCTCCGTGGGTCCCACAGTAGGCAGGAGGGAATTCAGGGATAAAGGGAGCTCTTCTCTTCCCCAGAGCCCCCAAATACACCCCAACTGCCTGAAAGTCCAGTAACATTTGTTCATTCAAGCTTCCCTTAGTCTGCTGGGAGGGCAGTGACCCCAGAAGACGGGCACAGGTCATGGGGTGCAGAGAAACTGGTAGGCAGTGGTGGCACTGGGGGGCAGAAGAGGCCAGGACTCTGGGGGTCCCAGGGCAGATGTGGCCACCGTGGGGGCGGCCAGGGCGGGCCACCGTGAATCCTTAGGAGGGCTCCACCACCGACTGGCCCAGTGAACACAGCAATGGCTTATCGGAGCACACAGGCCAAGGGTGGGCAGGCGTACAGCAGGGCAGGCAGGGGACAGGAGCCATCAGGAGGCCCAGGTGAGGCTCTGAGGAAGGAGGGCTGAACATGGGGGCCACAGGGTAGGCCCAGCTCTCGCTGTCCCGGCCCCTCCCCTTCTGGAAGCCGCCCTCAGTCTGTGTTGGAGGTTTCCAGGTTATGTCACAGTGCTGGGTCCCACTGGAGGGACGTGAGGCTCTGCCCCGGCTTCCAGGCCCCAGGCTGAGCATGACAGCAGGAGCGAGGTACCTGAGCGTGATCACCTCCAGGCTGGGCATCTCCTGGCAAATGGAGATCTAGGAGGAAAAGAACATGACTAGCAAGCATGGCACAGCAGGGCATC,False
1305,-1467,6.4618263,-6.678568,1.9642578e-06,7.914744,-7.9654784,1.2685483e-07,11.214943,-10.8041935,2.736595e-10,4.4645624,-4.4156194,0.00013909946,6.7197804,-6.959213,1.1462733e-06,2.8467422e-05,ENST00000488041.5,-1467,ATTCTAGCACCCCAACGCCTACCTCAGCCCCCAACTCTAAATAACTTCTTTCCACCTTGCTAAGAATGCAACGTTGTGATTCACATCAAGCTTTAGGAGGCTCCCCATATGTAGGGAACTGGGGTGAGGGGCAGGGCAGGATTCACTGTTCCAGGTTACGGAGCTTTGGTTAACACGGAGAGAAGCTACACATAGACTCACACAGTATGCAAATACCTATGGAGATACATAAGGAAAGGCCCCGGCCTGGTTAAGGAAAAGGAGCCGATAAAACCTCTCCAGTATGCATTCTTAGAAACCAGATATACAAAGACAAGATCTCTGCTTTCAAGAAGCTCTCAATCTGATTGAGGAGAGAAACAGGTAGCAAATAATGGCAGCAGAGCATGGTCATTCAACATTTATTCAACCAAAAATACTAAGTCAGCTCTATACAAACTAATGGAAGGATACAGCTATGCAAATATAGAACACTAAAGTGTTACATGACAGATGTATGAGCAGAACTGGGAAGAAAGGACCCTGAAAAGTTAGCTGGTTCCAAGTGACCCTCCAAGG,False
1306,-1338,5.44862,-5.73571,1.3889965e-05,4.3641896,-4.8260555,0.00010201948,8.920318,-8.259699,3.4579127e-08,6.2489896,-6.2502465,3.7294872e-06,5.354322,-5.5250664,1.8842273e-05,2.770316e-05,ENST00000455131.5,-1338,TGGAGGGAAATAAATGACTGGATGGTCGCTGCTTTTTAAGTTTCAAATTGACATTCCAGACAAGCGGTGCCTGAGCCCGTGCCTGTCTTCAGATCTTCACAGCACAGTTCCTGGGAAGGTGGAGCCACCAGCCTCTCCTTGACTCATGCCCAAAGTTACGGAGGACCCAGCAACCATCTCCTGCAGCCCCTGGAAACCTCTTGACTCTTCTGTGATGTCCCCAGTGATCCAGCAGCCCTGGCCTTCTTTTGATGGCTTGAACATTTGGTCTTCATTGAACAGTTTGTATATTGGAAACTTGCCAGCCTCCATCCACATTCCAACCTCCGTCTGCATCCCTCGGTACAAAATGGTTCAATCTGTCTACCTCCTTTCACATTCCACCAAGATATTCCAAGGCCCAGGGTTCCTTTGACCACCTCACACCTAACAAGTTCCCTCACTGTCTCTCACTCTCCCCTGAAGATTCTAAGCTGCCTCTGTCCTGCTAAAACTGTAGACCTGAGAATGAAGTAAGGTGCTTCAGAATAACTGGGAGATGAAACAGGAAGCTCTATGACACACTTGATCGAATATGACAGACACCGAAAATCACGACTCAGCCCCCTCCAGCACCTCTACCTGTTGCCCGCCGATCACAGCCGGAATGCAGCTGAAAGATTCCCTGGGGCCTGGTTCCAACCGCCCACTGTGGACTCTGAGGCCTCTGCATTTGCGGGTGGTCTGCCTGTGA,False
1307,-791,4.943473,-4.865947,5.49287e-05,5.0762715,-5.279926,3.179412e-05,8.810279,-8.681123,2.5326827e-08,4.963616,-5.0538545,4.4611676e-05,8.963196,-9.142132,1.37074325e-08,2.6274705e-05,ENST00000601293.5,-791,ATTTGGCGGGGCTTTTGTCTCTCGCTGCAGCCAGAGCTTGGGATCGCTTTCTGCTATTCAACGTCCTCCACCTCTGCCCCCCTCTCGCCCCAGCCGGTGACAGGCTGTTGCCCTGTGATCTGCAGGTCCTGGGACGTGCACAGACAGCTAAGATGCCAGGACATTCCAGAAGGTGGGAAAGGGGATCGTCACTCCCGTGGATGATCAAAGCTACTCCGGGGGCTGAGGCAGGAGAATCGCTTGAACTCGGGAAGCAGAAGTTGCAGTGAGCCAAGGTCGCACCACTGCACTCCAGCCCAGGCGACATTGTGAGACTCCATCTCAAAAAAAAAAAAAAGAAAAAAAGTGTACTAACAAGACCCAGCACACAGAGGAGACTTTTACCATTGTATGAACACCCATCAAACAGTACACATCATCATTGTGAGTTCTGAATCTCACACATAGAGGAAGTCAAAGGTGGAAAACTTGACTCTCATATTTGGATCCAGTCCACAGGTGTGATTTTGACGCACACTTCTGCCCAGCACCTGAGTAATGTGATTCTTCAGAATTGGCC,False
1308,-489,6.1891823,-6.0263424,4.9529376e-06,7.5546484,-7.6949644,2.3832916e-07,5.214439,-4.9184713,3.974806e-05,8.129551,-8.261227,7.613348e-08,4.802756,-4.5563264,8.617173e-05,2.6237438e-05,ENST00000425991.1,-489,CCTGGTCTTGAGACCCGGTCTTGGGACGCAGGGCTACCGTGCAGCTGAGGGTGCCGGTTTTGGGTATGGGTACTGTGTAGAAGTGGAGGAGGAAGCTGAAGCGCGGGTCACCCTCGGGGCTTGGGGACAGCAGGCTCACACAGTTGCCCTTGGCCGCCCGGCCCTGGATGAGTTCCACGGTGCCTCCCTCAGGCCCCAAGTCCAGGTGGCAGCTGTCTAACTGGAGCAGGAACTCGGAGACGGATGGGGACACTCTGACCTGCATGGGCTGTCTCCCTCCTGACTCTGGGAGTCTCATCTCCTCTGGAGTCATGGTGGGAAGAAAGGCGGAGAGGAAGTTCCAGGAGCTGGGAGGCCCGAGGGGTGACAGGCATGCCAGGTGTGGTGGCAGACACCCATAGTCCCAGCTACTGGGAAGGCTGAGGCACAAGAATCGCTTGAACCTGAGAGGAGGAGGCTGCAGTGAGCCGAGATCACATCATTGCACTCCAGCCTTGGTGACAGAGCGAGACCTCGTCTCT,False
1309,-1200,4.4325027,-4.7032704,0.000107730215,5.629266,-6.0860953,8.167327e-06,5.7830334,-5.44629,1.3278869e-05,7.5972686,-7.6468472,2.3964287e-07,6.7391405,-6.7816076,1.3428056e-06,2.615177e-05,ENST00000435966.1,-1200,TGAGTGCCCAGCAGTGTGGCCTGAATCTCCGTGGGGTTTAGGGAGACGAAAGGACCCCAGATCGACGTCCCCTCGTTCCCACTTTGGGGATCGGCGCTCTGGCTGTTTCGTGAAGGAGAGAGAGGAACTCAGAGTGGTTTTCCAGATGGGAATCACATTGCTCTCTGTCCCTGAGATCTTGCTGGAGACAGGGCTACTCAGTCCCTCTTTGCCAGGTAATCTGTTCCAGAAGAAACATGTGTCGTTCTGACTGAGCCCCTGCCTGTCTGTCACCTTAAGAGCCAGTCAATTCATATGGTCCCCATATCAAAGTCTCCTGTGCCCAGAGAGAGGATTTCATTTCAACCATCACCATCACCACCATCATCATCATCACCAAGAGATGTTGTTGAATTGATACTGGAAAAGCAGTTTCTATTGAGCCCCCAAATGAAGAGTGAGTGCAGATGAAGAGGAGGCAGGACTCACAAGCCCTTGAACTTTATTCCAGATCTGTTAGCACCTACAGGACCCTGCACCAGGATTTCATCTGTACTATCAGCTTCTTCAAAGAGAGAGAGGTTGTTGA,False
1310,-1396,8.441549,-8.615918,3.9087293e-08,4.58251,-4.692755,9.370505e-05,5.3163753,-5.2705593,2.5243035e-05,5.6656685,-6.001868,8.567416e-06,7.0652742,-7.1733685,6.549917e-07,2.5641915e-05,ENST00000495542.5,-1396,GAGCAAAGCGCCACGCCCCGCGAGGGTAAGCGATCTACGCCCTACCCCACCGGAGAGCTTCTGGGCGCGTCCCCTTCTCCGGGAGACCTAAGGAGGGCAACCACCGCTCCCAATCTCCCTTGGCGGCGAGAACTGGAGGCAGGTGCACCCACCACTAGAATTTGAACATCCTAAGAACAGGTATTTTTGTCTCTGCTTTGCTGATGTATCCTCAGCAACCGGAACTGCCTGACATCTGATCCTTTCTGTGAGACACCAGGCTGTTGAGGAAGAATCTATGGCAACATTGTATCTATTAATATACAGCTTCTGTATTTATCAGGCCCAGTTCTGGTGATGATTTCACTTTTGACAGAAGCTGTCCCTCAAAAGCAAACATGCAATAGAAGAAACAGATCTCAATGGAGTCTCACTCTGTCACCCAGGATGGAGTACAGTGGCGTGATCTCGGCTCACTGCAAGCTCCGCCTCCTGGGTTCATGCCATTCTCCTGCCTTAGCCT,False
1311,-185,4.9784822,-5.04163,4.4493987e-05,9.092085,-9.215889,1.1193038e-08,9.38768,-8.983536,1.0507087e-08,10.590351,-10.687882,5.7409133e-10,4.8951645,-4.559456,7.83207e-05,2.4567393e-05,ENST00000564194.5,-185,GAAATGAGGGAGAAGGTGGATGAGGGGCTCCTTCCTTTTGTCCTCAGATGACCCAAGCCAAGTGCAGAAGGCGAGCCTCCTCCCAAAGCTCGGCTAGTCCCTCCACCAAAGCCAGGATCAGAGCCCACACCTGCCTGGCCAACCCCTGGCACTGATGATGCCTGGGTGCGGGTTAAGCTGGGAGGAGCTCCTGCCTGCCTGGATGAAGAGGAGGTCAAGACTTTGTCCCCCACTCCGCAAGATACCCTCTCTGTTCCGGAGCGGTGGGTCCCTCCCCTGTTAGGACCTTGTCTCCCTCAGGACTGGACCTGGATCCTGGGCCTGCAGTCAGATTGCCAGTTTCACTTAGAGGTGGAAATGTCAACCCACTGGTTGGAATGGGAAGGTGAGACAGGATTTCACCATGTTAGCCAGGATGGTCTTGATCTCCTGACCTCATGATCTGCCCACCTCGGCCTCCCAAAGTGCTGGGCTTACAGGCGTGAGCCACCGTGCCCGGCCAAAAATAACTTTTAAAAACATGAGTATAGCATACACACACACAAAAGTCCACAAATCCTAGGTGTACCACTTGATGAATGATCCCAACGTGAGCACACCTCTGGATTACCACCTGGATCAAGAAATAGGACATCACAGCAGCTGGCAGCTTCCAAGGAGAAGCTCTGGAAAGTTCTGCCTGTCTCAGCACCTGGCTGGATCGGAAACGAGTTTTCTTTAACCAGATTTTTAATGACTGACTTATGTGGACAAATCATAACTGAATGAATCACCTCCTTTGTTGATTTTTTTGGGTACTTTATTTGCTATTATAAATGATGCTGTAATAAGCACCCTTGAAGAAATCTTCATATCTGCCTCTCCTGTGTAGCAGGTCACAGTGCCTGGGTTTGGTTCTAGCCCTCATTTGTGAACTGTGTGACTCACCATGCCTTTTTTCTTTCTGTAAGACAGGAATAATGGTAAGAATTTAAATGGGGGTAATATGGAGCGCGTTTAGTTCAGAGCCTGGTGCATACAAGCACTCAATAAGTACTGGCGATTATTAGACCTTTAGATTAATTTATTAGAAGTTGGATTTCTGGTGAAAGGGTTTGAGTGTTTTTGAGGCTTTGGCACAGAATACCCAGCTGGTCCCAGAAAGGTGGTTCCCATTTACCTGCCCGAAGGTAATTCACCCTTACTGATACTGAGTACTGTTTTCTAAAAGAACATTAAAAATTGGATAGGTTAAAAACAGGTGAATACATTTTTTTAGTTGCATTTTTTTGGTTACCCGTGAGAGTGAACATGTTGCCATGTGTTTGCTGACCTCCTAAATGGTCTATTTGCTCCTACCTTTGTACCCCAAAAGTCTGCTCTCAAGATGGTAGCCAGAATGATCCTTTTTGAGACATAAGTCAAAATTTCACTCTTCTCCTTAAAGCTCTGCAATGGTTCTCAGGTTAAAAGCCAAAGTCCTGTTCAAGGCCTCCAGGGTCCTCACCACTTGGTCCCTTGCTCTTTCTGTTCTAGCCAACTTGGCCTTCTCCTGCCCCTCCGCCGCACCATGGCAATTTCCCCTGCTCTGTGTGGTCAACTACCTGAATCTGTTCAAAGCTTTGCTCAAATGTCTCCTTCCTGATGAGACCTCCCCAGCCCCTGAGCTCCCCATGCCTCACTCCTGATCGCCTTACTTAACCCTTCTTTTTCTTTTTTGCCAGTAGTACTTATCACCGTCTAAAATACTTCATAATTTACTTGTTTATTGTTTGCCCCTCTCCAATAGAATGTAAGCTCCTTGGGGCAGGGACCTTTGTCCTTTGTCTTGTTCACTGCTGTGTCCCATGTGTAAACTTGTCTGGCACAGAAGAGGTGCTCGATAAATATTTGTTGAGTGAATGAATGGTAAATTTTCTGTTCATATTCTTTGACTATTTTCTATTGTAATGTTCATCTTTTTAGTATTGGTTTATAAGATGTATATTTAGCACCTTTTCATATATCACTCTTTGTCACATATTATGCAACTAATTTGTCATTTCCATCAATTTTTAAAATACTTTCTTGATGCTTCATTTTTAAGCTGTCAGATTATTAATCTTTTCTTTATGGTCTTGGACTTTATTGTTGCATAACCGCTGCCTTCACCAGGAACATATAAATTTTCAATTAAATGTTCTTCTGAGATTTTATGATTTCACTTTTTATATTAAACTCTTCATTTTGTCTTCATGTGTGGTGAGAGGTAAGAACATAACTTTAAAGCAAATTAACCAACTATCCCCAAATGAATTATAAATAAATTAATCATTTTCCAAT,False
1312,-2,14.504043,-14.549719,2.4105276e-13,7.0422907,-7.456639,5.048874e-07,4.792242,-4.3852997,0.00010332356,5.2929893,-5.618833,1.8240968e-05,13.506447,-13.593078,1.7014752e-12,2.4413883e-05,ENST00000398216.2,-2,GAACAGCAGGGACCTGACGGCAGCCCCCGCACCCCTCCCTGGGCTGAAGTTCAGGCTGTCTCATCCCTTGCCAGGAGCTCAGGGCTGAGCTAGGTTGGCAGGGGATGGGTTGAGGGTCTGTTGTCCAGCAGATTGCCCGGGCCCCACCCAGGCCACTCAGAAAACACCTGTGAGAGCCCCGCAGGCATGCAGGGCACTGTCGTGAGCACACCAGTGGGGACAGACGTCCAGGCAGGAGGGAGCAGCCAGACCCCCATCCCGCCAGGGTCACCAGCTGGGCATGGTGGCGCATGCCTGTAATCCTAGCTATTCGGGAGGCTGAGACAGGAGAATCACTTGAACCCGGGAGGCGGAGGTTATGGAGAGCCAAGATCGCACCACTGCACCCCAGCCTGGGCAACAAGAGTAAAACTCCGTCTCAAAAAAAAAAAAAAAAGAAGAAA,False
1313,-580,8.141464,-8.5215645,5.798806e-08,4.524613,-4.945916,7.708463e-05,7.6654267,-7.2085648,3.4698257e-07,4.962321,-5.11665,4.1950807e-05,12.099485,-11.868094,3.899534e-11,2.388809e-05,ENST00000452809.1,-580,CAGTGGCTCCCAGAAAGCCCAGGATTCAATCGCTGAGAGAGTGCTTAGGCCCGAATGCCGGCCCAAATCGTTCTACTCACCGTGTCGGAGGCCGAGGCCGAGGCCGAGAGCGATGAGAGTGCAGGGAAGTGGGGAAGAGGGGGTGGCCGCCAGGCTCCTCCGCTTCCCTGGGTCCACGGCGGATCCCTCCCGCTTGTCAGGAGGCGGCCAGCGGTAGCAGGACCGCTGCTGTGGAGCTGGTCGCAGGCGGTGTGTGCCGGTCGCCTAGTCAGGAGAACTAGTCCTCGACTCACGGTGAGGGAATGGACCGACACGGGTATTGTACCGCTGAGGGAAAGGAGCGGGACTCCGGACCTCCAGGAGGTAGGGAGTGAGGCCAGTAGGACCGGCGCGCCTCCGGGGGGATTCCTCCCGGGCGTTGAGTTGCCAACCTGGGACCCGAGGAAGATCGGCGTGGTGGTGTGCTTTTTGTTGTTGTTAACCCTCCTCGGATTTCTCGAATTTCACACCACTGTCCATATGCGATGATGTTTGTTTGCCCTTGACGCACTTACTCATGGATGGTACTTCTTCAGCCTCGTTAGACAGCCTGGTGATGGAGGATGAAGAAACCATGTGCTTTTCATTCAGTTCTGGACTTAGTCTCCCTTTTCTTCCTTCAGCAAGTTATTTTTGTTAGTTCCTTATCAAAAAGTGTACATAAAAATTAGGCAACTCCAAACATGCCTCCAGGGTTAATGTGTGAAATAATAAGATAATATATGTAAAGTGGAATTAGCTCCTAGGCATAGGGAAAGTGCAGAATATTGCCGTGTTGTCATTTACAGTTCTGTTGATGTCGATAACGTTTGTGGGTGTAATTGGTAGTGTTCTGTCCCTCCAAGGAGTTAATAAAACAAAGCAAACATA,False
1314,-1398,11.324245,-11.481698,1.2459626e-10,5.5078645,-5.501158,1.6551408e-05,4.946841,-4.9137487,5.2188825e-05,4.937891,-5.2615237,3.719068e-05,7.60856,-7.692048,2.2648028e-07,2.1231503e-05,ENST00000490916.5,-1398,AAAGCGCCACGCCCCGCGAGGGTAAGCGATCTACGCCCTACCCCACCGGAGAGCTTCTGGGCGCGTCCCCTTCTCCGGGAGACCTAAGGAGGGCAACCACCGCTCCCAATCTCCCTTGGCGGCGAGAACTGGAGGGTGCACCCACCACTAGAATTTGAACATCCTAAGAACAGGTATTTTTGTCTCTGCTTTGCTGATGTATCCTCAGCAACCGGAACTGCCTGACATCTGATCCTTTCTGTGAGACACCAGGCTGTTGAGGAAGAATCTATGGCAACATTGTATCTATTAATATACAGCTTCTGTATTTATCAGGCAATGGTGCAAGACCCACTCGAGCACGCTCAGCTATCATATGGAAAAAACAAAAACACCACATTTGCCTTATTATACACACAGAACCAACAGCTCTTTCTGAGATTTGCTTGATGAATAACATATCCTCCTGGCTTCCCTTTCTAAGACTTATCTATATTTTTAAACAAGCTAAAGTGTTATCAGCTGAGGCAGAATGTAAAATGAAATTTTGCTGCACATACCCAGAA,False
1315,-289,6.849821,-7.1433372,8.372366e-07,7.2726884,-7.315282,4.6187515e-07,6.8752003,-6.640971,1.3489652e-06,4.4449744,-4.7651954,0.000100007055,7.126053,-7.1956587,6.0278086e-07,2.0651583e-05,ENST00000597309.1,-289,AACTCAAAACTAGTTGTGGCAGAGGGACCCTGAAGAGATCTACCCCTGGATTGCCCTTTACAGTTCATGAGTTCCCCCAACTGGAGTGCAGACAAGAGCACTGATTGATGGACCAGGTAGACTTGAAACCAGGAATAGCACAAAAGTTATCAAAGAGGCTCAGCCATGGAGATTGCAAGCTGGGGATGGAAGTATCCCTGGAATTGAGCTGTTCTCACACCTGGTACCTGAGTTATACCCCTGGTGTCTGGGTACCAAGGTCACTAGCCTTGCCACTTTTCTATGTTCCTGATCCCCTACTAAACAGTCCACCTTTTCGCCTACTTCCCCTGACTCCTGTACCCTGTCCCCTCTTTCTGCCTAGTTTGAAGACACTGGTCATCCCATAACATGTCCTGGGCTAATACATATCCTCAAATCGTT,False
1316,-569,6.4441414,-6.6289525,2.1010032e-06,12.115698,-12.002762,3.3534054e-11,4.6123543,-4.6164074,9.816509e-05,8.008693,-8.177503,9.3416716e-08,9.749531,-9.855553,3.0592884e-09,2.0072519e-05,ENST00000591654.5,-569,TTTTTTGTGTCACGTTTGAACAGATACCTTTGAGAAGTTTATGATTCTCCAAGTTCTCTTTCTCCTACTGTGGCACCTACTGACAAGATAAATGTGTAGAGGTTCCTGAGTCTAGGGGCACTGGAACCAGCTGACTGATCTATGGAAGTTCCCTTGGTCTCCATTTGTTTAGAAAAGGGATGAAGAAACTGAGGCCCACAGAAGGTGGGTGATACCTGCAAAATCACAAGCTTTCATGGTGAAAGAAGAGGGCAAAACTCAACCCGTCTCTTTAGACTTGGGAAGAATATGAAAGGACCAGGAGGGACACCTTTCCTAATAACCTAGCTGATGGTTCACTTATTGTAAGCACATTCTCAAACAAGAGGCTGGAAAGCTGAAAAATGACATTCCCAGACTCCATTGAAATTAGATTTCCAGAGGTGATTTATGTTCCACACATCAGATGTATATGCTCAAGATTTGTTTAACAGGGAAGGAGGCAGTGGTGTGTGGGTCCCTTTTGCTCATGTGAATCTTACAGAGTTGTCTCACTAAGCCCAAATTTGTCTAACTGGCCTTATTTCCCTGGAGTATATCCTGGAAGTTTCCATTCAAGCCAATTTAAGTTACTTTAAATTAGGAAAGGCAGAAAACAAAAGCCCAAACCTTTGTAAAGGAGGAGGATTTGCTACATTGTTCTCAATTCATCACAGAAGAGGATGAAACTGAGTGATTAC,False
1317,-1144,9.547431,-9.912527,3.5371055e-09,6.3626595,-6.401151,2.8625036e-06,4.594981,-4.6715803,9.4524075e-05,12.446434,-12.863184,1.0189962e-11,8.175522,-8.040279,9.069157e-08,1.9496165e-05,ENST00000460471.1,-1144,ATTTTTTTTTTGTTAGTATGTTTTCATCTTAGAATTTTCTTTGCTGTAACTCTTTTCTTATCCAGAAATGTTCTTAGTCTCTGATTATCCCATGAACGACTGGTGTTCTTTCCTGCCATTCAGATCTTACCTTAAATTGTCACTTCTACCAAGAAGCTTTCCTGACAACACAATCTAAAGAATCTGTTTCGGACTTCCTCCATAACATCTCTAATTTTCAGCATGGGATCCATCTGACATTTCTTCCCTCTTTCCATTCTTTCTTCACTTCCTCCTTTCTGCCCACCTTTCCTGATAGATTTCAAGTTCCATGAGAGTTAGAACCTTGACTGTCTGATGTCCTATGGTAGCTTCAGCACAGAGGAGAGTAAGTGATTCTTAATATTCCTCAGTAAATATTTTAATTAAATTATAAATAGATGGATATTTGCTGCATTAACAATTACTTCTTAAATGTGCTTGTTTTGTTGCCGAGCTTTTAACTTTTTTTTTGTTTGTTTGTTTTTTGCACTGTATCAAAGAGGAGCCATTGAAGAATACTGTTGTCCTATCCCAGAAGGAGCAAGCGGACAACACTGATATCCTGACCACTAACCATCCAGCACCACTTAAAGAGGTCCCAAAACCCCCGGCTGTCTACCAATACCCATCTGTGACCTCTTAGGAACCGAGCTTCACAGCAGGAGGTGAATGGTGGACAAGCGAGCATTATCGCCTCAGCTCCACCTCCTGTCAGTTTTAAAAAGAATAACAGAAAGAAAGAAGTGGCTGAAACCTAAATGCC,False
1318,-986,14.932073,-15.455676,6.349922e-14,5.8260846,-6.175583,6.133941e-06,11.921826,-11.971708,4.1992267e-11,8.60252,-8.9000435,2.5045704e-08,4.511131,-4.7958584,9.077919e-05,1.9387644e-05,ENST00000420459.5,-986,CAGGCAGCTGCTCCCAACCCCAGAACCTTTGCTGTCTTGGGACGGATCACCGCTGCAAGAGGGGAAGTTGCTACTGTGATGAATTCTGCCATGTGGCACCAGACTGCCACCCAGACCACAGTGTCCTCTGCAACCCTGCTTCTCAGATGACCAAGATGGTGCTGCAGATGGTGCTGAGGATGGAGAACCCACCAAGCCCCGCTAGGAGCCACCTAGACTGGATGCAGAGCATGGTTCAGTGAGTTCTCCAAACCAGCCTCCCAGGAATGCCATTCAACATGGCTGTGAGGAGAATAAAGAAGAGAGCCTGACTCCTCTCCTGAGGCCCCTTCCCCACCCTGAGCCAGCAGGATCCACGGAGCAGAGGTCATCTGTCCCCAGCTTGGCCCACTGAGGCCAGCATGGCTGGGCCCAGGATGCTTGTCTCTCAGCTCCCATCCTGTGTACTTCCACATTGGTTTAACCAGAGGAAAACCGAAATCTACAATTGTCATAAACACATTTAAATGTGCGTAGAATCAGCCATACAAATTGTGAAACATA,False
1319,-776,8.564429,-8.361315,4.4590585e-08,4.633394,-4.6412826,9.3760194e-05,7.3020234,-7.147271,5.3057977e-07,6.7059608,-6.603529,1.6586744e-06,11.708466,-11.947325,5.326241e-11,1.9198817e-05,ENST00000595135.5,-776,GGCGCCCCTCCCCCAGCCTTGCTGCTGCCTTGCAGTTTGATCTCAGACTGCTGTGCTAGCAATCAGCGAGACTCCGTGGGCGTAGGACCTCCGAGCCAGGTGCGGGATGTAATCTCGTGGTGCACCGTTTTTCTTAAGCCGGTCCGAAAAGCGCAATATTCGGTTGGGAGTGACCCGATTTTCCAGAGATGAGGTCTCACAATATTGCCCAGGCTGGTCTCAAGTCCCTGGACTCAAGTGACCCTCCTGCGTTGACCTCCCAAAGTGCTGTTATTACAAGCATGAGCCACGGTGCCCAGCCACCACCAGGGACGGTCAAGTTGGTATCCATCGTGAAGCTAAATGAATATCTGGACAGGAGTCAGACAAAGGGAAGGAGAATCCAGGGGAAGATGAAGCAGCTGCAGGCCTGTCTGCTACCCTATATCCGGGGAAGAGCCAGAAATTGCTGACCATAGAGAGTTACATTGTCCAGCTTTTCCTCCACGAAATGGAGCAGCAACAAAAGGCCAGATCATTCAACCTATGCTTCCTCAAGTCTGATAACATTAGCGTTTCTCTCAGATATCAGTTCAAGTAAGGAGTTGCCAATAGAAGCAAAGATGCCAGGAATCATCGTTTTTATTTCAGTGTCCTTACGAAGACCTTTGAGCACAATGGAACGATGAGGCAACATTAAATATTACTGGAATGGGGTATGAAAG,False
1320,-1440,6.9308653,-7.2158756,7.1803925e-07,6.6816688,-7.1575413,9.765778e-07,9.473538,-8.815286,1.1409448e-08,10.497268,-10.44524,8.031267e-10,4.5465155,-4.731679,9.343095e-05,1.9027557e-05,ENST00000442928.6,-1440,GTTTTGGCGGCTATGCAGGATTGGCAGGAGCTGCGATGCTCACACTTGCCTCGCCGACCGCCATTTCACATCCAGCAGAGGAGGCGGGGGCAGCCGCTGAGACGGTTTTTCACAAGGAAATGACCTCATTCTTGATGGCTGCTGCTAACTTATGGTGAGATGCTGGGTCCCTGCCCAATACCACATGGACATCCAATCAATTTACCCAGGGACAAGTCCACTCAAGAGCATCATTTAGAAGAGGGAAAAGGCACTGGGGTTATTTGTTTTTGGAGTATGTGCTTAAGGAAATCTAGAGTATTCCCACGAGCATTCTGCTGAGATGAACAATCAGATGACCTCGTGTGAGATTTGGAGGAGAGAAGGAAATGGAGAGCATGCGTCTGCCGCTTCTGTGGTTTCTGTCGCAACCTTCGTGGGACTCATTGCTGCTGGAGGCCTCATAAATATTCTAGGGCTACAATGCCCTGCAAAAAACCCATCAGCACTGGCAACCCTGACCCTCTTCTCTGTGGTTAGATGGGAGCCAGGGCCAAGGGACATGCAAG,False
1321,-669,5.785863,-5.7256546,1.001399e-05,7.3505692,-7.584168,3.265321e-07,6.1450176,-5.854932,6.144485e-06,7.8130555,-7.881575,1.5272441e-07,4.970654,-4.6114216,6.894896e-05,1.7117338e-05,ENST00000423999.2,-669,GCTGTGGCCATCTTTCCTTACACGTGGGGAGGAATCAGCCTGAGAATGAAACCATCACAGGAAAGGGCTGAAAGACGGTGAGTGTGTGCTTTCTAAGGGCAGCATTTGGGCCTTGGCCCCAGCCGGCCCTGAAGCCAGCACAACCCCCGGAACGTCTCAATTTGTGAGCCAATAAATGCCCTTGATGGTTTAGGCAAGTTTTCACTGGGTCTTACCCGACGTGAGCCCCCACTCCTCCATATGGACCTGTTTTGGACCAATGAGGCATCCTCTTCTGTAGTCCTCAACACGCGGAGCTCCACCACTCCTGAGCAGTGTGACCTCAGGTGGGGTTGGGGAGAGGCCTCGGGATGGCAAGGACCAGGGTCTGCGGCCAAGCCTGTGGGTCCTGTCTCCCTCTAGGATGCCCCTGGGACACTGGTACCCATGGATGCACTGGGTGACTTGAGGTCAATGGCTTTCTCTCTCCAGACCTAGGCAGAAAAAGCAATCTGCTTTGCATCAGAGAACCTCAAGAGGCTCTTAATCCTGCTCTTTTCTCCCTCTGGGCTCCCTCCGTGATGAGCTCATCTGACCTCCTGGCAACCCCGAAGGGTGGTTTAGAGCAGGGAATCAGCCTCCCGATTTACAGAAAGGATAACTCAGGCCAGGGAAGCGACTTGGACAGGGTCCTGCAGGGACTCAGTGAAGGAGGCTTCGGAACCCAGCCTGTCTTCCAGCAGGCCAGGAATCAGCAAATCTGGCTACCTGTTTTTTTATTTTTATTTATTTATTTATTTTGAGACAAAGTCTCGCTCTTGTCATCCAGGCTGGAGTGCAATGGCATGATCTCGGCTCACTGCAACCTCCGCCTCTGGGGCTCAAGCGATTCTCCTGCCTCAGCCTCCTGAGTA,False
1322,-648,8.211907,-8.143914,7.8841865e-08,11.327308,-11.747306,9.524072e-11,7.591389,-7.1820097,3.8370197e-07,8.691225,-8.894194,2.305418e-08,4.8022933,-4.574898,8.462539e-05,1.7022216e-05,ENST00000551146.5,-648,CCGCTTTGGTGGGAAGGACCTCCCTTCCCCCTTATAGAAACACTTTCTCCAGGCCGGGCCGGGCTTGGTAAACCTCAGCCGTGCCTGGGTAGAGGACGCCGGGCTGGGCCGAGCGGGGGTGGAATGAGGGCGTCTAGAACAGAGAAAACTAAGTAGGATGGGGTCGTCCCCCCAGTAATCTGGAAAACAGTTACAGCAACAGGCTCCTCTCATCAGACGGCAGTGCTGGTCGTTTCCTCACTGGTTTGCGGGGAAGGCTGGGCAGAAAAAGGATGCAACCTTGTTCTCAACCACTTGCTATCTCGATAGGGTCTTGCTGTGTCACCCAGATTGGAGTGCAGTGGTGTGATCACAGCTCACTGCAGCCTTGACCTCTAGGCTCAAGTGAGCCCCTACCAAGCAGCTGGGACTACAAGTGCGCACCACCATACCCAGCTAATTTTTTCATTTTTTGTAGAGACAGGGTCTCACTGTATTGCTCAGGCTGGTCTTGAACTCCTGAGATCAAGCGATCCTCCCACTGTGGCCTCCCAAAGTGCTGGGATTATAGATGTGAGCTACCATGCCTGGCCTCAAAACATTTTTGTAATCTGGCTGTTTTCCAGTTGGATGGACTCTGAGTGCAATCTCAATGTCTTTCCTGATCAGTAAGAGGAAGAAAGGAGCTGTTGTATAATCTTTGGTCCACTTGCTATATAGGAATAGATCTTTACTGCTACATATACATAATTCTGTACGGAACAGTCATGTTCCTTGGATTCTGACAGCATCGCCAATATGTGCTTTGAAACCTCCTACCTGGCACAGATATGA,False
1323,-957,5.949028,-6.0309486,6.2684408e-06,5.7105093,-5.7173543,1.0887721e-05,4.950478,-4.8086863,5.7759506e-05,5.699767,-6.1157203,7.389176e-06,7.9821935,-8.038459,1.10234836e-07,1.6483016e-05,ENST00000421253.1,-957,CTCATATTTGAAGGCCGGAAAGAGGGACATTTCTGACACCGGAAGTCAGTGAGAGGACTCTTTCCCACACAGGAAGTCAGCTAGAGAGCCGTCTCCCCTCTCTGGAGCCGAGAGAGGCCGGTTTCCCCCACCGTAGCCCACCTGGGAGGAATTTTCCAGAGATCACTGTCTGATGACCCTGTCTTGGAATTGGAGCCATGCAAGTTACACTGACCACGTTTGGGTTGGGATATTGAGGAGGTTATGGTTAAAAGCATACGATGGGAGATCATATTGTACTTGCGAGTGAGACCCGGCTGGAGGAATGTTTTAATTCTTCGGAAATACCAAGTGGTCTCTAGATGGGTTTTCACTATTTTTCCCAGGCTAGTCTCCAACTTCTGGGCTCAAGCGATCCACCCGCCTTGGCCTCCTAAGTCCTAGGATTATAGGTATGAGCCACTGCGCCTGGCCTTTTTGCCTTTTGAAAGTATCTGTTGTTAACAATATTCAATTGGGTTGAATCTTGCTAGGGACCAAGGTGAATTTGCATAAATTAGTCTATGCCAATTTGCATACTATCAGCAAATTTGTAGTGTACAGAATTTTGGAA,False
1324,-144,5.429577,-5.6639557,1.5210147e-05,4.772435,-5.077637,5.2740572e-05,7.93133,-8.078743,1.1140732e-07,5.558966,-5.6906753,1.3011793e-05,6.90791,-6.9236264,9.841011e-07,1.6411605e-05,ENST00000553463.1,-144,GACTCCCTGGAAGTTTCCTAAAATGTTTCTGTGGGCCTAAATCCTTTGGCCTTCATTGGCATCACCAGCACTGGAGCTATTCCAGTGAGGATTTTTGCTGCGGCACATCACGGAGTGGCATGAGAGGTCAGAGAACTCCTAGTATCCCCCAAATATCCATTCTGTTCTTCTTCCTTAGTGATGGGCCCCCGACATGAAACTGGCACTCAGAATGAAGAATGCCTTTTCCAGCCTCCCTCGCTGGTGGAGTCTCCGTGTTCCAGCCAATGAAAGGAGGAAGCCTGGACAGCCTGCAGTTGAGGGGACCTGCACAAGCTCACAGGACTCTTCATCACCATGACACCACGCTCACCGCAA,False
1325,-129,4.857395,-4.8046036,6.3653104e-05,5.9988217,-6.201779,5.02741e-06,5.9064856,-5.8300705,7.996041e-06,6.9382586,-6.984184,8.9858605e-07,6.146968,-6.250102,4.1306566e-06,1.634116e-05,ENST00000458403.2,-129,AGACACACAGAGAGGACAGATGATGAGAAGACAGAGAGAAGACAGCCGTCTATAAGCCAAGGAATGCCAGAGCTCCGGGAACCTGGGAGAGAGGCAGGGACAGATCCTCCCGCACTGTCTCAGAAGGAACCAGCCCTGCAGACACCTTGATGTCGGCTTTCAGCCTCCAGAGCTGTGAGACCATACATTTCTGATGTCTAAGCTGCCCAGTCTGTGGCAGTTTGTGACCTCAGCCCCAGGAAACCAGTACAAAGAGCTTAAGGAGCTGAACCCAGGGAGTTGGGCAGCAAGGCAGCACCATGCTGGCGGCAGGGGTTGGCTCCCCCAGGGCACAGAGGATGCCCAGTGGGGAGGCCCCACTTCCTCCAGGTCCTGCGGTGCCTGCTCTCAGGTCATGCCCATCCACAGCGGGGTGCTGAATGCACTGCACATCCTACATACGCCAAAACGGCCAAGACGTGCACAGGACTCAGCATCAGGCTCACTGCTGCTAGGAAGTGCCACCGCCAAGGGGACAGGAGGCTGGGAGAGACATGCAGGCTCATTTTCATGTCCAAACACCCCAAACAGGAAGCCTAGAGAGACAACCACAGATGCAGGGCATGAGCCCCACGGACGCCTGGGGTCCCACGCAGACGCAGGGCATCAGCCCCACGGACGCCTGGGGTCCCACGCAGACGCAGGGCATCAGCCCCACGGACGCCTGGGGTCCCACGCAGACGCAGGGCATCAGCCCCACGGACGCCTGGGGTCCCACGCAGACGCACGGCATCAGCCCCACGACGCCTGGGGTCCCACGCAGATGCACGGCATCAGCCCCACGGACGCCTGGGGTCCCACGCAGACGCAGGGCATCAGCCCCACGGACGCCTGGGGTCCCACGCAGACGCAGGGCATCAGCCCCACGGACGCCTGGGGTCCCACGCAGACGCAGGGCATGAGCCCCACGGACGCCTGGGGTCCCACGCAGACGCAGGGCATCAGCCCCACGGACGCCTGGGGTCCCACGCAGACGCACGGCATCAGCCCCACGGACGCCTGGGGTCCCACGCAGACGCAGGGCATCAGCCCCACGGACGCCTGGGGTTCCACGCAGACGCAGGGCATCGGCACCATGGGTGCCCGGCATCCCACCCAGTTGTGAGGCACCAGCATCAAGGATGCCCAGGGTCCCCCCAGACACAGGGCATGGGCACCACAGAGACGCCTGGTGTCCCACCCAGCCCAGGGTGGCTTTCAGCCAAGCCTCCCCAAATGATCCATAAACCCAATTTCATAAACAAAAGCACATTTTTTCAAAAGAAAACTTAGACTATTTTGTGGCGATAGCCTTCAGGGTTGGAAAGAAATATAAGAGTCTGCAAATTTAGTTTTTCCATTAAACTATAGGGATAACAATTATTCCTTTTGAGAAACATTGAGTCCAAAGAAAAGTTTTGATTTTTTGATCATGTAACTTGGATTCCAAGACTGCTACACACTTCTGGTTCCCCCCCAAAAAACTAAAAAAAAGATGAACTCA,False
1326,-1331,10.571819,-10.7814665,5.3258065e-10,6.3290296,-6.5546465,2.5391555e-06,8.433338,-8.278172,5.5243802e-08,5.540077,-5.5626235,1.5071331e-05,4.904253,-4.767918,6.3008956e-05,1.6135044e-05,ENST00000440093.6,-1331,CGACATTTCTTATAGGAAATGGAACTCTTCATAAGTCTGGCCATGGAGGCATGGTATCCGTAACATCCCCCAAAGGAGCTAAAGAAGAAATCCACAATTTACCATGAGCATTTCTCGTCTGAAGATTGCCAAGCGATTCCTCCAGGACATTCCTCAAGATCAATTTCTGTTCATCCACCTTGTCCTGGGAGGGACATCAATGGGTTTCCATGTCCTTTGGCTTCTGGTTGAGTTCACTCAGTGGAGAACCCTGGCAAGAGGCAGGAAAAGGGGAGGAAGGTGAAAACCATCCATTTCTTGGAGAAGTGCCACGGTGGGGTTGCAAGTCCCAGGATCAAGTTTTCGATGTGTCTCTTTTTCCCGTAAAGTGGCTGAAATCTGAAGCTGAATCTGCAAGTGTCATGGAGTCATTGAATCTCACAGTCTCAACTGATAAAAGTTATTAAAGGTCGTCTGGTTCAGCCTTCT,False
1327,-428,6.461707,-6.89964,1.5748528e-06,8.4901905,-8.342196,4.895394e-08,4.678657,-4.77606,7.8313074e-05,9.441217,-9.693606,4.8961195e-09,11.263702,-11.379252,1.4665243e-10,1.5988384e-05,ENST00000420819.2,-428,TCAAGGCTTGCTGCTGACAAAATATAAATCATGCCATATGATGCCAATTCTAAAATGCCATTAATTCTCCTCCATTAACCCCTGCAGAGTATTCACTGACTGCTGAAACTAGAGCATCACTGAGAAGCAAGAGATAGACTGACCTAACTAGAGGGAGAGCTGCCATCCAGGATGATGCCACCATCACAGGAGGTGAGAAGGAACACAGCATCTTCTGCAAATGCTACAGTAAATAGGGACGGGGTGCAGGTAAGATCACTGACCCCAGGTCACTGACCCCAGTATTCTCAGAGCCAACAGCTAACTTTGCAGGAGAGCCCTGAGCCAATTACTAGATATGTAAACTTTAAAAAAAATGCTTAAGTCATCAAAATTTATTTTTTTCAATGGC,False
1328,-1070,7.6672497,-8.101363,1.4183337e-07,7.03801,-6.8835487,8.993808e-07,4.6525364,-4.802699,7.827253e-05,8.012388,-8.251204,8.6459316e-08,9.940502,-10.101485,1.9764008e-09,1.5880436e-05,ENST00000510846.5,-1070,CTCTTCCTCCTGCTACTGCCATGTGAGATACCTGCCCCTACTTTGCCTTCTTCCATGATTGGAAGCTTCCTGAGGCCACCCCAGAGTCAGAAGCCGCTATGCTTCCTGGACAGCTTGCAGAACCAGTATTCACTGACTGCTGAAACTAGAGCATCACTGAGAAGCAAGAGATAGACTGACCTAACTAGAGGGAGAGCTGCCATCCAGGATGATGCCACCATCACAGGAGGTGAGAAGGAACACAGCATCTTCTGCAAATGCTACAGTAAATAGGGACGGGGTGCAGCAATGTGAGGAAAGTGGAATGAACTTGGACTTTGAAGGCAAACTAACCTGGAATCAAATACTGGCTCTGCTGTTTGCAAGTGTGATCTTTGGGTATGCTTCCTAATCTGTGAGCTTCAACTTCCTCCTCTGTAAACCAAGATCAAAGACAAACAGGGAAACCTACTTGTCTGGTGCCCATCCCCTTGGCAGAACACTCCTCTGAAGGATGACAGTTTGGCTGTGCCAGGGCAGAGCTGCCGACACCAAATGAGCCTTCATAGCAACTATCTGATGAGGAACTCACTGGCCTACCTTTCCTTGA,False
1329,-1337,5.3764324,-5.656777,1.6155904e-05,4.7044454,-5.1536517,5.231908e-05,8.894478,-8.256538,3.559658e-08,7.738624,-7.7388854,1.8975923e-07,5.6704235,-5.8381057,1.0043954e-05,1.5748858e-05,ENST00000331944.10,-1337,GTTCCAATGAGAATGAAGGCTGAGGTGTGCGCCTTTTTTTTTTTTTCCTTCTTAGTCGTGTGTACATCATTGGGAATGGAGGGAAATAAATGACTGGATGGTCGCTGCTTTTTAAGTTTCAAATTGACATTCCAGACAAGCGGTGCCTGAGCCCGTGCCTGTCTTCAGATCTTCACAGCACAGTTCCTGGGAAGGTGGAGCCACCAGCCTCTCCTTGAATAACTGGGAGATGAAACAGGAAGCTCTATGACACACTTGATCGAATATGACAGACACCGAAAATCACGACTCAGCCCCCTCCAGCACCTCTACCTGTTGCCCGCCGATCACAGCCGGAATGCAGCTGAAAGATTCCCTGGGGCCTGGTTCCAACCGCCCACTGTGGACTCTGAGGCCTCTGCATTTGCGGGTGGTCTGCCTGTGATATTTTGGTCATGGGCTGGTCTGGTCGGTTTCCCATTTGTCTGGCCAGTCTCTATGTGTCTTAATCCCTTGTCCTTCATTAAAAGCAAAACTAAAGAAAACAGAA,False
1330,-240,8.888406,-8.682822,2.3383667e-08,4.7700343,-4.762172,7.2474264e-05,7.139634,-6.9680166,7.466633e-07,6.2377353,-6.154325,4.151402e-06,11.655882,-11.897161,5.9025985e-11,1.5479154e-05,ENST00000599934.1,-240,ATCAGCGAGACTCCGTGGGCGTAGGACCTCCGAGCCAGGTGCGGGATGTAATCTCGTGGTGCACCGTTTTTCTTAAGCCGGTCCGAAAAGCGCAATATTCGGTTGGGAGTGACCCGATTTTCCAGAAAAACATCAGAGAGAAAAAAAGAAACAAAAGCCAGTCTGAAGAAATGGTTACATTATTTTCTACAATGGCAATTTCAGAAGTTGTTTTTCTTCATGCAGAGATATGGATATGAGAGGCATTCCTCCACAGAAGAGGCTTAACCACTTTGGCCCTTGAGATCTTTACTTGATCAAAACTTCTACAAGCGTGCTGGCATGCTGGAGTCAGCTAGAATTGGATTGCCAGAGCCTGTTGTGTGCACCTGTCCCCAACTCTGTCCAGTGACCTCAGCCTCCTTTCACAGAGACTGAATTTCAATCAGCTGCTCTCAGTTGACAATGATAAAATTATCTCTATATGGGCAAATGCGTGCTCTTTGTCGAAAAAGAAAGCTTCAGCTTCATGTTCCAGGTGAGTTAATTAGGCAATGTATGAATGCTAATATCTCTT,False
1331,-309,4.561618,-4.9559393,7.35437e-05,6.728326,-7.127082,9.608873e-07,9.378389,-8.948681,1.0981319e-08,7.8346267,-8.168642,1.1216786e-07,6.7997537,-6.992155,1.0238819e-06,1.5130322e-05,ENST00000445178.1,-309,AATTCACAATCTCTCACTTGGCTGCTTCTAGCAAAGGGTGATGTCTAGAGCAGTGATTTCCAAATGGGAGCAAAAGGATCCAAGGGAATGCTCAGAAATATGCAATGGGGTACAGAAAGAAGACATTATTTAAGATTTGGTTTACTTATCTCAAAAAGAAGTGACTAAAAGTTCAATGGGAGAAATGATAGAAGCTAATTGTGATAAAACAGATAAAGTACATGGCACAATGAGTGTGAACCCCTGGAGTTTTACAATCATTTGAAATTCAAAGGCAAATGCTGAGAGCACACCATCATGAGAATTGGCACCAATGAAAAAGTTTGTCAAAATCACTCTGGCACTAAACCACTGAATGTTTTCAACACAAATGGAAAGCTGACATCATTTATAGACAACTCATGGACCAACACAAAGGAAAAAATGTCAGATCCAGTGAATTTCTTTTCTTGTAATTACTGTATGATTTCAACATTGGCGTCTGTAAGAAATACTATTTTCCTCTGAAGTGTTTTCTGTAGCATTATTTTGTTTACCATGGGAGGTTTGTCTTCTCCCATTTTCCTTAGAAGTTGAACACACATTTTCAAAGCCTGCTAGTGATTTTGAATTTCAAAAGCGATTACAAGCATGATTCATGCAATATGACTCATCCCTCTCAAATGCTCTAATTGTATAAACTATATCCTTCAAAGCGTCTTATGGACACATTAAATATTAGTAAACACATTTTCAAGTGCCAAAAGGTATGGTTCCTTCACACTTGCTGATAAGACTGTAATTGATCCTCTAATTTCCATGTATGATTCAAAATAAAGCTAAGACTGTGGTAAGTCTCGCATTTTTAACATTAAACTTGAACACACCAGTTCTGCCACTGCAGTAGCCACATCTTGATTCTTAACAGCAGTCACCTTCACCTCCATAATTTCCCTTTTGTTGCTTCAAATTATTTGTTGTACTAAGCACACTTTCTCTACCAATAAATTCATGCCTCTTA,False
1332,-1034,6.144498,-6.0671144,4.9723512e-06,4.645723,-4.9191556,7.014482e-05,7.480002,-7.366171,3.5677067e-07,8.494227,-8.496016,4.180533e-08,9.748201,-9.790369,3.2696907e-09,1.5103804e-05,ENST00000500258.2,-1034,GCTCTCCGAACCAAAAGGCGACCTCACGAAATGCCCCTTTGAGCTCAAAGGCTAGTTACCCCCAGGGGCCCTTCCACTCTCGGGGACAGGCGAAACCTCTTTGTCTCTGCCTCGGCCTGCGGCCCCCAGCCCAGCCTCCGCGCTTTCCCTCCGCCAGTCCTTGTCAATCAAACCTGGTGCCAAACGCGGCAGCTGAAGTTTTCAGGGACACATTTGCTTCTCCCCTTGAAGAACCAGTTACAAAGCGTGATGTCCTCTCTGGGGTCCCATCAGAACAAAGAAACAGGTCTAAAGACCCTCATTCCAGAGAGCATCCTGCCCCATATCCAGAATGAAATCCATGCTCAGAGATGCCAAGAAGAATCTAGACAGACAGGCCTTTCTAGGATCTGTGGGAACATCTAAAGACCCTGTAAGAAACATAGAAAACCCTCTCCCTCCCCCTCCCCCTCCCCCT,True
1333,-1386,7.191704,-7.3692255,4.745353e-07,7.422565,-7.516992,3.2496206e-07,7.9618115,-7.6576586,1.6464558e-07,7.044417,-7.436217,5.1420994e-07,4.729944,-4.792934,7.315341e-05,1.4926352e-05,ENST00000444388.5,-1386,CACCGGAAGTCAATGAAGCGGGTCTTTCCTACGCTAAAAACCACTGAGTGGAGTATTTAGTACACAGGAAGTCGGCCAGAGAAACATTTCTCATATTTGAAGGCCGGAAAGAGGGACATTTCTGACACCGGAAGTCAGTGAGAGGACTCTTTCCCACACAGGAAGTCAGCTAGAGAGCCGTCTCCCCTCTCTGGAGCCGAGAGAGGCCGGTTTCCCCCACCATAGCAGGGCTGGGAGAAAGGGATGGGGAGAGTCCCTCCTGCCACTGACCCAGGATGGATAAAAGTACCCCTTTCATAGAAGGAAGAAAATGGGAACAAAGGTGCTGCTGATCATCTGAGGTTGCCTGCATGGCAGTGAAGAACATGGACCTTTGGGTAGCCCACCTGGGAGGAATTTTCCAGAGATCACTGTCTGATGACCCTGTCTTGGAATTGGAGCCATGCAAGTTACACTGACCACGTTTGGGTTGGGATATTGAGGAGGTTATGGTTAAAAGCATACGATGGGAGATCATATTGTACTTGCGAGTGAGACCCGGCTGGAGGAATGTTTTAATTCTTCGGAAATACCAAGTGGTCTCTACAGAACACTGAAGATTCTGCTCTCAGGGTGTTGATTGACGTCTGGAAGGCAGAGACTCGTGGATTAGCAAGCATGTGTAAGAAAGTGCTCTGGATGCCACAGGGTGGTAATTTGTGCATGGAAAATGGCTGGGGTGAAGAGGAGACTAGGCTTTATCTTGTCAGGTGGTCTCTGTGGTTCCAGTACCCATGAGGGAGCTGAGTCTGAAGGACCTTGGAGCTTTGCAGATATAAAGAAAAAGCTGATTTAAGCTTCCCCAGTTTTCCCTGCCCCCTTCATGAAAGAATTACAGCATATAATAAGAAAAATCTGGAGAAACACTTATTTTTATGG,False
1334,-152,5.079232,-5.181023,3.4995508e-05,7.818506,-7.8257785,1.606104e-07,5.9647627,-5.6428385,9.096596e-06,11.363021,-11.488906,1.1899652e-10,5.314729,-5.1749067,2.7822563e-05,1.4415079e-05,ENST00000556640.1,-152,TTACTTCCCCCAGTGGAAAGGAAAAGGGCCCATAGGAGCTGAATCTGACTTTGGGACCCTCAGTGGGTGAGGTGGTGAGCCCGCAGTGACGTATGCAATGCCTGTCACAGTGCAGGCTAAAACCACAGGCTATAACCAATAGCAGTAACTGAAAAACAAAATAAAGCTAAAAGCAGTGCTGTACAATCAGCTCCAGGAGATTTTCCACATTCATCCTTTTCGCTTACACTCTACACTTACTTGAATGCATTCACGGCCACTACTACTGGAATTCCAAACATTCTGGCATTTTCAATTTGTTTCTTCAAGTTACTGAAGCCTTTTTCAACCAGCTCCAGGTTCTGTAAAAACAACAGTGAAAGGCCTATGAGATCAGAGAGTTGAAAACCACTGCAGGTTCTTCTTCAAAGGCAAACAACCTCCTTGAGCCAGCAGCCACTCACTATCAGGACAAGGAGGCCAAGAAAGAAGAGAGAAGGTCCCTTGGTGCATTTTTTCCAGTGCGGTAAGAGACACATATCTTTGACTACATGACTAAACGCAGCACTGG,False
1335,-856,4.9899464,-5.2758346,3.4802677e-05,4.998525,-5.4665747,2.8513643e-05,8.772385,-8.109775,4.6576943e-08,7.532408,-7.519813,2.903376e-07,5.7812076,-5.960502,7.954938e-06,1.4321634e-05,ENST00000409898.2,-856,CTTCTTAGTCGTGTGTACATCATTGGGAATGGAGGGAAATAAATGACTGGATGGTCGCTGCTTTTTAAGTTTCAAATTGACATTCCAGACAAGCGGTGCCTGAGCCCGTGCCTGTCTTCAGATCTTCACAGCACAGTTCCTGGGAAGGTGGAGCCACCAGCCTCTCCTTGACAAGCAAAGTGGATCAGCAAAGGCTGCAGTCACCAGCATCTTTTCCAACCTTAATGAACTGTATCCTCAAAAGAACACTATCAGACTGATGAGGAAACTGAATCCCAGAATGGTGGAGTGATTTGACGAATATTGCAAAACTATAATGGGGAGATGAGATGGGGATCCAAGTCTTGTGCCCCCAAAGACAGGGCACCAGGCAGCGTAGAGGTGGCCAGTACCAGAGCAACAGCCTAACAATGGCTCTGCCGACTTCCAGTTCTGGAACAAGATGGTTAAACTCATTTTTCCCTGCTCTGCTCCTCTAAATACAACTAAGTACCTTGGAAACTATTCAGCAGACAATGATAAAGGGCTCTGAAAGCTAGAAGAAAAGGTGTACTTGCAAG,False
1336,-1395,6.2949886,-6.416979,3.0148199e-06,4.8320165,-4.8958898,5.9593396e-05,6.700417,-6.5131083,1.8257356e-06,6.1750875,-6.557025,2.9546927e-06,9.294088,-9.413728,7.504094e-09,1.347923e-05,ENST00000475371.5,-1395,GTGAGGTGTAGTCGCGGCAACCAGGAGGTGGGCGTGTGGTAACGCGGCGCGCGGGAGGGTGGCTTGAAAGGGTCTTTATGAACCCTAGGGAAAGGCCGTCTGGTGCACCCACCACTAGAATTTGAACATCCTAAGAACAGGTATTTTTGTCTCTGCTTTGCTGATGTATCCTCAGCAACCGGAACTGCCTGACATCTGATCCTTTCTGTGAGACACCAGGCTGTTGAGGAAGAATCTATGGCAACATTGTATCTATTAATATACAGCTTCTGTATTTATCAGGCCCAGTTCTGGTGATGATTTCACTTTTGACAGAAGCTGTCCCTCAAAAGCAAACATGCAATAGAAGAAACAGATCTCAATGCCATCCATCTGCAGTTGTGACAAGCAAAAAAGTCTCCAGACATGGCCAAATGTCCCCTGGGGGGCAAAATCACCCCCAATTGAGAACTACTGCTCTAAACTATGGAGTCTCACTCTGTCACCCAGGATGGAGTACAGTGGCGTGATCTCGGCTCACTGCAAGCTCCGCCTCCTGGGTTCATGCCATTCTCCTGCCTTAGCCTCCCGAGTAGCTGGGACTACAGGCGCCTGCCACCACGCCCGGCTAATTTTTGTATTTTTAGTAGAGACAGGGTTTCACCGCATTAGCCAGGATGGTCTCGATCTCCTGACCTCGTGATCCGCCCGCCTCAGCCTCCCAAAGTGCTGGGATTACAGGCGTGAGTCACTG,False
1337,-1033,8.079036,-8.01113,1.0283231e-07,5.7580743,-5.9231744,8.450735e-06,4.9147124,-4.874321,5.6059896e-05,7.2967014,-7.3169284,4.5017438e-07,10.980449,-11.018009,2.7937702e-10,1.3012783e-05,ENST00000515466.1,-1033,AACTCCGCGGCGGCGGGCGGCCACGTGACTGCAGCTCCGCTCCCACCTCGGCCCGCGCCCCTTCCCCGCCCCAGCTTTCTTCCCGCCAGGCCCCCTCCACCCGATCGCCGCGCGCTCTCCGAACCAAAAGGCGACCTCACGAAATGCCCCTTTGAGCTCAAAGGCTAGTTACCCCCAGGGGCCCTTCCACTCTCGGGGACAGGCGAAACCTCTTTGTCTCTGCCTCGGCCTGCGGCCCCCAGCCCAGCCTCCGCGCTTTCCCTCCGCCAGTCCTTGTCAATCAAACCTGGTGCCAAACGCGGCAGCTGAAGTTTTCAGGGACACATTTGCTTCTCCCCTTGAAGAACCAGTTACAAAGCGTGATGTCCTCTCTGGGGTCCCATCAGAACAAAGAAACAGGCTGTACAAGAAGCATGATGCCAGCATCTGCTTCTGGTGACAACCTCAAGAAGTTTACAATTGGCCGCGTGCGGTGGCTCATGCCTGTAATGCCAGCACTTCGGGAGGCGGAGACAGATGGATCATTTGAGGTCAGGAGTTCGAGACCAGGCTGGCCA,False
1338,-1202,4.6965313,-4.967599,6.351758e-05,9.921641,-10.327645,1.6063735e-09,7.8576913,-7.4707956,2.2025328e-07,9.431864,-9.425214,6.4636057e-09,8.888149,-8.994523,1.7125943e-08,1.27526055e-05,ENST00000429932.1,-1202,GCAGATGGCTGAAATTCTGATCCGATGTGGCTGGTTAATGCATGATCTGAAAACCCCTGCACTGGTGATTTTGGGACAGATCTAGAATATACCAATAAATATATTAACATACCAAGTAGTCTAGGAGCAGCCACTGGGCGAACACCAAACCTTGCATCCCTGCTGCTGTCTCTGAGCTCAGCAGACACGTCTTTGCAGAAGAGTTCTATAATGGTGGTACAATGGTGCCCCCTCGTGACAGAAGCTTGAACTACAGCTTGAACATCGTGTGACATGATGAATGAATTTATTGAGCCCCAGGAAGAAGGAAAATTAAAGAAGAGCAAAGAATAATAGCTGGACAGAAGATGGGGGTCATTGAACCTATATCCTAGTTGCCAGACCAGTAAACTGACCATGGGACCTGGGGGAGGCAGCAGATGACCGAAAACCTGGAGTG,False
1339,-571,10.441793,-10.757484,6.21256e-10,10.008551,-10.224325,1.632953e-09,5.038421,-4.622222,6.373948e-05,9.237832,-9.731404,5.7778373e-09,13.015773,-12.9040165,5.5357815e-12,1.2749503e-05,ENST00000436200.2,-571,GCTCCAGAACAACTCTTCTTCATAGTTACGTTATACTGCCCCTGCATTGTTGGTATTGAAAATAACTGATACCGTGCTTCCAGAAGATTTTTCTAACAGTGTTTGCAAGCTATAAAATAGTGCTTTCACTTAGAAAAGGCATGAGCCACCGTTCCCGGCCAAGGTGGCTGTAGCTACCTTCTGCATATGGATATCCAGTTTTCCCAGCACCACTTATTAAAGAGACTGTCTTTTCTGCAGTGTATATTCTTGGCACCGTTGTTGAAAATGAATTCATTGTAGGTGTGTGGGTTTGTTTCTGGGTTCTCTATTCTGTTCAACTTGTCTATGTGTCTGTTTTTATGCCAGTACCGTGTCATTTTAGTTACCAGAGCTCTGCAGTATAATTTGAAACCAGGTCATGTGATTCCTCCAGTTTTGTGGTATTAGGATAGGTTTGGCTATTCTGAGTCTTTTGTGGTTCCATATAAATTTTAGAATTTTTTTTTTCTA,False
1340,-1237,8.912055,-9.233353,1.316889e-08,10.5840225,-10.876349,4.784962e-10,5.0491905,-4.6407547,6.1898965e-05,11.016306,-11.478582,1.7005686e-10,12.46552,-12.386317,1.6105872e-11,1.2382559e-05,ENST00000602488.5,-1237,AATGATGCCAGATGTCCTGTATCTTGCACGGTTGTTCCACATGACAGAACTATCTGGCTGGCAATTCTACTAGACTTTGCTAGTCTGTTTATGCTTTCCTACTCTCCAAAGAATGAGACTACATACACTAAAAAACCAAAAAGCCTAAAAAAAGAGATGATATTTTAATTTCAAAAGCTTAATAATTTGCTGAACAGAAGACTTTTGAGAGTCAGCAGAAATCTTCCACTTTGCATGGTTCTCTTGATGTGAAATCATCTATATAGCCCCAGAATTGGAAAAGAAAAAAAATAAAAAAATGGAAGGAAACTGGATTCGACA,False
1341,-736,5.2134867,-5.277192,2.779355e-05,9.235292,-9.372255,8.29554e-09,9.6073065,-9.210567,6.722035e-09,10.387569,-10.481507,8.6432195e-10,5.317613,-4.9742923,3.3905297e-05,1.2342946e-05,ENST00000568229.5,-736,AGTCCCTGGAGTTCCCAGCCAAGCCACAGACCTGCCTCTGAGGAAGGGAATCGAGCAGGGAGTAGGAGGGGACCTCTGGGGACTCGGGCCTGGAGCTCCTGCCTGCCTGGATGAAGAGGAGGTCAAGACTTTGTCCCCCACTCCGCAAGATACCCTCTCTGTTCCGGAGCGGTGGGTCCCTCCCCTGTTAGGACCTTGTCTCCCTCAGGACTGGACCTGGATCCTGGGCCTGCAGTCAGATTGCCAGTTTCACTTAGAGGTGGAAATGTCAACCCACTGGTTGGAATGGGAAGAGACTGGGTCCCACCATATTGCCTGGGCTGGCCTCGGACTCTTGACCCCAAGTGATCCTCTGGCCTCAGCCTCCCAAGCAGCTGGATTTACAGGCAGGCACCACCGCACCGAGCTAAAAACGCCTGGCTTCCCTGGGCCTGCTGCACCTGCTCTGGCTAGGTTGGAGAGGGCTGCAGGGAGGACCGCAGTCAGCAGAGGGCGCCAAAGCCTCTCAACACAAGCATGGCCCAGGCCTGGCCCAGAAGGAGAGCGCTGAGAGCCAGGACTGGCGGGCTACGTGCGCCCTGTGGATTCCCCCATTTCCCATGCTTCATCCAGCCATGGGCCTGCAGTGCACTCACAAATGTGCATATACCCTCCTGTGTGTGTGTTACACTCATCAAATTGTCTCTGAATTTGCTTGGCTTCATGTGTTCCTGTGTGTGTTTATGTGTGTGTGTGGTGTGTCTGGTGTATCTGGTTCCCCAGGAA,True
1342,-1488,4.818324,-5.1068287,4.8926e-05,6.4533906,-6.899977,1.5874693e-06,6.031983,-5.667347,8.299314e-06,8.291607,-8.369304,5.811096e-08,7.376579,-7.404072,3.8092952e-07,1.1850364e-05,ENST00000420471.5,-1488,AGAACCGCCTTCAGGCGTTTGGACTCAGTGGAGGTTGTGAGTGCCCAGCAGTGTGGCCTGAATCTCCGTGGGGTTTAGGGAGACGAAAGGACCCCAGATCGACGTCCCCTCGTTCCCACTTTGGGGATCGGCGCTCTGGCTGTTTCGTGAAGGAGAGAGAGGTTGATTCCATACCCTGGCTATTGTGAATAATGCTGCAGTGAACATGGGAGTACATACATCTGTTTGAGGAACTCAGAGTGGTTTTCCAGATGGGAATCACATTGCTCTCTGTCCCTGAGATCTTGCTGGAGACAGGGCTACTCAGTCCCTCTTTGCCAGGTAATCTGTTCCAGAAGAAACATGTGTCGTTCTGACTGAGCCCCTGCCTGTCTGTCACCTTAAGAGCCAGTCAATTCATATGGTCCCCATATCAAAGTCTCCTGTGCCCAGAGAGAGGATTTCATTTCAACCATCACCATCACCACCATCATCATCATCACCAAGAGATGTTGTTGAATTGATACTGGAAAAGCAGTTTCTATTGAGCCCCCAAATGAAGAGTGAGTGCAGATGAAGAGGAGGCAGGACTCACAAGCCCTTGAACTTTATTCCAGATCTGTTAGCACCTACAGGACCCTGCACCAGGATTTCATCTGTACTATCAGCTTCTTCAAAGAGAGAGAGGTTGTTGAATTGATATTGGAAAAGCAGTTTCCCATTGAGTCTCAAATGAAGAGAGTGCAGATGAAGAGGAGGTAGGAGTCACAAGCCCTTGACCCTCATGCTAGACCCATTACCACCCACAGGACCTTGCAGTGGGATTTCATCTGCACCATCAGCTTCTTCAGAGAGAGAG,False
1343,-765,10.241939,-10.4601,1.0214549e-09,5.717813,-5.9312253,8.727365e-06,8.419574,-8.239838,5.8198143e-08,5.7385035,-5.7467914,1.0280059e-05,5.129506,-5.015027,3.928874e-05,1.1671077e-05,ENST00000533179.1,-765,ACAAGATCCAAATCAATGTCCTTCCGGGAGAATTTCTTAAAATCTTGTTTTCTCTCGTTGTCTTCGGAAGAAGCCCGACATTTCTTATAGGAAATGGAACTCTTCATAAGGTTCATCTCAAAGATCTCTCTTTGCATAATGTGTGTGTGGACCTGCCTACAGATACATTGGGTGGAAGCCCTAGGAGCCTCAAGCAAGTCTGAAGATTGGCCCTGAGAACCACTGTTCTCATTATCAGCAAGGATTTTATCCAGAGACCTCTAGGAATACATTCACTAAAATGTGACTGTGGTCCTGTGGTTGTATGAACTCTGGCTCTTCTCGTGAATTACATTTCACTGGAGTCAGGTGTTTTCTGTAAACATCGTTAAACCACGAGACCAACTGCATTGAACATTTTTTGCACTACATTGTTTTATTTCTTGCTCGTCTTTTCCTTGCAGAGCTGGGGCTGGGGTGA,False
1344,-1143,10.130805,-10.458886,1.1429067e-09,10.355082,-10.499443,8.769908e-10,4.8578224,-4.9141226,5.7026075e-05,10.7255535,-11.078966,3.3917e-10,8.784485,-8.69483,2.5634806e-08,1.1410813e-05,ENST00000467677.1,-1143,GTCCTTCTGCCTTCTGCCATGGGATGACACAGCAAGAAGCCCCTTGCCAGATGTGGGCCTCTCGACCTTGGACTTCTTAGCTTCCAGAACTAGGAGCCATTGAAGAATACTGTTGTCCTATCCCAGAAGGAGCAAGCGGACAACACTGATATCCTGACCACTAACCATCCAGCACCACTTAAAGCCACACTCTCCTCTTTGGTCTTTCCTGGTACGCAGCATACAAGCCCACAGATTGAGGACTCTGCACTTGCTGTTCTCTCTGCCTGGAGCTCTATGGCTCCAGATAGACTCCTGCCAACTCCTTCGCCTTGTCCAAGTTACCTTCATTAAATGTCAGCTTAAATGTGTGCCTACTTTTTGCCCTACCTAGAATTGCAAGCACCTCTCACCACTGTGCTCCCATTCTCCTTAACTTAAGCCACTTTTATTCTCATAATAAAGCCACATATTTTTTCTTATTATATCATAATCGTACTGTATAATTTATATTTTATTACTTTTGTTTGTATACTTATTGTATGTTTCTGTTCACAAGGATGTAAACCCCATGAACACAGAGATCTTTGATTGTTTTATTCACTGATTTATGCCAAATGTTTGGAACAATGCCTGGCACATAGTAGATGTTTGATAATTTTTTTTTTTTCTGAATGAATAAATACATTTTAGCCAAATATGCTGA,False
1345,-738,5.3589773,-5.4232516,2.0764843e-05,9.288968,-9.43344,7.3953954e-09,9.540431,-9.144725,7.676087e-09,10.67567,-10.750534,4.9512805e-10,5.3709435,-5.0206523,3.068838e-05,1.0293758e-05,ENST00000567644.5,-738,GCCTCTGAGGAAGGGAATCGAGCAGGGAGTAGGAGGGGACCTCTGGGGACTCGGGCCTGGTGCCACGGCTTACCAATGGAAGATTAGGCCAGATGGCTCCTGAGAGTGCTTTGGGAGATTCTCTGTTCCTTCTGGGAATGGCAGGGATAGGAGGGGGTCCCAGAAGTTTGAACGCTTTGGCATCCAAGAAATCACACTCCAAATACTGCTCTTCTGGCCTCCCCTGGGCTGCCTTCTCCAACCGTGTTCCTGGGAACCGAAGGGCAGAAATTGCCCTCTTGGGCTTATAAACAAGGAGCTCCTGCCTGCCTGGATGAAGAGGAGGTCAAGACTTTGTCCCCCACTCCGCAAGATACCCTCTCTGTTCCGGAGCGGTGGGTCCCTCCCCTGTTAGGACCTTGTCTCCCTCAGGACTGGACCTGGATCCTGGGCCTGCAGTCAGATTGCCAGTTTCACTTAGAGGTGGAAATGTCAACCCACTGGTTGGAATGGGAAGCTGCTGTGTTGTGAGCCACCTTATGGAAAACCCATGTGGCAGAGAACCGAGGGTGGTGGCTGGCCAACAGCAAGCCAGGAGCTGAGGCCCACAGTCCAACAACTGGTGAGGAACCACATGCTGCCAGCAGCCATGTGAGGGAAC,False
1346,-737,5.73096,-5.7912984,9.907003e-06,9.21827,-9.35329,8.599516e-09,9.669673,-9.266951,5.969381e-09,10.673549,-10.774198,4.8457627e-10,5.231903,-4.8861113,4.0344534e-05,1.0053318e-05,ENST00000568087.5,-737,GCAGTTTCCAGTGGCCAGGGGTACGCGCGGCCGGAGGGGCGCCGGGGCCGTACTCACCGCGGCCGTTCTGGTTGGGCCGGTACACGCTGCCCACGCTGAGGCGGCCCTGCTGCGCGCCGTTCCGCTCCCCACCCGGCGGGGGCGTGTCGGAGCTGCGCACCGGCAGGAGCTCCTGCCTGCCTGGATGAAGAGGAGGTCAAGACTTTGTCCCCCACTCCGCAAGATACCCTCTCTGTTCCGGAGCGGTGGGTCCCTCCCCTGTTAGGACCTTGTCTCCCTCAGGACTGGACCTGGATCCTGGGCCTGCAGTCAGATTGCCAGTTTCACTTAGAGGTGGAAATGTCAACCCACTGGTTGGAATGGGAAGAGACTGGGTCCCACCATATTGCCTGGGCTGGCCTCGGACTCTTGACCCCAAGTGATCCTCTGGCCTCAGCCTCCCAAGCAGCTGGATTTACAGGCAGGCACCACCGCACCGAGCTAAAAATCAGCCTCATTTGTTCTTTTCCCAGAAGACTGGTTTTGTCTAAGACAGAAAATATGACCACTGACAGCTTCTGAGTGT,False
1347,-1242,9.780736,-10.120509,2.2750926e-09,9.300719,-9.509825,6.771501e-09,5.1812544,-4.7389393,4.916922e-05,8.948041,-9.414756,1.0595921e-08,11.801024,-11.702993,6.199193e-11,9.837785e-06,ENST00000455474.5,-1242,GACAAAGCCAGGATTGAAGCTCATGCGGTCTGGCTCCAGAACAACTCTTCTTCATAGTTACGTTATACTGCCCCTGCATTGTTGGTATTGAAAGAGGGCTCTGAGAGATTTCATTTCTGTCCTGCTGATGAAGTCTACGTTCATTCAGGGCCTGCTGTGGAAGACCAGCCCCAAAGTTGCTGAACAGAAGACTTTTGAGAGTCAGCAGAAATCTTCCACTTTGCATGGTTCTCTTGATGTGAAATCATCTATATAGCCCCAGAATTGGAAAAGAAAAAAAATAAAAAAATGGAAGGAAA,False
1348,-130,5.945961,-5.9047513,7.1334257e-06,4.9608507,-5.170463,3.9811563e-05,9.600946,-9.654327,4.3405106e-09,6.800225,-6.940888,1.0772342e-06,7.6351724,-7.8327236,1.9159238e-07,9.6436315e-06,ENST00000561786.1,-130,GGTTCCTGTTCCCACGGCTGCCGCATCTATTATGCCCGCGCCCCTCCTGTTCCATGAAGGTTCTGGATGGAGGTCTCATGAGGGATTCGGGCAGAGGCTGATGAAAACATAAAACAGGCCAGTCTCCAGATTCAAGGGAGAGCTGGAGACAGCATTCATAGCTTGACCAGGCAGCTTTGACCAGGTGTGACAAAGGAAGCCCAGATGTCCCAGTCTATTCATGTTTCTATCACAAAATGCCTTTGAATTAGTAATTTATAAACAATAGAAATTTATTTCTTATCGTTCTGGAGGCCGGAAAGTCCACGATGAAGACACCAGCTGGTTCCCAGCCGGTGGGTGAGGACCCAGCCTCTGCTTCCAAGATGGCACCTCTGGGCTGCATCCTCACGTAGGGAGGGGGTGGGAGAAGAAAAGGGGCTGGGCATGCCCTTCAGCCTCCATTATAAGGCACGGATCCTGTTCACGAGGGAGGAGCCCGCATCACTCAGCCTCCTCTCAGAAGGCCCCACCTGTTAACATCACACGGGGCTTAGGTTTCACTGTACGTATTTGAGAGGCACCTACATTCAGACTATAGCACAGGCCAGCCCCCCACTGCTTCCCATACTGCCAGAGGCTGGGGCAGCTCCCCGGCCACCATGTTCCGCCAGCAGGATGGCTCCTGTCAGCCAGGTGTGCGGGACCTGGGCACACTGGCAAGAAGCAGGGAGGGCAGCCCAGACCCAGCCGCCCCATGGCTGCTCCGGGAGACTGTGTCCCTGTTGGAGACTGTGATAGATCCACGATCCGTCCCAGCCATTGCTCCATCTGTCTTGTCCATCAACCCCTCTGCCAGTATCATATGGTAAATAGTACCATGAATACTACAGTTCCAGGCACCCAGGTCACATCAGAGAACTGACGAGTTAGAGTTTAACGACACAGTTTGTAGCTGGGGGGGCTGCTTCAGAGCTGATGACTGGGTGGCATTGCTGCCTGGAGCTGGTGACTGGGTGGCATTGCTGTCTGGAGCTGGTGACTGGGTGGCATTGCTGTCTGGAGCTGATGACTGGGTGGCATTGCTGCCTGGAGCTGGTGACTGGGTGGCATTGCTGCCTGGAGCTGGTGACTAGGGTGGCATTGCTGCCTGGAGCTGGTGACTGGGTGGCATTGCTGTCTGGAGCTGGTGACTGGGTGGCATTGCTGCCTGGAGCTGGTGACTGGGTGGCATTGCTGTCTGGAGCTGGTGACTGGGTGGCATTGCTGTCTGGAGCTGGTGACTGGGTGGCATTGCTGTCTGGAGCTGGTGACTGGGTGGCATTGCTGCCTGGAGCTGGTGACTAGGGTGGCATTGCTGCCTGGAGCTGGTGACTAGGGTGGCATTGCTGCCTGGAGCTGGTGACTAGGGTGGCATTGCTGCCTGGAGCTGGTGACTAGGGTGGCATTGCTGTCTGGAGCTGGTGACTAGGGTGGCATTGCTGTCTGGAGCTGGTGACTAGGGTGGCATTGCTGTCTGCAGCTGGTGACTGGGCGGCATTGCTGCTTGGTTGTTGTCAAGCCTCCCCAAGGTCTAAGGTCACCAGCAGGAATGCCCCGGAAGGAGAGGGCATAACTGTAGTTCTAGGAGTCTGAGGCCGTTTAACCTTTTCTCCATCATTTAGCAGCTTAGAAATTCATGTCATTCCCCATCTAGGCCTCAATTTCTCTACCTGTAAAATGGGATGTTTGACCCGACTTCCCTTTACCTGTGAAATCCTAGGACCTCATCATGTCACTTTCATGCAGCAGAGGCAGCGACCACTGGAGAGGGACACTAAGGACTGCTCCTGGATCTTGTTTAAACACAAGGAGCTGGGTTTCGAAGACTCCACGAGGGACTTTAGGACCCTACGTTACTTATCGACATAAAAAGAGGAGAAGATAAAGCCTCACAATTCTTCCTCCCACTTCCTCAGGTGGCCAATGCTGCTTTTATTGTGGAATGGGTTTGCCACAAAGCCTCAGGCTGATAGATAAGACTCGGGTCTCTGAAAAATGACAGCTTGACATCAAACCAACAAAATCAATTTCCAAATTGATTAAAACCATTCTCAAATAAAACTCCGCTGGCTTTTTCGAATCCCATTGTAAAAGGTCATCTGGGAAGTAAGCACCATATTTGTTTTAAGTTAGCAGAAGCCCGCAGCGCACTTGAGGCCCTACAGTTTCGGGGCCAGGCTGGGCTGACTGGGCCCACACACGCCTCCGCCCTCACCACAGCCGCCAGCTCCAGGGTGCCCACCAGAGCCAGGGCGGGAAGCCACCTCCAGGCTGGCCCTTCGTCTTGGCTCTTTGAAAACCTTTGGGTGAGGTGTGTCTCTTGGATCAAATAAACAATCAACAATTGGCTGCTGTCATTAAGGGAGAGGGTTAGTGCTGAGGGAGACATATCCTGGGGGCATTTTGTGTGATTATGGGGTGATTTATGATTCATAGAGATCAAGCGATAAACGTACTGAAATGCCAAGAAAGAAAATTGGAGAGAAAAATTGCTACAAATGTTATTCTTATTTTTTAAGGAGATTTATTTTATTTGCAAGATTTGTAATTGATGCAAAGCCTGTAAATGCAGGTGCCCCACTGTCAAATCCTCTCCCTTCCAGACCCTTCGTAAAGGCGTGACCTGCTTCAAGAAACACGATATTTGAAAATATGAAATCTACACATCGAGACACATTAAGAGTGACTGTTCGCATGACAAAAGGGTTTGCCACTTTACAAAAGATTCATCCCAGTGTTTCTTAAAGAACCATACAACTGTGATGTATTTTAAATGTCTTTCAATTAAAAGAATTGACTCATGCTCAA,True
1349,-858,4.9407196,-5.1733046,4.0505827e-05,5.877126,-6.3314414,4.9875157e-06,7.770128,-7.1913996,3.1790057e-07,10.112784,-10.126346,1.622772e-09,7.4604564,-7.6569624,2.720123e-07,9.216976e-06,ENST00000603948.5,-858,TATCAGGGAAACTTAACATGCCTGTGTTTCGTAGTGAACAGGATATCTAGGGTTGAGAATTACTGCGAACACTGTTATGTTGTCACGTGAGCTGGGGCTCCATGGTGATGCACCCTGGGCTCCCAGAACAATGTGAAGCACTGAGATGCCCTGCACCTGGGCCTGGGTCAGAATCCTGGTAGAGGGGTCTTTGGCAAGGACAGGAGAGGACCTCCTTGGGATTGGACTCAGCTGAGCAGCAGGATGCCTGGTTGGCTTGGGAGACAAGCAAAGTGGATCAGCAAAGGCTGCAGTCACCAGCATCTTTTCCAACCTTAATGAACTGTATCCTCAAAAGAACACTATCAGACTGGTAAGACAAGCATTATTGTCCCACTTCACAGATGAAGAGCTTGGGGGCCCTGTGGATGTGTAGGAGAGTCGGCCTTCCTTTTTATAGGCCTTTTGCTGAGCTCAGAGGACAGAGCAGAAGACAAAGCCGAAAGCA,False
1350,-16,6.719556,-7.087468,1.0085217e-06,6.2344966,-6.717244,2.3720816e-06,11.67533,-11.220835,1.13847196e-10,5.1271353,-4.979255,4.081623e-05,10.4695,-10.626256,6.8901607e-10,8.839526e-06,ENST00000414763.1,-16,TAGCTCTCCACGTAATCGACGTGTTCGTCCTGCGGCTCGCTGGCGATCTGCCGCAGCGTGGCCTTGTCCACGCTGCCCACTCCGATGGCGAACAGCTCGACGCCGCTGGCCCGGGCCCGCGCAGACACGTCCTGCACGCTGTCCTGGGGCCTCCCGTCTGTCACCACGATGACCACCTGCGACACGCGGGGCGGTGTGACACCGGGCTCCCGGAAGCCCACGGGACTGTCCAGGAGAGGAGGCTGAGGCCCGGAGAGGCGGGAGGACTGCCGGGTCGCACAGCCAGGCGGCACCCGGGGGAAGAGGACCCGGCTGGCCGAAGAGGAGACCCGTTTCCTCTGACTGAGAGACGTGGCTGGGGGGCTTTCCATCTGCTTCGCCTCCCTCGGGCAGGCAGCTCTGAGATGCCCGGAGGGATGTGATGCCCCATCGCCAAATTGGGGTCTCTAAGCTATGAAATGGCCACCTCACGGGGCATCATGGGAATCAAAGTGTCTGCAGGCAAAGCTCATAACTCCGAGCGGGAGCCTCCAAACAGCAGCATCCTAGCAGGGTGGCGTGCACGTACCTTGCTGATGTCAGGGGACCTGGAACGACCACCCTCTGCATCGCCGAAGGCTTTGGTGATAGCGAACTGGATGGCCAGGCCGGTCATGGTGCCTGTGGACAGCGGCTGGATACGGCGCACAGCCTGCAGCAGTGCGGCCTTGGAGACATGAGCCCGCAGCGAGAACTCCTGCTTCACGGTGCTGGCATAGTTGACCATGCCCACCCGGGTGGCATTGGGCCCCACGTCCAGCGACTCGATGACCTGGGACAGGAATACCTTCACTTTCTCAAATTCAACAGGCCGAACGCTGCGAGAGCTGTCGACAACAAACACCAGG,False
1351,-371,7.634453,-7.6023617,2.41399e-07,4.8700314,-5.181418,4.3121363e-05,11.526778,-11.455508,1.0445274e-10,9.306206,-9.358571,7.834132e-09,8.784853,-8.807446,2.2896117e-08,8.6787195e-06,ENST00000433902.2,-371,CGCCGCTCCCCGCCGCCCTCCAGCTTCTTGCGGTTGAGCTTGAAGGAACCGTTGGCGCCGGTGCCCTTCACCTGCAGAAGCGTGTCGTTCTGCACCAGCGCCTTGATCGAGTACTTGAGGGCACCCTCCCTGCATGGCCCGATGACCTGCACTCCTGTTTCATCTCCCCGTGTGGCACCTGGGGCAGCTTGGAGCCTACCAAGGTCTCAACAAGGAACCAGTAAATACCAAAAAAAGGACATCACGTCCCCTACAGCTAACTGCAAATGGTGACCATCCCAGCCCTTGTTTGATAACACAAGCAAAGCAATGGCTTCTTCAAGGACACCGAGAGGAACCTCACCTCTTTCTAAAACCTCCAACACAGGGCCAGGCGCGGTGGCTCATGCGTGTAATCCCAGCACTTTGGGAGGCCGAGGCAGGTGGATCACGAGGTCAGGAGATCGAGACCATCCTGGCTAACACGGTGAAACCCCGTCTCTACTA,False
1352,-1243,9.80446,-10.110742,2.2435618e-09,9.731601,-9.942901,2.8541225e-09,5.2748003,-4.8377266,4.056652e-05,8.67171,-9.128971,1.8589256e-08,12.046211,-11.949207,3.7924698e-11,8.118049e-06,ENST00000447577.5,-1243,AACTCAGATTTTGAGCAAACAAAGCTCTCAAGTTGGTGATCCTCAGGAGTCTCTGCATTAGTTGGACAGCTCTTCTGGAATTATCTTCTAAGTCAACTGTGGGTTGGGTAGGTGGCTCTGCTGATTTTTCGCTGGACTTCCACATTTGGGACGAGTTGGCTGTCATCAGCTCTAGAAAGGGTGTGGCCGTTTTACATTGGCTGTTTTCCTCACATTCCTCAAGCAGGAGGGCTCTGAGAGATTTCATTTCTGTCCTGCTGATGAAGTCTACGTTCATTCAGGGCCTGCTGTGGAAGACCAGCCCCAAAGTTGCTGAACAGAAGACTTTTGAGAGTCAGCAGAAATCTTCCACTTTGCATGGTTCTCTTGATGTGAAATCATCTATATAGCCCCAGAATTGGAAAAGAAAAAAAATAAAAAAATGGAAGGAA,False
1353,-732,12.692785,-12.992012,7.002196e-12,12.304791,-12.385214,1.8935053e-11,15.157552,-14.764418,1.0117038e-13,5.073241,-5.1143565,3.7632784e-05,6.7490134,-6.9231224,1.1541603e-06,7.757394e-06,ENST00000560350.5,-732,CACCAGGTATTCCCACCCACCAGAAGCTGGCTGTTGTACTCACCCGGAACCATGGTGCACCACCACAGCGGCGAGGTCATACAGGCAGCTCTCCGGGCCACTGTTCTCAGGCTACAGAACAAGGAAGAAGGAGCAGTGGTCAATGACATCAGTATCTCGATGACCTCTACCCTCTCCATGTGATGACAATCTTACTGAAGAGCCATTTTTTCACCATGCTAAAAAGGTATACTGCTGAGAAAGAATCAAATGAAAAGAAAAAAGACTCAACAAGACCTCACTCATATTAACTGGACTCTACAAGCAGTGAGCATCCAGACCTGCATTTGGTTACAAAAGAAGCCTTCAAGCTATTTTCATCAGCTTCCTAATCAAGTTAAAAAATAAACCACAAAACTGAGTATCCA,False
1354,-779,8.132392,-7.9181232,1.0699172e-07,5.1154675,-5.112512,3.6143414e-05,6.986804,-6.7980423,1.0311381e-06,6.87159,-6.785154,1.1720629e-06,11.217127,-11.446173,1.4369911e-10,7.69075e-06,ENST00000600183.5,-779,AATCTCGTGGTGCACCGTTTTTCTTAAGCCGGTCCGAAAAGCGCAATATTCGGTTGGGAGTGACCCGATTTTCCAGAGATATGGATATGAGAGGCATTCCTCCACAGAAGAGGCTTAACCACTTTGGCCCTTGAGATCTTTACTTGATCAAAACTTCTACAAGCGTGCTGGCATGCTGGAGTCAGCTAGAATTGGATTGCCAGAGCCTGTTGTGTGCACCTGTCCCCAACTCTGTCCAGTGACCTCAGCCTCCTTTCACAGAGACTGAATTTCAATCAGCTGCTCTCAGTTGACAATGATAAAATTATCTCTATATGGGCAAATGCGTGCTCTTTGTCGAAAAAGAAAGCTTCAGCTTCATGTTCCAGGTGAGTTAATTAGGCAATGTATGAATGCTAATATCTCTTTCACATATTTTGCTTAAGATCTGTCTTAGGACTCTCGTCTGGCCCATATGGTTTTCCAAGGGCAGAAGGGCCTCTTTTTGATGAGAGGCAGTTTTCAGTAACTCTTAAAGTGATAACAGCAAAGGAGAGGAGAGAGAAGA,False
1355,-1204,8.3558035,-8.307594,5.7966606e-08,10.182557,-10.561577,9.79349e-10,8.587711,-8.267262,4.7860617e-08,7.70283,-7.8179812,1.8171772e-07,5.206779,-5.028314,3.588723e-05,7.2351513e-06,ENST00000431025.1,-1204,GAGAGCTGCTTTGATCTTGTGTGTACATTAGATGACTGCCAGGGGCATGAAGGGGATGTGCTTCCAGGGCATTTGCTGGCAGGGCGTCTCGTGATCTCTTGGTATTGGTGTGAGCACAGCCTGGCAGGAGAGGGCAGATCTCCATGCAAAGTATGTCAGAAAGCAGATGGAAGCCAGGCCCCCTCCTGAAAGAGGCTCCTTGAAGATAATTCTAACATCTTTGTCATCAGTGTTGACATCTCTTGATTGTATCCTGTCATTCCATTTGAGATCTTCCTGGTTCTGGCTGGCATCCTCTGACATCACTCCAGCAGAAGAAAGGGAAGGAACACGCTGCATTACTGCGTGGTCACAAGGTCCCCGTCTGATCTGCCTTCACTCCACCTTTCAGAGTCTTATGTTTGTTTTGTGTATATTATCAAGGGGTTTTAGGTCACTTAGTCGGAAGAATAGGGAAAAGTATGTCTACTCCAGCTTAATGGAAGTGGAATTCTCCTGAGAACCTTTTTTTGATACAAAATATGTACTTGTGCATATTTTGTATCAAAATATATAATGTACATGTCCCTTTTGTACATGTATATAAATTGTATATAAATATTTAGGGTTATAAAAATAACCAAAGACACCAAAAA,True
1356,-1489,4.9957857,-5.3058825,3.3575907e-05,7.8650317,-8.292122,9.616944e-08,6.8120646,-6.430008,1.7743528e-06,9.861186,-9.921106,2.5624771e-09,8.366849,-8.413954,5.1545356e-08,7.1001073e-06,ENST00000426528.5,-1489,AGCTTCTACTCAAGATTTGAAGGGCAGCTGTCCTCAGGAGACCCCTGGCACTTCCCTCCATGGTGGGATGTGATGCCTGATTCCAGTGAGTTCATAGAGCTGAACAAAAGGAGGCAGCAGATGGCTGAAATTCTGATCCGATGTGGCTGGTTAATGCATGATCTGAAAACCCCTGCACTGGTGATTTTGGGACAGATCTAGAATATACCAATAAATATATTAACATACCAAGTAGTCTAGGAGCAGCCACTGGGCGAACACCAAACCTTGCATCCCTGCTGCTGTCTCTGAGCTCAGCAGACACGTCTTTGCAGAAGAGTTCTATAATGGTGGTACAATGGTGCCCCCTCGTGACAGAAGCTTGAACTACAGCTTGAACATCGAGATGAAAATATACTGTCTACGTTGTTCAACACAATAGCTAATGGCAACTGTGGCAGTTGAACACCCGAAACGTGATGAATGTGACTGAGGAACTGAACTTTTAGTTTCATTGTGACATGATGAATGAATTTATTGAGCCCCAGGAAGAAGGAAAATTAAAGAAGAGCAAAGAATAATAGCTGGACAGAAGATGGGGGTCATTGAACCTATATCCTAGTTGCCAGACCAGTAAACTGACCATGGGACCTGGGGGAGGCAGCAGATGACCGAAAACCTGGAGTGATGTGGCTGAATACCGCATGATCTGAAGACTGCACTGGTGGCTGCGGTATGGGTCCAAATTTTTCCTTAACAAAAACAAAAAAAGAGCCCAAAACCATACTGACTAGTCCAGGAATAGCCATTAGGCAAACAACTTTTTGCTACCCTGGTGTTACCGATTTCTGAACTCAACAGGTGAATTCAAAGATATGCCTGTCTTTCCAGCATGGGGAGCTGGATTTGGGTCAGCTCAGGCGCATGATGTTGAACAGCTCTTATGAGCTTCTGATAGTGCCCAGGAAGTACAGAAACAACTGTCTACAAATCTTTGAACTCAAGGCATATCACAGGGACATTTGCTTTCTTCAACTAGATATCTGTTTTCTCATAAAGAGAAACAATGAGAAATGGTTTTTCACAATGCCTCGTTAGCCCTGAGGCTCAGCCATCCCCTAGTGCTGTGTCCCAACATTTAAAGGCCGTTGAAG,True
1357,-763,14.594072,-14.871908,1.5961998e-13,7.42607,-7.673729,2.768474e-07,9.664084,-9.548116,4.5315574e-09,7.38057,-7.4287896,3.701491e-07,5.200358,-5.06781,3.471974e-05,7.0742535e-06,ENST00000529667.1,-763,AATTTCTTAAAATCTTGTTTTCTCTCGTTGTCTTCGGAAGAAGCCCGACATTTCTTATAGGAAATGGAACTCTTCATAAGGTCGCCCCGACCCCTCCTCCCTGACCTGGGAAGACGCGCGCAGTCCCCGACCAGAGGACCTCAGACACAGGTGAAAACCATCCATTTCTTGGAGAAGTGCCACGGTGGGGTTGCAAGTCCCAGGATCAAGTTTTCGATGTGTCTCTTTTTCCCGTAAAGTGGCTGAAATCTGAAGCTGAATCTGCAAGTGTCATGGAGTCATTGAATCTCACAGTCTCAACTGATAAAAGTTATTAAAGGTCGTCTGGTTCAGCCTTCTA,False
1358,-790,5.5597935,-5.4843583,1.5980086e-05,5.5448613,-5.757943,1.2338114e-05,9.505622,-9.391779,6.2081686e-09,5.9246345,-6.0079,6.57299e-06,11.109666,-11.326207,1.8039485e-10,6.979516e-06,ENST00000593573.5,-790,GTCTCTCGCTGCAGCCAGAGCTTGGGATCGCTTTCTGCTATTCAACGTCCTCCACCTCTGCCCCCCTCTCGCCCCAGCCGGTGACAGGCTGTTGCCCTGTGATCTGCAGGTCCTGGGACGTGCACAGACAGCTAAGATGCCAGGACATTCCAGAAGGTGGGAAAGGCACCTGAGTAATTTGACTCTCCTGCCTGGACCCAGCGTACAGATGGGATTGTGCTTCATTGCTGGACCCAGCATTTAGGCCCACTACCTATGAGATTGCATGCTCCTGCCTGGGCTGTGCCCACAGTGACCTTGTGACATATATCTGCATCCATGACCTAAAAGATGTGACACTTCTTGCCTGCAACCTGCCCTGCACAGGAAAGATTGCGACTTCTCCCTGGAAGCAGACACCAGGGATCGTCACTCCCGTGGATGATCAAAGGCGCCTGTAATTTCAGCTACTCCGGGGGCTGAGGCAGGAGAATCGCTTGAACTCGGGAAGCAGAAGTTGCAGTGAGCCAAGGTCGCACCACTGCACTCCAGCCCAGGCGACATTGTGAGACTCCATCTCAAAAAAAAAAAAAAGAAAAAAAGTGTACTAACAAGACCCAGCACACAGAGGAGACTTTTACCATTGTATGAACACCCATCAAACAGTACACATCATCATTGTGAGTTCTGAATCTCACACATAGAGGAAGTCAAAGGTGGAAAACTTGACTCTCATATTTGGATCCAGTCCACAGGTGTGATTTTGACGCACACTTCTGCCCAGCACCTGAGTAATGTGATTCTTCAGAATTGGCCCGG,False
1359,-1332,10.1507435,-10.353758,1.2445381e-09,6.1564164,-6.3887672,3.5620058e-06,9.403051,-9.244464,7.9705345e-09,6.0075974,-5.990956,6.1530695e-06,5.368869,-5.25334,2.4368166e-05,6.8184913e-06,ENST00000533996.5,-1332,CTACTCCCTTCCTAGCAGAACCTTGATTAGGTCGAGGTTTAAACAGCAATGTGTCAAGGCAGGTGGACCAGGAGGATCCTAAGGGAGGGAACTTGATTGATCTGGGCCAATCGTAACACTCTTGAACATCCCTTGGTCAGCAATTGGCTTAGAGGTGGGCATCCTAAACTTGGCATATGAGAAAGACAGTAGGAATTTGCTGGGCGCTCTTGGGAAATATTGCATAAAACAATTCATCAAAATTGGCCTTTCCTTTTTGCCTTGACTTGCCATGTAAGAAGTAATGCCTAATGCTGCGACAGACAAATTGCAACCATCAGGGAAAGCCAGGAGACTCTGAGAGAGACCAATTATTGAGCTGATGAATGAACCCTTCCTGAAGCCACCTACTTCCTCACTTATTGGTGTGTCCTTACTGTGTAAACCCCTTTTAACTGGGTGTTTTGTTTCTTGCAGCCAAAAACAATCCATTGATACACTTGGTGACATTAATTGAGAAAAAAACAATATGGTCTGGCCATGGAGGCATGGTATCCGTAACATCCCCCAAAGGAGCTAAAGAAGAAATCCACAATTTACCATGAGCATTTCTCGTCTGAAGATTGCCAAGCGATTCCTCCAGGACATTCCTCAAGATCAATTTCTGTTCATCCACCTTGTCCTGGGAGGGACATCAATGGGTTTCCATGTCCTTTGGCTTCTGGTTGAGTTCACTCAGTGGAGAACCCTGGCAAGAGGCAGGAAAAGGGGAGGAAGCCTGACCGGTTTGAATTTCACCTTCTGTTCACCTTGGATGAGAGCAGTAATCATCACGATCCCAGGGAACAGCCAAAGGAAGAGAAAAGGCAAAAGATTTGGACAAGACTCATGAAGACTAACAGCTCTTGGATAATTGAGAGAAGGCAGCTGCGTGAACAGTTTTGATGCAATCATGAAGGCAGGGCCCAGTGCCTGTGGCATCTGCCTTTTTCTGGAACCAATCCATATTTCCTTGTGGTTTT,False
1360,-767,9.397044,-9.568101,5.8015246e-09,6.243529,-6.4814057,2.9759788e-06,8.84867,-8.662601,2.482853e-08,6.1281943,-6.0819626,4.979593e-06,5.391648,-5.2613482,2.362938e-05,6.3231164e-06,ENST00000532249.1,-767,AGAAAGACTTTTTCCTTTTTGAGCACCTCTTTGGACCATTTACATTCATTGACAGCTCAGAAGAATCCAACAGTTCCTGGAGTTTGGCAACATTTCATGGTGGAGAGAAAAGCATCCCAAGGATCTGTACATAAATAGCTGGTGCACATCGGTCTCAGGTGTAAACAGAAGGAAGTCCAAGGAAGCCAAGTGGGAAGATCCTTGCTGGTTTCTCCCTCTGAGGAAGAAGGAAAATGCCATGACTCCCACTATGGCCTCTCTTGGAACCATATTTTGAGGTACCCTACTTCCTTCTTGAGTGTCAGCAGAGCAACTGTGGGACTGGCATGAGATTTGGTCATTTCTAGGAGAGCGAATGCCTTTTGCCTCTTTGATGAGAAAACTAGACGAGACATTGTTTAGAAATTCTTGAGCTCAGACTTTGGCATTATGACAACGTGCATTCAAATCTGCCCCAGCCACTTGCGAGCTGGGACCTAAAGCCGTGAGCTTCTGGTTGTTTATCTATAACAAGCGGATCCCAGTACCTACCTCATAGGGCTGCTGCGAGGATTAAAATAAAATGCATCTATCAGCC,True
1361,-104,6.865037,-6.9972887,9.542629e-07,11.596301,-11.812837,6.816174e-11,9.9660225,-9.491666,3.5451428e-09,5.2365956,-5.1845284,2.9795498e-05,9.884094,-10.140005,2.012075e-09,6.1510773e-06,ENST00000536029.1,-104,AGGAACACAAGACTCCGGAAGCATGCCAGCGTATAAAACCGTCAGGAGCAATGGCTGACGCCTGTAATCCCAGCATTTTGGGGGCCTAATCGGGCAGATTGCTTGATGCCAGGAGTTCGAGACCAGCCTGGCCAACACGGTAAAGCCGCGTCTCTACTAAAAATACAAAAATTAGCCAGAACTGCACAAACAAGCCAGAAACTGAACCCTACCCGGAATCCCCTGGTGTATGAAGGGAGCCTAGCTCTGGCTGACTCTGCTTGTGTTCACAGACACTTTGCCTCATTGGTTCGTGCCTCAGCTTCCAATCTGGACATGGAGCACAATAACAGTGGGCCCACTGCTCTCCGAATTCCTGCGCGCACTTGAAGGGAGTGTCTGGTGCAGGCATGCAGGGAGGAAGAATGACTCTGAGCTTGACCATTCAACTTCGAAACTTTAACATCAATGGATCAGCACACACTGG,False
1362,-1275,9.717834,-9.658238,3.8466164e-09,9.209467,-9.636716,6.53441e-09,8.533507,-8.185962,5.480584e-08,7.307759,-7.4528556,3.8863908e-07,5.294191,-5.127592,2.977584e-05,6.045933e-06,ENST00000448567.2,-1275,GCGGCGCTCGCCGCACTGGTTGTTCAGCACCTTCGGTCCGGTTGAGGTTGTCAAGTCGGACCAAACAGGTTGTTTCTCTGCAGTTTCCAGTAAGTGACCGTTCCAGCCGGGGCTGTGGCTAGAGTGTGAAGGCAAACCGTTACGAAAGATGAGTATTTAGTACTCCATTTGTGCTGTTTTCCTTTTGTGGTATCATTCAGCCTTGTGGCTTCAAACATTGTACTGAAGATTCTCAGACTTATTACTACATGGCAGGGAGGTTTAATAGACATGGATAAGAAGTCCACTCACAGAAATCCTGAAGATGCCAGGGCTGGCAAATATGAAGGTAAACACAAACGAAAGAAAAGAAGAAAGCAAAACCAAAACCAGCACCGATCCCGACATAGATCAGTGACGTCTTTTTCTTCAGATGATCCTATGTTTCCTTCTTCCTCATCATCGTCTTCAGGAAGCCAGACAGATTCAAGTATTGAAG,False
1363,-1250,10.000094,-10.308291,1.514189e-09,10.084671,-10.328627,1.3633817e-09,5.454897,-5.0161076,2.8345767e-05,8.760993,-9.218932,1.553881e-08,12.305114,-12.207937,2.2600477e-11,5.6728413e-06,ENST00000438777.5,-1250,CGCTGCCAGCAGCTTCCGCCTGCTACGGTCCTGGCAAGCACCTCGGGATCCCATTCCTTCACAGGGACCCTAGCCAGCTGAGGCCTCCGAAACCTTCCCTAGCTGGATTTGGGGACAGAGGAGCGCTGTTAAAGCTGATACATTCCTGTGGGTCAACTATGCAACTAACTCAGATTTTGAGCAAACAAAGCTCTCAAGTTGGTGATCCTCAGGAGTCTCTGCATTAGTTGGACAGCTCTTCTGGAATTATCTTCTAAGTCAACTGTGGGTTGGGTAGGTGGCTCTGCTGATTTTTCGCTGGACTTCCACATTTGGGACGAGTTGGCTGTCATCAGCTCTAGAAAGGGTGTGGCCGTTTTACATTGGCTGTTTTCCTCACATTCCTCAAGCAGGTACTGTAATAAAGAACTGGAGAAATACAGTCAGATGGGAAGTAGCCCTTGCTGTCAAGGAGCTTGCCATCTAATGGGGGAGACAGGCAAGTAAACCAAAGACTACACAGTGCAGTATGGTAAGTGCCATGATTTTGATGTGACAGGGCACAGTGGACGACCTTCCAAATCAAAGCAAGTAACTAGGGGTTGACAATGGTAAGTATCATAGTTGAAGTATCCTTGAACAAGGTTTCAGGAAGAAGAAGAAGGGAATTTCATGCAGGGAAACAGCCAAAGCTCAGTGAGTCAAAATATCACAGCATTCTTGGTAAGCCCAATTGTTTTTTCTGTTTTGCTATTTTGGTGGAGAGAAAGGAA,False
1364,-370,8.221422,-8.071093,8.399447e-08,5.1766257,-5.4015718,2.5464558e-05,8.770525,-8.665755,2.6762095e-08,10.189716,-10.184083,1.418312e-09,10.609833,-10.789745,5.084887e-10,5.1154484e-06,ENST00000511998.1,-370,AGCGCTGCTCCGGCTTCTGGCCCCTGGCGGGCTTCTTGTCCGCGCGCCGGGAGCCGGCCGCGCCCGGGGCTGCCTTCTTCGCTTTGTGCGCGGTGGGGGCCGGGGCGGTGGCGGCCGCCGGGGCTCCGCGCCGCTCCCCGCCGCCCTCCAGCTTCTTGCGGTTGAGCTTGAAGGAACCGTTGGCGCCGGTGCCCTTCACCTGCAGAAGCGTGTCGTTCTGCACCAGCGCCTTGATCGAGTACTTGAGATGGGGACAACGCCGCCGAGCCGCCAGCCTTGGTCACCTTCTTGGCCATTCCCTCGGCGGTCGTCACTGGCAGGGCCTCCTCGAGCTCCACGGACATGGGAAATGATGGCGGGAACACAGCAAAGGAGACCATGTCCTGGAGAGGGTCCCGGGCCCCACCCTCCCCGGGGGGGCTTGTGCAAGGCTGGCGGCCCGATCTCTGCTGATTCCAGTATTGGGGGTGCAGAGAAGGCACAGGACAGTTTTTGTTGAAGCCGTTGCAGCCTCCACTTGGGGAAGCTGAGGCCAGGGGCACAGGACAACGTTGAGGGCCTGAGGCCTCCACCTTCTTGAAGAAGGACCATGTGAATTTCCTGACAGAGAACGGGGATGGGTTTCTGAAAGCACCACCCAGCTGAGCCTGCCGAAACTGCACAGCTGTTTCCAGGCCAGGCTGGCTGCATGGAGGACGTGAGAGGAACAGCCAGCTGTGTGTGCTGGGCCCACTGATCAGGGTGCTCAGGACCAGGAGCCTTCTGAGGATGTGCAGAGGGGACTCTGGGGAGAGGAACATGGTGGCCACAGCTGGAGTGACCGCAGTGTACAGAGATGGGATGGGAGCAGGAAACCCAAAAGAGCCGGCCCTGGAACCAGGTGGAGGGGAGGCAGCCCGGCCATGACCCAGAGCAGG,False
1365,-1246,10.368937,-10.704905,7.0428285e-10,9.651461,-9.87059,3.3241532e-09,5.525617,-5.0836287,2.4686105e-05,8.985616,-9.456051,9.792338e-09,12.756935,-12.6292305,9.439052e-12,4.939987e-06,ENST00000450843.5,-1246,CTCACATTCCTCAAGCAGATAACTGATACCGTGCTTCCAGAAGATTTTTCTAACAGTGTTTGCAAGCTATAAAATAGTGCTTTCACTTAGAAAAGGCTAGACGTGGTGGTTCATGCCTGTAATCCCAGCACTTTGAGAGGCCGAGGCACCATGCTGGGAGATAAGGATCCAACATAAGACAAACAGTGCTGATGCTTTTGGAAAGCTCATATTCAAGCTGGGGAGACAAACAACATACAAGAGGGCTCTGAGAGATTTCATTTCTGTCCTGCTGATGAAGTCTACGTTCATTCAGGGCCTGCTGTGGAAGACCAGCCCCAAAGGTGTGTTATACTAAGTAGGCAGATTCTATCTCCATCTAATTCCTAAGTTAGGCTTTTCTTACTCCTAGAGTTCTGTATAGCATGGCCTTCTTATTTCTTGTAACATTGCTTTTGGGAATAAAATGTTTGAAGAAAGGAATATAAAGAAGAAAAAATGCTGGGGAATATATAAGGGAAAAAGAACAAAGGTTGAAAAACAGAAACAGAGAAAGGGAGGAAAGATAAATCTGACCACTTTAAAGTCAGTCAGTATACCTACAGACATTCAGTTGAGCAA,False
1366,-170,5.1998796,-5.580173,2.0810081e-05,7.6440606,-7.4805837,2.7005385e-07,6.379489,-6.4275618,2.7413682e-06,8.430276,-8.678634,3.7127435e-08,11.697601,-11.747299,6.5767156e-11,4.7717394e-06,ENST00000313807.4,-170,AGGGAGGGGCACAGGGGGCTGAGGAGTGCTGGGTCGGGCTTCCAGCTCCCTACAACGCAGACCAGTACTGGAGTTCGTGGTGCTGGAAGACCGCCGCCCGACTCTGGGCCCCGGGTAGGAAACGTAAGTGCCAGGAAGTTAGCAGAGTGGTTCTTTGGCTGGCGCCTGAACCTCGCCAGTCTTCGTCGCCCCTCCCCTGCCAACGCCTACCCCGCTTCGACCGGAGGGTGCGCTGTCCCTCTGGTCACTGTGATCACCGTCCATGGCCGCCTGCGGATACCCACGCCGTGCTCAGAAGAGGGCTCTGAGGCCACGCCCGCCTGTGGGGTCGGTGGCCGGGCTTCCGGGACCCCAGAGGGAGTCGTCGCGCGCTAGGTGGAGGGGACCCCTCTGGAATCCGGCGATCCCCGGGCGCAGATGCAGGAGCGGGTGGGGAGAGCCGCGTTCCTGGCATGTTTGCCTCGAGTTAGTCACGAAGGAATCGAAGAGAGCCTTAGTCTTCGAGGCTTTTCCCTTCCTGTGAGCCCCTTTGAGGCCAGCACATTGATTTTTTTTTCTTTCGCAGAACAATTTCGGACCTCCTGGGGTCTATGCTAGGTATGAGGTGTATCTTTGCCCTCCATCAAGTAGCAAAGATGGACATGTAAACAAATTTCGACACTGTGATGACTGCCACAAAAAGCAGCATTATGAGGTTGAATGTAAAAGGATAACCTTAGCGGCGGCGGGGGCCGGAGGATGAAGGAAGGCTTCCTGAGGTAGGCGCTGGTTGAAACTGAAGTTGGAGAGAGCAAGTGGCATTTGCTGAAGTGCATTTCCGGTAGAAAACTCCAGTGGTCCCTCACCTGACTGAGTGGCGCAGTCAGAGATAAATGGAACAGAGTCTACAAATAAACATTTTATAAAGATGATCCTTCAATACATATTCTACAGCCCAGTTAAAATGTGAGAGGCCATGATCTACAGACAGCCATTTATAAAGGTGGATCAGGGCCGGACACGGTGGCTCAACGTCTGTAATCCCGGCACTGTGGGAGGCCAAAGCGGGAGGATCGCTTGAGCCCAGGAGTTCGAGACCAACCTGGCCAACATGGTGAGACCCCATCTTTACAAAAAAATATATATATCCAGGCATAGTGGTGTGCACCTGTGGTCCTGTGGTCCCAGCTACTCAGGAAGCTGAGGCAGTTGAGGCTGCAGTGAGCCACGTTCTGGCCACTACACTCCAGCCTGGGCATCAAAGTGACAAGACCAAAAAAAAAAAAAAATGTGGATTGGAAGGAGGCAAGAAAGAAGTCAGGAAAAGGGTGGAATGTAAGTCCCTAAGGACACAATCTTACTCACAATTGTATCTCCAACATTTGGCATAATGCCTAATACGTAAGTATTTTATGAATTAATTAAACGAGAACACAAGCCTAAATTAAGGCAATGGCAATGGAGAAGAAGAAACCAACTTGAGAAATATTTAAAGGTCATTGTCAATGGAACTTAGTGACTTTAATGGTTAATTTTATCTATCAACTTGGCTAGGCGATGCTACCCATGTTACTCAGTTTTTGGTCAAACACTAGTCTAGTTGTTGCTATGAATTGTATTTGTTAGATGTGATTAACATTTAAATCAGCAGACTTTGATTAAAGTACATTACCCTCTATAATGAGGGTGGGCCGCATCCGGTCAGTTCAAATTAAAACGAGACCCTTAAGAAGAAGCAATTCAGCCTCCAGACTGCAGCGTCAAATCTCCCTGGGTCTCCAGGCTGTTTGTCTGCCCTGCAGATTTCAGACTTGCCAGCTCCCAGAATAATGTGAGCCAATTCCTTAAAATAAATCTCTTTCTGCATATACACATCCTATTGATTCTGTTTCTCTGGAGAACCCGTACTAATATAGTGTCTGACTAGATATGAAGGAGGAGGGGAAGGGAGAAATAGATAGACGATGCCTTTGGATATTGAGTGACACTTATCTAGTTGCTTAAGTCAAAAACCTGAAAACTGGTTAGGCACGCCTATTACGGGCTCACGCCTGTAATCCCAGCACTTAGGGAGGCTGAGGCAGGCAGATCATTTGAAGTAATTCAAGACCAGCCTGGCCAACATGATGAAACCCCAAGACCACTAAAAATACAAAAATTAGCCGGGCGTGGTGGCACATGCCTGTAACCCCAGCTCCTCAGGAGGCTAAAGCAGGAAAATTGCTTGAACCCAGGAAACAGAGGTTGCAGTGAGCCGAGATTGTGCTACTCCACTCCAGCCTGGGAGAGACTCCATCTGAAAACAAACAACAAAAAAAAATGCTGGGCACAGTGGCTCACGCCTGTAATCCCAGCACTTTAGGAGGCTGAGGCGGGCGGATCACCTGAGGTCAGGAGTTCAAGACCAGCCTGGCCAATGTGGCAAACCCCATCTCTACTAAAAATAAAAAAAAAATTAGCTGGGCATGTTGGCGGGCACCGTAATACCAGCTACTCGGGAAGATGAGGCAGGAGAATCACTTGAACCGGGAGGCAGAAGTTGCAGTGAGCTAAGATCGCGCCATTGCACTTTAGCCTGGGCGACGAGCGAAACTCCCTCTCAAAAAAAAAGAAGAAGGCTGGGCGCGGTGGCTCATGCCTGTAATCCCAGCACTTTGGGAGGCCGAGGTGGGTGGATCACTTGAGGTCAGTAGTTCGAGACTAGCCTGGACATGGTGAAACCTGTCTCTACTAAAAATACAAAAATTAGCCAGGTATAGTGGCTCATGCCTATAATTCCAGCTACTTGGGAGGTTGAGGCAGGACAATGGTTTGAACCCAGGAGGCAGAGGTTGTAGTGAGCTGAGATTGTGCCACTGCACTCCAGCCTGGATGACACTCTATC,False
1367,-356,5.3951073,-5.2991714,2.267378e-05,8.966645,-9.196741,1.2934247e-08,7.383414,-7.099308,5.131376e-07,9.016641,-8.829424,1.7764469e-08,14.71399,-14.891529,1.388311e-13,4.643523e-06,ENST00000436079.1,-356,CCGGCGGCGGAGCAGTGACGCGGCATCTGGGAAAGAGGCGGGAGTTAAGTCGCAAGCGGCTCTCCGGGCATCCGGAGGAGCCTCGCGCCTCCAGCCGCCGCTCCTCCCCAAGGGGCTCTGGCCTGTCGGGTCCCCCCCGGCCCGTTGTCGCCCCAACCCCGTCCCAGCCGATTCTCTTGACTTCTGTCAGCGGCACTCACGCTCTGGCCATTGCTGCGCCGCCGAAGTCTCGCGAGGGGTAGCGCGCGCCGGAAGTTGGTACCATAGAGACTGGAGAGCCGGAGGTGCCCCCGCCACCGGGGCGGGGCGGGGCGAGGTCCTAGCTAGCTGGGTTAGTAAGCGGCGCGAGCGTGCGAGTTTCTGACGCGCCCGCGTCGTCCCAGCTCCCTGGACTACCAGTATTGTCGCCCACGTGGGCTTCTCTTTCGTCCGCTCAGGCCTCACTTTTCTCCGTAAACACCCCGGCACGATGGAGCGGCCCCAGCGTTCGGGAGCGGCCCGGGAGCGGAAAGCGGCAGTGTCCTGGGAGCCTCGAAAGCCGCAGGGGCGGCAGCTCGCCTCGGAATGACCTCTGACGGAAGAAATAAAACGGGGCCTGGGACGCTTGCACGAAAGAACCCGACAAAAACCAGAGCCCGCACTCACTCTCGTACTGGGGAGGTGGACTTCAGGGAGGGTTATCTGGAGGAGGAATCTCTCAAAGTACAACACAGGAGAAAGACAGTATCGCAATACAGAAATTTTATTTTTTATTTTATTATTATTTTCCTGAGACCGGAGTCTCGCTCTGTCGCCCAGGCTGGAGTGCAGTGGCGCGATCTCGGCTCACTGCAAACTCCGCCTCCCGGGTTCACGCCATTCGGCTGCCTCACCCTCCACAGTAGCTGGGACTACAAGCGCCCGCCACCACGCCCGGCTAATTTGCAATACGGAAATTTTAATAGTCCACCGAGAGCCGCTTCATGAGCAGAGACACGAACCCAGAGCCAGTGCCGCCCCCAAAGCTGTGGAAGATGAGGAAGCCCTGCAGTCCCATGCACAGATCTGCCTGAGAGAAACCAGACAACGTAAGCCAATGCCCGTGGGAGCCACACCACCAACCTCCACCAAGCCGGGGCCACTTCTCTTTGCCTCTGAGAGTTGATACGGATTCAGACCATCCATAATGAACACGCATCACACTTTGAAGCAGAGAAAAGCAGACAATACAGATCTATGCACAAATCACCACGCACACTTCACAGTAAGACGTTGCAGAGGTCTAGGAAGGCTGGTTTGAAGAAATACACAGAAGAAAAACGGATGGACTAACCAGAGCGCTCAGCCAGCCTGCTGGACTGGCACCCGTGGCTACAGACACTCTTGTTTAGCACCATGGAGAGCTCCCTGCACAGAAGCAAGGACTCAGGGCATTGCCCCCTCTCTACCTGAGAACTAGACTCAGCGCCCAGCACTGGATTTGATAATACAGGTACTCAAATACATGTGCTTTCCTCTTTACTCAGACACTTCTAGGGCTGGCAGGGTCAGACAGTAATCCCCCACTTTGTGGGGAGGCCCTGTTTTTGCTGAACAGCTCAAGGGCAGGAAGATTCTTTCTTCCACACACCCCTGCAACTGCCAATACTTGTTCTGTGTGACCCTTGCAGCCATCCTATGCGGTAGGTGCTACCATTGCCATGGATCAAGTGGGGACGCACAGATCCAAGCTCCTTCACCT,False
1368,-34,7.4307966,-7.3406982,3.844334e-07,5.325154,-5.5708528,1.8531751e-05,10.851307,-10.906798,3.5528308e-10,7.4155445,-7.5003867,3.3273082e-07,6.517614,-6.733942,1.7576054e-06,4.2013753e-06,ENST00000554749.1,-34,TATATGTGAAGTGGGCGGTTGTAAAGTTAGCTTTCTCTTCATTTAGCTGTCACTGGACAGAAAAATATGAGCTGTGGGCAGATGCCCCTGGATGAGAGCCAGTAGCCAGTCTCTGGCCTCTCTGTGCCCTCCCCTAGGAGCCCCCGACCCCGCCATGGGTCCCCTCCTGGCCTCTGCCAGCCTCTCCCACTCTTGCTTCATTGACCTCTGGCTCACCTTTATTTTTTCTCCTGTCTCTTCCCACTTCTGGTTTCTTTGTTTGGGTTTATCACAGATCCTTTCCTCTTCCCTCCTTTCATATTTCTAAGCCCTCTCAAGAGAGAAGAATCATATTTTTCCTCAACCATCGCTCTATCTCTGGCACCCAGCACATTGCCAGGCTGAGTTGGCACTCAAAAATGTTTGTAGAACAAACTACTCTCTCTATACATCTTTCTGACTTGGTGGGGAAGAAGGTCCAAAACTTTGCTGATGACTCCTTGGATGAAGAAACTTCTCATACAGTGGTGTGAGCCCTGGAGTCAGAATGGTTGGCTTGAGCCCCAATTTCATTACTGCCTGGCCAGGTGAAGGAGATTCTGTTCATCAGTGGCAGCCAGGGATGTCTCTCCTTCCTACCCTGACTCTCCTCTTTCTGCTGGGTCCCCTCCCGGATACAGGGCTCACACCTGTGGACCTCAGAGCCAGCGTCAAGACCAAGAGGAAAGAAATCACCAAAAGCCAGACCCTTGTATAGAGGGAAGGGGAAGGAAGGGAGGGAAGACAGACTCCTCTGGGGATACATGCGACTGTCTTGGCTGGGAAATCTGATCTGGTGGGGGACTCACCCCCTCCTCTCGAATCAGCTCAGCCCTGATGTGTCTTTGTGGGCTTGGGTTTCTCTGTGCCTGAAAGATGAGGCGTGGGGTGGGGGTGGCCGGGCTGCTGGTTGAGGCTGAATTCTTCTGAGCAATGTGGTTGTGTTTACTGGGAGGGTGGGAGGGCCAGACCTTTTTCCTGCCTTCCAGGCTTCGGAGATAAGGCAGAAAGTGAGGATGAAGGATAGAATGGGTAATACTCTGAAACCACAAGAAAGAGTTCTGGCTTTTGTCTCTGCCCCACAGCTCAGACATTTCCTGGGGCATCTGGAAGGAAGCTGACCCACTCCCACCACCCTGGGGTCCCAGCCCATGGGGAGCACAGAACCTCAGTGGGCACCCCTTTCTTCCATTCTACCTCCTTTCCATTGTCAGTTTAGCCACAAAATTATTTTAGCTTTTTTACTGCCAGTCCCACCCTCAGTTTTCCCTGCCACATGAGCCCAGCCCTAGAGCTGAGCTTTTCTCCCTGCCTCCCAGCACAGCCAAAGCCACAGAGACCCTAGGCAGGTGACAGAGCCCAGCCTGGCATGCATCGGCCTTGAGGGCTCTGCTGCAGGACCACCTTCCCCTTCCTTGCTGGCCTCTCAGGGGTCGTGGCCAGCCTGCATCCTGGACACAGACCAGCCCCAAAGCAACCAGTGCCAAGCCCTGGGGATAGACAGTCACCTGGTATAAAAAACACCACCACCTTTATTAGAATGCTGGGCAGCCTTTTTTTTCTCTCTCTCTCCTTTTTTTTTTTTTTAAACAAAAAAAACACAAAAGTGTCTGTACAAAAATGGGGATCAGGATCTCAGTCTGTAGAAATCTGTTTTATTCTTACCAACATCCAATATCATTTCCATGGCATAGCTCTGGGCTGGTCCCGTGGAAGAGATTCCAAATATGTGGTGATTTCTGGTGGAATTTCTGCCCCCTTGGAGGGGAAGATGACTGCATGGCATGCTGGGAGTGCAGGCACATGGCAGGAGTGAGGGTGGCTGGAGCTGAGGAGCCAGTGTGCCTCAGTCTATGCTGACCTTGGCCTTTACACCCTCCTTAGTGTCAGACACCAGTGCGCCCCCTGCTGGTGGGGAGGGGAAGCAGGGCTGACTCCACCCCATCATGGGAGACTCCCTTTTGGTTTCCATCTCATCATGAAGAGCTTCAGTCCACGCGGCGTTCTCCTCCCATTTTCCTGGGTTCCCTGAACGATGAGCCAAGTAAGCTGTCTTAGCTGGAGAGATGACAATGGACTTGGACAAAGTCTGGAGGAAGCAGGGCAGTGTCTCCCTGCCTCCAGCCCAGAGTTCAGGTGAGGGGACTCAGTTTGTGGTAGGAAGAGTCCTGGCTGCTTCGAAGCCCCTTCTCCTAGGCAGCCCCACCTTGTTCTAAGAGAAAAGACCCTGTAACGTGTTCCCTGCTGGGGGCTGACAGTGCCAGCTGCTCTCGCAGCCTCCAGAACCATCTGGGGCTTGGAGGCAGAGGTGGGCTGGGAGCGACTGGGAATGGAAAAAGAGGTGGGCAGCTCATTCTGCAGGTCCATGCAACCGATCACGTGGTCCAGTTCAGAAGGCCGGGTGGCTCCTTGGGCTTTACCCTGAGCGAGACGAGGCTTGGAGACTTATAGTCACCATCTGAGGAAGGCTCAAAGCTGTGGCCCCCCAGGGTGGGGGGAAAGCCATGGATGGAGTAGATGCCAGGGTGAGCCGCAGAAGGGGCTGGCACCCCCATGAAGCCAGCCACACTCCCATGGGGGTGGGAATATGGAGACATGCATGGGGAGGGGATGCCCTCTGGAGACACAAGGCAGGGGCCTCCAGGGCTCCCAGATCCTGGACTGGCCCACAGGGAGTTCTGCAGCTGAAAAGAGAGGGAAAGAAGGCCCATGAGCCTGTAGCCTCAGGAGCTGACTTCCCTACCCAGGGGCTTTCTCTTTGTCCTTGGGGCCCCAGAAACTTTCCAGGAAACCTCCACTTGGCTCAGATCTACCCCCTCTCACCCCCAACACTGGCAGTGGCATCTCAGGAGGCCCCTGCCACTGTTCTCAAAACGAAATTTTCTTCTGTGATTCCTTTGTGTTCCGCATGCGTCATTCATGAGACAGGCAAGAGCCCCGGTTTGCAGAGAAAGAAGTGAAGTGGTGTACCCACTGTCATACAGAACGCTGACGCTCTCCAGGTTTCTTCAGGCCAGACCTCATATTCTTTTTGGTGACCCTGCCAGGTCCTGGTTCAGGTAGGGCTGGGGTCTTACCTGAGGGTGGCTGTCAGTACGGGGCAGCACAGAGATGTCATAGGCAGCCGTGAAGGGGTTCCGCCCCTCCTGGATCTTCCCATAACGCTCGCGCTTCCGCCACTTGGCTCTGCGGTTCTGGAACCAGACCTGGGGGCAGGTTGTGGGGGTTTGAGGGGGTGATAGGGCAGCCCTGAGGAAAGGAGCCTGCTAGGGAGAGCTGATGGTTGTGTCCTCTTGTGGGATGGGGAGCAGGCTCCAGGATGGAGGATCTCAACTGTTAATCCACACTGTTCTCCAGGCCAGGGAAGCCTGGGAGGAAGCCTGGGAGAGGCCCAAGCCCACAGTGGGTAATTGGCCCCATGGGCCTCCAGCTGTCACTCCCCAGGTTGAATCACTGTGGTCCTCCAGCCTGGCTGTGTCTAGTAAGGGTGTTGTGGGGGCATCTGTGGGCCTCAGGGGCCCTAGGTACTTCCTGGGTATACTGTGTACATGTGTTGGGTTTCTAGTCTCCCTGCCTCATCTCCTTTTCCAGGCTACCCACCTCATAGCATCCGAGGAATCTTAGACATTTCTGTTCAGGTCATGGTCCTGTTTAAACCCTCAGTGACTCCCTGGAGACCTTGGTCCAGAGCATAGCTTCTTAACAAGGCCCCTGCCTCTCTGCACAGCCTCATATCCTGCCAGGCAAACACATTTATTCTTCTGGTTGCCTCCCAAGCTCCCGCCCAGCTCTTCTGAAACACTGCTATCTTGCTCCTTCCATCTTTTGCTTAGGTTTTCTCTTCCTGGGCTACTCATCCCCTCAACACATACATCCACACTGGGCATCCTCCACAGGACTTCCAAAATACCCTGGACCTCTCTTTGTACTCACCCCATTCCATTACCATGATCTGTTTTGGAATCTGTTTCTCCCATTTATTTGTGAGCCCTTGGCAGATAGGGGTGGCACATCTGTGTGTTGTGCACATCTGTGTACATATCTGTGATGAATTCGTTGTTTGGTATATGTGCTGTGACTGTTACATTTAACTGTATTGGTATATATGTTTTGTATTTCTATCATTTAATCAACATTTATGTGTCAGCCTCTAAGCTAAATTTAACAATGTCAAAATAAAACCAACCAAACAAAACAA,False
1369,-933,7.7884884,-8.048442,1.3246725e-07,8.880168,-8.998254,1.7198877e-08,10.124361,-9.694609,2.4701925e-09,5.500429,-5.530253,1.6196786e-05,6.168428,-6.486123,3.192987e-06,3.9083816e-06,ENST00000418954.2,-933,AAGGTATGATCCATGGATCAGGAAACCAGCCTTCCCTAGACATGGAATCTGCTGGCACCTTGATTTTGAACTTCCCAGACTCCAGAACTACTCCTGCCCCTGCCACGAGAACACACCCTTTCCAGTTTGCTGGAGAAATATAAGAGAAGTCCAGTGAAAGAGAGCTGAGTTTCCCCAATGATGCCATCAAGATGAACTAACTACAGTTAACCAGCCAGCTGATAGCAGATGCATGAGTGAGCCCAGCTGAGAGCAGGTTGTGCAAGCATGGCACGTGCATCTGTTTGGCTTGTGGTGAGGCCTCAGGAAGCTTACAGTCATGGTGGAAGGCAAAGAGGGAGCCAGTACATCACGTGAACTCGTAGAGTGAGAACTCATTCACTACCATGAAGACAACACCAAGCCATTCCTGAGGTATCAGCTCCCATGACCTGAACATCTCCCACTAGGCCCACCTCCAACACTGGGGGTCAAACTTCAACATGAAATTTGGAGGGGACAAACATCCACGTCATATCAGATATCATTATTTAACCTACCATATCCTTGGAATTAGGGGTTGATGTGTTACTGCAGCATAGTTTAATGTATGCTGAGGAATATGGAAGCCATAGTAAGTTAATACTAAAATCTCACTGGACATTAACTATAGAAGTATGCCCAAGGTAACTATTTAGTAGACATAATCAGCCTCAACTTTTTGTTGTCTTCATGAGG,False
1370,-1244,9.975461,-10.285516,1.5877042e-09,9.802033,-10.019941,2.4627784e-09,5.6511984,-5.2090673,1.9206056e-05,8.6794405,-9.126327,1.8494969e-08,12.358093,-12.2597275,2.0352432e-11,3.8457247e-06,ENST00000414430.5,-1244,TAGAGATGCGGTTTCGCCATGTTGGCCGGGCTGGTCTTGAAGTCCTGACCTCAGGTGATTCACCTACCTCAGCTTCCCGACGTACTGGGTTTACAGGCATGAGCCACCGTTCCCGGCCAAGGAGGGCTCTGAGAGATTTCATTTCTGTCCTGCTGATGAAGTCTACGTTCATTCAGGGCCTGCTGTGGAAGACCAGCCCCAAAGGAGAAGTTTTGCTCTGTTGCCCAGGCTGGAGTGCAGTGGTGCAATCTCAGCCTACTGCAGCCTCTGCCTCCCAGGTTCAAGCAATTCTCCTGCCTCAGCCACCTGAGCAGCTGGGATTACAGTTGCTGAACAGAAGACTTTTGAGAGTCAGCAGAAATCTTCCACTTTGCATGGTTCTCTTGATGTGAAATCATCTATATAGCCCCAGAATTGGAAAAGAAAA,False
1371,-1236,10.271651,-10.57625,8.828195e-10,10.015547,-10.257183,1.569153e-09,5.7105603,-5.274478,1.695317e-05,8.879857,-9.348907,1.2115701e-08,12.397371,-12.303511,1.8730236e-11,3.3935514e-06,ENST00000413606.5,-1236,CCCACCCACGCCGGCGGGAGCCGCCCGTTCGCGCTGCCAGCAGCTTCCGCCTGCTACGGTCCTGGCAAGCACCTCGGGATCCCATTCCTTCACAGGGACCCTAGCCAGTTAAAGCTGATACATTCCTGTGGGTCAACTATGCAACTAACTCAGATTTTGAGCAAACAAAGCTCTCAAGTTGGTGATCCTCAGGAGTCTCTGCATTAGTTGGACAGCTCTTCTGGAATTATCTTCTAAGTCAACTGTGGGTTGGGTAGGTGGCTCTGCTGATTTTTCGCTGGACTTCCACATTTGGGACGAGTTGGCTGTCATCAGCTCTAGAAAGGGTGTGGCCGTTTTACATTGGCTGTTTTCCTCACATTCCTCAAGCAGATAACTGATACCGTGCTTCCAGAAGATTTTTCTAACAGTGTTTGCAAGCTATAAAATAGTGCTTTCACTTAGAAAAGGCTAGACGTGGTGGTTCATGCCTGTAATCCCAGCACTTTGAGAGGCCGAGGCACCATGCTGGGAGATAAGGATCCAACATAAGACAAACAGTGCTGATGCTTTTGGAAAGCTCATATTCAAGCTGGGGAGACAAACAACATACAAGCTCATAGATGGAAGGCTTGTCTCAGATAAGACTTTGGACTTGGACTTTTGGGTTAATGCTGGAATGAGTTAAGACTTTGGGGTTCTGTTGGGAAGGCATGATTGTGTTTTGAAATGTGAGAAGGACAAGAGATCTGGGAGGGGCCAGGGTTGGAATGATATGGCTTGGCTCTGTG,False
1372,-1241,9.705435,-10.022369,2.7059732e-09,9.896474,-10.120331,2.0268078e-09,5.725782,-5.2771454,1.6652595e-05,8.816379,-9.281031,1.3816417e-08,12.706976,-12.604788,1.016812e-11,3.3342312e-06,ENST00000415150.5,-1241,CAGTGCTGATGCTTTTGGAAAGCTCATATTCAAGCTGGGGAGACAAACAACATACAAAAGTTCTCATCATGATACTTTAAGGATGAGGACAGCTGATGTGGCTGGCCTGAAAAATAAGTAGAGATGCGGTTTCGCCATGTTGGCCGGGCTGGTCTTGAAGTCCTGACCTCAGGTGATTCACCTACCTCAGCTTCCCGACGTACTGGGTTTACAGGCATGAGCCACCGTTCCCGGCCAAGGAGGGCTCTGAGAGATTTCATTTCTGTCCTGCTGATGAAGTCTACGTTCATTCAGGGCCTGCTGTGGAAGACCAGCCCCAAAGTTGCTGAACAGAAGACTTTTGAGAGTCAGCAGAAATCTTCCACTTTGCATGGTTCTCTTGATGTGAAATCATCTATATAGCCCCAGAATTGGAAAAGAAAAAAAATAAAAAAATGGAAGGAAACTG,False
1373,-1094,6.0561047,-6.318159,4.2259435e-06,6.4498897,-6.9595284,1.5009391e-06,9.490245,-8.845996,1.0881076e-08,10.805665,-10.765143,4.2846657e-10,5.6220813,-5.820838,1.0725038e-05,3.292646e-06,ENST00000440395.1,-1094,CAAGTTCGAAATTTGCCCCTGAATTAGGACCCTTGACACATTTCTAACCCATCCAAGTAGAGATCGTTCTTTTACATTTGTGTGTTATACAGGTGCATTTTAGTGGTTACCAGGTTGCCACGTATTTGAAGTGGTGTGAGAGCTACTCGTTTGGAACCGTTGTGGATTTTCAAATAGGAAAATCAAAAGGCCCAAAGAGACAGCTCACTGTATTCCCACGAGCATTCTGCTGAGATGAACAATCAGATGACCTCGTGTGAGATTTGGAGGAGAGAAGGAAATGGAGAGCATGCGTCTGCCGCTTCTGTGGTTTCTGTCGGTAAGCACAGTGATGAGGTGCTGAGTTTTCCCCAGAAGGCCTCCCAGTGTCCTATTACCAGCTTCACAAGCGTCGAGGGCAGGGCATGGGCATCTATTGTTCACCAGTGGAGATCTATCT,False
1374,-1238,10.530378,-10.842407,5.2229654e-10,10.437341,-10.661093,6.8717343e-10,5.7541184,-5.339052,1.521566e-05,9.753556,-10.251634,2.0504842e-09,13.727329,-13.636722,1.3060003e-12,3.0437843e-06,ENST00000457025.5,-1238,GTGTCACTGTGAGCTGTGTCGGTGCCTTAAGAGATATCTGTTGTGTCTTATTACTTGGTTGCTTTTCCCCACATGTACAATGACAAAAATGCCTTCAACCTATTTGATCCAGCCGTTCCAGTACAACTCCTATACTTGCCATCTTTCCAAGCCCAAAGCTATAGTTCCTCATGGTCCTGCACTCCATGGACTAAATTGAGGGCTCTGAGAGATTTCATTTCTGTCCTGCTGATGAAGTCTACGTTCATTCAGGGCCTGCTGTGGAAGACCAGCCCCAAAGTTGCTGAACAGAAGACTTTTGAGAGTCAGCAGAAATCTTCCACTTTGCATGGTTCTCTTGATGTGAAATCATCTATATAGCCCCAGAATTGGAAAAGAAAAAAAATAAAAAAATGGAAGGAAACTGGATTCGA,False
1375,-1247,10.452403,-10.804482,5.8647825e-10,10.586988,-10.872774,4.787883e-10,5.775845,-5.3725758,1.4397806e-05,10.456477,-10.985063,4.8759313e-10,14.595923,-14.50057,2.3096903e-13,2.8798718e-06,ENST00000440778.5,-1247,GAGGTGTCACTGTGAGCTGTGTCGGTGCCTTAAGAGATATCTGTTGTGTCTTATTACTTGGTTGCTTTTCCCCACATGTACAATGACAAAAATGCCTTCAACCTATTTGATCCAGCCGTTCCAGTACAACTCCTATACTTGCCATCTTTCCAAGCCCAAAGCTATAGTTCCTCATGGTCCTGCACTCCATGGACTAAATTATGATGAAACTGAAACACAAAAAATTTAGATTAACTCTTAGGTGACAAAGCCAGGATTGAAGCTCATGCGGTCTGGCTCCAGAACAACTCTTCTTCATAGTTACGTTATACTGCCCCTGCATTGTTGGTATTGAAAATAACTGATACCGTGCTTCCAGAAGATTTTTCTAACAGTGTTTGCAAGCTATAAAATAGTGCTTTCACTTAGAAAAGGCTAGACGTGGTGGTTCATGCCTGTAATCCCAGCACTTTGAGAGGCCGAGGCACCATGCTGGGAGATAAGGATCCAACATAAGACAAACAGTGCTGATGCTTTTGGAAAGCTCATATTCAAGCTGGGGAGACAAACAACATACAAAAACTCACTCTGTCACTCAGGCTGGAGTGCAATGGCAC,False
1376,-777,8.744315,-8.535952,3.128066e-08,5.632544,-5.642313,1.2687806e-05,7.6500044,-7.496249,2.6428077e-07,7.328511,-7.2281585,4.7656118e-07,11.371596,-11.598415,1.05742665e-10,2.6920068e-06,ENST00000601445.5,-777,AGCCTGTCAGCTGAGCAAAGGAGGGAAACTCAGGATGGAGAACTCCTCCCCCTCCATCCATAAGTGGCACACCACTGGCCTCCTGGTGTTATTAAAGGAAAATTGGAAAAGTTTCCAGAAGATTAAGCAGAAAGCTTACAACTTGCACAAGACTCTCAATTTTCCAGTGGCTCTGACAGAAGGATAAATCTTCGGCTGTTTTAACTAAAATGGACGGTCAAGTTGGTATCCATCGTGAAGCTAAATGAATATCTGGACAGGAGTCAGACAAAGGGAAGGAGAATCCAGGGGAAGATGAAGCAGCTGCAGGCCTGTCTGCTACCCTATATCCGGGGAAGAGCCAGAAATTGCTGACCATAGAGAGTTACATTGTCCAGCTTTTCCTCCACGAAATGGAGCAGCAACAAAAGGCCAGATCATTCAACCTATGCTTCCTCAAGTCTGATAACATTAGCGTTTCTCTCAGATATCAGTTCAAGTAAGGAGTTGCCAATAGAAGCAAAGGTAAGATATCAAGTTATTTCTCCAGGTGTGTGTGTGTGTGTGTGTAAGGTGCCTTAGAGACTGCAGCATTTTATACCATCATTTCAGAAATAAGGACACAGAGGCCTTGGAGAGAG,False
1377,-570,10.450434,-10.757674,6.1579497e-10,9.824874,-10.058817,2.315385e-09,5.830796,-5.4017677,1.3235919e-05,9.272234,-9.740213,5.5334883e-09,13.131243,-13.022663,4.3802913e-12,2.6488776e-06,ENST00000424517.3,-570,ACAAACAACATACAAAAACTCACTCTGTCACTCAGGCTGGAGTGCAATGGCACGATCTCGGCTCACTGCAACCTCTGCCTCCCGAGTTCAGGAGGGCTCTGAGAGATTTCATTTCTGTCCTGCTGATGAAGTCTACGTTCATTCAGGGCCTGCTGTGGAAGACCAGCCCCAAAGTTGCTGAACAGAAGACTTTTGAGAGTCAGCAGAAATCTTCCACTTTGCATGGTTCTCTTGATGTGAAATCATCTATATAGCCCCAGAATTGGAAAA,False
1378,-156,9.413618,-9.565572,5.7206075e-09,5.32956,-5.9369073,1.2794696e-05,11.157676,-10.850344,2.76719e-10,11.153315,-10.905928,2.6290134e-10,7.25773,-7.451743,4.0903177e-07,2.6419975e-06,ENST00000555070.1,-156,TGTTCTTCTCCGAGGCCAGAGCCAGGTCGCGGACGTGGGAAGCCAGTCCCTCGGAACACAGGAAGTGGGTGGAAGTATTTAAAGCATGTGATGAAGATCACAAAGGATATCTCAGCAGAGAGGACTTTAAAACTGCTGTTGTAATGCTGTTTGGGTACAAGCCCTCCAAGCAGCCTCTAGAAGACCAGCATTCTCGTGATTATGGAGGCCCCTCTGTCTTTTCTGTGACGGGAGCAATGCTGACCTCGGTTTCCTGGACCCATTCCGACTCAGGAGCCTTCACGTAAATGGGTCCAGTCATGCCTCCCAGTAAGAAGCCAGAAAGCTCAGGAATTAGTGTCTCCAGTGGACTGAGTCAGTGTTACGGGGGCAGCGGTTTCTCCAAGGCCCTTCAGGAAGACGATGACCTCGACTTTTCTCTGCCTGACATCCGATTAGAAGAGGGGGCCATG,False
1379,-1151,6.5802317,-6.991544,1.2760046e-06,8.303787,-8.172867,6.986827e-08,12.50478,-12.090606,2.0814184e-11,8.642993,-8.6193905,3.1845094e-08,5.5818024,-5.7879357,1.1539331e-05,2.583414e-06,ENST00000493539.1,-1151,CAGGTCATTCAACATTTATTCAACCAAAAATACTAAGTCAGCTCTATACAAACTAATGGAAGGATACAGCTATGCAAATATAGAACACTAAAGTGTTACATGACAGATGTATGAGATATTAAAGTAATTGTGAAATAAAAGAAAAAATTGTCTGATAAAACCACATCTCATAGAAACCCAATGAATGCAACACATCTAAAATTTTATCTGCAAAAAACGAGAGAAGACTTGCCCTTCTGTCAGTAAAGCACAGATAA,False
1380,-1239,10.451556,-10.740285,6.2589334e-10,10.64552,-10.845431,4.6408585e-10,5.8455496,-5.4236355,1.2759968e-05,10.291825,-10.748296,7.284362e-10,12.106969,-12.034483,3.27718e-11,2.5523636e-06,ENST00000446528.6,-1239,CCTCCCAGGTTCAAGCGATTCTCCTGCCTCAGCCTCCCAAGTAGCTGGAACTACAGATAACTGATACCGTGCTTCCAGAAGATTTTTCTAACAGTGTTTGCAAGCTATAAAATAGTGCTTTCACTTAGAAAAGGCTAGACGTGGTGGTTCATGCCTGTAATCCCAGCACTTTGAGAGGCCGAGGCACCATGCTGGGAGATAAGGATCCAACATAAGACAAACAGTGCTGATGCTTTTGGAAAGCTCATATTCAAGCTGGGGAGACAAACAACATACAAGAGGGCTCTGAGAGATTTCATTTCTGTCCTGCTGATGAAGTCTACGTTCATTCAGGGCCTGCTGTGGAAGACCAGCCCCAAAGTTGCTGAACAGAAGACTTTTGAGAGTCAGCAGAAATCTTCCACTTTGCATGGTTCTCTTGATGTGAAATCATCTATATAGCCCCAGAATTGGAAAAGAAAAAAAATAAAAAAATGGAAGGAAACTGGA,False
1381,-1240,10.211509,-10.518379,9.933988e-10,9.986171,-10.230793,1.6591428e-09,5.869808,-5.4271975,1.2409875e-05,8.849684,-9.307157,1.3019192e-08,12.5492325,-12.449403,1.3906923e-11,2.4851122e-06,ENST00000451302.6,-1240,GTGGCTGCCGCCGTGGCCGCGTAGCCCGAACGCAGATCGTGGAAGCCGAAGACGCGGCAACGGTGGTCCCTCCAGATGCCAGGGAAGGTTTGCAGGAAGCCGCTCCCGACACCCTTTGCGCCACCGGAAGCCTCGTTCCCTCAGATTTCCCCCTCCCTCCCGGACCGACTTCCGGGTGTGGCTGCCGCCCTTCCCCCACCCACGCCGGCGGGAGCCGCCCGTTCGCGCTGCCAGCAGCTTCCGCCTGCTACGGTCCTGGCAAGCACCTCGGGATCCCATTCCTTCACAGGGACCCTAGCCAGTTAAAGCTGATACATTCCTGTGGGTCAACTATGCAACTAACTCAGATTTTGAGCAAACAAAGCTCTCAAGTTGGTGATCCTCAGGAGTCTCTGCATTAGTTGGACAGCTCTTCTGGAATTATCTTCTAAGTCAACTGTGGGTTGGGTAGGTGGCTCTGCTGATTTTTCGCTGGACTTCCACATTTGGGACGAGTTGGCTGTCATCAGCTCTAGAAAGGGTGTGGCCGTTTTACATTGGCTGTTTTCCTCACATTCCTCAAGCAGATAACTGATACCGTGCTTCCAGAAGATTTTTCTAACAGTGTTTGCAAGCTATAAAATAGTGCTTTCACTTAGAAAAGGCTAGACGTGGTGGTTCATGCCTGTAATCCCAGCACTTTGAGAGGCCGAGGCACCATGCTGGGAGATAAGGATCCAACATAAGACAAACAGTGCTGATGCTTTTGGAAAGCTCATATTCAAGCTGGGGAGACAAACAACATACAAAAGTTCTCATCATGATACTTTAAGGATGAGGACAGCTGATGTGGCTGGCCTGAAAAATAAGAAACTCACTCTGTCACTCAGGCTGGAGTGCAATGGCACGATCTCGGCTCACTGCAACCTCTGCCTCCCGAGTTCAGGAGGGCTCTGAGAGATTTCATTTCTGTCCTGCTGATGAAGTCTACGTTCATTCAGGGCCTGCTGTGGAAGACCAGCCCCAAAGGAATGAGACTACATACACTAAAAAACCAAAAAGCCTAAAAAAAGAGATGATATTTTAATTTCAAAAGCTTAATAATTTGCTGAACAGAAGACTTTTGAGAGTCAGCAGAAATCTTCCACTTTGCATGGTTCTCTTGATGTGAAATCATCTATATAGCCCCAGAATTGGAAAAGAAAAAAAATAAAAAAATGGAAGGAAACTGGA,False
1382,-358,9.622936,-9.543125,4.7455364e-09,9.874691,-10.316949,1.7016986e-09,7.436566,-7.078006,4.970513e-07,7.9798875,-8.153607,9.8471816e-08,5.8360305,-5.5439034,1.1422268e-05,2.4048475e-06,ENST00000444093.1,-358,CACAGGGCTGAAATCCCTAATGTTGAAGCTTCCTGACCAGGAAAACGAGCAGAGGGCCCAGAGAGCTTAGCCATTACAGAATGGCTTGGTTCGTCACTTGGCCTGGCTCAGCCCTGCTTTGGGATGTGTTGATAGTGCCTTTCTTGGACTAAAATCCTTGCTCTCTGCCTGTCGTGCTCCATGTCACTTCAGAATGCCAGAGCCAGAAAAGGCCTCAGAGCTCGGAGGCCTTGTGCTGTGGCTTTGTCTTTCTGCTTGCACCTGTCACGGCTCGCTTCAGGGAACAGCGCAGACCCGCATGCTCAGCTCTCAGTCCGGCTCCCTGCTACCCCTGTGACCAGGAGCACCTTCATGTCTGCTCGCCCTGTGATTTGGAGAGTGTGTTTGATGCGCTTGGCTTCTGCTGATGGCCTATCCTCCCAGTTCTGGCCAGAGGCAGATGCGGTGGGGGCCTCTTCTCCACTGCCCCCCTGCCTGCACCTCCAGCAGGTGGCCCAGTCCTATATTTCCATTGCTTTGCTCTTTCTTGCTTTAAAATAAACAACAAAGGCAACAGAC,False
1383,-357,7.8163843,-7.7006407,1.8240702e-07,8.687268,-8.86554,2.3818414e-08,5.846371,-5.560994,1.1113201e-05,8.102567,-7.9439626,1.0741888e-07,12.70179,-12.942591,7.2909985e-12,2.2853706e-06,ENST00000429962.1,-357,GGCGGGAGTTAAGTCGCAAGCGGCTCTCCGGGCATCCGGAGGAGCCTCGCGCCTCCAGCCGCCGCTCCTCCCCAAGGGGCTCTGGCCTGTCGGGTCCCCCCCGGCCCGTTGTCGCCCCAACCCCGTCCCAGCCGATTCTCTTGACTTCTGTCAGCGGCACTCACGCTCTGGCCATTGCTGCGCCGCCGAAGTCTCGCGAGGGGTAGCGCGCGCCGGAAGTTGGTACCATAGAGACTGGAGAGCCGGAGGTGCCCCCGCCACCGGGGCGGGGCGGGGCGAGGTCCTAGCTAGCTGGGTTAGTAAGCGGCGCGAGCGTGCGAGTTTCTGACGCGCCCGCGTCGTCCCAGCTCCCTGGACTACCAGTATTGTCGCCCACGTGGGCTTCTCTTTCGTCCGCTCAGGCCTCACTTTTCTCCGTAAACACCCCGGCACGATGGAGCGGCCCCAGCGTTCGGGAGCGGCCCGGGAGCGGAAAGCGGCAGTGTCCTGGGAGCCTCGAAAGCCGCAGGGGCGGCAGCTCGCCTCGGAATGACCTCTGACGGAAGAAATAAAACGGGGCCTGGGACGCTTGCACGAAAGAACCCGACAAAAACCAGAGCCCGCACTCACTCTCGTACTGGGGAGGTGGACTTCAGGGAGGGTTATCTGGAGGAGGAATCTCTCAAAGTACAACACAGGAGAAAGACAGTATCGCAATACAGAAATTTTATTTTTTATTTTATTATTATTTTCCTGAGACCGGAGTCTCGCTCTGTCGCCCAGGCTGGAGTGCAGTGGCGCGATCTCGGCTCACTGCAAACTCCGCCTCCCGGGTTCACGCCATTCGGCTGCCTCACCCTCCACAGTAGCTGGGACTACAAGCGCCCGCCACCACGCCCGGCTAATTTGCAATACGGAAATTTTAATAGCCTCAGCTTCCACGGAATCCATGCCCACATCTTCATAATCCTCCAGAGCTGCCAGATCCTCGCGGGCCTCGGAGAATTCCCCCACTGCCATGCCCTCCCCCACGTACCAGTGCACTAAGGCGCACTTGGCCGAACTTATGGTCCAGGCAGGCCCAGGCCTCCGTGATGGCCGTGGTGTTGCTCAGCATGCACACCGCCCGCTGCACTTTGGCCAGGTCTCCCACAGGGACCACCGTGGGGGGCTGGTAGTTAATGCCCACCTGTCAGAGATGGGCAGCATAGAATGAAGTTTATATTGGCCTCAGAAATGGGAGCTCATTAAAAATCAGAGCTGTGGACCAGTTCCAACACTGTG,False
1384,-65,10.534662,-10.30223,8.9259233e-10,8.448606,-8.393952,4.845851e-08,5.799792,-5.7456894,9.679596e-06,7.0456743,-6.9244103,8.5677885e-07,12.504491,-12.731445,1.09691405e-11,2.1171472e-06,ENST00000486015.1,-65,TGTGCGCCTGCCCTCTCGGTGTCGGAGAGACGCCCTTCCACCTCTGGGAGCCTCGGTCTGTTGGGGTCGCGGAGTTCGGGCGCGGCTCCGGGTACCCGAGACCAGCGGCGGCAACTTCTAACACGGGAGATTTCCCGCCACCCCACCCCGCCGCCGCGAGTCCTCGCGGGGCGTGTTGCGTGCGGAGAATCGACGGGATTTCTCTGGCTGTCGTTTGCGCTGCATTTATCCGAATACATCCAGCTCGCAGGCATCCTGCAAGAAACGGCTCCCGGCTCGCGTGTACGCCGACACCTCGGCCCAACGCAGGACTCGAGGTGGTTTCTAGTGCCCGGGTGGCTGCAAGTCTGCCCTCCGAGGGAGGCTGGACAAGCGGCGCCCCCAGGTCGAGCGGCCTCTCGCTGCCTGGCAGTGCCTGGCAGCCCCCACCTCTGCCAGTGCTTCGGAAACCCGCCTGGCCAGGTTCGCCCGCGGTGAAAAATGAAAGCAAATTCCCCAACAGAGGTAGCCGGAACTTTCCTCGACGAAGGCTCCCTCCTGCGCCTGTGTCTGGAGAACCCCCAGAGCGCTGCAAGTTAGCAAGAGAGATTCGATGGCGGCTCTGGAAGGCGCACGAAGGGTGGGGCGG,False
1385,-187,6.6552715,-6.672778,1.6281741e-06,9.732169,-9.885307,3.0216059e-09,9.933423,-9.536316,3.5026781e-09,11.340721,-11.451356,1.26336e-10,6.003459,-5.6395807,8.7798735e-06,2.0829398e-06,ENST00000565416.1,-187,AGTTTCCAGTGGCCAGGGGTACGCGCGGCCGGAGGGGCGCCGGGGCCGTACTCACCGCGGCCGTTCTGGTTGGGCCGGTACACGCTGCCCACGCTGAGGCGGCCCTGCTGCGCGCCGTTCCGCTCCCCACCCGGCGGGGGCGTGTCGGAGCTGCGCACCGGCAGGAGCTCCTGCCTGCCTGGATGAAGAGGAGGTCAAGACTTTGTCCCCCACTCCGCAAGATACCCTCTCTGTTCCGGAGCGGTGGGTCCCTCCCCTGTTAGGACCTTGTCTCCCTCAGGACTGGACCTGGATCCTGGGCCTGCAGTCAGATTGCCAGTTTCACTTAGAGGTGGAAATGTCAACCCACTGGTTGGAATGGGAAGGTGAGACAGGATTTCACCATGTTAGCCAGGATGGTCTTGATCTCCTGACCTCATGATCTGCCCACCTCGGCCTCCCAAAGTGCTGGGCTTACAGGCGTGAGCCACCGTGCCCGGCCAAAAATAACTTTTAAAAACATGAGTATAGCATACACACACACAAAAGTCCACAAATCCTAGGTGTACCACTTGATGAATGATCCCAACGTGAGCACACCTCTGGATT,False
1386,-1387,6.403491,-6.535898,2.401561e-06,7.1632247,-7.2224584,5.6542757e-07,6.809426,-6.5974903,1.5046996e-06,5.8313746,-6.239458,5.724022e-06,7.9356675,-8.003926,1.1954243e-07,2.0630505e-06,ENST00000437071.5,-1387,AACCACTGAGTGGAGTATTTAGTACACAGGAAGTCGGCCAGAGAAACATTTCTCATATTTGAAGGCCGGAAAGAGGGACATTTCTGACACCGGAAGTCAGTGAGAGGACTCTTTCCCACACAGGAAGTCAGCTAGAGAGCCGTCTCCCCTCTCTGGAGCCGAGAGAGGCCGGTTTCCCCCACCGACAACATCCAGAGGTGTCCAGAAAGAAGGTGGCCTTGACCAGAATTCCTCAGCCTTGGCTGCACATGAGAACCAGTGAGGGAGCCCTAAAAACGCTGATGCCCAGGCTCCACCCAGACCTATAGGTGCAGAACCTCTAGGGGAGGGCCCAGCCATCGCGCTTTGAAAAATCTCCTCAGGTCTCACATGAGTACTTCACAATGGGGAAACTGAACTGGAACTCTACTGACAACGCAGTTGGGAGTTCAAACTTAATAACCTTCCAGAGTTGGTATCAAATTCAGACGCTGACGCTCCTTGGAGAGGTTCTTTGCTGCAAGAGGATGGAAAGGATCACTGTGATTTTGTTTTTCTCCTGCTGCTCTGTCTGGAAGCCATGTGAGGAGGACATCTGAGCAGCCCTGTGGAGAGGCCCCCAGCCAACAGCCAGCATGAACTTGCTGGGCATGTGAGTGCACCACCTTGAAAGTAGAGCCTCAACCCCTGGTCAAGCCATCAGGGAGAGCTCAAGCTGGCCTGTTGGAAGATGACAGGCCATATGCAACAGACGTGAAGTGTCCCAGCTGATCCCCTTCCAGAACACCCACCTTCCAGATGACCACAGATGCAAGGGTGAGCCAGCCAATAGCTGCTGAGACATTCCCAGAAAGACAGAACATCCAGCTGACCCATGGACTCATGGGCGATCATGGATAAATGGATATTGTTTCAAGCTACTAGGTTTGGGGTTGGTTTGTTACGCAGCAATAGCTAACAGCTACACCTCTATTTTAAGGAGTTGTGAAGATAAATTGCAAAGGTACAGAAAAATGAATAGCTATAA,False
1387,-1388,8.605004,-8.836909,2.6611733e-08,6.953091,-7.0639253,8.174981e-07,7.215628,-6.94602,7.074149e-07,5.644575,-6.007896,8.697454e-06,9.904446,-9.990605,2.2892306e-09,2.0502537e-06,ENST00000435162.5,-1388,AACCACTGAGTGGAGTATTTAGTACACAGGAAGTCGGCCAGAGAAACATTTCTCATATTTGAAGGCCGGAAAGAGGGACATTTCTGACACCGGAAGTCAGTGAGAGGACTCTTTCCCACACAGGAAGTCAGCTAGAGAGCCGTCTCCCCTCTCTGGAGCCGAGAGAGGCCGGTTTCCCCCACCGTAGCCCACCTGGGAGGAATTTTCCAGAGATCACTGTCTGATGACCCTGTCTTGGAATTGGAGCCATGCAAGTTACACTGACCACGTTTGGGTTGGGATATTGAGGAGGTTATGGTTAAAAGCATACGATGGGAGATCATATTGTACTTGCGAGTGAGACCCGGCTGGAGGAATGTTTTAATTCTTCGGAAATACCAAGTGGTCTCTGTCTCACATGAGTACTTCACAATGGGGAAACTGAACTGGAACTCTACTGACAACGCAGTTGGGAGTTCAAACTTAATAACCTTCCAGAGTTGGTATCAAATTCAGACGCTGACGCTCCTTGGAGAGGTTCTTTGCTGCAAGAGGATGGAAAGGATCACTGTGATTTTGTTTTTCTCCTGCTGCTCTGTCTGGAAGCCATGTGAGGAGGACATCTGAGCAGCCCTGTGGAGAGGCCCCCAGCCAACAGCCAGCATGAACTTGCTGGGCATGTGAGTGCACCACCTTGAAAGTAGAGCCTCAACCCCTGGTCAAGCCATCAGGTAAGATTGCAGCCCTGGCTTATATCTGACCACAACCTCATGAGCAACCC,False
1388,-462,8.292852,-8.261338,6.465556e-08,9.713703,-10.11565,2.4446758e-09,8.189724,-7.84674,1.0850552e-07,8.090985,-8.213807,8.296952e-08,5.8880415,-5.6766667,9.495256e-06,1.950766e-06,ENST00000602609.1,-462,GCCTCCTTTGAATAGAGTAGTTCCTTGCGCTGAATATTATGGGATAATCTGAAATTTTAATTCTTGAATCAAATGAAATCTCTTTGCCCCGTAGGTGCAGAAGCCAGGGCCTTTCCACCTCACAGTACTGATTTCATTCCTAGACAGCTGGGTGAAGTAGCCTTCTGTGGCATCAACTGAATTCTCCCAGCTTCCTGTTTGGTCTTCCAGGGGTGAGGTTGTGGTTTGATGCTGAAAACTTAATGTGGGCATTTCTACAAAGGTGTAGCACCTTGATTCTAATAGTGGACTTCTAAAACCTACATCCTGTTTAGGTGGAAAGTATCTGAGACTTGAGCACAGCCATAGTCTCATCCAGGTATGACATGTGCCACTGTGTCTGAAATTCCTGAGCACCGAGGGCCGCTTCAGGCACCAGGCACTTTGCCAACCTGAGAGCTGTATGGGGCTGGACTGTCTAGTCTAACTAGGCAGTGAACCCTGTCCTGAACAGAGCTTGTTTGTTCATAAAGCACTCTAAAGCAGTGACTTTTAAATCTTGATCTGTGCATAATCTCACTCCTCCCAAAGAGTCATCAAGGGAGAGCAAACACCCAAGGGTAACGTTGGCTCACGTTCATTTTGTTGTTGTTGTTGAATTTTTGCTTCCTCCTATGACTAAGCAGAAAGAGAGAAAAGCAGTGTTTGGGGGCCTCTTCTCAGGCTGTGTTTAAACCCAGGTCACTTCCCTCAACAGGAAAATGGATTTTGACAGGCCATCTTGCTTAGAGATTTCCCTAATCACACCATAATTAATGCCAAATGGTTTCTTTGCTAACCTTAGTAGCACTTGAATAATTAACTTTTACTCTTTTCTTTTTTTAAAAGATACCTGCGAATCCACTGAAAAGTACATTAAACAAAACAGTATAGTTTTGGTTCCCCA,False
1389,-1454,7.3664856,-7.6339855,3.0575814e-07,5.728603,-5.9605894,8.383877e-06,7.273573,-7.26659,4.8449266e-07,7.921553,-8.218258,9.78519e-08,8.334382,-8.2825575,6.0723224e-08,1.8665405e-06,ENST00000435981.5,-1454,AAGTGTCCTGTTATTAAAGGGAGTTTGACCCTCTCTTGCTGGCTTGCTCTCATGCTTTCTTGTCCTTCTGCCTTCTGCCATGGGATGACACAGCAAGAAGCCCCTTGCCAGATGTGGGCCTCTCGACCTTGGACTTCTTAGCTTCCAGAACTAGGAGCCATTGAAGAATACTGTTGTCCTATCCCAGAAGGAGCAAGCGGACAACACTGATATCCTGACCACTAACCATCCAGCACCACTTAAAGTTTTAAAAAGAATAACAGAAAGAAAGAAGTGGCTGAAACCTAAATGCCATATGGAGAAGACAGCTAATTGCCACACTCTCCTCTTTGGTCTTTCCTGGTACGCAGCATACAAGCCCACAGATTGAGGACTCTGCACTTGCTGTTCTCTCTGCCTGGAGCTCTATGGCTCCAGATAGACTCCTGCCAACTCCTTCGCCTTGTCCAAGTTACCTTCATTAAATGTCAGCTTAAATGTGTGCCTACTTTTTGCCCTACCTAGAATTGCAAGCACCTCTCACCACTGTGCTCCCATTCTCCTTAACTTAAGCCACTTTTATTCTCATAATAAAGCCACATATTTTTTCTTATTATATCATAATCGTACTGTATAATTTATATTTTATTACTTTTGTTTGTATACTTATTGTATGTTTCTGTTCACAAGGATGTAAACCCCATGAACACAGAGATCTTTGATTGTTTTATTCACTGATTTATGCCAAATGTTTGGAACAATGCCTGGCACATAGTAGATGTTTGATAATTTTTTTTTTTTCTGAATGAATAAATACATTTTAGCCAAATATGCTGACTCTGCTTGTTTGGTTATATTTATGTGTGTGTGAATGTATGTGCAGAAAAAGAAGAAATTAGTTAATACCAAATCTATAAAATGGGAAAAATAATGCTTACCTTATAGTGTTGTTATGAAACTCAACTAATATAAGATATGTGAAGGGTCTAGCATAAAATGTGGAGCATAATAAGCATTCAATAAATGGCATTCTGTTTTATTAACCATCTGGTTGCCTATTGTTGAAGGTCGGCTCTTTAATGTGCAAATTAAGGTGTTTTATTTCCTTCATATATCAATTATAGTCTGTTTATTTACTTCTAGATAAAATCCTTTGATGGACATTTAAGCTGTGCCAACTATTTACTAATAAAAATATTTACATTCTG,False
1390,-169,5.7853336,-6.1680264,6.4375276e-06,7.9576497,-7.797395,1.4377086e-07,6.747915,-6.791011,1.3186178e-06,8.399482,-8.659319,3.903529e-08,11.619392,-11.661604,7.748038e-11,1.5878059e-06,ENST00000560750.1,-169,CGCCGTGCTCAGAAGAGGGCTCTGAGGCCACGCCCGCCTGTGGGGTCGGTGGCCGGGCTTCCGGGACCCCAGAGGGAGTCGTCGCGCGCTAGGTGGAGGGGACCCCTCTGGAATCCGGCGATCCCCGGGCGCAGATGCAGGAGCGGGTGGGGAGAGCCGCGTTCCTGGCATGTTTGCCTCGAGTTAGTCACGAAGGAATCGAAGAGAGCCTTAGTCTTCGAGGCTTTTCCCTTCCTGTGAGCCCCTTTGAGGCCAGCACATTGATTTTTTTTTCTTTCGCAGAACAATTTCGGACCTCCTGGGGTCTATGCTAGGTATGAGGTGTATCTTTGCCCTCCATCAAGTAGCAAAGATGGACATGTAAACAAATTTCGACACTGTGATGACTGCCACAAAAAGCAGCATTATGAGGTTGAATGTAAAAGGATAACCTTAGCGGCGGCGGGGGCCGGAGGATGAAGGAAGGCTTCCTGAGGTAGGCGCTGGTTGAAACTGAAGTTGGAGAGAGCAAGTGGCATTTGCTGAAGTGCATTTCCGGTAGAAAACTCCAGTGGTCCCTCACCTGACTGAGTGGCGCAGTCAGAGATAAATGGAACAGAGTCTACAAATAAACATTTTATAAAGATGATCCTTCAATACATATTCTACAGCCCAGTTAAAATGTGAGAGGCCATGATCTACAGACAGCCATTTATAAAGGTGGATCAGGGCCGGACACGGTGGCTCAACGTCTGTAATCCCGGCACTGTGGGAGGCCAAAGCGGGAGGATCGCTTGAGCCCAGGAGTTCGAGACCAACCTGGCCAACATGCTTTATGTGATTGACACAGACATGGAAGAGATCTGGTCCTTATGAAGAATTCTGTGCTCGCAGGAAAGATCTGTAGGAATAATGAAATGCTTTCTTCATTGATGAGATGAAGTCTCTGTTTTTCAGGCAAGTTGACAGAACAAAACAATGAGAAACGAACTTCTTTAGAAGGTTGAATGAAAGTAAGATCTAGATGAAAAAGTCATTGGCCAAAGATAATTTTTTAAAAAAAACATTCTATGTTAACCCTTGGAAAAAAAAACAAAAAACAACCCAGAGAAAT,False
1391,-143,8.520669,-8.891364,2.7418906e-08,5.7378497,-6.0366263,7.698509e-06,11.250138,-11.315048,1.5851284e-10,8.949784,-9.170778,1.3500171e-08,8.212571,-8.262812,6.995708e-08,1.5619087e-06,ENST00000603474.1,-143,ATCAGGGGAAGCACCAAACATCCTCAACTCTGCTCACCCATGGTTTTCTCCCGCCCTCCCAGAGCTCCTCCTGCTGATGGGCCCCCGACATGAAACTGGCACTCAGAATGAAGAATGCCTTTTCCAGCCTCCCTCGCTGGTGGAGTCTCCGTGTTCCAGCCAATGAAAGGAGGAAGCCTGGACAGCCTGCAGTTGAGGGGACCTGCACAAGCTCACAGGACTCTTCATCACCATGACACCACGCTCACCGCAAAATAAAAATGATCAAA,False
1392,-180,7.5236597,-7.768279,2.2845215e-07,7.643128,-7.722096,2.1230878e-07,10.96115,-10.5507,4.5448767e-10,5.915123,-5.957485,6.978928e-06,8.191062,-8.398698,6.2396296e-08,1.4965079e-06,ENST00000559861.1,-180,CACGAGTTGAGAAGAACTAGCAAGAGTGGTACAAAACTGCAGGTCATTGGGCTGGCCACCAGGTATTCCCACCCACCAGAAGCTGGCTGTTGTACTCACCCGGAACCATGGTGCACCACCACAGCGGCGAGGTCATACAGGCAGCTCTCCGGGCCACTGTTCTCAGGCTACAGAACAAGGAAGAAGGAGCAGTGGTCAATGACATCAGTATCTCGATGACCTCTACCCTCTCCATGTGATGACAATCTTACTGAAGAGCCATTTTTTCACCATGCTAAAAAGGGAAGAGGAGCACAGCAGTAACGCTGATGGGAAGAAGGTGCTGACAGATGGACTCACTGGGGTCACGGCAACAATCGACAGTACAGGTGGCAAACATTGTGTAAAATACTCCAAATCCAAGACACACATTTATAAAAGTCTGTAACAGGTAACATTACATGTTAGAGTTGTAACAAAACAGTGATTAAATCTCAACTAACTCTTATATTTGAATAAATTTTAATTACTTACATTTACTTTTAATAACTTGCTGTTTAGTGTTGAGTTTTCCAAAAGTTTTCTTTTCTTATGCCTGTCAGCTGTGAAAGCTGAGCTATTAAAACACAAACAGATAGTGA,False
1393,-759,5.7824383,-6.158819,6.5159074e-06,8.659375,-8.522131,3.452759e-08,7.1930156,-7.1106186,6.1377636e-07,9.384661,-9.67804,5.262286e-09,12.084072,-12.119055,3.081169e-11,1.4339009e-06,ENST00000514358.1,-759,TCGGATCCGTTTATTCCAAATGTCCCAGCCCACGCCGTGCCCAGAGTGTGGCGACACGAGGCCAAACTGCCCACCTACTGAAAATCTGTCTGTGTGCCGAGCACGCGCTCCCCATCCCTCTACCAAATGCCTGGCTGGCGCGTCATCCCTGGCTTTGATGGACGGAGTCTTGCTGTGTTGCCCAGGCTGGAGTGCAGTGGCATGATCTCTGTTCACTTCAACCTCCGCCTCCTGAGTTCAAGCGATTCTCCTGCCTCAGCTTCCCAAGCAGCTGGACTACAGCAGGGATGACGGCGCTCCTGGAGGCTGGCTGGGAAGCTGGTCAGGGTCCCAGGACTCTGACACCCCCAATGGCCCTTGTAGCCTTGGGGAGTCCTGTGATCCAAGGCTGGAGGACTGAGTCCCCTCCAGGTCTCATAGCAGACGAATAGCAGCTTCACCCAGGCCTGTTTTGTCGTGGCCCCATTCAGAGGCCGCCCTCCTCTGTGGTTTAGAGCATGCCCTGGAATCCCTAGCACAACCAGGGGTTACCTCCTGCTGGCTGACCCCTTCCTGTGCTGCGGGCTGGAATATAGGGTTTAACCCTGTTATAACCCAGAGGAACACAAAAGGAGGAACATCAGGCTTTATGGAGAGACTGGAAATGAAGTGGAGGTTTTCCTTGCTCATGAAACCTGGCTCACCCTACAG,False
1394,-439,8.689855,-8.857827,2.3940798e-08,7.565415,-7.7809825,2.1634366e-07,8.80891,-8.635671,2.6540869e-08,5.9687114,-6.1455483,5.480769e-06,6.8823037,-6.6957464,1.2680225e-06,1.4031233e-06,ENST00000413706.1,-439,GGAGGCCTCCATCTCAAAACAACGTGTTTTTAGAGAACTCAAGGGCTGTGAAAAGAGCAGGACCTCACCAGCTGCACGGCGGTGGTGACTGGCTCCATCTTGCTGTCCCTCCCAATCACACAACATCTCCCCTTGAAGGCTCTGCCCAGGCCCGGACTCCCACCTTTCAAGATGTCTGGATCAGTGCAGGACCTCCTCCTTGGCCACATCGCTCTCCTTGGACTGGTTCAAGTGATTCTCCCACCTCAGCCTCCCAAGTAGGATTACAGTGTTGACTCACCTGTGGAGTGGTCTGAGCCTGAATGCCCGGGGCTGTGGCCACCGAGTGAACGGGCTGTGCTAAGGGGAATTGCCACCTTGGGAAACCTGTGTAGTTGCGGCTTTTCTGATTAAGTATCAATAAAAGTCTGACCTTGTGAAAAAAGCAAACGTGAGTGGCCCTGCTTATGTTTCACCTTGCGTTGCTCAGTGATAGTTCTGCAAAGTCGCAGGAAACCTGGAATCATCTAATTATCGTGAGTGTTGGTTCCTTATTTAATAATGTCTAGTTGATTCATTAACATGGAATTCATGGCCAGTACCTCTGTCACTCATGCCTGACTGAAGTTGATCAGCACGTCTTTTTCTCCCTTAGGCACATGACAGCCTTCTTGCAATCAAGAAACTACGTGTGG,False
1395,-543,9.507027,-9.777846,4.2139137e-09,11.899332,-11.93709,4.446041e-11,6.059351,-6.188052,4.7975373e-06,6.5467567,-6.811355,1.5799554e-06,7.701453,-7.713831,2.0194219e-07,1.3167387e-06,ENST00000573414.1,-543,CAGGCGCCCGCAGCCTGCAAAGCGTCTCCAGTGCCGCCGCCTCAGTGAACCTCAACCAGCGGCACCTAGCAGCTTTCTCTGCCACCCTCTTCAGGCAGGAAGCCCGCCTGACCCCATGTCTCAGGCTGCCAGAGGAGCGTGCGATGAGGAAGGCTGGACTGTCTTCACAGGACACCAGGGAGAAGCCTCAAGCCACTGCCCCCTGACAAGTCGCAGCTCTCCAGCCTGTCTCCTCACTCCCCTCCCCTCCACATGGGGGGGTTGGGGTGGGGGCGGGGAAGGTTCGGGGCAGGGGTCATTTCAGCTACTGGGCACCAGTCTCCTCCTCATGTTTATCCTGTTCCCTTTGCTTGAAAGGTTCGTACTCCAGATCCTTGTAAAACCGCTTCTCACCCTTTGAGTCTCAGCTTAAATGTCCCCTCCTTGGAGGGGTCTTCCCTGACAATGAAGCTCCGACCGTC,False
1396,-623,6.539196,-6.850788,1.5303934e-06,7.1649137,-7.310387,5.169595e-07,6.361123,-5.947383,4.513171e-06,11.579,-12.008407,5.703214e-11,11.14988,-11.0583725,2.2650548e-10,1.3121614e-06,ENST00000526617.1,-623,CTGGCTATAGAGCGTGGCTGCTCTTCGCTCCACTCCATTGGATGGGGAGATGCTGGAATTCTGTTCCTCCCCCATGCTGCTGTCTGGGAGATGTAGCAGAGACCTCTTCTGATAGGAAGGGAAACAGATCCAGATGGAGGAAACATCTGATAAAGTTTGCCTAAGCAGCCAGCAGTCTATCAATCATGACTCTTCCAACCCTCATCCTGCATCTATATCTAGATTCAAAGAAGTCCATGCAGGAGGCAGTCTACACTTTTCAAGAGAAAATGGAAGGACTTCAGAGTTGATTTGATGAAGCTCAGTAAAAAACATAATTTTATGTTTCTCTTTTAAGTTGTTGGCTGTTTGTTTATTATGAAGCCATTTAAAGAGTTTTCTTGTTTAGCAGTGTATATATACTGCAGATCATGGTTACTGAGACTCTAGATGACAGAAGCGTGTAGTCTGTGTCCTTGGGTGACTTAAAAATAAAAGCAGAACTTTTA,False
1397,-1203,8.365741,-8.411651,5.1721543e-08,8.927871,-9.247597,1.2778926e-08,10.53434,-10.245036,9.454341e-10,8.088667,-8.22733,8.2044984e-08,6.0713573,-5.891679,6.375539e-06,1.304606e-06,ENST00000412882.5,-1203,GCAAAGTATGTCAGAAAGCAGATGGAAGCCAGGCCCCCTCCTGAAAGAGGCTCCTTGAAGATAATTCTAACATCTTTGTCATCAGTGTTGACATCTCTTGATTGTATCCTGTCATTCCATTTGAGATCTTCCTGGTTCTGGCTGGCATCCTCTGACATCACTCCAGCAGAAGAAAGGGAAGGAACACGCTGCATTACTGCGTGGCTGGGAACCCTGAATGCTGTAGTGTCACCACTGCCCTGTCCTGTACCTACCTATCTTTTCACTCATTTCCTCCAAGCTCAGGTTTTCAGTTTGGGGTATGTGCCACCTAACAGTGAGCTGTGGAACTGCAGCACAATCATCAAATTCAAAAAAGGCAAGGACATCTTGCTCAGTTTTTAAGATACGCCATAGATGGAGTAAACCATAACCTTTGATTCCAGATCCTTAACCCTGATTAAAAACAACACAACCCTTCATGTTGATTTAAAACATCCCTTGCAAAAGATGGTTTGAATATTCCAAGTTGGAAATACCCAGTCTTTTAAAGTTACAGCACCCTTTTTGATACAAAAAATGTGCATGACAGAAATTGTACAGTGAGTAGTGTTATAAAAATAACCAAACACACCAAAA,False
1398,-1276,9.305835,-9.248254,8.751081e-09,10.383938,-10.761679,6.555041e-10,9.282195,-8.9601755,1.1951959e-08,7.8623633,-7.9821963,1.3146045e-07,6.188372,-5.895999,5.6470503e-06,1.1599739e-06,ENST00000414722.5,-1276,CAGGGCTCCCCGACTTCCCTATGGCTGATGTCAAAACGCCTCGCGGGGGCAGCCCAGGGGCACGGCCGCTCCGGGGGTCCCCTTTCGTCTGGAGAAACACAGAGGCCCACCATCACCTGGCCGCGCCGTGCAGGCCTCTGCGCGGACCCCCGCCCCTGTCTCCACCTTCCCCAGGCCTGCGGGGCACGTGAGGCCTGGCCACACGGACCCGGGCGGAGGGCTGCGGGGGTGAAGGGAGCCCCCGCCCCAATTCTGCACCCCTGGCCTCCCGCCTGCCTCCTTGCGGCCGAGCAGCCTCCGCTGCCTCCGCGCCTCCCGCCCGCCCGGCGTTCGTCCGCAGGCTCGGCCCGGCTCCTCCTCCCGACCCCGATGGAGATTCAGAAACATAAGGACAACAAGAAACTTCCCCAAGGTATCATTATAGTCTTTAGACTTCAGACACACACCACACCTCAAATATATACACAACTGAAAGGAAAATTAAGGAAGTTTTTCAAAGAACCCTATTCCGAGTAAGAAGTGTGTTGCATGAATTTCTAAGAGCCAGAAAATGCATGACACAGGAGAAGATGTACCCTCATCTGTTCAGTGAGAGATGTGCAAATCAACATCAACACAGAACTGCTGAAGAAAAAAAATATGTGTGTGGATTATATATATACATATAAGTGTGTGTATA,False
1399,-785,10.1105,-10.230767,1.465211e-09,6.3492455,-6.8053136,1.9366303e-06,9.718009,-9.404358,4.957482e-09,10.094699,-9.816778,2.2519346e-09,6.0818973,-6.3995013,3.7966083e-06,1.1483826e-06,ENST00000549718.5,-785,AGTTGGGGCCTGGTCAACAGGGGTCCAGGAGCTGAGGCCTGGTTGGTGGGCCGTCTAGCAGTTGAGGCCTGGTCATCTGGGCCCGGCATTTGGGGCCTGATCGGCGGGGATCAGAGCAGTGAGGCCTAGTCAGTGAGGTGTGGATGTGGGGGCCTGGATGGACGTGGAGGAAGACGTGGCTACCCTACTTGCACAGGAGCAGGGGGCATCATTGCCCAGTGTGAGCAGTGAGACGTAGCTGCCACCCATCAGTGCCCTGGAAGTGAAGAGAAGACATCAGGAGATGAGGGACACAGAAAAATGGCTCCAGGTGCTTCTCGACTGCCAGCGACATAGGAGCGGCAAGGAGAGCAAGTAATGACGCCCTCCTCCCAGACTTGCCCCAAAGCCCCCCAGAGCTTGGTGGTGTCCCAGGACGGTCCTCCCAGGAAACATTTTGAATAAGTTGCTGAAGTGCCTGATGGACGTGGCTCTCGTCACGAAATGAGTTTGGATCCGAGAAGCCCTCTTCTTCATCGGAAAACAGGGAAGGGTCTGCAGAGGGGCCTGGAATGGGGAGGTTTGGGGGC,False
1400,-179,10.95424,-11.18628,2.4237862e-10,9.827328,-9.978881,2.5019147e-09,18.29774,-17.873075,1.9553065e-16,6.048775,-6.062055,5.499597e-06,9.128414,-9.327454,9.654248e-09,1.1023992e-06,ENST00000560067.1,-179,CCAGCAGAGGTGGGCTGGACACTGCTCCTGGCAAAGCTGGCCGGGAAGATGCAGCCCGTGGGACACTCCCCACCACCACTCTCACAGTCTGACTGACTGCGAAGCTTCACAGACCAGAAGGTTCATTCCTCACAAGAAAAGGAAAACCCTGGTCTGATACTACTGTTCTGAAATTTAACAGCCAGTTGGGTCCAGCAGCTTTGCCTCTCTACCCTTTTATCACCAAAGTATACTGCTGAGAAAGAATCAAATGAAAAGAAAAAAGACTCAACAAGACCTCACTCATATTAACTGGACTCTACAAGCAGTGAGCATCCAGACCTGCATTTGGTTACAAAAGAAGCCTTCAAGCTATTTTCATCAGCT,False
1401,-562,7.482423,-7.720191,2.497978e-07,15.468052,-15.516479,3.4961414e-14,6.104876,-6.152772,4.7486355e-06,7.2270713,-7.496426,4.0333524e-07,8.918943,-8.906406,1.813631e-08,1.083981e-06,ENST00000415780.1,-562,CAGAGTTTCGCTCTTTTTGACCAAGCTGGAGTGCAATGGCGTGATCTCGGCTCGCTGCAATCTCTGCCTTCCAGGTTCAAGTGATTCTCCTGCCTCAGCCTTCTGAGTAGTTGGGATTACAGGTGGCTTTTCTACAATATAAAGATGGAAATGGGAAGAAGATGTTCATTGCAAATTAAGGAAGCTCTTCCACGAGTTCACGAATGGAAATAACATCAAGAGTTTTTCATCTTCTTAGTGTGCAAGGTA,False
1402,-1389,8.373532,-8.523915,4.5870316e-08,6.742268,-6.761626,1.3656293e-06,7.3226695,-7.1327314,5.2735027e-07,6.1384835,-6.565067,3.040303e-06,9.90826,-10.0096245,2.2375488e-09,9.96278e-07,ENST00000440816.5,-1389,GTGGAGTATTTAGTACACAGGAAGTCGGCCAGAGAAACATTTCTCATATTTGAAGGCCGGAAAGAGGGACATTTCTGACACCGGAAGTCAGTGAGAGGACTCTTTCCCACACAGGAAGTCAGCTAGAGAGCCGTCTCCCCTCTCTGGAGCCGAGAGAGGCCGGTTTCCCCCACCGTAGCCCACCTGGGAGGAATTTTCCAGAGATCACTGTCTGATGACCCTGTCTTGGAATTGGAGCCATGCAAGTTACACTGACCACGTTTGGGTTGGGATATTGAGGAGGTTATGGTTAAAAGCATACGATGGGAGATCATATTGTACTTGCGAGTGAGACCCGGCTGGAGGAATGTTTTAATTCTTCGGAAATACCAAGTGGTCTCTAGATGGGTTTTCACTATTTTTCCCAGGCTAGTCTCCAACTTCTGGGCTCAAGCGATCCACCCGCCTTGGCCTCCTAAGTCCTAGGATTATAGGTCTCACATGAGTACTTCACAATGGGGAAACTGAACTGGAACTCTACTGACAACGCAGTTGGGAGTTCAAACTTAATAACCTTCCAGAGTTGGTATCAAATTCAGACGCTGACGCTCC,False
1403,-760,6.1005096,-6.4394336,3.580718e-06,9.406805,-9.274361,7.706777e-09,7.3871894,-7.306697,4.1545724e-07,9.98132,-10.283171,1.5821328e-09,11.586464,-11.59609,8.549576e-11,8.0110993e-07,ENST00000519432.1,-760,ACGATTAGCCCCATTTCACAGATGAGGAAACTCAGGCTCAAAGGAAATTGATTGCTTGCCCTGGGTCCCACTGCTGGAAGGAGGCAGAGTTGAAACTTGACCCCAAGTGCGGCTGATTCTAAAGCCTGTGACTCTTTGTTTTTGTTTTTGTTTTAAAGACGGAGTCTTGCTGTGTTGCCCAGGCTGGAGTGCAGTGGCATGATCTCTGTTCACTTCAACCTCCGCCTCCTGAGTTCAAGCGATTCTCCTGCCTCAGCTTCCCAAGCAGCTGGACTACAGCAGGGATGACGGCGCTCCTGGAGGCTGGCTGGGAAGCTGGTCAGGGTCCCAGGACTCTGACACCCCCAATGGCCCTTGTAGCCTTGGGGAGTCCTGTGATCCAAGGCTGGAGGACTGAGTCCCCTCCAGGTCTCATAGCAGACGAATAGCAGCTTCACCCAGGCCTGTTTTGTCGTGGCCCCATTCAGAGGCCGCCCTCCTCTGTGGTTTAGAGCATGCCCTGGAATCCCTAGCACAACCAGGTGACGAGAGTTCCCCGCTG,False
1404,-1286,7.1301403,-7.483859,4.5000826e-07,7.162332,-7.349866,4.98233e-07,6.5465446,-6.175787,2.983734e-06,12.33629,-12.801708,1.2097786e-11,11.5706005,-11.484963,9.7072315e-11,7.864169e-07,ENST00000525636.5,-1286,TGCCTCTGGGTTGGTGAACACATCAGATGCTGGGCAGGTGGTGTGTTGCCTCCCTCCATACCATGCATCTCTTCCCTTTGGCTGATCCTGAGGTGTATCCCTTAGAAATAAGCTGGTAAATAATAATGCTGTGTGCTCCCTCTTTGCCTGCTACTGAACAATGACGTCTCTTGTTGTGAACCCCACTGGCAGAGCACGGACCATGGAAGCATCTTTTGGCAGCACCAGAGAACTGAGCATCTCAAAGCATGAGTTCTTCTGTTTCTTCTGCGTGGGTTGACCATGGGCATCAGGCATCAGAGATACAACTCTGGATCTTGTCCATCCATTGCTGGGCACTCTGTCCATCCTGGGCGCAGAAGTTATACACACGTTTGCTGGTCTTGAGCTACAAAACCAAATGACAGTGAACCAGAGATGAAGGGCAGGGCTGTTTTATGGATTTGGGAGTCTACTGCTAAGATTTCAGCATGTCCTGTGGCTGAGTTAATCAGAGTTATGACAGGAAGGTACCGGGCACACCATCGCAATGCTCCATCAATGCTAGTATGTTGTGTTCTTTCCTTCATATCAAGTCAACTCAAGCTTGCTCTACTTACCTGGTGTACACAGTCTAAGAACTGTAAGAAGACTGGAGC,False
1405,-544,9.483768,-9.795969,4.235614e-09,9.690095,-9.862106,3.2254275e-09,6.17535,-6.315215,3.761965e-06,9.159193,-9.402199,8.687403e-09,8.437393,-8.4686365,4.547838e-08,7.6471844e-07,ENST00000577163.1,-544,CGGCCTCCCAAAGTACTGGGATTACAGGTGGAGACTGGACCTCAGAAGAGGGAGTGGGTGCCCCGAGAACTCACAGCTAGCGGACAGTGGAAAGGGCAGGAGCCGGACCAAGGTGAGGACAGTGGAACTGAAGGCCGCTGGTTACCTCTCCTGCCCTCCGCTGGCCACAGTGGAGAAGACAGCCCCTCCCTCCTGCTCTGACCTGACAGTGTTCATCCATCGCCCTGTATTAGCGAAGAACAACATCAAGCTGGCTAGCAAGGAACTGTATACAGGGTCCAGCTGGGTATCACACTGGATCTCACCCAAAGCTTAGATGTGATCCAGCTCAGTATCACAAAGCAGAACGAAAAGGATGTGTTTGGGCTGAGAGGCCATACATTGATGGAGTCTTGCTCTGTCGCCCAGGCTGGAGTCCAGTGGCGCGATCTCGGTTCACTGCAAGCTCTGCCTCCCGAGTTCATGCCATTCTCCTGCCTCAGCCTCCTGAGTAGCTGGGACTACAGGCACCTGCCACCACGGCTGGCTAATTTTTTTTTTTTTTTTTTTGAAATGGAGTCTTGCTCTGTTGCCCAGGCTG,False
1406,-1249,11.117562,-11.422103,1.626102e-10,10.403625,-10.662861,7.0948175e-10,6.4484696,-6.0307274,3.804978e-06,10.05566,-10.558665,1.1150947e-09,13.851295,-13.755705,1.0243116e-12,7.6139327e-07,ENST00000411670.5,-1249,TCGCGCTGCCAGCAGCTTCCGCCTGCTACGGTCCTGGCAAGCACCTCGGGATCCCATTCCTTCACAGGGACCCTAGCCAGTTAAAGCTGATACATTCCTGTGGGTCAACTATGCAACTAACTCAGATTTTGAGCAAACAAAGCTCTCAAGTTGGTGATCCTCAGGAGTCTCTGCATTAGTTGGACAGCTCTTCTGGAATTATCTTCTAAGTCAACTGTGGGTTGGGTAGGTGGCTCTGCTGATTTTTCGCTGGACTTCCACATTTGGGACGAGTTGGCTGTCATCAGCTCTAGAAAGGGTGTGGCCGTTTTACATTGGCTGTTTTCCTCACATTCCTCAAGCAGGTACTGTAATAAAGAACTGGAGAAATACAGTCAGATGGGAAGTAGCCCTTGCTGTCAAGGAGCTTGCCATCTAATGGGGGAGACAGGCAAGTAAACCAAAGACTACACAGTGCAGTATGAATTTCCTTTCATCTCTGGTAAAAGTCAGCTCTCTAACTACTGCATCTCACAGCTGAACAGATAACTGATACCGTGCTTCCAGAAGATTTTTCTAACAGTGTTTGCAAGCTATAAAATAGTGCTTTCACTTAGAAAAGGCTAGACGTGGTGGTTCATGCCTGTAATCCCAGCACTTTGAGAGGCCGAGGCACCATGCTGGGAGATAAGGATC,False
1407,-568,8.691711,-9.00147,2.0699007e-08,15.5651245,-15.2940445,3.9630832e-14,6.2704105,-6.2258835,3.740476e-06,10.656196,-10.861501,4.5183846e-10,11.900262,-11.9707155,4.2950303e-11,7.523339e-07,ENST00000590186.5,-568,AATTAAAGGGGATGAAAGATACATTGGTCCCTGCAGTGGGAAGTTTCCTTGACAATGCAATTATTGATTCCAGAAGGCTGAACAAATGTTGACAGAGGAACACACTGTTTGCTTATGTCTAATCTTCCCATCTGACTTATATAAATGTCACAAATGAATCTCAGACATGTGCCCAATATCAAATATCCATACGATGGCCCTGGAAAGAGGCAATCTACATTTATGGCTGATGAGAAGATGGATTTTTAGCTTGAAAGAAACTTATTACTGGGGAGAGGAAGTATAAATGAATGGAGAGAGCTATGAAGAGGTTGAGAGAATACAGCCAAGGCACATGACAGAATTGCTCTGTTGAAGTTTTGCAAGGTCAAATGACTCACTTTGTCTAATGGAACGGGAACGAACAATTTTTTTGTGTCACGTTTGAACAGATACCTTTGAGAAGTTTATGATTCTCCAAGTTCTCTTTCTCCTACTGTGGCACCTACTGACAAGATAAATGTGTAGAGGTTCCTGAGTCTAGGGGCACTGGAACCAGCTGACTGATCTATGGAAGTTCCCTTGGTCTCCATTTGTTTAGAAAAGGGATGAAGAAACTGAGGCCCACAGAAGGTGGGTGATACCTGCAAAATCACAAGCTTTCATGGTGAAAGAAGAGGGCAAAACTCAACCCGTCTCTTTAGACT,False
1408,-497,6.4457855,-6.6881595,1.9769655e-06,6.5515366,-7.01385,1.2841826e-06,10.989028,-10.379897,5.2431676e-10,15.069434,-15.394156,5.886142e-14,12.568691,-12.444771,1.3702236e-11,6.5233723e-07,ENST00000546674.1,-497,ACGCCCAGCCAGGATCACAGACGTTTAAATTACACTCCTTCTGCTGTGCCTTACAGCAGTAGAAGGGGTGAAATTTAAACGTCTGTGATCCTGGGGTTGTTGAAGATGCCACCCATCTACATATTCTTTCAGATGCACAATATTTCACTGTGTGAATGAAACAGCAGCCCTTCTTACGTGTGCTTTTGGAATTTGAAGATTTTGTAAGATAAGATGAATGCATTGGAACAAGTGATCCTCAATTCTGTGCAGTCTGTGCCTCCGGAGACTGGCGGCTGCCCCTCCCTGTCTAGTCTTGCAAGAGAGGCAGCTGGCAAGAGGACAGAAGCCGGCAGCTGCTGCGTTTTCATCCTGTTTCTGCTCTTGGAGCTGAGGGGGAGAGGTGGCTAGCAGCCACCCAGTGATCAAACTTGCAGCCTGCCTCTCTTGCTTCCTTTTCACAGACTGGAGTGTGCCTGGGTATGGAGAAAGAACATTTTGCTTCTTGCCTCTCAGAGTTTCAAGAACGCCTCACCTGAGTGGCATGCATTCACGGAATGAGTAATTATTACAGTGGAGAACTCCTCACTGTGAATTAATTACACAGATGATATTCAAGACTTAGACTGGGCTAGTGCAGGGGTTAGCAAACTATGGCCCACTGTTCTTGTTTTATAAATAAAGTGTTATGAGCACA,False
1409,-731,12.3994055,-12.666732,1.2999148e-11,14.178689,-14.274189,4.39615e-13,15.454042,-15.106331,5.343164e-14,6.346157,-6.397184,2.9217015e-06,8.114775,-8.276774,7.607484e-08,5.9955795e-07,ENST00000559357.5,-731,CCACCAGGTATTCCCACCCACCAGAAGCTGGCTGTTGTACTCACCCGGAACCATGGTGCACCACCACAGCGGCGAGGTCATACAGGCAGCTCTCCGGGCCACTGTTCTCAGGCTACAGAACAAGGAAGAAGGAGCAGTGGTCAATGACATCAGTATCTCGATGACCTCTACCCTCTCCATGTGATGACAATCTTACTGAAGAGCCATTTTTTCACCATGCTAAAAAGGCCAGTTGGGTCCAGCAGCTTTGCCTCTCTACCCTTTTATCACCAAAGTATACTGCTGAGAAAGAATCAAATGAAAAGAAAAAAGACTCAACAAGACCTCACTCATATTAACTGGACTCTACAAGCAGTGAGCATCCAGACCTGCATTTGGTTACAAAAGAAGCCTTCAAGCTATTTTCATCAGCTTCCTAATCAAGTTAAAAAATAAACCACAAAACTGAGTATCCA,False
1410,-111,11.450175,-11.267474,1.3609752e-10,6.5423994,-6.441376,2.2972947e-06,10.284369,-10.166168,1.3135418e-09,7.166264,-7.0814185,6.4909733e-07,12.542858,-12.815484,9.705375e-12,5.895703e-07,ENST00000550644.1,-111,AGAAAACAAAGAAAAATAAAACCCAGTTTATGTGGAGGATTTTAAATCAAGGGAGAGACAGACACCAGTAAAACCCGAGCACATTCTTCCTTGAGGGGCTGCTCCAGTGCCTGGACTCTCCTCTCATGCCACAGGACATCCCAACATGACTTCAGATTGCCCTATTGCCTCAAACATCAGCTGTATGATGAAGATTCCCAAATCCATCCCCAATTCCAATCTCTCCTCTGAGTCATAGAGCTGTATATGCAAACGCTCAACTGCACATCCCAACTGGCTGCCCACTGGCACCTCCAACTCAATCAATGCAAATGAAACTCATCACCTTTCCTTCTCATCCCCAACCCTGCAGCTCCACTTGTGCCTCTGGTCTCAATGCATATCTGCCAGCCTCATCCACTGCCAAAGCCTGAACTGGGCATCATAGGTGCCTGAGCTCCTGCACCCATTCATGCAATCTCTCACCAAGCCCTGTCATCGTCTACATCTTTTGTGTCTTCCCCTCAGTGACTACCCTAAATTGGGCCACCAACTAATCTCCCTGGCTTCTGTTTTACTCTTTCAATCTAT,False
1411,-1285,8.165287,-8.505714,5.7527576e-08,7.0873513,-7.272383,5.802916e-07,6.7225466,-6.3098726,2.1882217e-06,12.489299,-12.921202,9.2121345e-12,11.155676,-11.078244,2.2076528e-10,5.6525425e-07,ENST00000499953.6,-1285,GTTCCAGCCCCGACCCGGGCGCGCGGGGCCGACTAGGGTCGGGTCCAGTGTGCGGTGGTCGCTCCGCTCCGGGCCGCTCCGCTCTGGGCGTCAGGGCGCGGGGAGCTGCCCCGGGGTTCTGTCCACCGGGGAGGAAAGCCACGAGCACTGAGCGCCTCCTGAGAGCCAGCCCTGACGTGAACTCATTTTATCTGCCACGACCCAGAAGCATGAGTTCTTCTGTTTCTTCTGCGTGGGTTGACCATGGGCATCAGGCATCAGAGATACAACTCTGGATCTTGTCCATCCATTGCTGGGCACTCTGTCCATCCTGGGCGCAGAAGTTATACACACGTTTGCTGGTCTTGAGCTACAAAACCAAATGACAGTGAACCAGAGATGAAGGGCAGGGCTGTTTTATGGATTTGGGCATGGTATGAGCAGGGCTAAGTGGAAAAAACTGTATCTATCTTTCATGTTAAAGAAGTCCAGAAGACTGGGAAACAGATCCAGATGGAGGAAACATCTGATAAAGTTTGCCTAAGCAGCCAGCAGTCTATCAATCATGACTCTTCCAACCCTCATCCTGCATCTATATCTAGATTCAAAGAAGTCCATGCAGGAGGCAGTCTACACTTTTCAAGAGAAAATGGAAGGACTTCAGAGTTGATTTGATGAAGCTCAGTAAAAAACATAATTTTATGTTTCTCTTTTAAGTTGTTGGCTGTTTGTTTATTATGAAGCCATTTAAAGAGTTTTCTTGTTTAGCAGTGTATATATACTGCAGATCATGGTTACTGAGACTCTAGATGACAGAAGCGTGTAGTCTGTGTCCTTGGGTGACTTAAAAATAAAAGCAGAACTTTTATACCTTT,False
1412,-186,7.3148823,-7.304892,4.474172e-07,9.529625,-9.699431,4.4558086e-09,8.75128,-8.350108,3.7407784e-08,10.798481,-10.876318,3.8614856e-10,6.6929874,-6.2898755,2.2993945e-06,5.578123e-07,ENST00000562965.1,-186,GGGCCCGGGGGGCCCGGAGCAGTTTCCAGTGGCCAGGGGTACGCGCGGCCGGAGGGGCGCCGGGGCCGTACTCACCGCGGCCGTTCTGGTTGGGCCGGTACACGCTGCCCACGCTGAGGCGGCCCTGCTGCGCGCCGTTCCGCTCCCCACCCGGCGGGGGCGTGTCGGAGCTGCGCACCGGCAGGAGCTCCTGCCTGCCTGGATGAAGAGGAGGTCAAGACTTTGTCCCCCACTCCGCAAGATACCCTCTCTGTTCCGGAGCGGTGGGTCCCTCCCCTGTTAGGACCTTGTCTCCCTCAGGACTGGACCTGGATCCTGGGCCTGCAGTCAGATTGCCAGTTTCACTTAGAGGTGGAAATGTCAACCCACTGGTTGGAATGGGAAGGTAGGGTGTGGGGTCGGGGAGTACCTTCATTTCTATCTGCCCAGGAGGCCAGCCGCTTCCTGCATAGCATTTCCTTCCTGCAGTATGGGAAGGACCAGGCTTTCTCAGACCACAGAATCTTGAGAGCCATTTCCACGTGGAGCAAGTGGTGGCTACCAGCCTTGGGTCTACATAACTAGGGCCTCATCCCTGGCCCAAGAATCCTGCTCCACAGCCTTCTTGTGTCCCTGTAGGAGGAGAAACACCTGGCAACTTAAATTTTTTAAAATAACTTTTTTTTTTTTTTGAGACGGAGTCTCGCTCTGTCTCCCAGGCTGGAGTGCAGTGGTGCGATCTCGGCTCACTGCAAGCTCCGCCTCCCAGGTTCATGCCATTCTCCTGCCTCAGCCTCCCAAGTAGCTGGGACTACAGGCACCTGCCATCACGCACGGCTAATTTTTTTGTATTTTTTTAGGTGAGACAGGATTTCACCATGTTAGCCAGGATGGTCTTGATCTCCTGACCTCATGATCTGCCCACCTCGGCCTCCCAAAGTGCTGGGCTTACAGGCGTGAGCCACCGTGCCCGGCCAAAAATAACTTTTAAAAACATGAGTATAGCATACACACACACAAAAGTCCACAAATCCTAGGTGTACCACTTGATGAATGATCCCAACGTGAGCACACCTCTGGATTACCACCTGGATCAAGAAATAGGACATCACAGCAGCTGGCAGCTTCCAAGGAGAAGCTCTGGAAAGTTCTGCCTGTCTCAGCACCTGGCTGGATCGGAAACGAGTTTTCTTTAACCAGATTT,False
1413,-1455,10.588858,-10.888154,4.706e-10,9.04679,-9.259566,1.12111564e-08,6.481168,-6.445655,2.4319306e-06,11.9658165,-12.316827,2.8456562e-11,9.275219,-9.10075,1.0457264e-08,4.908196e-07,ENST00000419905.5,-1455,GGCTTGCTCTCATGCTTTCTTGTCCTTCTGCCTTCTGCCATGGGATGACACAGCAAGAAGCCCCTTGCCAGATGTGGGCCTCTCGACCTTGGACTTCTTAGCTTCCAGAACTAGGAGCCATTGAAGAATACTGTTGTCCTATCCCAGAAGGAGCAAGCGGACAACACTGATATCCTGACCACTAACCATCCAGCACCACTTAAAGAGGTCCCAAAACCCCCGGCTGTCTACCAATACCCATCTGTGACCTCTTAGGAACCGAGCTTCACAGCAGGAGGTGAATGGTGGACAAGCGAGCATTATCGCCTCAGCTCCACCTCCTGTCAGTTTTAAAAAGAATAACAGAAAGAAAGAAGTGGCTGAAACCTAAATGCCATATGGAGAAGACAGCTAATTGCCACACTCTCCTCTTTGGTCTTTCCTGGTACGCAGCATACAAGCCCACAGATTGAGGACTCTGCACTTGCTGTTCTCTCTGCCTGGAGCTCTATGGCTCCAGATAGACTCCTGCCAACTCCTTCGCCTTGTCCAAGTTACCTTCATTAAATGTCAGCTTAAATGTGTGCCTACTTTTTGCCCTACCTAGAATTGCAAGCACCTCTCACCACTGTGCTCCCATTCTCCTTAACTTAAGCCACTTTTATTCTCATAATAAAGCCACATATTTTTTCTTATTATATCATAATCGTACTGTATAATTTATATTTTATTACTTTTGTTTGTATACTTATTGTATGTTTCTGTTC,False
1414,-171,6.561845,-6.955576,1.3472809e-06,7.866985,-7.7137914,1.7114131e-07,6.9878297,-7.048767,8.016473e-07,8.532837,-8.807596,2.9454089e-08,12.433097,-12.488489,1.5020802e-11,4.6990772e-07,ENST00000558323.1,-171,TTTTGTTATTTTCGCAATTTATTTTCAAATATGTAATACGCGAACTTGGTACAACATTCATGTGATAAAAAGGTAGATACGTGGGCAGGACGCGGTGGCTCACGCCTGTAATCCCAGCATTTTGGGAGGCCGAGATGGGCGGATCATTTGCTGTCAGGAGTTCGAGACCAGCCTGGCCAACATGAGTCTACAAATAAACATTTTATAAAGATGATCCTTCAATACATATTCTACAGCCCAGTTAAAATGTGAGAGGCCATGATCTACAGACAGCCATTTATAAAGGTGGATCAGGGCCGGACACGGTGGCTCAACGTCTGTAATCCCGGCACTGTGGGAGGCCAAAGCGGGAGGATCGCTTGAGCCCAGGAGTTCGAGACCAACCTGGCCAACATGGTGAGACCCCATCTTTACAAAAAAATATATATATCCAGGCATAGTGGTGTGCACCTGTGGTCCTGTGGTCCCAGCTACTCAGGAAGCTGAGGCAGTTGAGGCTGCAGTGAGCCACGTTCTGGCCACTACACTCCAGCCTGGGCATCAAAGTGACAAGACCAAAAAAAAAAAAAA,False
1415,-542,7.9214563,-8.218477,9.7839774e-08,9.97491,-10.116488,1.8811204e-09,7.3137403,-7.394863,4.093877e-07,6.9866343,-7.2852387,6.3358345e-07,7.056998,-7.0885987,7.1886143e-07,3.723107e-07,ENST00000575139.1,-542,TAGCGGACAGTGGAAAGGGCAGGAGCCGGACCAAGTGTTCATCCATCGCCCTGTATTAGCGAAGAACAACATCAAGCTGGCTAGCAAGGAACTGTATACAGGGTCCAGCTGGGTATCACACTGGATCTCACCCAAAGCTTAGATGTGATCCAGCTCAGTATCACAAAGCAGAACGAAAAGGATGTGTTTGGGCTGAGAGGCCATACATTGGCTCCGGCATGACGGGTGACTTCTTCCGAGTCTGGCTTCTGCAGCACACAGGGCTTCGCCAGCACCCAGCTCCTGCAGCATGGGCAGCTCCTGTGACAGCAGGCGCCCGCAGCCTGCAAAGCGTCTCCAGTGCCGCCGCCTCAGTGAACCTCAACCAGCGGCACCTAGCAGCTTTCTCTGCCACCCTCTTCAGGTCTGGATCTAAGCCCAGGGACCAGGAAACCTCTTGCTTGAGTGCTGGAACTCAGGCCAGAAGGACATCCCTGTAGAAGTTCTGCTGCGTGTGGTCCAGCCGTCCCCACTCCTCCCGGGAGAGGTAC,False
1416,-621,7.9756107,-8.31637,8.4039335e-08,6.6453114,-6.8321843,1.40216e-06,7.6585155,-7.237276,3.3949985e-07,12.454391,-12.87701,9.970386e-12,11.645473,-11.550354,8.436846e-11,3.651587e-07,ENST00000527406.1,-621,AGGTTCCAGCCCCGACCCGGGCGCGCGGGGCCGACTAGGGTCGGGTCCAGTGTGCGGTGGTCGCTCCGCTCCGGGCCGCTCCGCTCTGGGCGTCAGGGCGCGGGGAGCTGCCCCGGGGTTCTGTCCACCGGGGAGGAAAGCCACGAGCACTGAGCGCCTCCTGAGAGCCAGCCCTGACGTGAACTCATTTTATCTGCCACGACCCAGAAGCATGAGTTCTTCTGTTTCTTCTGCGTGGGTTGACCATGGGCATCAGGCATCAGAGATACAACTCTGGATCTTGTCCATCCATTGCTGGGCACTCTGTCCATCCTGGGCGCAGAAGTTATACACACGTTTGCTGGTCTTGAGCTACAAAACCAAATGACAGTGAACCAGAGATGAAGGGCAGGGCTGTTTTATGGATTTGGGTAAGTGGTAAATCAGTTCCTGTGACCTTTCTTTTCCATACTGCCCCAGAACGTCTGTATGAATTTTTCTTCCTCAACTACCATACTGTTATTGCCTTTACTTTTGTGGTCTCTAGAGTCATAGGGGATGTTGATAGAAGGGTACTGGCAGGAAAGGGAGACACACTGGGAGCGCCTTATTTTGCATTTTCTTAGTGTCGTCTTTGACTAAGGAGGAAGGGTCAGCAATGAATGGTGCCTTTAACCTTTCCCATGC,False
1417,-620,7.818225,-8.1786175,1.12891065e-07,6.861528,-7.0545874,9.0429e-07,7.47587,-7.044697,4.940805e-07,11.2996855,-11.73718,9.8904614e-11,10.8559475,-10.750952,4.1327858e-10,3.0235475e-07,ENST00000498905.2,-620,GCAGGTTCCAGCCCCGACCCGGGCGCGCGGGGCCGACTAGGGTCGGGTCCAGTGTGCGGTGGTCGCTCCGCTCCGGGCCGCTCCGCTCTGGGCGTCAGGGCGCGGGGAGCTGCCCCGGGGTTCTGTCCACCGGGGAGGAAAGCCACGAGCACTGAGCGCCTCCTGAGAGCCAGCCCTGACGTGAACTCATTTTATCTGCCACGACCCAGAAGGAGTCTACTGCTAAGATTTCAGCATGTCCTGTGGCTGAGTTAATCAGAGTTATGACAGGAAGGTACCGGGCACACCATCGCAATGCTCCATCAATGCTAGTATGTTGTGTTCTTTCCTTCATATCAAGTCAACTCAAGCTTGCTCTACTTACCTGGTGTACACAGTCTAAGAACTGTAAGAAGACTGGAGCAAAACCACTCCCCTGACAGTTGAGGGTCAAGCTGCTCCTCTGACTGAATTTGTGACCAAAAGAGAGCCACTCTTTTTCAACCAACATCTGGAAGCCTTCAAGTGTCCTATAAAAGGGATCACTGAGTAACTGAACCAGGGATGTCACCTAGGGCATAAGCAGGATGGATTGTCATTAATTTTAGTTCTGAAAAAGGCCTATTACTAAGATAAAAGCACTTCCTTCTGATGATAGCTAATTCACAAATTTACCTGGACAGCAAATTTGTTCACTAACCATTCCAGGATGGCCAATAAAATTAATTTTGTAAACTTGCCAGTAAAAACTAAAGCTCAAATTCATTTTGGCTACAAGTTTACTTTCAGGGAATTGAGACTTTAATCCTTAACTGGCCAGTTTGCTGACAGCAACCTTTTCCTAAGTTAATCAGAGGCCAGAGGATCAGTTAAAATCAATTCTACTTTTTGGCAGATGCAGATTAATGTCTTAATGTAGTCTGAACTCACACTTTTCACTCTGGAGTGAGTTAAGGCGGGGCTTATAGAGAGCCAGGGGATGGACTGACAAAACCCAGGAAGGATGGTCCACGCCTCACACTGCTGGTCAAGGGCTCCATCCGCAAGCCTGCATGGTACATCTGTGGATGGGAGAGCTTGATGCCCGGAGCCAGAGCTCCAGGCTGCGTAGGGGCTAAGAGCTCATGGTACGGAGTTTTCTGATGGATACCAGGTGCTGTTTAACACAGGACTTTCTCTGTCCATAAACACATTAGTCATTATACAAAAGAGTCATCTGAAGAATTTAAAAATGACCAAATGGAAATATAAATATAAAATATCAAAAAATATGTCTAATAGTTTACTTGTGCAGTGATGTCCCAGCCTTCCTCCAAACAGACCAAAACTGAGGAACCATTCTCAAGTACTTCTGATACAACCACAGCCAGCTGCATTATCCTGTGAAGCTAAGAGACAGGAAGGAGAACACAATTAGACCAAGCGCTTTCTGAGTGCAGAAGTCAGAGAGAGTTGCTTTCAACCCTGGATAATCAAACGACTTAGGGATAAAGCGCTTGCACAAAAGAACCACATAATGTTTTAAATACCTAAAGTTCTTTCAAATCAAGATTAAACAATGACACTTTTGACTGGATGCAATGACTCATGCCCATAATCCCAGCACTTTGGGAGGCCGAGCCGGGCAGGTCATTTGAGGTTCGGAGTTCGAGACCAGCCTGGGCAACATAAGCAAGACCCTGTCTCGAAAAATAAAAATAAAAAAGATACTCCTATTTGTCTATACTGTGTACTAAATGAGAAAAAAACTTTCAATATATTTGTGCTAAGTTTTTAAAGCCACATCAATTGGCTCAAAGTCCTTAATAAACAATTAAGGTATGAGAATAGTATATAGATTTTAAAACCAGATGTATAACATTGTAATTTTAAAAAATATTTTAATGATCATCAGACATAATTTGCAATTTGAATCCAACTCTGAACAAGAACAAAAATGAAAAAACCCATCTCTTAAACAGAGCTAGGCTACTTTAAACACAGGAATAAGGCAAATGCCCTACTCAGTAATGAGAAGCTCCTCATGTAACTGTTTCTACAACATAGCTATCACCAGGCCTGAATTCTTTTGGGCTCAGAATTTGTTCTAAGAAATGGCTATTATTAAAAAGTCAAAAAATAACAGATGCTGGCGAGCCTGTGGAGAAAAGGGAATGTATATACATTTCTGGTGGGAATGTAAATTAGTTCAGCCATTGTAGAAAGTAGTTTGGTGATTTCTCAAATAACTTAAAACAGAATTACCATTTGACCTAGCAATCCCATTACTGAGTATATACCCAAAGGAATATAAATTGTTCTACCATAAAGTCACATGCACACACATGTTCAGTGCTGTACTATTCACAATAGCAAAGACATGGAGTCAACCTATATGCCCATCAACGGTAGACTGGATAAAGAAAATATGGTACATATACACCATGGAATACTACACAGCCATAAAAAGAATGAGCTTATGTCCTTTGCAGTAACACAGCTGAAGCAAACTAACACAGGAATGGAAAACCAAATACTGCATATTCTCACTTATAAGTGGGAGCTAAACATTGAGTACACATGGACACAAAGAAAGGAATAGACGCCTGGGGCGTATTTGAGGTTGGAGGTGAGAGGAGGGTGAGGATAGAAAAACTACCTATCAGGTACTATGCTTATTACCTGGGTGATGAAATAATCTGTACACCAAACTCCCAAGATATGCAATGTACCTATACAACAAACCTACAT,False
1418,-66,10.094262,-9.836131,2.209735e-09,8.687737,-8.64889,2.956638e-08,7.458608,-7.413641,3.4758733e-07,7.0006347,-6.8877034,9.297603e-07,13.076562,-13.330299,3.4013105e-12,2.6182542e-07,ENST00000484411.1,-66,CCCGGTTTCGACCGGCGCGCACCTGGGGCTGAGCCGGGTGCGCGCGGGGGTCGGGTCTGGAACTGCCCTTGAATCGACGGGATTTCTCTGGCTGTCGTTTGCGCTGCATTTATCCGAATACATCCAGCTCGCAGGCATCCTGCAAGAAACGGCTCCCGGCTCGCGTGTACGCCGACACCTCGGCCCAACGCAGGACTCGAGGTGGTTTCTAGTGCCCGGGTGGCTGCAAGTCTGCCCTCCGAGGGAGGCTGGACAAGCGGCGCCCCCAGGTCGAGCGGCCTCTCGCTGCCTGGCAGTGCCTGGCAGCCCCCACCTCTGCCAGTGCTTCGGAAACCCGCCTGGCCAGGTTCGCCCGCGGTGAAAAATGAAAGCAAATTCCCCAACAGAGGTAGCCGGAACTTTCCTCGACGAAGGCTCCCTCCTGCGCCTGTGTCTGGAGAACCCCCAGAGCGCTGCAAGTTAGCAAGAGAGATTCGATGGCGGCTCTGGAAGGCGCACGAAGGGTGGGGCGGGGGAGCAAAGAGGCCACTGGGTGACCCAGCCTGGTCCGGGGTGAAACGCTAGAGAAGGCGCCTCGCCTTCCTTATTTCAATGCAACTCCTCGGCCCCAGACGGTAAAAATAGTTTCCAAGCTGCCGCGGACGCCCAGGATGTGTTTGCAGAGATCAAACTGGGGAGGAGGCAGCTTTGTAAAAGTTGCAGAAAGATTAGCCGAGAAGCGTCCGCCCGGCGGGGCTCAAGAAAGCTTGGGGACAGCTCCATGTTCCTTGGGGCGGAATGGCCCAAGAATTGGCCTGGGTAACCCCCTGCCCAGTTCTCTGTCCTCACTTCGAGCCAGTGCTTAAATAACTTCCCGCCGCCTGCCCTGCAAACTTCCCGGCGCGGCGCCGTTGAGGCCAGGACACAGCAAAGGCTAGCAAAACCCCGCCGCGGCGCGCTCGGCCCCGGCCCTGAGAGGCTGCGCGGGTGGGAGGACCAGTGTGGTTTCTGCTCCCACTCGGCTGCCCAGACCCTCAAGACCGATCCCCCAACTCCTGGGAGCGGGTGCTTCCCTCTGGGAGCCGAGATCTTGCGGGGCCAGCGAGGGCGCAAAGTGCGCGCGCTGGCCCGCGCGGGGGCGGCCGC,False
1419,-295,7.1090956,-7.344326,5.283948e-07,7.442743,-7.783074,2.440685e-07,8.743526,-8.146692,4.620311e-08,13.460613,-13.772745,1.488342e-12,13.397917,-13.273614,2.6103633e-12,1.637341e-07,ENST00000420644.1,-295,CCTTACCGTTGGCTATCTTAGCTCGATGTGCTAATCAAGTTCCCCCTAATTTGACATACTAGAATCTAATACTAGAGGCAGCATGACATTATTATGGGGGAGGAGGTTGAGAAGCACTAACCTCGAAGTTAGAATTTCTGGTTTGTCATCCCAGTCTGCTAATTAGCTTTCTGATTTAAGACAAAATACTTTTTCTGTGCCTTCTGGGGGTCAAATTCGATTTTTAAGATTCTCTCAGTTGGAAGAAATCTAACTAAAAATATACTTAAAATAATTCTTTGGTAGTATATTATTTTGAAATTTGGTCCAGAATCCTATTTGTTTATTCCTGTAGTATACATACGTCTGTAGTTACCCAGTAGTCTTTGTTGTCTTTGGGCCATCTAAAGTATATTTGGGCTGGGCATGGTGTCTCACACCTGTAATTTCAACACTTTGGAAGGCCAAGATAGGGTCTCGCTGTGTTGCCAAGGCTGATCTCAAACTTCTGGCCTCAAACAAACCTCCTGCCTTAACCTTCCAAAGTGCTGGGGTTATAG,False
1420,-943,11.060116,-11.341857,1.8661495e-10,6.729633,-7.3919945,7.362998e-07,11.7444105,-11.437835,8.552219e-11,12.636247,-12.367618,1.3834381e-11,8.658606,-8.954517,2.242425e-08,1.5180201e-07,ENST00000448049.1,-943,GTTTAGATTAGGTTGGAAGTCACCTGGGCTGAGCTGATGGCTGATTCCGTCAGCAAAAAGAACTGTGGAACATACTGGCACTTGGGCCGGTGTGAAGCCACCCCCCTGCCATGAAAAATGGCTCTTCCCTGCCACAGCCGGCCCAGCGGGAGCCAGGTCAGGGCCTGGAGACACAGCGCCCCCCACCGGAGCCACTGCCCGGCCCAGCAGCACCTGCGGAGAATCCCACCAGCTCCCACGCCTCCCGCCGCGCCACCGCCCCGGCTTTCTGCAAATCCACCTTATGGAAGCCGGATAAGCACCTCCTCCTCTGATGCGTCACAGTCACAGGTCCTGGTGAGGAGGGAGCCACGCCAAGCACAGCGGCTGGAACAGGGGCAAGTGGGTGCCCACCCCGAAGTGCAGGCAATGAACTTGTGCTGTAGCCCATGGTGAGCTGTGGGGCTGTTTGTGACTGCAGCGTAGCCAAGCCCATCCCGCCTGATGCGGCCTCTTCATCCAGAGTGGGGGTGACGTGCCAGCCCCCACCTCACCGGAATGCTGGGAGGAGCGTCTCCACGGAAGGAGCTCACTTTGTCAGCTGTAATGTGCTGTGACTATCGTAAAGTTCCTTCCGGGTGCAGAGTGATACATGAACCCTGGGGACTCACTCCAACTTGGTATTGATTTTCTCCACGGAGGACCCAGCAGTCACGGCCCGTGTCTGCACAGCCCCTTGGATCCTGCGGAGGAATTCAGCCGGCCCCTCCCCCTGTGCCGAAAACCACGGAGGCAAAGCCAGGCCAGGGTACAGTGAGAACACGGGAGAGGACTGAGAGACCGCTGGCTGCCGAGGGAGGAAGAGCAGGATTCGCACCCCCGTCATCGCTGGGCCCACACGCCGCCGACAGCTTCCGCGTGTGGCCATCTGTCTTTCAGAAACCCTCTGGCAGAGGGACCCAGCAGATGACACGGGGGCCGTTCACACTCTGAAACCTGCCTGGAGTCAAAACACTGCTGGCGAGCCTCCACCGCAAACCCAATCCAGATGGTCTTCCCTGGTGGCCCTCGGGGTGGCGGGCACCCTGCCCACTCCCTGCCAGCCCCTGCCCGCTGGACTCCAGGCCCGGCCGAGCCCCCGACCGGTCTCCTGACCCAGCATGCTGCTCTCCCCTGGGCCCGGCTTTCTCGCCCGCTGGGACTCCCAGGCCCCTCCAGCCCAGCCCCGAGAGCAGGAGCCCCAAGGGAGGCTTGGCGGCTGTGGAGGCGAGTGGGCCACGTGTAGCTGGGAGGCCGGCAGGACCAGGAGCCCCTCACAGCGCAGCACCCACAGCATCACGAGCCACTTCCACTCCTGGGTGGCCTGGGGGCCCCCACCCTGCTCTGAGCTGCCCCTTGTTGTGACCTGGGGTCCCCCGTGGTGGGCCCGCCCCTTGAGCCTGGGATCCAGCCTCAGCGAGGCTCCAGAAGTGTCGTCTCCGCCGGCCAGGCGTCAGCGCCTCCACCCAGGATCACACACTCCTATCTCTGCACTTCTGCCCTCCATCCTGCTCCACGCCGCCTCTGCTTGTTATTCCAGCACATTCCAGGGTGATGCCTGCTGAAGCCACGCAGCCAGTGCCTCCACCCTACCCCCCATCTGACCCACCGGCCCCTTCCGCACGCTGGAAGCCTGCCCGGCCTGAAGTGTCCTCACCTGTCGCCCTATCCTCCCCTCCACTCCAGCCCACCGGTGACTCAGCCCTCACAGCTCTCTCCTCCCCGAGGGAGCCGGTGACTTGGCTCTGATGGTGCCGGGACCCAGCCCCGGCATGTTCAGAATCCTTGTCCTTTAACCTGCGTCCACATGTAGTCGCCTCCACCTCCCTGCCTGAACCTCCAGGCCCTGCAGAGCAAACACTGCTGCCTGCAGGAGACCCCTGGGGCCTTCTCCGTCCCCTCATCCTCCTAAGGAGCCTCCCCTGCCACCGTGCCAGAATGTGCCGGAGGAACAGAGGCCCGAGCCTCCCGTGGCCCCAGCGAGGCTTCCTCTGGGGAAGACAGTGAGCCCAACGCCCTGGCTCTCGAGGGGTGGACGGAGTCCAGCTGGCATCGACCGGGTGCCCCTCTTCACCGGTGTCCACAGTCCTTGAGAGCAAAGGTGGTCCCAGCAGTGGAGCAGAGGGCAAGGGTGGGGCATGTAGAGTCTCCAGGGAGCCACTGTTGGTTAGAGAGGGAGCCCGAAGTGGGCTCCGGACCCCAGCAGGGACAGCGTCCCCTTCCAGCGGGGGCAGCCGATTGATCTGGGCACACGAGCAGGAGGAGCGGCGCCACCCAGGGCTGACCTCACGGCCCTGCTCACGTCTCGGGGCATTTTGGCAGACCCACCTAGACCTGGGGGACAGCCTGATTTCCTGCAGCCATGACCTACAAGGGTGGCAGCTCTCTCAGGCTTGAGTAACCAGGACACAGACCTGGGCCATTTAATGCGCAGGCAGCCCCAAGTCCCGGCAGGGCCAGAAGCAGAGACGGCGGCTGGGGATGAAAGTGCACGCTGGTCCCAGATGGGGCTGGGGGTGAAAGCTGCATGCTGATCCCTGGGCCCCCTCACTCTATGAGCTCCTGAAAGGAGGGAAGCCCCCACACCCTACTGAGTGGAGTGCTCCTTGGCCTGGGACCCCGTCCAGTGTCTGCTGCTGTGGGGGCGGGCTCTGGGCAGAGAGAGGCCAGACAGGCACCCAGGAAAGCTGGAACACATCCCTCCTGCTTCCCCCAGGGTTCCCAGAGGCGACCTCCCTCCTGCACAGGCATTTGTCATCCTTACCCTCTAGGACAGCTTTGCCATGTGCAGTGAACCCCTGGACAGTGTTGCGTGCCACTTTGCCGGATTTGGACTGTATACAGACCGAAGCATGTGGCATGAAGCCTTCTGCTGTCAGCAAGTTCCTTGTCCCTCGACAGTATGTGCCCAGGCTGCCCTTCAAGGTGGCAGTGATGGCAGTTGTCTCTTGCACGCTGCGTACAGTTCTGTCACTGACTCTTACACACAGCCCTGGAGACGGGAGAGTGCCGGGAGCATTCTATGCAAGTGTCCTGGCCTTTGCGGGCGTCTCCACAGCACAAACACGAGTCAGGGACCACCCCTCTTCTGCTTCCATGATTCCACCAACTGGGTGGGGCAGAGCAGTGCCAGGGCCGGAGGCACGCCCCAGGTGAGGGCAGGTGGCCATGCCAGTGAGTGCACTGCGTTCTCAGTTAATTCATCCGAAATATTTCTAAGTTTCTTGATTATTGCAGTTGCATCCCCAAGATAATGCCGCCCTCACCAAGTAGAAGGCACATGTGCTCTGATGGCCCCTCCCACACTGGGGTCAGGGCACAGCAACTTAGCGAGGCGACGTGGGGGCTCAGAGGACCTCGGACCAGGCTCGGCACATGGGGCTTCTCCAGCCAGCCAGGGGGAAGCACCCTGCAGACTGCTAACTTTTGCAAAATAGAGTAAAAAAGATCAGCTAGAAAAATAAAACAAAAAAGGAAAGATATACAAAA,False
1421,-234,8.032315,-8.413661,7.20449e-08,8.510355,-8.8904,2.7729891e-08,10.872701,-10.520099,5.119473e-10,7.201982,-7.510195,4.07927e-07,9.108957,-9.161825,1.1617161e-08,1.0396617e-07,ENST00000583253.1,-234,TTTATTTTTTTGTAGAGATAAGGTCTTAACTATGTTGCCCAGGCTGGTCTTGAACTCCTGGGCTCAAGCAGTCCTCCTGCCTTGGCCTCCCAAAGTGCTGGGAATACAGACAAGAGCCACTGTATGCAGCCCCTGCCCCCCTTTTTTTTAATCATAGCCATTTTGACGGATATAAAGTGGTATCTTATTGTGGTTTTCGTAAACACATTGGGTTTTAAATGTTCTGAAGACAGCTGAATACACAAATGTTAAATCCCTCAATGTGAGCAGTTTATCTGTTAATTTTGGAAATACACTTATTTTCTGGAAATGACACTTGCAAGGTTAACTGCAGAAATACCAGGAAAATCCAGGGTATTTATATCTATAAAAAAATTAATAAGATTTACTTTCACTTTAAAGTTTACATGAAATTAGAGAATAGAATTTCTTGAATTCATGTATATTCTAATTGCTAAATACTTGTATTAATCATAAATACAAATTATGAAATGTGCTGCAGAATGGAATCAAACTCTTAAAAAGTAGTAGGACAGAATATTTGCTGAATCAGATTTAGAGGTTTGACTATCCGGTAGTGCCAGTCCTGCCCATCCCCATCCTTTTCTCATCACTCCTCTTTTTAATAAATTTGTTTTCTTTCCCCATATAAATTTTAGGATCAATGATAACATCTAGTTAGAAAACCTGTTGCCATTTTTATGGCATCAAGTTAAATTTCTAAATTAAATTAGGGCAGTGTTGACATCTTTAAGATGTTGGTGATTCCGCCCCAAAACATGAATGTATTTTTCCATTTGCTCACGTTTTGTTTTGTCGTTGTGTAAAATTTTCTTTATAAAGGCCTTGCAGGTTTCTTGTTAAGTTGTAGTAATTTTTTGTTGTTGTATCTCTTGGATTTTCCAGATATAGAACTCTTTCAAATAGTAGTAATTTTACTTATACCTTTCCAATTATCATGTTTCTGATTTCTTCTCTAATTCTGTAGGGTGGAAATTATAATACAATATTAAAGAATATTTGTGTGCATAATAAACATAAGTAATATA,False
1422,-1248,11.640251,-11.958992,5.636103e-11,11.034839,-11.312496,1.970949e-10,7.5337424,-7.163063,4.1424582e-07,13.236629,-13.767121,1.8724941e-12,14.328176,-14.225824,3.9733332e-13,8.2900314e-08,ENST00000432741.5,-1248,GAATGATTGGGAACCAATGAATAGTTGTTCAGTAAATGGTTTATATTTTACAGATGATGAAACTGAAACACAAAAAATTTAGATTAACTCTTAGGTGACAAAGCCAGGATTGAAGCTCATGCGGTCTGGCTCCAGAACAACTCTTCTTCATAGTTACGTTATACTGCCCCTGCATTGTTGGTATTGAAAATAACTGATACCGTGCTTCCAGAAGATTTTTCTAACAGTGTTTGCAAGCTATAAAATAGTGCTTTCACTTAGAAAAGGCTAGACGTGGTGGTTCATGCCTGTAATCCCAGCACTTTGAGAGGCCGAGGCACCATGCTGGGAGATAAGGATCCAACATAAGACAAACAGTGCTGATGCTTTTGGAAAGCTCATATTCAAGCTGGGGAGACAAACAACATACAAGTGGCTGTAGCTACCTTCTGCATATGGATATCCAGTTTTCCCAGCACCACTTATTAAAGAGACTGTCTTTTCTGCAGTGTATATTCTTGGCACCGTTGTTGAAAATGAATTCATTGTAGGTGTG,True
1423,-294,8.285935,-8.55574,4.850132e-08,7.560156,-7.8801274,1.9695648e-07,8.591801,-8.031877,6.031552e-08,13.610259,-13.9087305,1.1185482e-12,12.849331,-12.7450285,7.664971e-12,6.115642e-08,ENST00000594472.1,-294,CTCGATGTGCTAATCAAGTTCCCCCTAATTTGACATACTAGAATCTAATACTAGAGGCAGCATGACATTATTATGGGGGAGGAGGTTGAGAAGCACTAACCTCGAAGTTAGAATTTCTGGTTTGTCATCCCAGTCTGCTAATTAGCTTTCTGATTTAAGACAAAATACTTTTTCTGTGCCTTCTGGGGGTCAAATTCGATTTTTAAGATTCTCTCAGTTGGAAGAAATCTAACTAAAAATATACTTAAAATAATTCTTTGGTAGTATATTATTTTGAAATTTGGTCCAGAATCCTATTTGTTTATTCCTGTAGTATACATACGTCTGTAGTTACCCAGTAGTCTTTGTTGTCTTTGGGCCATCTAAAGTATATTTGGGCTGGGCATGGTGTCTCACACCTGTAATTTCAACACTTTGGAAGGCCAAGGCTGATCTCAAACTTCTGGCCTCAAACAAACCTCCTGCCTTAACCTTCCAAAGTGCTGGGGTTATAGATGAGCCACTGTGCCCCGCCATGGAGTCATGTGATACACATAGTAAGCTGTCAGATATTTTTGATAAGTTCAAATAGACACCAAGTAAAAAAAGATTCCCATTTATTCTCCCCAGCTTGCCAACCCCCTAAATTAAGTAATGAAATGAAACCAGCACCTTTTCAGTATATCTGACTTAAAATCATTATTTATTCTGACCCATTTAACTGTTTGCAGGATTTTTTCCCTAGAGCAGACAGCTATAGGCCTGTATCATTAAGGATTCTCAAATAAGTGAACTATTGAAACCACATAAAAGCCATCAGTTGCAAATTCTACTTCTCTTTGTTTAAGTAGCTAAAAATGAAAGTGGTGGAAAAAACAGGAGATAAGCATATTAAGTTCTCTACTAGTGCTGAATCTTTAAATGACTAGCTAAGCAGCGAAGAAGAAATCATTCTAGAATGCAGTGCTCTGGATCCTGCTTTGTTATAAACAGTTATAATAGCATTAAGTTAACAGTATTTCACTTAAACAGCTGGACAGGTGGAGAAAACATTGTTTCAGGAGTTAGGCTTTGTAATCTTAGACTTGAGGGTTTTCTCAATTTCTCTTTGTTTATGATAAAGAAAAACCCTATTACTACTCCCTTTGTTTTTGGTTAAAAACTGAAAATAACTGATTTTGAAATCAAATAAACCAGTGTAATATAAAGCCA,False
1424,-901,9.705403,-9.943975,2.9267309e-09,7.3183074,-7.8248286,2.6510597e-07,9.953394,-9.251778,4.56352e-09,11.040049,-11.177649,2.2437617e-10,8.703411,-8.908691,2.2447143e-08,5.9053555e-08,ENST00000438095.1,-901,CAGGTCCACCAGCATTACAAGCTAGGACGCGGAACCTGTATTCTGCACCCTGAGAATCAGAGGTGGGGAGAGTGGTGGAAGGGCCTGTGGACTTACGGATGCTGCTGCGACACTCTATGACCTCAGACTGCAAGTAAGAGCCAATCCCGAAGCGGTTTGTTGCAGCCACACGGAACACATACTCATTTCCTTCGATGATAGCCAATGACTCTACTTCCTCCATCACTGATTGGCTCATTCCATTGTACTTCCATGCTGTCCCTGGAGGACAGTGTGACAACTGGAGTGCCAGGAGGACCAGGAACTTTGAATGGATATTGGGCTACAGTAGGCTCTGAATTGAGATGCTGGAGGACCCGGTTTATCTGAAGGAATAAGGAAGAAGAGTGAATATGTGGAATGGGGAATGAGTATAGAGTAGAGGTCTGGAGACCTG,False
1425,-120,7.457925,-7.725974,2.5451675e-07,8.441034,-8.90776,2.920888e-08,12.02841,-11.422825,6.5351884e-11,14.858254,-15.263886,8.2817176e-14,11.051037,-10.877485,2.9961522e-10,5.6818134e-08,ENST00000539987.1,-120,ATCTTGCCCACCCTCTAATGACACGTTGGACTGCGCACTGAACATAGATCCTGTCGAGGGTGTTTAGAATTGCGCCTTCGGGTGACCTGGGGTCTGCTTCCAGAAGGTGACATTTTAAATAAGGTGCCATGGGGCAGCTGAGGAGCTGGGATTAGGCTTTGGCCTAACGCCCCTCAGTTTCTTCAGATGTGATCTGTTAGTGCTGCGGGCCTGGTACCTTGAAGAGGTAGCTAACTGGATCCAATCCCCACTTCCCCTGTAGTTTCCTCAGTTGGAGCAAAAATGGCGATGGTAGAGGTCAGACGTCATCCTCTATCAGGACTTCCTCCGGACTGACACCTGGGAGAGAGTCACACTTCGGTTTACAGCCCTTCCCCGCTCCCTTTGCGCAAAAGGAAACAGTTATCACCTCAACTGTCACCATTAGCAAGACTTGTTCTTCCAGTCCAGTGTCGAAAACTATTGTGCCTTCTTTTCCCGGACTAATAAAAAACTGTAAACTTAAAATACACAAAGTGACACATTACTGACATACTGTATTTTCTTCTCTCAACCTTTGGTCTACAGAAGAAATTCACTTATTAAATTCTACTAGTTTCAAGA,False
1426,-902,9.046343,-9.25749,1.1239482e-08,7.5742826,-8.092263,1.5707445e-07,10.099752,-9.415108,3.3481424e-09,10.413202,-10.541104,7.937063e-10,8.488475,-8.687021,3.4735795e-08,4.1438316e-08,ENST00000590932.5,-902,AATTTAAATCATTTAATTATTTAATTATTTTTATTAAAAATTTTTGACTTTTAGCTTCAGGGGTACATGTGCAGTTTGTTACATGGGTATATTGCATGATGCTGAGGTTTAATTTTGTACTTTCCTTGCTGTTCCTCATTTTCTTCAATTCTACATTTATTAAGCATGCACTCTGTATTTTTTTCTCACTATAACATTGCCAGTCCTCCTTCCTTTCCTCTCTTCCTCCTTCCCTTCTCTCTTTTCTTCCTTCCATTCCTTTCTTCCTAACTCCCTCCTCTTCTCTTTCATAAGAGTGAAGATATTAAAAAAAAAATCAAGCCTAAGTGTGTTGAAAACCTCTGAGAAAAGGAGGTTTAGAAACCTGAGAAAAGGAGGTTTAGAAACCTTAGAAAGACCACAGGGTTAATTTTGTGACCTATTTTTATTTACATTAGGGCATATTAAAAACAAATTCTTTTTTGTTAACATTCAGAATCAGAGGTGGGGAGAGTGGTGGAAGGGCCTGTGGACTTACGGATGCTGCTGCGACACTCTATGACCTCAGACTGCAAGTAAGAGCCAATCCCGAAGCGGTTTGTTGCAGCCACACGGAACACATACTCATTTCCTTCGAGAATAGACGCCTTGATGGCTCCTCTGGCAGTTCTTGATGACCATGGATGAGCTAATGGCTGTGGTCTCAATGGTGGCTTCTTGAG,False
1427,-899,9.2988,-9.519456,6.719471e-09,7.6055465,-8.126044,1.4718282e-07,10.338613,-9.649254,2.0863171e-09,10.9327,-11.064701,2.796724e-10,8.590443,-8.794544,2.8170602e-08,3.6887776e-08,ENST00000589391.5,-899,CTCTGTGACTGGCTTGCTTGATGGTTAGGGTCTGATCGCTGCCTGAGACACCATATCGGTACTCCTCAGAGTTGATGCAGAGTGTTCATATGAGGAGAGACTTTCCCTTGTCTCCGTCATCTGTGATTTCACTTCCCTGACAGAAGACGAAGCTTCCATCTCAGATGTTTTCTTAAATGATGAAACAGCATACGCCTCTGTTCTTGTCAGCTCAGGGAAAACAGATCTGGGGACCTCTTCATCTCTGCGTTGGGAAGCATAGGTGGTATAATCCCCTCCTGTCACGTCCAACGTTGCATAGTCAGAAGCTTCGCCCTTGTAGTTGGTGCACACAGCACGGTGATCACAGGATCTGGTTTGCCACTGAAAGGAATCTTGATGCTGACCACTTCACCTCGGAGAGCATGAACTGCTCCCATGCCTTCAAGAGTTTTAGATTTTCACATTTCACACGAAACTCGTATTCAAGACCTTCAATAAGGTTTTTCACTGAAAAGACAGTTTCTCGAATTTCTTCTGTTGTCACAGAAATCCATTTATTCTGCTTCTTCTCACGCTTCTCAAGTGGGTAACCAGGATGGAACTGCGGTGTTGCTTGCAGGAGAAGCTTACTACTGGTTTCTACTTCTCCAACCTCATTGGTGGCTATGCAGGCACTGTCTCCAGACTGTCTATATTCAACCCAGTATCCAAGAATTTCTTTACCACCATCACATTCAGGTTTCTCCCACTGTAGAGTGACACTATCTTTGGATATTGAAAGAATCTCAAGTTCTCCTGGTTGGCTTGGTTTATCTGAAATATTTTAAAA,False
1428,-895,9.212221,-9.429503,8.016823e-09,7.649257,-8.172679,1.3446852e-07,10.397173,-9.698678,1.8727613e-09,11.332579,-11.4609785,1.2614915e-10,8.651038,-8.854083,2.4981727e-08,3.3893198e-08,ENST00000586452.5,-895,CTCTGTGACTGGCTTGCTTGATGGTTAGGGTCTGATCGCTGCCTGAGACACCATATCGGTACTCCTCAGAGTTGATGATAGCCAATGACTCTACTTCCTCCATCACTGATTGGCTCATTCCATTGTACTTCCATGCTGTCCCTGGAGGACAGTGTGACAACTGGAGTGCCAGGAGGACCAGGAACTTTGAATGGATATTGGGCTACAGTAGGCTCTGAATTGAGGTGGCTGCCATGAGATAGTCATGTGTTCAGGAGTAACATCCAGAATATTAATAGGACCTGTTGGTGGCCCAGGAACATCAAGAACAGTAAGATGTACGGCTACTGTTTTGCTACCGGCTGCATTGGAAACTGTGATTTGATATTCCCCAGTGTCTCTCCTTAAGCAGTTCTTAATGAGAATAGACGCCTTGATGGCTCCTCTGGCAGTTCTTGATGACCATGGATGAGCTAATGGCTGTGGTCTCAATGGTGGCTTCTTGAGATTATTTACAGCTGTGATGGTATATAAGCCAGTGTCACTCCTGCGAGACTGCGGAATAACTAAAGTGCAAGTATCATCTACCACCAGTTTGTTGACATGGGTGTCATAGAGAACAGGTTCTTTGTTATCAGGCTTCTTTGGAGGAGCTTTAAACCAGGAGCATGCAGAGAAATTGCTTTAGCCTCTGATAAATAAAACAGACTGCGAGGAAAATTACAGCGAGGAAATTACAGACATCATCTCCTTTGAACAGGGAAAAGGTAACAGCAGTGTTGGTGACTTCCTCCCATTCTGCTTTCTTCCTACTTGCATCACGTTTGTCAATAACATAATGGGTGATTT,False
1429,-897,9.472714,-9.703261,4.6987196e-09,7.731651,-8.248892,1.1474618e-07,10.306991,-9.605434,2.2497966e-09,11.155778,-11.284348,1.7962953e-10,8.450073,-8.654349,3.7294367e-08,3.183374e-08,ENST00000592689.5,-897,CTCTGTGACTGGCTTGCTTGATGGTTAGGGTCTGATCGCTGCCTGAGACACCATATCGGTACTCCTCAGAGTTGGTGATCACAGGATCTGGTTTGCCACTGAAAGGAATCTTGATGCTGACCACTTCACCTCGGAGAGCATGAACTGCTCCCATGCCTTCAAGAGTTTTAGTGGGTAACCAGGATGGAACTGCGGTGTTGCTTGCAGGAGAAGCTTACTACTGGTTTCTACTTCTCCAACCTCATTGGTGGCTATGCAGCAGGCTCACCAGGTCCACCAGCATTACAAGCTAGGACGCGGAACCTGTATTCTGCACCCTGAGAATCAGAGGTGGGGAGAGTGGTGGAAGGGCCTGTGGACTTACGGATGCTGCTGCGACACTCTATGACCTCAGACTGCAAGTAAGAGCCAATCCCGAAGCGGTTTGTTGCAGCCACACGGAACACATACTCATTTCCTTCGAGAATAGACGCCTTGATGGCTCCTCTGGCAGTTCTTGATGACCATGGATGAGCTAATGGCTGTGGTCTCAATGGTGGCTTCTTGAGGTAAGGTTCTTTCATTCATGTTCCAGGTGACGGTTGGAGGAGGCTTTCCAGACACATAGGCAATGATTCGGATCACCCCTCCAGCATGGACAACAATTCTATCTCTGACACTGGCATCTAGCTGAAGGTCAGGTGAAACTGGAAGCAATTGAAAATTACAAATGTGATTTTTCCCCTTCAATCTGAAACATAAATACTGATGGCATAAGGAAGGATTGA,True
1430,-67,10.089043,-9.834112,2.225788e-09,9.253416,-9.163824,1.0034466e-08,8.172566,-8.144399,8.196568e-08,8.332262,-8.222642,6.460946e-08,12.809629,-13.072639,5.747427e-12,3.1768227e-08,ENST00000527641.1,-67,TTTGGAGAGAAGAGGGGAGTGAGGCGGTGTGTGCTTGGGGCTGGTGTTTGTCAGTGTGAGCGTGTAAGAGCACACCTGCATTCAAGGGGGTTTGTAGTGTCCGTGCGACATCTGAGGGAGAATCGACGGGATTTCTCTGGCTGTCGTTTGCGCTGCATTTATCCGAATACATCCAGCTCGCAGGCATCCTGCAAGAAACGGCTCCCGGCTCGCGTGTACGCCGACACCTCGGCCCAACGCAGGACTCGAGGTGGTTTCTAGTGCCCGGGTGGCTGCAAGTCTGCCCTCCGAGGGAGGCTGGACAAGCGGCGCCCCCAGGTCGAGCGGCCTCTCGCTGCCTGGCAGTGCCTGGCAGCCCCCACCTCTGCCAGTGCTTCGGAAACCCGCCTGGCCAGGTTCGCCCGCGGTGAAAAATGAAAGCAAATTCCCCAACAGAGGTAGCCGGAACTTTCCTCGACGAAGGCTCCCTCCTGCGCCTGTGTCTGGAGAACCCCCAGAGCGCTGCAAGTTAGCAAGAGAGATTCGATGGCGGCTCTGGAAGGCGCACGAAGGGTGGGGCG,False
1431,-891,9.63365,-9.859538,3.4214995e-09,7.6557994,-8.168789,1.3411223e-07,10.51861,-9.841213,1.4382723e-09,10.904962,-11.053809,2.9068795e-10,9.215794,-9.416639,8.091652e-09,2.9470865e-08,ENST00000588244.5,-891,CTCTGTGACTGGCTTGCTTGATGGTTAGGGTCTGATCGCTGCCTGAGACACCATATCGGTACTCCTCAGAGTTGATGCAGAGTGTTCATATGAGGAGAGACTTTCCCTTGTCTCCGTCATCTGTGATTTCACTTCCCTGACAGAAGACGAAGCTTCCATCTCAGATGTTTTCTTAAATGATGAAACAGCATACGCCTCTGTTCTTGTCAGCTCAGGGAAAACAGATCTGGGGACCTCTTCATCTCTGCGTTGGGAAGCATAGGTGGTATAATCCCCTCCTGTCACGTCCAACGTTGCATAGTCAGAAGCTTCGCCCTTGTAGTTGGTGCACACAGCACGGTGATCACAGGATCTGGTTTGCCACTGAAAGGAATCTTGATGCTGACCACTTCACCTCGGAGAGCATGAACTGCTCCCATGCCTTCAAGAGTTTTAGGATGGCATCAACTGTTCCAAAAACATTGCTGAGCTGGACTTTGTATTTCCCAGCATGAGTCTTACGTTGGACATTCTTCATGACAAGTGGGTAACCAGGATGGAACTGCGGTGTTGCTTGCAGGAGAAGCTTACTACTGGTTTCTACTTCTCCAACCTCATTGGTGGCTATGCAGGCACTGTCTCCAGACTGTCTATATTCAACCCAGTATCCAAGAATTTCTTTACCACCATCACATTCAGGTTTCTCCCACTGTAGAGTGACACTATCTTTGGATATTGAAAGAATCTCAAGTTCTCCTGGTTGG,False
1432,-247,8.186481,-8.292568,6.9701095e-08,12.705075,-13.011698,6.781831e-12,9.541072,-9.755445,4.165138e-09,8.253717,-8.479264,5.40702e-08,20.564373,-19.936592,2.5742713e-18,2.5588642e-08,ENST00000575722.1,-247,GCGGCCGCCAGGATGTGCCCCCGGCCCCGTCGTCGCCGCGCCCGCGCCCCTCGCCCCAGTACGTCTTTTTTCGTTTCCTAAATTTCTTATTTTTGTCCTTGCAAGTGGTCCTGTCTGGTGTGAACCGTCAGCACAGATGGCCTCCTGGAGCTTCCCCGAGTCGTTCGCTGGGGGAAGCGGGCGGTGAGCGGCCAGCCCGGGCGCTCCGCAGGCCGCGAGCTCCCGGCAGGGCTGGTGGCGGGGGTCCGCCTGGGGGAGGAATCCCCGCCTGCTCCATCGGACCCGGCCTGGCGCGGCTCGCGGCGCTCGGCGGGCTCCCTTCCATTCTAGAATCTTCCCGCTTGCTTCCCAGCCCGCGTTCTTCCGCCTGCCTTTAATTGTGTGTGGACGTGGGGAGGATCTTCTAAGTCCCTCCAACGAAGGCAAGTGTGAGACTCTGGCCCTTTATTTGTAAGAAGCAAGCCTTCAGATTGCAGAAGTGTCGCGCGGGTCGCCGTGCGTTGCGCGAGTGGGAAGATGGAGGAGGCCGGCACGCTGCTTTCGTGGACGCAAGTGAACCGGGCGTGAAGGCAGGGTGCGAGCTCTGCCCTTGGCCCAGCCCTGCGTGGGCGCCGTCCCAGATTCCGGGCGGTGCGGGGTGCAGAGATCTGGAGAGACTTGCGGGCTCCCCAGCGCAGGCTGCTCTGGGATTTCGTTGGAAGATCCGGCAGAGCCTTGGAGGAGAGGGCCCGGGAGGCTGTGTGTGCAGCGGAAACTTGTACGAATGCCCCCACAGCGGAAATGGTGCGCACGAGTAATTTCTGCGGTGCACCCTTTTAAAAATTGACAAGTGAACAAGATCAATTTTTTAAGAAAGCAAAGGTAGAAAACAAAAGGCGTGCGACTTCTTGACTGGCTTGTTCCCGCCTTTCTTCCTTCTCTATACTCAGATCAGAAACTTTTCTTTAATTGCTCTTATTCAGTGCGACAACTTTTAATAAAAGCATTTGCATTTTAAGCCTGAGTTGCAACCATAGATTTATTGCGAAGTGACAACGTGTCTATGGAATATTTTCGCAGATGAGACAGGACATGCGCTCTAGTCGTGCCCAGATTAAAGCGACGCTGGGCCATGTGCCTGTGTAGTGCAGACTCGGAGGGGCACACACATACTCGTCACCACATGACCACTGTCTATTAATATTGTCATACCTAAACACTCGCAAAAACAAAAGTTGCTTTTCTTCCCTGTAATTAAATCTAATTTGTTAATTGTC,False
1433,-904,8.303906,-8.504309,5.0151566e-08,8.261709,-8.832885,3.7662797e-08,10.931281,-10.258349,6.272785e-10,11.725836,-11.853404,5.749984e-11,8.612841,-8.801796,2.7347612e-08,2.316935e-08,ENST00000589234.5,-904,CATGTGTTCAGGAGTAACATCCAGAATATTAATAGGACCTGTTGGTGGCCCAGGAACATCAAGAACAGTAAGATGTACGGCTACTGTTTTGCTACCGGCTGCATTGGAAACTGTGATTTGATATTCCCCAGTGTCTCTCCTTAAGCAGTTCTTAATGAGAATAGACGCCTTGATGGCTCCTCTGGCAGTTCTTGATGACCATGGATGAGCTAATGGCTGTGGTCTCAATGGTGGCTTCTTGAGATTATTTACAGCTGTGATGGTATATAAGCCAGTGTCACTCCTGCGAGACTGCGGAATAACTAAAGTGCAAGTATCATCTACCACCAGTTTGTTGACATGGGTGTCATAGAGAACAGGTTCTTTGTTATCAGGCTTCTTTGGAGGAGCTTTAAACCAGGAGCATGCAGAGAAATTGCTTTAGCCTCTGATAAATAAAACAGACTGCGAGGAAAATTACAGCGAGGAAATTACAGACATCATCTCCTTTGAACAGGGAAAAGGTAACAGCTGATTGAGAAACTTACCAAACTGATATTTGGCTGTTATTGGAGAGGCCTGAACTGGTTCACCAACACCATACATGTTTTCTGCAGCAACTCTGAAGATGTACTCTTTATTGGGGATTAATTTGGTGGCCTTGAAGTTTGTATCCTTGACGGTGGATGAGAGCTTGTGCCACACTTCACTATCAGTTGCTCGTCTCTCCACAACATAGTTTGTGATCTTAGATCCACCATCATCGCGTGGT,False
1434,-1350,9.283741,-9.506939,6.907349e-09,7.8807673,-8.3995905,8.502186e-08,10.303104,-9.608106,2.2525362e-09,11.234666,-11.362392,1.535404e-10,8.749858,-8.949438,2.057282e-08,2.298162e-08,ENST00000419746.5,-1350,GAATGGAGAAGTTGGGTAACCTGCCCCAGGTGAAGCCCAAATTGGATCTCAGCGCCTGGGAGCTCCAACTTTAGCAAGTGCGAAATCCTGTCTTCGGTTTTGGAATTTTCATCCGCACAGACTATATCAGCCACGGATAGGATATGTGAGAATACCAGCATGTCAAGGCTGGGAATCATCCTTAGGCATCACCTAGCCAGTCCTGCCTCTCATTTTAAGGTGATCACAGGATCTGGTTTGCCACTGAAAGGAATCTTGATGCTGACCACTTCACCTCGGAGAGCATGAACTGCTCCCATGCCTTCAAGAGTTTTAGGATGGCATCAACTGTTCCAAAAACATTGCTGAGCTGGACTTTGTATTTCCCAGCATGAGTCTTACGTTGGACATTCTTCATGACAAGATGAGTATAGTGCTCAGTGTTTTCAATAGTAATGTTTTCTGAGTTTTGCAAAAGTTTCTGACCATGGAACCAAGTCATGGCAGGTACTGGACGACCAATGTACATAACATGAAGCCGAAGTGTGGAACCCACAGCTCCATAATATTTCTCTTTCAGTGGGTAACCAGGATGGAACTGCGGTGTTGCTTGCAGGAGAAGCTTACTACTGGTTTCTACTTCTCCAACCTCATTGGTGGCTATGCAGGCACTGTCTCCAGACTGTCTATATTCAACCCAGTATCCAAGAATTTCTTTACCACCATCACATTCAGGTTTCTCCCACTGTAGAGTGACACTATCTTTGGATATTGAAAGAATCTCAAGTTCTCCTGGTTGGCTTGGTTTATCTGAAATATTTTAAAATAATGAAAAGGGAGTCAGCTTTACTGGTGAAATAAAAGGACCAAACATGGCTTGCTTCTTTAATTTAACCCCTTCTTCTGAATTCCTTACCAAATGGATCTTTGCAAACAACTGGTTCAGAAGCAGGGCTGGTCTCACTCAGGCCAACATCATTCTGTGCGATGATGCGGAACTGATACTCAGCATCGGGAACAAGCCCTGTGACAGTGTACATTGTGGTGGTGATCTGAGTCTTGTTGTGTCTGACCCACTTGTCAGTGGATGTCTCTTTGCGTTCGATGTAGTAGCCTGTGACTCTAGAACCACCATCATCTTTGGGCCGGGACCAGGACAAGCTAACAGAACTCTTGGTTACATCGAGTACTTCTGGAGGATTGCTTGGAGGTTCTGGAGGATCTGTAAATATAAGTGGAAAGCACACATGTATTAGAATACAGTCCCAAGTATTATAAGCCAATGACTTTCATTTAAAAACAGAAAAGTGCTGAAATAATGTTTATAATTTTGTGGTTGAAAGGGCACTTACTCAATGGTGTTTTTGGTGTGACTGGTTCCTCAGATTTCAAGGGTTTGCTTATGCCAAACTGGTTTTCTGCTGAAACACGGAAATGGTATTCTACATTCTCTTTGAGGCCTTTTACCACCAGAGATGTACCTCGGACTCTGGAATCAATGGTATACCAGGCGGCTTTAGGCACTTCTCGTCTCTCGAGGATGTAGCCTAAGATGTCAGCACCACCATCATCAGCAGGAGGTCTCCAGCTGACCCTCACAGAGCGGACTTGGATGTCATCATATTCCAGTGGCCCTTCTGGACTGTTGGGACTTCCTATCACCCTGACCTTGATGTAGACAGCCTTCTTGCCACATTTATTTTCCAGAACCAGGTCATAAGTGCCAGAATCACCCCTGTCTGCTTCTTTGATCACAAGCTCAGTGTGTGTTTCAGATGTTGCAATCATGGCACGCTTACTAATATCCTGGCCTTCCTTGGTCCATTTACATATTGGGAATGGTTTTCCTTTGATTGGTATGCAGGCTCACCAGGTCCACCAGCATTACAAGCTAGGACGCGGAACCTGTATTCTGCACCCTGAGAATCAGAGGTGGGGAGAGTGGTGGAAGGGCCTGTGGACTTACGGATGCTGCTGCGACACTCTATGACCTCAGACTGCAAGTAAGAGCCAATCCCGAAGCGGTTTGTTGCAGCCACACGGAACACATACTCATTTCCTTCGATGCTGGAGGACCCGGTTTATCTGAAGGAATAAGGAAGAAGAGTGAATATGTGGAATGGGGAATGAGTATAGAGTAGAGGTCTGGAGACCTGGGCTGCAGTCTTTCTATTGTCAATTTCCTATATGACCTAGGAGCAGTAATGGTATAGTCTCCTGAGTCCTTCCGGTTCACGCTGAATAGCTCCAAGGTGCACAGATTCCGCTGCATGGCCATCTTTATGCCTTCTGCTGGTTTTAGCAGTGTGCCATCTTTTTTCCAAGAAACTGTTGGCATCGGTTTACCAAAAACAGTAGCATCCAAGCAGACATTAGTTCCAGCTTTCACAGTGTATATTTAGTTTTTTATTAGGAAAAATGACCATCATGAATGCTGTTACATCTTTGCCTATAATACTCAGCAGAATCTTACCATTTTCTGCGAGGATAGTCACTGGATCAGAAGGTTCAGAAGGTGGGCTAATGTTTACCGCGGTCCTGGCAATAGCTCTAAATTGATACTGAGCTTTCTCTTCTAGGCCAGTAGCTGTGTACTCTTCCTGGGGAATCTGGTGAGGTGCAGTATTGCACCGTACCCATTTATCACCAGGAAGTTTGCAAGCTTCTACGAAATAGCCAATAATTTTACTGCCTCCATCATGCTTTGGACGAGCCCAGATCAGAGATACAGTACTCTTGGTGACATCAATAACCTCAGGTTTCCCAGGAGGATCTAAAACAAAAAGAGGAACACCTGGAGATGAAGACAAGGAAGATGTCAGTTTCTACATTAAGTAACAAACTAGAAAGAAAACAACTTTTTTTCTCCTTCACAAAAACATACCAAATGGGAACTGCGCAACCATCTTTGGAGATGTGAGAGGCTCTGAAATGCCAAATCGGTTTTCAGCACGGACCCGGAAGATGTACTCCTGGCCTGGGATCAGCTTTCCAACCCTGCAGGAAGTTTTTGTGACTGAAGCTAGAGCCGTGACCCAGTCACCTCGGCTTACATCACACTTCTCCACTATATAATTGGTGATGTTACTGCCTCCGTCCTCCAGAGGGATGTGCCATGACAGGGAGCAAGCATCAGCGTCTATATCAGAAATGTCAAATGGAGGCTGAGGGGGGCCGGGGGCATCTACATGAACCAAGAGGAAAGAAATGTGGCTGCCATGAGATAGTCATGTGTTCAGGAGTAACATCCAGAATATTAATAGGACCTGTTGGTGGCCCAGGAACATCAAGAACAGTAAGATGTACGGCTACTGTTTTGCTACCGGCTGCATTGGAAACTGTGATTTGATATTCCCCAGTGTCTCTCCTTAAGCAGTTCTTAATGAGAATAGACGCCTTGATGGCTCCTCTGGCAGTTCTTGATGACCATGGATGAGCTAATGGCTGTGGTCTCAATGGTGGCTTCTTGAGTTACTTTGGATCCACCATCTTTTAGTGGGGGAGACCACTCCAGATCTGCAGATGATTTAGTCCAATCTGTCACTTTGGGAAATGGAGGACCAGGAGGGGCTGCAAAGAGCCAGTATACATTATTTACAGCTGTGATGGTATATAAGCCAGTGTCACTCCTGCGAGACTGCGGAATAACTAAAGTGCAAGTATCATCTACCACCAGTTTGTTGACATGGGTGTCATAGAGAACAGGTTCTTTGTTATCAGGCTTCTTTGGAGGAGCTTTAAACCAGAGAAATAAAAACTTGATTGTGAAGATAAATGGGTCTCAGCAGTTGCTAAGAAAATGACTGGTTACTTTCTGTCCCTTTTGAGGAGCATGCAGAGAAATTGCTTTAGCCTCTGATAAATAAAACAGACTGCGAGGAAAATTACAGCGAGGAAATTACAGACATCATCTCCTTTGAACAGGGAAAAGGTAACAGTGTTGGTGACTTCCTCCCATTCTGCTTTCTTCCTACTTGCATCACGTTTGTCAATAACATAATGGGTGATTTCACTGCCACCATTATCAAGAGGGGCATCCCATGTCAAGTAGCAAGATTCAGCTTTAATGTCAGTAACAGCAAGATTTCTTGGTGGGGATGGGCGGTCTGGAAAGGAATCAACAGAGAATATTGAGAAGGCAATTCTTAAACAGACACTGGATGCCTTTTTGATGTAAGAAAGCAAGTCACTTACCATATACTTCAACGTGAACATTTCGGAACACTGAGCCAAGGCGATTGGAAGCAGTAACTGTGTAAGTGCCTTTGTCCTCCCGGACCGCTTTGGGAATGCTAAGCTCAGTTTTTGCCTCACTTCGGGATACCTCTTCCTTGGTTATCTGAAGTGCATCAGTGGGTTTTTCAATTACAGTTTCATTTTTGGACCATTCAATCTTAGGCATTGGAAGGCCTGTCACATCTGCAGGGATGTGGACAGGCTCTCCTGCCTTAACTTTGATAGTGTCTCCTCGAACACTCAGACGCAACTTAATAGTTGGAGGCACTGCAAAGAGAAGAGAAAGAAAAACAGTAACAAAGTCATAAGGATGTTTTTTTCAACTTATGGGATAAAGGCACACTGTAAAATGCATTAAAATTATTATTATATTCAGA,False
1435,-892,9.963866,-10.216941,1.7202313e-09,7.798734,-8.293333,1.02636946e-07,10.190965,-9.498176,2.8126457e-09,10.912057,-11.076915,2.8204014e-10,9.505032,-9.728077,4.4377937e-09,2.2377932e-08,ENST00000591867.5,-892,CTCTGTGACTGGCTTGCTTGATGGTTAGGGTCTGATCGCTGCCTGAGACACCATATCGGTACTCCTCAGAGTTGGTGATCACAGGATCTGGTTTGCCACTGAAAGGAATCTTGATGCTGACCACTTCACCTCGGAGAGCATGAACTGCTCCCATGCCTTCAAGAGTTTTAGATTTTCACATTTCACACGAAACTCGTATTCAAGACCTTCAATAAGGTTTTTCACTGAAAAGACAGTTTCTCGAATTTCTTCTGTTGTCACAGAAATCCATTTATTCTGCTTCTTCTCACGCTTCTCAAGAATTTTATGCAAAGATGGAACTTTACCATAGGAAGATACAGAAATCAAGTTGTACTCACCAAATGGACTCTTAATGATCACAACTGAGGACACTTCTAGAGGGTCACTGATGCCGAAAGTGTTCTGAGCTGAAACCCGGAAGTAATAGCCAGCATTTTCTGTGAGGTTCACAATTCTACAGGTTGTCACTGAGATGGCTGAAGACACCAATTGCCATTCAGCCCCCTCCTTGGCCTCACATTTTTCCACCACATAGTTGGTGATCCAGGAGCCTCCGTCATCTGCGGGTGGTTTCCAGCTGATCACTGCGGAGTTCTTCAATAGAGCTTCGATCACAATTGGTCCTGTAGGATGGCATCAACTGTTCCAAAAACATTGCTGAGCTGGACTTTGTATTTCCCAGCATGAGTCTTACGTTGGACATTCTTCATGACAAGATGAGTATAGT,False
1436,-896,9.4210415,-9.642566,5.2575206e-09,7.8617406,-8.380768,8.830157e-08,10.545961,-9.86194,1.3707583e-09,11.493651,-11.635257,9.0207536e-11,9.065258,-9.276095,1.0825575e-08,2.1169125e-08,ENST00000588257.5,-896,CTCTGTGACTGGCTTGCTTGATGGTTAGGGTCTGATCGCTGCCTGAGACACCATATCGGTACTCCTCAGAGTTGATGCAGAGTGTTCATATGAGGAGAGACTTTCCCTTGTCTCCGTCATCTGTGATTTCACTTCCCTGACAGAAGACGAAGCTTCCATCTCAGATGTTTTCTTAAATGATGAAACAGCATACGCCTCTGTTCTTGTCAGCTCAGGGAAAACAGATCTGGGGACCTCTTCATCTCTGCGTTGGGAAGCATAGGTGGTATAATCCCCTCCTGTCACGTCCAACGTTGCATAGTCAGAAGCTTCGCCCTTGTAGTTGGTGCACACAGCACGGTGATCACAGGATCTGGTTTGCCACTGAAAGGAATCTTGATGCTGACCACTTCACCTCGGAGAGCATGAACTGCTCCCATGCCTTCAAGAGTTTTAGATTTTCACATTTCACACGAAACTCGTATTCAAGACCTTCAATAAGGTTTTTCACTGAAAAGACAGTTTCTCGAATTTCTTCTGTTGTCACAGAAATCCATTTATTCTGCTTCTTCTCACGCTTCTCAAGAATTTTATGCAAAGATGGAACTTTACCATAGGAAGATACAGAAATCAAGTTGTACTCACCAAATGGACTCTTAATGATCACAACTGAGGACACTTCTAGAGGGTCACTGATGCCGAAAGTGTTCTGAGCTGAAACCCGGAAGTAATAGCCAGCATTTTCTGTGAGGTTCACAATTCTACAGGTTGTCACTGAGATGGCTGAAGACACCAATTGCCATTCAGCCCCCTCCTTGGCCTCACATTTTTCCAC,False
1437,-1371,9.778906,-9.933299,2.7485179e-09,8.116036,-8.340254,7.130558e-08,9.541587,-9.05881,8.355071e-09,12.84353,-12.929195,6.412806e-12,9.005138,-8.6649885,2.1181709e-08,2.071946e-08,ENST00000432910.5,-1371,AGATGCTCCCAGGCTCTCCCGCAGTTTAAAGACTTAACTCAGCGGCTTTCAGGGCCTGTGGTTGAGGGACTCCGAAAGAACTGTTGCTGGTGGACCGGTTCAGGGTCTTGACTTCGCCACACAAAAGAACTTGAGAGCACGTCCAAAGTAAAGCTAAGACCTCTAGTACAGTGTTCAATGGAACTGGTGAGAAAAGACGTCCTTGCTGTGTTCCTGATATGAAGAGGAAAGCAGTCCTTCTCCATTAAGTAAAATGCTGACAACATGAGCCTCCCGTGGTCGGAACGGGCTTGTGAAGGCGGTGCTGGGGTGCACCAGGGCAGCAGCTACAGAATGCACCAGCTGGAGTCGACATTAAAGGGCCCCATTTCCCATTTGCTGCAGAAGATGTTTAATTGGAAGTCTCTCCCTGTCCTTTTACCCTCTGGTGCTGGGCACCAATGAGAAGCTCATCTGGCCCCGGGATCCTGGCAGGACACTGGGAGCACTATTTCCATGGGCAGCAGGGTTGTTCCTGGAGACATCACTGACCCAGGACACCTAGCACAATGGCACTCGATGTGAAAGTGGCTTCGTACAAATCTGCCACTCAAGCCTAAATAAGTGCATTCCAGAAGAGCCGCAGCCCCTCTAACAGCTCCTGAGGTGAGGGAAACCCTAGGGATGGGAAGTTGGAGCAGAAAGAGATGGTGGCCTGAAGTCAACTGCAGTGAAAATCTCTCCCCATCAGCAAGTTTTGCAAAGCTATGGCCACAGGGACACATGACTGGGGCCCCTCCTAGTCTTGGAAGGAGCCCCCATGGAAATGAGGGCCTCACAGTGAATCCACCTCTGATCCTACTTCACCTGCAGTCAAATGAGAAGAGATTTCAATCAGCTAAAGACACCCTATCCCCTCTCCCCGACCCCTGCGACCCCAGGAGCTCCTGCCTTGTCACTGTGTCCCCAAACGAACCGCATCTGAATCAAGCCCCTTTCTCTCCCTAGTGGTCAACATCTGGGCTGTGATGGGCAGCTCCCACTCTTGCCTTAGAATATGACTGGAGAGGTGACTTCTCATCACATGGAGAATATGTTCACCCCATGGTGCTTTCCACCCAAGCTGACCATGGCTTGACTTTTTGGTGTAGTTGCTAGCTCTGTGCCATCCTTGGCAATGTGACCCTGGAGCAGCTGTCCCCAGTGTGCATTTGGGGGATTTCATGTAATTATGAATAGGATGCAAATTTTATAGCCCCAGTGAAGGGAAACACCCCTGGCGAGGCTTCCCGGGGCCAGAGAGAGGACTCCACTGAGGGAGATGGTGGCAGGGCCATTCTTTGTGTCCTGCTTTTTTTTTTTTTTTTTTTTTTAACATCCTCTTTATGTCCTGAGAGCCATGTGCAGATGAGGAAAAATGACATGCAATGCATTTTTGCCTGCCACAATGACTTTGCAATCATAACAAGCAAAATGTTCTAAACAGTAAGTGAATCGAGGAAGATATACTGCCAAGTCAGGAAGAAAAAATCCACCTGTTCAGTGATTTCAGGAACTGCTGAAGAAAATCACCAGTGAGTATCAGTTTCTGCAAGAGAATCTAATGCAGGCTTTGCTTCTCATCGGAATCCCCCAGCTGGTGTCTTGGTTGACTGAGAGTCTGGGGGAGAGGGCAGAGAATGGATTTATTCTCTGCTAGGTTTTTAACAGTCAAGAAGGGCTGTGGTCCTAAGGGGCACTGGTCAAACCTTAGTGTGCATCAGAATTATCTGGATAAGGCTAGGCACAGTGGCTCACGCCTGTAATCACAGCACTTTGGGAGGCTGAGGCGCGTGGATCACCTGAGGTCAGAAGTTCAAGACCAGCCTGGCTCTTTTAGTAGAGAAACCCTATGTCTATTAAAAAGTACAAAATTTAGCCAGGTGTGGTGGTGAGTGCCTGTAATCCCAGCTACTTGGGAGGCTGAGGCAGGACAGTCACTTGAATCTAGGAGGCAGAGGTTGCAGTGAACTGAGATCGTGCCATTGTGCTCCAGCCTGGGCAACAAGAGTGAAACTCTATCTC,False
1438,-325,9.212803,-9.4284525,8.020585e-09,7.9700522,-8.49604,7.0610064e-08,10.335074,-9.642476,2.1079487e-09,11.306641,-11.437665,1.3251773e-10,8.851486,-9.051014,1.6789702e-08,1.9532163e-08,ENST00000578746.1,-325,GGCCAATACTAAATTATTGCTGCATTTTACACTTGATGTCATCTCAAAAATGGAGAAAAATAAGTCATTGTGTACAATGCAGCTGTATAGTCCTTGGTCTACCAGCTGAACATTACATATGACTCAGGTTGGCTGTGCTTGATACTTGGCCTACAGCATTACTAGCAACAAACGTCTTCTTCCTTTGGTGAACTGAATGAGGCACCAGGATACACATGAACTGCCACTGGACATGAACTGCACACAATAAAAACCCGGCATTGAAAACGGGCTGGCTGCCCTTCAGAAGTGACAGTGTCCTGAAGCGGGGTGATGATGGCAGGTGGATAAACAGGCATTTCCTGATCAGGAGACACAACTTCTGGAACTAAAGAAAGAAACCACAAGATTTGTCATGATTAAGTCACCATAGAGACCTCACAGAAGGGAGCATGTAGGTTTATCTTAATTTATTTCACTGCAGAGTGCTTTCAAAGTTGGGTAGCAATCTACTTTTATGAGCTCCAAATTGTATTTTTAAATGCACTGGGAAAGGACAAAAGCCTGCTTCTTAGGTTTTATTTTCAGCTGGAAGTAGCGAGGCATTCCTACCTTCCACTGAGAGTGAAGCTGATGTTGTGGCAACACCATAGTCATTCTTGGCTTCACAGGTATAGACTGCCGCATCCTCTGGGAAG,False
1439,-758,8.19906,-8.506552,5.5570567e-08,9.891973,-9.875439,2.6008948e-09,8.653005,-8.510345,3.516027e-08,11.671567,-12.057396,4.9504283e-11,13.203346,-13.220905,3.3426688e-12,1.8676916e-08,ENST00000523470.1,-758,GAGGGGGAGGGGGACGAAGCTGGTGGCGAAGCGGCTCAGGAGAACCGGGGCTGGAGGAGCGGCAAGAGTACCCAGAAAGTGCCCTCTCCGCGGGGGTCTGCGGCCAAGGAGGATCCTGCTCGTGGAATAGCTACCAAATCGGCCTCCAGCCCACCCCAGGGGCGGGGTAGAGAAAGGGCAAACTGTGACCGGGACTTGTGCACCCGATTAATTGAATATTAATCACCCCAAGGCCTAGGCCAACCGCCACCCAGAGAGTGGCAGCTGCAGAACCCAAAGACGTGGAGCCGGGCTGGGGGTGGGGAAGGGAGGCCGCCACAGCTCCCGCCCCGCCGGCAGTTTAACTGCTTCCGCAGCCTCAGGCCTCCCGGTGCGACCCCGGCTGCGACTCGGATCCGTTTATTCCAAATGTCCCAGCCCACGCCGTGCCCAGAGTGTGGCGACACGAGGCCAAACTGCACGGAGTCTTGCTGTGTTGCCCAGGCTGGAGTGCAGTGGCATGATCTCTGTTCACTTCAACCTCCGCCTCCTGAGTTCAAGCGATTCT,False
1440,-894,9.774642,-10.009938,2.556619e-09,7.933492,-8.432476,7.804589e-08,10.503704,-9.805321,1.5132218e-09,11.021694,-11.171662,2.2990486e-10,9.128034,-9.33663,9.569695e-09,1.8383066e-08,ENST00000592836.5,-894,CTCTGTGACTGGCTTGCTTGATGGTTAGGGTCTGATCGCTGCCTGAGACACCATATCGGTACTCCTCAGAGTTGGTGATCACAGGATCTGGTTTGCCACTGAAAGGAATCTTGATGCTGACCACTTCACCTCGGAGAGCATGAACTGCTCCCATGCCTTCAAGAGTTTTAGTGGGTAACCAGGATGGAACTGCGGTGTTGCTTGCAGGAGAAGCTTACTACTGGTTTCTACTTCTCCAACCTCATTGGTGGCTATGCAGGTTCATTGAAGTGGCATACAATTGTTGACCTTTCAAATCTTGTTGGGAAATATTTTTAAAAAGAAACCATTGCATTAGAGGGAATTACTCAAGGAAAGTGCTCAGTTCACTCCATCTAACATCTGCTGAGGCACTGTCTCCAGACTGTCTATATTCAACCCAGTATCCAAGAATTTCTTTACCACCATCACATTCAGGTTTCTCCCACTGTAGAGTGACACTATCTTTGGATATTGAAAGAATCTCAAGTTCTCCTGGTTGGCTTGGTTTATCTGAAATATTTTAAAATAATGAAAAGGGAGTCAGCTTTACTGGTGAAATAAAAGGACCAAACAT,True
1441,-889,9.746832,-9.979482,2.7100073e-09,7.943849,-8.451188,7.5809915e-08,10.625521,-9.935512,1.176136e-09,11.15187,-11.29255,1.7885962e-10,9.115831,-9.310198,9.946659e-09,1.7964314e-08,ENST00000586831.5,-889,CTCTGTGACTGGCTTGCTTGATGGTTAGGGTCTGATCGCTGCCTGAGACACCATATCGGTACTCCTCAGAGTTGAATCAGAGGTGGGGAGAGTGGTGGAAGGGCCTGTGGACTTACGGATGCTGCTGCGACACTCTATGACCTCAGACTGCAAGTAAGAGCCAATCCCGAAGCGGTTTGTTGCAGCCACACGGAACACATACTCATTTCCTTCGATGCTGGAGGACCCGGTTTATCTGAAGGAATAAGGAAGAAGAGTGAATATGTGGAATGGGGAATGAGTATAGAGTAGAGGTCTGGAGACCTGGGCTGCAGTCTTTCTATTGTCAATTTCCTATATGACCTAGGAGGTGTATATTTAGTTTTTTATTAGGAAAAATGACCATCATGAATGCTGTTACATCTTTGCCTATAATACTCAGCAGAATCTTACCATTTTCTGCGAGGATAGTCACTGGATCAGAAGGTTCAGAAGGAACACCTGGAGATGAAGACAAGGAAGATGTCAGTTTCTACATTAAGTAACAAACTAGAAAGAAAACAACTTTTTTTCTCCTTCACAAAAACATACCAAATGGGAACTGCGCAACCATCTTTGGAGATGTGAGAGGCTCTGAAATGCCAAATCGGTTTTCAGCACGGACCCGGAAGATGTACTCCTGGCCTGGGATCAGCTTTCCAACCCTGCAGGAAGTTTTTGTGACTGAAGCTAGAGCCGT,False
1442,-327,8.895236,-9.107644,1.518618e-08,8.260064,-8.789986,3.937838e-08,10.55923,-9.867906,1.3446455e-09,11.573404,-11.703203,7.782118e-11,8.520264,-8.7081175,3.2946456e-08,1.7786697e-08,ENST00000582038.2,-327,ATTTACTTTGCATCTTGTAGTGTCTCTGCCAGCTTTATTAATAGCAGTCGCAGTATACCAGGCAGAATCTTGGCTGACAGTGGAATCGATTTTAAGGGCAGCTTCTCCCTTGGTTCCTTCAATTCTATAAAAAGTTGGGGGAGGGAATAATCAATATAGTGGTATAGCTTCCCTGGTTATTGGATTTGTATAATGAGCTTAGCTTTATTATTTCCATACTTACCTGATTTTGGGATATTTATGAGGCACAATGATGTCACTGTTTTTCAACCATACAATGTCAGGGTTGGGGTTACCCGTAGCTCTGACTTTCATTTCAAGTCGGGAACCTTCCTTTATATTGACATTTTTCAGTTTTTCTACAAACATCGGTTTTACCTGATGTTCCACAGCTGAAAGAGAAAGGTCATGATTTAGAGGGAGTAAGGCTGAAATACCTGTTTATAACCCAAGTGATAAGAAAATTCATTTATTTTTATTTTATCTCATTTTACCTTCCACAGTTAAAATCACTGAAATTGAAGATCTGCCTGCCCTGTTTTGGGCAACCACAGTCCATTCCCCAGAATCACTGGGTGTGGCAGGGACAATAATTAGTGATTGAGTACCATCTTCTTTAATGACTACTTTATGGGTATAGTCATTGACAATTTGCTGGCCTGTGAAAATATGTTTAAAAGAAAGTAGATTTTAAAATAGTTTTTAAAAATTGTTAGATGCATACATAAGCTTGTTTTTGTGTTTTTATGATTCATGAGCAAAAACTTATCACGCTTACCATCATGAAACCAGAACGTCTCTGGCATAGGTCTACCAACAACCTTTAAGTCAAATCTGGCAGTTTGCCCTTCTAAACATTTGAAAGAAACAGGTTTTAACACAAAGACTGGTTTATATAGTCTCTCAAGTTGTGACTCATCTGTCTCCTCCAGCCTACGTCCAGGGGACATTCTTGCAGGGGACATCCGTGCAGGAGACATCCTTGCAGGTGACATCCGTGCAGGAGACATGCGTATAGGAGACCTGCTCACTGAACGTGGAGAGAGAGATCTGCAAAACAAAGACACACAATACTTTCGTGAGGCATAAAGAAAACTCAGCAAAACAAACTTCATTTTGTCTTATTCATTATTCATGTTATTTTAGAATTTACTTCTTGCACGTATTAGAAGGCACCTCAAACTCATTCAGATCTAAAATAGAATATATTATTGTTGCCCCCACAACTATGTTTTTCCTATATTCTCAATTTTAGCTGGTAGTCATTCAGTATATCCAGGTACCCAGGCTCAAAAATCTTGGAATAATCCTCAATACTCTCTTTTCCTTACCACTTGGATTTAATCAGTCACTAGACTTTTTTGATTTAACTACTAAAACATCCTAATAAATGTTGGTTGGATAAGTAAACCAATGAATACATTTATGGAAAAATAAAAAATACACATTCTTTATCTCAGAGGAGGAAAACATAGAAATGAATTTGGAAACAAAACAAAGCAAAACAAGACTCCATCTACACATTGCAGCCAGACTGACTTGGAGTTTGAATGCTGGCACCACCGCTTACAGGCTGGATGAATTAAGACAATTTTCATAGATTCCCAGGGCCTCAGTGTTCCTATTTCCAAACCAATAATAGTCATCTTTTTATTGCAGGGCTGTTGTATAAATTTACATATGTAAAAATCAGGTGTCAAATAAGAGCTATTGTGATATTAGCTATAGCACTAGGAAAATAAACAGTATGTTACACTGATGAAAATTCTTTGCTCATCTTACACAGGGGCAAGAAATAAAAACTTCTGGCAATTGTTGGTGTTGCCAATGGTGCAACATACCATGAAGATTAAGGAAACTTAGCAACAGTGAACTTGGACCTTCTAATAGCTGTCTAACCCCGAGCTCATCACTTGAAAATGAAAATATCAAATAAAAAAAGGAAAGTATAATTTA,False
1443,-326,8.76099,-8.97228,1.9885626e-08,8.24067,-8.786399,4.0293763e-08,10.610355,-9.933579,1.1964179e-09,11.412993,-11.534892,1.0810853e-10,8.667536,-8.849458,2.4686866e-08,1.7234157e-08,ENST00000584485.1,-326,TTAGGCTGGTGGGAATGGTGTTGCAAGTACTATTGGCTTTGGGAACAGCATAAGCAGAGGCATGGAAGTGGGAAACTGAAAGGAATTTTGGGGGAAATGAATAATAATTTCTTAAAATAACAATCACTCCTCGTAAGAATTTAGGTTAATAAATATACCAACCTGCCACAGTAAGTTTTCCAGATGTCATATTTTCTCCCGCGTAAAATGTGTATTTTCCTTCATCATCTTTCATCATATTTAGAACTGTCAATTTATATATTTTTCCATGTGCTTCAATTTTATATTTAGAACTGGGCTTGATTTCCTTGTCCTTAAAATTCCACAGGACATCAATTCCAGAGTGGGACAGCTCAACCTCAAACACCACATTTTGAGTTTCTGTACAGGTTGTCTTTTTCCCGTCGATGACAAAGCTGTATTCTCCCTGGTCCTCCTTGGTTACATCCTTGACCGTGAGGTTCTGACGTCCACGACGAGATGTAATTGTATATTTGCCATTGGATTTAAGCTCCACATCATTATGATACCATTTTCCTTCTATATTTTCTGGGGATACAATGCACTCTAATTCTCCTGAATATGATTCTGGAACTTCTATGTCCTGAAGTTCTTTCACAAACTCAACAACTGCACCTGAAGTGTATAACAGAAAGATAAATCAATTTTTTTGGAGAGGTATGCATCTAGACTTAGGATAGAGATGATGTCTTGTATGTCTTTTATCTCCCCCATACTATCAGGTGTATTCTTAATATCTACCCGCTGATGGGCTGAGAGATAAATTTTCAATAAGAAGCAGTTATTTTATTTTAATTTTTAAATATTTTTGAAAGTA,True
1444,-881,9.326646,-9.545403,6.367573e-09,8.05416,-8.568499,6.037698e-08,10.532916,-9.837616,1.422951e-09,11.218928,-11.3517475,1.5764509e-10,8.848157,-9.047309,1.6908222e-08,1.7046677e-08,ENST00000585625.5,-881,GTTCCATGTCCGCCACATCTAGGGTGACAGGTTGGATTATGTCCCTCCCTAAGAGATGTTGGACTCATAACCTCAAGTACCTCAGGATGCGAACTTATTTGGTGATAGGCTTTATAGAGGTATGCGTATTAGTCCATTTTCACGCTGCTGATAAAGACATACCTGAGACTGTGTCATTTATAAAGAAAAGAGGTTTAATTGACTCACAGTTCCACGTGGCTGGGAAGGCCTCACAATCATGGCGAAGGCAAGGAGGAGCAAGTCACATCTTACGTGGTGTCAGGGAAGAGAGAAATGAGAACCAAACAAAAGGGGTTTCCCCTTATAAAACCGTCAGATCTTGTAAGACTTATTCACTACCATGATAACAGTATGGGGGAAACGGCTCCCATGATTCAATTATCTCCTACCAGGTCCCTCTCACAAGGTGGAAATTATGCGAGCTACAATTCAAGATGAGATTTGAGTGAGGACACAGCCAAACCGTATCAGCATGCCCAAATTGGATCTCAGCGCCTGGGAGCTCCAACTTTAGCAAGTGCGAAATCCTGTCTTCGGTTTTGGAATTTTCATCCGCACAGACTATATCAGCCACGGATAGGATATGTGAGAATACCAGCATGTCAAGGCTGGGAATCATCCTTAGGCATCACCTAGCCAGTCCTGCCTCTCATTTTAAGATGCAGAGTGTTCATATGAGGAGAGACTTTCCCTTGTCTCCGTCATCTGTGATTTCACTTCCCTGACAGAAGACGAAGCTTCCATCTCAGATGTTTTCTTAAATGATGAAACAGCATACGCCTCTGTTCTTGTCAGCTCAGGGAAAACAGATCTGGGGACCTCTTCATCTCTGCGTTGGGAAGCATAGGTGGTATAATCCCCTCCTGTCACGTCCAACGTTGCATAGTCAGAAGCTTCGCCCTTGTAGTTGGTGCACACAGCACG,False
1445,-1368,10.115219,-10.259502,1.4170033e-09,10.816852,-11.131953,2.935994e-10,9.475242,-9.005325,9.418708e-09,14.531606,-14.538979,2.370315e-13,8.391583,-8.086347,6.9779176e-08,1.6181744e-08,ENST00000431181.5,-1368,TTTACCCGCGGGAAAGCCGAGGCCCGGTGCTGTATTCTGCCGCCCATTTTACCCGCGGGGAAGCTGAGGCCCAGTGCTGTTTAATATCTTACTCATGTTCACTTGATGAGAAAGTGACAGATCTGAGACAAACCCAGTTCTAGAGGTTATGACACCAGCCATGGAAGAGCAGAGAGGCCAATGAGGTGGGGAGGTTGGAAACAAAAGGCCTTCTCCACCCCAGCTTGACCAACCCAAAAGCTGGAAGGCAAGGAAGACCTAGACAGAATTTAAGAGACACCAGAGGATGGCACATTTATACTGAGCTTGCAGTTTCCTAAACATGAAGAAGATGAACGGCTCTCAGTTAAGCAGCACGGGTCAGATAGGAGCTTGAAATTGAATATTTGAGCTGACACGGGAGAGACATACTTTTGAGATTCCAAATACGATTTCTGTGGAGAAAACAAAAAAGGACTCTGTTTTTAATTCAAAAGGGAGAAGTGAAATTCTACCTCACTTTTTTAAAAGAAGAGCCTGGAATTGGCCTATCCGTCTTTTTCCCCGTTGGATCACAGAGCAGAAAGGAAGGTGGGCGTTTGTGTTCTGGGTGTTGTCCACGCTGGACGTGCCAGCATCTCCCACTGAGCCAGATGTTCCAGGGCTAAGGCCAGTTTCATTTGAAGGCACAGCCTTACTATATCATATTAATCTGATGCCAAGTTTTTGGATGTTATGAGCAACCACCTCATTTATTTTTTGTGGTTGTTTAACCACAATGAGTAAGTCATGCCGTGAGGGCCCAGAGACTGTGTCACTGTTGTGATGATAGAGTGCAGGGCCCTTCAAAGGGAGGTCTGTGGGCCAGCAGCACCCAAG,False
1446,-888,8.457982,-8.684236,3.5911164e-08,8.421309,-8.995498,2.7288317e-08,10.532279,-9.855903,1.398058e-09,11.454663,-11.604133,9.675918e-11,8.94665,-9.079262,1.484042e-08,1.5906943e-08,ENST00000587944.5,-888,TAATATTTTGAGATCTAGGCTGTGAGATGAAGGCTGGAGCATCTGAGAGTTCTTTGCTCAGTGTCAAATCATACTGACACTTGACGATTCCTTCCTTGGTTTTGCTTATGCAGGTGAGGATTCCTTCATCTCTGTGACTGGCTTGCTTGATGGTTAGGGTCTGATCGCTGCCTGAGACACCATATCGGTACTCCTCAGAGTTGGTAAGCTCTACGCCATTCAGTACCCATTTCACATCAGTGGCACCAGCAATGTTGGCTTTTAAAACCAGTCTTTGACCTTCGTTTATGCTCATCTGAGTAGAAAATGCTTTAATCTCAGCATGAGTTCTGACTTCTTCTGATGCCTGTGATGTTTTAGTGATTTCCTCATGGACAATGGATTTTTCCAGGGAGGTTGCTGCTGATTTCTTGACTTCTTCAGAAATCAGAACCTTTGAAGCTTCCTCTTTGAGGGCTAACTTTTCTTGAGATTTTGCCTCTGACATCTTAATTTCTTCAGACCTTAGGGCTTTTTGGGAAATTTCCTCTTGGACAACAGCTTTCTTCTGAGGTGTAATTTCAGAAGTCTTTTGTGTAGAGACTTTCTGTGCCTCAGTATCTTTTATAGCTAAAAAAGAAACCTCTGTAAGGCAAACTTAATTAGAAAGAGACCCCCACCTTTTACTCTTCTAGATTCTGCGTGTGAAAAACATAAAAAGAAAAAAAGTCAACTTCTTCATGCAATATGCAGAGTGTTCATATGAGGAGAGACTTTCCCTTGTCTCCGTCATCTGTGATTTCACTTCCCTGACAGAAGACGAAGCTTCCATCTCAGATGTTTTCTTAAATGATGAAACAGCATACGCCTCTGTTCTTGTCAGCTCAGGGAAAACAGATCTGGGGACCTCTTCATCTCTGCGTTGGGAAGCATAGGTGGTATAATCCCCTCCTGTCACGTCCAACGTTGCATAGTCAGAAGCTTCGCCCTTGTAGTTGGTGCACACAGCACG,False
1447,-893,9.79325,-10.026544,2.4681581e-09,8.132477,-8.648349,5.1544177e-08,10.082117,-9.375119,3.546739e-09,10.759418,-10.889486,3.962789e-10,8.831114,-9.043521,1.726415e-08,1.50439e-08,ENST00000588716.5,-893,CTCTGTGACTGGCTTGCTTGATGGTTAGGGTCTGATCGCTGCCTGAGACACCATATCGGTACTCCTCAGAGTTGATTCTGCGTGTGAAAAACATAAAAAGAAAAAAAGTCAACTTCTTCATGCAATGTGATCACAGGATCTGGTTTGCCACTGAAAGGAATCTTGATGCTGACCACTTCACCTCGGAGAGCATGAACTGCTCCCATGCCTTCAAGAGTTTTAGGATGGCATCAACTGTTCCAAAAACATTGCTGAGCTGGACTTTGTATTTCCCAGCATGAGTCTTACGTTGGACATTCTTCATGACAAGTGGGTAACCAGGATGGAACTGCGGTGTTGCTTGCAGGAGAAGCTTACTACTGGTTTCTACTTCTCCAACCTCATTGGTGGCTATGCAGGCACTGTCTCCAGACTGTCTATATTCAACCCAGTATCCAAGAATTTCTTTACCACCATCACATTCAGGTTTCTCCCACTGTAGAGTGACACTATCTTTGGATATTGAAAGAATCTCAAGTTCTCCTGGTTGGCTTGGTTTATCTGAAATATTTTAAAATAATGAAAAGGGAGTCAGCTTTACTGGTGAAATAAAAGGACCAAACAT,False
1448,-51,10.438082,-10.571787,7.508099e-10,11.264127,-11.579823,1.1994973e-10,8.921177,-8.455817,2.8396638e-08,14.325148,-14.311893,3.6567147e-13,8.624156,-8.290906,4.5069417e-08,1.4867436e-08,ENST00000420350.1,-51,GAACAAAGGGGATGGATTTCAGAAACGTTTCTAAATCATAAATGACTGAACCAGAAGAACTGAAGCTGATGTCAGATTTCTCGCTTGGGTGATGAGGAACAAGGCAGGAAGAGCAGCAATGAGGATAGAGGTGGAAGGGCAGCTCAGGAATTTCCCTGGAGTTTTCCCATCTTGAGACTTCGGTCTTGGAAGACAGAATGGCTGTGACATAATGTGGACTTTTTACTTCCACCTCTAGGAAAGCGTTCTTTGGAACACCTTTGCTGAGTCTCTCTCTCCTCCGCTCAAGGGATTCCGCTGACACATTGCATTCTTGGGAGAACCTTCCAATTCCAATTATGGACTAGCTGCTCCTACCCTGTGCTCTTCGCTTGGTGACTATTCTTATCCCTTTTCAGCCCTTCTCACACTGTTTTGTGACTGTCTCTTTATCTGTATTAAGTTGGATATGAATTTGGCTCCTTTCACACAGACCAAAATATAAATAGCTTAAGCAATATAAAGATCACACACACAAGTGAGGCAAATGACCATCTGAGGGTTGAGGAAACTCTGCTGCAAGGGTTGCCCACGATCCTGGTTTCTTGTGTTTTATTACTTTGTCATTCCCTAGGATGTTGTCTCCATTTACAAGGCCAAAACAGGTTCATCATCAGCTCATCACTCTCTAGTCCCGGGAAGGGCAGCATGGAGTTAAAATGACAGAGGAAGAAGGCATTTTCACACAAGGCTGGCCAGATGGGAAGAATCTTCAGCTTCAGCTTCAGCTTGGCCTCATTCATTTGAAAATAAAATGTTTACATGAGGCCGCGCCTGTGTCCAGCTGAAAGTGGGTCCTTCAGAGCGTGTGGGGGATTCTCTGCCGGCTTGATGGGCTAGCTCCTCTAAGCCGGCTGCTGGAGACATCACCGGCTGAGGGACTCCTGCAAACGTTCATACATGATTTGATCCTGAAAGGAGGGAGAACACAGAATACAGAGACCGTCACTGCTTGTTTTGGGCTGAATGGTGCCCCCCAAAATTCACATGCTGCAGTCCGCACCCGCAGGACCTCAGAATGTGATTGTAACTGGAGAGAGGGTCTTTATAGAGGAGACTGGATTAAAATGAGGTCATACAGGTAGACTCTTATCCAATATGACTGCTCTCCTTACAAAAAGAGGGGATTAGGGCACAGGAGGGAAGAGCATGTGCGCAGAGGGAAAAGCACATGCAGGCGCTGGGAGAAGACAGCCATCAGTGAGGACAAAGGCTCCAGAAGAACCAATCCTGCCCAACACTCTCCAGAACTGTGAGAAAATAAATTTTCCACTTTTTAAGCCA,True
1449,-885,9.6146,-9.844853,3.538887e-09,8.228693,-8.739329,4.2744666e-08,10.717623,-10.025105,9.807248e-10,10.857517,-11.001637,3.2113684e-10,8.630538,-8.826643,2.6208554e-08,1.4758794e-08,ENST00000590040.5,-885,GGAGCGCCTCTGACTGACTTCCCCCATGTGTCCGTGTGGCCACACCGTGCTACTTTCAGAGGCAGTGGGCTTTTCGCTAAGGGATAAAAAGAAGTAAAACCTTGCCTTTAGCGCAGCTCTCCTTCACTGGGCAGATTGCTCTCCCTCCCCACTCTCCCAGGCCCAAATTGGATCTCAGCGCCTGGGAGCTCCAACTTTAGCAAGTGCGAAATCCTGTCTTCGGTTTTGGAATTTTCATCCGCACAGACTATATCAGCCACGGATAGGATATGTGAGAATACCAGCATGTCAAGGCTGGGAATCATCCTTAGGCATCACCTAGCCAGTCCTGCCTCTCATTTTAAGAATCAGAGGTGGGGAGAGTGGTGGAAGGGCCTGTGGACTTACGGATGCTGCTGCGACACTCTATGACCTCAGACTGCAAGTAAGAGCCAATCCCGAAGCGGTTTGTTGCAGCCACACGGAACACATACTCATTTCCTTCGTTTAGAACCAGCAAAGAACCAGGAAGCAGCAGGAGGTGGACGGCCAGCAATAGGTATCACCAGCTCTACTGGTCTGCCAGCTGGGACATGGATGGTCTTCTGAGGCATTGTAGAAAGATCGATTGTTGGCAACACTATGGGAAAGAAATCAGGCATTTATTCTTAAGCATTATTTTTATGCTTTGCAGGCCTCGAGAACATATCCAGTGAGTCGGCTACCACCATCGTAGAGTGGTTTTTCCCAGGCAAGGGTAACAGTGGATTTGGTGACATCGACCACTTCTAGCTTTGCAGGCACCAAAGGCACTTCTGAGACCAGTACTGCATCAGATGTTTCACAAGGTTCTCCAATGCCATAAATATTTTCTGG,False
1450,-905,9.42314,-9.646854,5.2240443e-09,8.233722,-8.753141,4.1946862e-08,10.2955885,-9.594615,2.3003524e-09,11.546822,-11.671913,8.245778e-11,8.705733,-8.905565,2.2465217e-08,1.4403787e-08,ENST00000589487.5,-905,GAGCATGCAGAGAAATTGCTTTAGCCTCTGATAAATAAAACAGACTGCGAGGAAAATTACAGCGAGGAAATTACAGACATCATCTCCTTTGAACAGGGAAAAGGTAACAGTTTAGGAAAATGCAAGAAGACATATGTAGATGAGACAAAGATAGACCATGTCTATACATGTATGAAATGGATGGGAGACAAAGGAAGCAACACTCATGAGCCAGGACCATAAAAGCCACAGAAATATAAGAAATGAATGGGACTACTCTCTGATCATTGAAAAAGAGAGACAGAACATTCGATGGAGGCAGAAAGAGCAAGGAGTCAGGCACCTCAGGAACTTGAGAGACATTGATTATTTTAGACACTTAAAATGCAAGAACCAAAGAAGAATAAAGACCACGTTTCCAGTTTCCAACATAAGAGAGTAAATATCACAAGGCACATACACAAGATGAAACATTGACATTTCACAGAATCGGTTAATGAGAAAAGAATAAAAAGGCACTTTAAAGACATCATTTCATGATAAGGATTTATTTTGAAGGACAAAAAAAGAGAAACCAAGAAGACCCCACACCCAGAAAGACCAATGTGTTAACAGTCGCTCAAGACAGATTTAGGTGGTCAATCACAGAGGGTAAAGGATTATAGATAAAACTGGAGATGAACAAAAGGATGGGAAAGCAGAATTCAACACAAAAGAGGCCTTGATGATTCCAAGAAGAGCTGCTATACCTGGTGCAGGTACTGGCACCTTAGGTTTAACTTCTGGAAGGACTTCTTCTTCAGGTGGAGCCTCCACTTTCTTAGGAGCAGGAACTGGCACCTTCTTCTCAGGCACAGGCTTCTTGGGTACCTCTGGCACTTTAACGAAATGATTTAGAGAAAAATTTTATACGACATAAAAATACTGATTCCAAGCATAGTTTCAAAAGATTAAGATAAGATTTGTGAGTTACTTAGCAATATATGTACACATGTCCATACACATAAATAAAAAAATTTTGAACTTGTAGCTGAAACACAAAGATGTATACCTTTCACTTCAATAACTTCTTCCTGTACTGGAGTCCGGGAAGGTTTT,False
1451,-1372,10.397643,-10.561597,7.898011e-10,8.443946,-8.707344,3.5586805e-08,9.965042,-9.484785,3.5731182e-09,13.027662,-13.098938,4.501546e-12,8.783543,-8.49501,3.1334285e-08,1.4257703e-08,ENST00000437035.5,-1372,AGGCGGTGCTGGGGTGCACCAGGGCAGCAGCTACAGGCCCTGCTGAAAGGGTTGACAATGAAGACTCTCAGGCCACCGTAACTCATGGAGAAGCCCTGAGCATCTGGCCCGCTTAATGCACCAGCTGGAGTCGACATTAAAGGGCCCCATTTCCCATTTGCTGCAGAAGATGTTTAATTGGAAGTCTCTCCCTGTCCTTTTACCCTCTGGTGCTGGGCACCAATGAGAAGCTCATCTGGCCCCGGGATCCTGGCAGGACACTGGGAGCACTATTTCCATGGGCAGCAGGGTTGTTCCTGGAGACATCACTGACCCAGGACACCTAGCACAATGGCACTCGATGTGAAAGTGGCTTCGTACAAATCTGCCACTCAAGCCTAAATAAGTGCATTCCAGAAGAGCCGCAGCCCCTCTAACAGCTCCTGAGAGATGACAGAAGAGACATCCAGGAGTAGATTTCAATGCACAGCAGCAGCTGAGAGAAGCCAGCTGTGAAAAA,False
1452,-566,11.453273,-11.814666,7.8498735e-11,14.633164,-14.491921,2.2445845e-13,8.327966,-8.269303,6.1929505e-08,9.570629,-9.7380905,4.114619e-09,13.007034,-12.969787,5.228891e-12,1.3225614e-08,ENST00000587066.5,-566,AGGTAGCCAGGTGCATCGGGGAAAGCACTGACATTGGAGTCAGACAGACTGAAGTTCATATCTGATTCTGCTATATGACAACGTGTGGGCTATGTGGCTAACTTCTCAGAGCTTCAGTTTTCTCAAGGGCAAAATGAAAATAATAGAAATAATAGAATCCACCTCACAGGGCTGTGGTGAGAATTGGAGATGAAGCACATACAGCATATTACATCAACTAAACACATGCTAAAAATTAAAGGGGATGAAAGATACATTGGTCCCTGCAGTGGGAAGTTTCCTTGACAATGCAATTATTGATTCCAGAAGGCTGAACAAATGTTGACAGAGGAACACACTGTTTGCTTATGTCTAATCTTCCCATCTGACTTATATAAATGTCACAAATGAATCTCAGACATGTGCCCAATATCAAATATCCATACGATGGCCCTGGAAAGAGGCAATCTACATTTATGGCTGATGAGAAGATGGATTTTTAGCTTGAAAGAAACTTATTACTGGGGAGAGGAAGTATAAATGAATGGAGAGAGCTATGAAGAGGTTGAGAGAATACAGCCAAGGCACATGACAGAATTGCTCTGTTGAAGTTTTGCAAGGTCAAATGACTCAC,False
1453,-887,9.122024,-9.347184,9.526316e-09,8.429012,-8.943681,2.8519091e-08,10.730703,-10.024212,9.688462e-10,11.608164,-11.747672,7.189352e-11,8.723742,-8.909588,2.197568e-08,1.2212365e-08,ENST00000592182.5,-887,AGAAAAATGATTAGTCATATAGAAAGTAATTGACATATTGTGCATCCTGCAAATAAATGTTACACGGCAGTTGGTAGCTTTACTTTGAAATGTAATCTATCCAAGTTTCTGTGTAGCTATAAAGAAAGTTTGACTACAAGAATGAATTCACATCAGTTGGCTGTCCCTCTTTCACATGGAATTTAATAAGGCTTCTTAGAGTTTTCTGTGCTTGAAAGAGAGGCAAAAAAACGATCTAAAGGCCTTAAACATGTAAGGAAGAAGGGTGAGGAGATACTTACGAAGGACCATTAAGGAAGCTGTAGCTGAACACTGGCCACGGAAATTTTTGGCCTTAATTGTGTACTTTCCACTGTCGCTGACTGATGCATTTCGGATTTCAAGGGAGTATACATTTCTGGAGCGGCTTATGCTGACATTTGAAGAAATAGAAATCTAAGACAAAGGAAAAAGAAAAGAAATGTTGAAGTTCTTCAGATGTGGAAGACATGGTGATCACAGGATCTGGTTTGCCACTGAAAGGAATCTTGATGCTGACCACTTCACCTCGGAGAGCATGAACTGCTCCCATGCCTTCAAGAGTTTTAGTGGGTAACCAGGATGGAACTGCGGTGTTGCTTGCAGGAGAAGCTTACTACTGGTTTCTACTTCTCCAACCTCATTGGTGGCTATGCAGGCACTGTCTCCAGACTGTCTATATTCAACCCAGTATCCAAGAATTTCTTTACCACCATCACATTCAGGTTTCT,False
1454,-884,9.441936,-9.674213,4.9884035e-09,8.1848345,-8.722952,4.5398473e-08,10.961146,-10.249148,6.1444927e-10,11.875734,-12.011979,4.223743e-11,9.288903,-9.47193,7.1166144e-09,1.1632036e-08,ENST00000592630.5,-884,GGAGCGCCTCTGACTGACTTCCCCCATGTGTCCGTGTGGCCACACCGTGCTACTTTCAGAGGCAGTGGGCTTTTCGCTAAGGGATAAAAAGAAGTAAAACCTTGCCTTTAGCGCAGCTCTCCTTCACTGGGCAGATTGCTCTCCCTCCCCACTCTCCCAGGCCCAAATTGGATCTCAGCGCCTGGGAGCTCCAACTTTAGCAAGTGCGAAATCCTGTCTTCGGTTTTGGAATTTTCATCCGCACAGACTATATCAGCCACGGATAGGATATGTGAGAATACCAGCATGTCAAGGCTGGGAATCATCCTTAGGCATCACCTAGCCAGTCCTGCCTCTCATTTTAAGTGGGTAACCAGGATGGAACTGCGGTGTTGCTTGCAGGAGAAGCTTACTACTGGTTTCTACTTCTCCAACCTCATTGGTGGCTATGCAGAGAATAGACGCCTTGATGGCTCCTCTGGCAGTTCTTGATGACCATGGATGAGCTAATGGCTGTGGTCTCAATGGTGGCTTCTTGAGATGGTATTGCCTCTGAATTTGCTGATTCAGAAGATGTCGGACTCATGTTATCCTATAGAAGATGTAACAACCCATATACATTTATGAAAATCAGGAACTACATTATTATAATGATGAAGGAAAAGCCCAAGAAATCAACCAACCTGA,False
1455,-323,9.536131,-9.772409,4.1153565e-09,8.170146,-8.675641,4.8302283e-08,10.890766,-10.207277,6.874421e-10,11.2897005,-11.44499,1.3379778e-10,10.009898,-10.215212,1.645685e-09,1.0976914e-08,ENST00000604956.1,-323,TGAGAAAGATAACATGTGAACGCTTTCGACTATTAAACGTAGCCAAGCTACATCATGTTATTATGCATTTATTAGAAAATATTGGTTACATAACCTTGGAAGTAAGCTACAGTAACTTTATAGCAGAGAAAACTAAGTGGCTTAGAGTTCTCATAGCTTTTTGTTGTTGTTGTGCGTGCAAATTAGATTGGAGAGTAGAGGATTGAGAATGGCATAAAATCATAAGACATGCATTCCTTGCCAAAAATAGTAACATAGGACTCAGTGTAGTGCAAAACATGTTTTGTTTTGTTTTTTGATAGAGTAGGCACTGCATACTTAGTTCAATAAATCAGAGAAACTTTTTTCTTATGAATGAGAGGTACACTAATGGCTTTTTCATAAGGACAGTGTATAAGGATGTCCTGGGTCAGGATGAGAACATACCTAAAAGGCACACAGGGGTTTGTAAAGTAGGAGAGTATAAGACCGTCTTTAGATTTGCCAAGACTCTCAGGGTGATAGCTTAGTTGTAGCCTAAGTTCATAAATAGTCATCATGTACTAGCAACTGTCCAAGGCTCTGGCATGTAAAGATTATTGCTATTAATTTCCTCTTACTCAAGACACTTACTTTGTAGTGAGCAAAATTAGAGTTGTTAACATGTGGGTAGGGCTTGCTAGAAATGAAAGACCCTCACAAGGATTACCTCATTAAATAACTGTGAAATCTGAAATCTAAACTCTGTGATATTGGAAGGATATTTTAAAATAAAGGGACTGACCTGCCAGTTCAAGCTTAGCTCTGGCTTCTTTGTCTTTGGCAATAAATCTGTATTCACCCTGGTCACGGGGCTTAATATCACAAATCTGTAGTCGATGTATCTTTCCTTCACTCATCATCTGGTGTTTATCACCCTGGACAACAACCATGTTATTTCTTAGCCATTGGACTTCCACCTTATCTTTATTGAGTTCTGCTAAAAAGACAACATCAGCACCAGGGGCTTCAAGAATATCTTGTGGAGGCCTGATGATCTCAACAGGAATTTCTGGAAAGAAAATGTGAAATAAATACAAATATGTTTACATTTTGATTAACAATTTTAAAAAATTGGTAACATTAGAATTGTTTTTTCACTTAATATGTACCTTCCACAAAAAGTCTAGCACGAGACTTCCTGTCTTCTACCCCGCAAGCATATTCACACTCATCATCCAGCCTGCAATCTTTTATAATGAGTCTGTGTATACTTCCATCTTTTTCAAATTTGTATCTAAAGGAGACATTGGATTATCAGTTAGCTTGCAATGATGGCCACTAAATTGTCAAAAGTGTATATATAGCTACAGAAATAGAGAATAAAAAGATCTTGCTTACT,False
1456,-890,9.756075,-9.990273,2.656253e-09,8.867036,-9.3971405,1.169417e-08,10.656838,-9.947071,1.1267725e-09,11.348526,-11.486665,1.2100493e-10,8.432309,-8.629161,3.893119e-08,1.0905878e-08,ENST00000589842.5,-890,CTCTGTGACTGGCTTGCTTGATGGTTAGGGTCTGATCGCTGCCTGAGACACCATATCGGTACTCCTCAGAGTTGATGCAGAGTGTTCATATGAGGAGAGACTTTCCCTTGTCTCCGTCATCTGTGATTTCACTTCCCTGACAGAAGACGAAGCTTCCATCTCAGATGTTTTCTTAAATGATGAAACAGCATACGCCTCTGTTCTTGTCAGCTCAGGGAAAACAGATCTGGGGACCTCTTCATCTCTGCGTTGGGAAGCATAGGTGGTATAATCCCCTCCTGTCACGTCCAACGTTGCATAGTCAGAAGCTTCGCCCTTGTAGTTGGTGCACACAGCACGGTGATCACAGGATCTGGTTTGCCACTGAAAGGAATCTTGATGCTGACCACTTCACCTCGGAGAGCATGAACTGCTCCCATGCCTTCAAGAGTTTTAGAATTTTATGCAAAGATGGAACTTTACCATAGGAAGATACAGAAATCAAGTTGTACTCACCAAATGGACTCTTAATGATCACAACTGAGGACACTTCTAGAGGGTCACTGATGCCGAAAGTGTTCTGAGCTGAAACCCGGAAGTAATAGCCAGCATTTTCTGTGAGGTTCACAATTCTACAGGTTGTCACTGAGATGGCT,True
1457,-900,9.559704,-9.7931185,3.9371004e-09,8.2029085,-8.754049,4.322016e-08,10.888431,-10.18265,7.0623063e-10,11.932624,-12.077427,3.737378e-11,9.32839,-9.507513,6.601934e-09,1.090056e-08,ENST00000415561.1,-900,TGCTGAGCTGGACTTTGTATTTCCCAGCATGAGTCTTACGTTGGACATTCTTCATGACAAGATGAGTATAGTGCTCAGTGTTTTCAATAGTAATGTTTTCTGAGTTTTGCAAAAGTTTCTGACCATGGAACCAAGTCATGGCAGTGGGTAACCAGGATGGAACTGCGGTGTTGCTTGCAGGAGAAGCTTACTACTGGTTTCTACTTCTCCAACCTCATTGGTGGCTATGCAGGCACTGTCTCCAGACTGTCTATATTCAACCCAGTATCCAAGAATTTCTTTACCACCATCACATTCAGGTTTCTCCCACTGTAGAGTGACACTATCTTTGGATATTGAAAGAATCTCAAGTTCTCCTGGTTGGCTTGGTTTATCTGAAATATTTTAAAATAATGAAAAGGGAGTCAGCTTTACTGGTGAAATAAAAGGACCAAACATG,False
1458,-882,9.506793,-9.730041,4.4212936e-09,8.306871,-8.812895,3.672654e-08,10.866504,-10.158244,7.397211e-10,11.162961,-11.304383,1.74806e-10,9.092886,-9.285736,1.0429557e-08,1.0498384e-08,ENST00000587568.5,-882,AGCTTGCTCATGGGTTTTGTGGAGGGCGTAGATTGGAACCAAAAAGCACGCCTCGGCTTGGTGCTCCCTGTCGCCCTCTGTTGACATGGGGAGAGAAGAGCGGGTCTGACTCGGAAATGACGCCATAATGCTGAGGAACCACTCCTGGCGTTGCGGAAGGTGGGGTGTGGGGCCGGAAGACCCTCCCCCCGCGTCTTCAGAGGAGCGCTGTTTCTGGAGGAGTTAGGGGAAGGAGGCTGCCTGACTATATCAGCCACGGATAGGATATGTGAGAATACCAGCATGTCAAGGCTGGGAATCATCCTTAGGCATCACCTAGCCAGTCCTGCCTCTCATTTTAAGATGCAGAGTGTTCATATGAGGAGAGACTTTCCCTTGTCTCCGTCATCTGTGATTTCACTTCCCTGACAGAAGACGAAGCTTCCATCTCAGATGTTTTCTTAAATGATGAAACAGCATACGCCTCTGTTCTTGTCAGCTCAGGGAAAACAGATCTGGGGACCTCTTCATCTCTGCGTTGGGAAGCATAGGTGGTATAATCCCCTCCTGTCACGTCCAACGTTGCATAGTCAGAAGCTTCGCCCTTGTAGTTGGTGCACACAGCACG,False
1459,-320,8.7254715,-8.963757,2.0780972e-08,8.665527,-9.228677,1.6929585e-08,10.903778,-10.2203,6.697766e-10,11.520291,-11.670673,8.477981e-11,9.245211,-9.393719,8.0392555e-09,9.300873e-09,ENST00000604692.1,-320,TTTACGGGGTAATAAAAATATTCCACATTTTGATTGTGGTGGTGATTACAAAACAGTACATTTTTCAAAAGTCATAGAACTATATATTTCAAAAAGGTGAATTTTCCCACATATAAATTGTAACTCAATCAATTTGACTGATACAAAATGTCCTTACCAATTGGATCCATGGCAACGATGGGTTTGGAAGGACGACTTGGTTTCCCAGACCCTCTTGCATTAATGGCTGTGACACGGTGTTCATATTCTAAGCCTTCAGTAAGGCCAGTGGAGCGGTACCGTGTCATTGTCACAGGTACTTTATTTACACGGACCCATCGATCTGCTCTCACTTCTTTGCGCTCCACAATATATCCAGTCACTTGGGAGCCACCGTCATCCTCTGGTGGGTACCAAGTAAGTGTCATGCCATCACGGGAAACATCAAATATCTGTAATGTTTCTGGGGGTCCAGGAATACCTGCAGCAAGACAGAGGTTAACACGATATGGCAATATGAATACGTTAAAACAATGACTCATATATTTGTGTTTTCCTTAGGTTTTGGTTGGTATTTTAAAAGGTACATAAGGCACATGACTATTTTTCCAATAGTTTCACTTTTGTACTATTTGTAAATTTTAATTTAAATCATTTAATTATTTAATTATTTTTATTAAAAATTTTTGACTTTTA,False
1460,-60,9.271523,-9.457878,7.3438646e-09,10.789253,-11.13303,3.0149033e-10,10.682395,-10.173537,8.757572e-10,14.964432,-14.998539,9.710624e-14,8.694565,-8.402826,3.7557562e-08,9.215754e-09,ENST00000417273.1,-60,ATTCGAAGATCAGTCGGGCCAGCCCCAGTGTAACCCTCACTGCAGCCTGACCAAGACGAGGCTGAAACAGCAAGAGCATCTAACCCACACAAAAGCTGCTCTTGTGAAACTTAAGAGTTTACGTTCTTGGAGACATTGATGGAGATAATAACAACAACTATGATCATCATGACTGCCATAACCAGCTCCTACTGTATCCTAGCTCTGTGGAGAGCACATCACCTCATCACACAGCAACACTACAAGGACTGCCTCCACTTTAAGATGTGATTAAGTAACATGCCCAAGGCCCGTAGCAAAGAAGCAGTAGAGCCAGAAATTAAATTTAGGGTTCTCCAATTTCAGAAGCCATGTTCTTAACTCTCTGTGGTATTGCTCACCATCTACAGACCAAACAGATGAACCCTGAATAAAACACACTTTTCCAAAG,False
1461,-1370,9.702114,-9.868058,3.167981e-09,8.630776,-8.900979,2.432514e-08,9.724239,-9.225425,5.892031e-09,13.633076,-13.704113,1.341559e-12,9.394216,-9.083553,9.445117e-09,8.566323e-09,ENST00000458422.5,-1370,AGAAGAGCCTGGAATTGGCCTATCCGTCTTTTTCCCCGTTGGATCACAGAGCAGAAAGGAAGCTAAGACCTCTAGTACAGTGTTCAATGGAACTGGTGAGAAAAGACGTCCTTGCTGTGTTCCTGATATGAAGAGGAAAGCAGTCCTTCTCCATTAAATGCTGACAACATGAGCCTCCCGTGGTCGGAACGGGCTTGTGAAGGCGGTGCTGGGGTGCACCAGGGCAGCAGCTACAGGGTCAAGCCTGAGACACCTGAAGCCCTGGACTTGGAATCTGAAGCTGTCATCAGCCAGTACACCTATGAACCTGTGGAAGACCTGAAGTACCTGTTTAAAAGACAGCCAAAAGATAAGTAAATACTTCCCAAATTTC,False
1462,-318,9.071928,-9.279803,1.0713831e-08,8.539416,-9.084386,2.2186049e-08,10.773167,-10.067739,8.8901747e-10,12.17784,-12.299027,2.3433191e-11,9.305828,-9.500929,6.7971873e-09,8.121903e-09,ENST00000604571.1,-318,CCTAGATGGAACCAACTCTGTGGTACGATTGAAGCTCCCTGTGAGATCTGGCTGAGGCTTCTGCTGAGACCACATTCGTGCTCAGCTTGCTTCCTCTGCCCTATCTGCTGGCTGCCCCATTCCCTTTTTCCCTGAGAGTAATAATCCCTCAAAGAATTTCTGAGACAAGAATCCCCGTCTCAGGCTCTGCTTTTAGGGAATCTGACTTAAGACGGAAAACTTGCTGAATAAATTAATGAAGACCCAGGATTTTTCTCTGGAGAATGAAAACTGACAGTACATTTGCTTCAGCTTTGGTCACCTGTACCTACATTAAGGAGATGCAGAGTGTTCATATGAGGAGAGACTTTCCCTTGTCTCCGTCATCTGTGATTTCACTTCCCTGACAGAAGACGAAGCTTCCATCTCAGATGTTTTCTTAAATGATGAAACAGCATACGCCTCTGTTCTTGTCAGCTCAGGGAAAACAGATCTGGGGACCTCTTCATCTCTGCGTTGGGAAGCATAGGTGGTATAATCCCCTCCTGTCACGTCCAACGTTGCATAGTCAGAAGCTTCGCCCTTGTAGTTGGTGCACACAGCACGGT,False
1463,-324,9.751541,-9.982816,2.6883025e-09,8.62279,-9.144195,1.9226334e-08,10.699973,-10.009443,1.0139467e-09,11.643611,-11.779391,6.722323e-11,8.839353,-9.034683,1.7274491e-08,8.05406e-09,ENST00000418062.1,-324,CGTCTTTCATCCAGGTTGTAATTGCAGTGGAAGGGGAGACCAAACATTCAAAGATTGCTGAAGAGCCAACGAACTCTGATTCTGTCAAGATGATGTCTTTGATTTCTTTCACAAACTTCAGTGGCACAGCCTTTAGCTGTTTAGGAAAATGCAAGAAGACATATGTAGATGAGACAAAGATAGACCATGTCTATACATGTATGAAATGGATGGGAGACAAAGGAAGCAACACTCATGAGCCAGGACCATAAAAGCCACAGAAATATAAGAAATGAATGGGACTACTCTCTGATCATTGAAAAAGAGAGACAGAACATTCGATGGAGGCAGAAAGAGCAAGGAGTCAGCAGCAGGCATGGCATGACAAGCAACCCAGGAACCATGGGGCAGCAGAAGAGACAGCTCTATGCAATCTCACAGTACAATCATGTCTGAAAGTACACACTTCTAAAAGTCATACATTTCTTGCAAGCATCATTTCAGATGGCTGGATAGAAGTTTGAAGCAGGCTAATAAAACTTTGGAAGTGGCATTTTTTACCTTT,False
1464,-322,9.415944,-9.637536,5.3110294e-09,8.4124975,-8.940632,2.9082468e-08,11.023042,-10.309317,5.4384364e-10,12.23541,-12.386949,2.026029e-11,9.501534,-9.69069,4.622988e-09,7.916118e-09,ENST00000589830.1,-322,AGAATAGACGCCTTGATGGCTCCTCTGGCAGTTCTTGATGACCATGGATGAGCTAATGGCTGTGGTCTCAATGGTGGCTTCTTGAGGTTGTAATTGCAGTGGAAGGGGAGACCAAACATTCAAAGATTGCTGAAGAGCCAACGAACTCTGATTCTGTCAAGATGATGTCTTTGATTTCTTTCACAAACTTCAGTGGCACAGCCTTTAGCTGATGGTATTGCCTCTGAATTTGCTGATTCAGAAGATGTCGGACTCATGTTATCCTATAGAAGATGTAACAACCCATA,False
1465,-931,9.86313,-10.032122,2.2887678e-09,8.658172,-8.875101,2.4288283e-08,9.913574,-9.435493,3.951907e-09,13.346522,-13.431579,2.3464889e-12,9.6458645,-9.29206,5.961621e-09,7.298585e-09,ENST00000427820.1,-931,GGGGTGCACCAGGGCAGCAGCTACAGGGCTCTCCTCCCAAGCACCCAACGAGCAAGATGGGTCTGAGGATACCTGTGAGAAGTAATTCAACACATCTTTCACACATGGGCCAATTTGCTGGTCTAAGTTAAATTGGAGTGACAAGGACAGCTGCTTAAAGAAGACGAGGTTTCACCGTGTTAGACAGGATGGTTTCGATCTCCTGACCTCGTGATCTGCGTGCCTCGACCTCCCAAAGTGCTGGGATTACAGGCTTGAGCCGCCACGTCCGGCCTCAGACCATTTTTCTAGAGATGCAAGCTACAGATGACAGAGCCGAGGTCGTCTCCTCCAGGTCCCAGAGCTGCTATGTGGCTGAGCTGCAGTTCAGAGCCAGGGTGACTCAGCTTGCAAGCCTGTGCTCCTCACCTCCGTGGCATGCTTCTCCCAGGCTGGCACTGAATCACCGGAAGGACTCCTTAAGACATGGATAGGGGATCCACCCCAGAGGTCCTGAATCAGCAAGTCTGGGGAGGAGACTGAGAATTGACTTTTCTATCAAGTTCCCCAGTGATGCTGATGCTGCTGGTGTGCGTACCACGTTCTGGAACCTCCGCTCCCTGCTCTAGGGCCTTCTGGGTGGAGCCCTAGAGCTGAGCTCCCAGCTGTGGGCATGGCAGGCACTGAAGAGTGTTGCTTTAGGGTAATGTGTTAACAGTCTAAGAAGGTGCGTGGTGAGTAGGCTGACCATTTCTCTCTCTTATTGAACAAAATATTGCTAAGCCCTGGATTTTCTCAGCTGTAAATCACTGAAATCTGAATAAAA,False
1466,-684,9.071868,-9.432897,9.193542e-09,8.839047,-9.262861,1.3754365e-08,12.644978,-12.303427,1.462331e-11,9.051337,-9.400952,9.688855e-09,11.016625,-11.133724,2.4000804e-10,6.5782784e-09,ENST00000593928.5,-684,CCGTGGGAGGGAAGGCACTCTCTGTCAAGCTGCTGTCACCTTACCTGAAGTAAGGAGTCCACGCCTGCATGTCCGAGGAAAACAGTTTTCTCAAACACATTAGTTGAAAAACTGAAGACGCTGCCTAAAATACAAGCTGAGTTAGAGACAGCCCTTGTAAGACTAGAACACATAAAAGCACTGTGGAAGTGGCAACAGGGAAGGTGAGAAGAGGATTATCAAAGACATTGTGATGATAGAATGGACAGGACTTGGTGAACTGAGTTGATGCAGGCAGAATCATGATATTGTGTGATTAAAGCCATCTTGTGTCATATAAGGCTCAAACTGTAATACTGGCTCTTCTCAGGTCTTGAGCCTACTTGCCTTCAGATTGGAACTTTACCATCTGCTCTCCTGGTTCTCAGGCCTTCAGGGGAGTCTAGAACTATGCCACTGACTCTCCTGGTCTCCAGTTTTTCAACTTCAAATCTTGGGATTTAGTCTCGATGATCATAAAAAGAAATGGAAACTAAGTAACATGAATTAACATAGTCCAGGGTCACAAAGCAACATGGAACAAGAACCTGGATCTGAATTCAGAGGCAGAATGCTGG,False
1467,-31,12.213945,-12.599061,1.6743561e-11,11.17419,-11.152979,2.0111032e-10,8.768213,-8.660594,2.6962837e-08,12.704457,-13.005507,6.828168e-12,15.042359,-14.974946,9.197079e-14,5.4375224e-09,ENST00000430605.1,-31,ACCCAAGGCTGTGTGTCCAAAGGCAACTGTACTGAATACCGGAAAGCATGTATTTGTTTGCTAAATTGCTCTCTTTCCACCAGTGATATCAATTCTGAAATACTTTTGAGATCTTGACAATAATCAAAAGGTAGCCAGGTGCATCGGGGAAAGCACTGACATTGGAGTCAGACAGACTGAAGTTCATATCTGATTCTGCTATATGACAACGTG,False
1468,-321,9.980985,-10.222861,1.6810522e-09,8.719696,-9.237792,1.589138e-08,11.197203,-10.503952,3.7610426e-10,10.94891,-11.102733,2.649067e-10,9.233175,-9.442763,7.7471745e-09,5.192123e-09,ENST00000590743.1,-321,GAACACCTGGAGATGAAGACAAGGAAGATGTCAGTTTCTACATTAAGTAACAAACTAGAAAGAAAACAACTTTTTTTCTCCTTCACAAAAACATACCAAATGGGAACTGCGCAACCATCTTTGGAGATGTGAGAGGCTCTGAAATGCCAAATCGGTTTTCAGCACGGACCCGGAAGATGTACTCCTGGCCTGGGATCAGCTTTCCAACCCTGCAGGAAGTTTTTGTGACTGAAGCTAGAGCCGTGACCCAGTCACCTCGGCTTACATCACACTTCTCCACTATATAATTGGTGATGTTACTGCCTCCGTCCTCCAGAGGGATGTGCCATGACAGGGAGCAAGCATCAGCGTCTATATCAGAAATGTCAAATGGAGGCTGAGGGGGGCCGGGGGCATCTACATGAACCAAGAGGAAAGAAATGCCAGTGACAACAAGGCTCAGATCTTTTACCACTGAGTACTCTGTCCAGCGATCTGCAGGCTGCTCTTCTTCTCTGTAACTAGTGATGTAGCCATCGATTTTAGCACCTCCATCACGTAGGGGAGGTAACCAGGCTAAGGTGGCACTGTTCTTGGTCATTTCAGTCACTTCTAATTTCCTTGGGGGATCCGGCTCACCTAGAAGAAAAACATAATTTAGAAGATTACCTAGGTGGCTGCCATGAGATAGTCATGTGTTCAGGAGTAACATCCAGAATATTAATAGGACCTGTTGGTGGCCCAGGAACATCAAGAACAGTAAGATGTACGGCTACTGTTTTGCTACCGGCTGCATTGGAAACTGTGATTTGATATTCCCCAGTGTCTCTCCT,False
1469,-316,9.18187,-9.401715,8.496719e-09,8.7886095,-9.356467,1.3173261e-08,11.48577,-10.754288,2.194144e-10,12.7128725,-12.860846,7.824831e-12,9.930447,-10.101905,1.9955375e-09,4.7785513e-09,ENST00000592161.1,-316,GGAGCGCTGTTTCTGGAGGAGTTAGGGGAAGGAGGCTGCCTGGTAAGCCAGGAAAGGGGCTTCTGGCCGTTCTGTTGGAGCGCCTCTGACTGACTTCCCCCATGTGTCCGTGTGGCCACACCGTGCTACTTTCAGAGGCAGTGGGCTTTTCGCTAAGGGATAAAAAGAAGTAAAACCTTGCCTTTAGCGCAGCTCTCCTTCACTGGGCAGATTGCTCTCCCTCCCCACTCTCCCAGGCCCAAATTGGATCTCAGCGCCTGGGAGCTCCAACTTTAGCAAGTGCGAAATCCTGTCTTCGGTTTTGGAATTTTCATCCGCACAGACTATATCAGCCACGGATAGGATATGTGAGAATACCAGCATGTCAAGGCTGGGAATCATCCTTAGGCATCACCTAGCCAGTCCTGCCTCTCATTTTAAGGACCATGTTACTTCTGGGGTAGGCTCACCCGTGAAAGCACAGGCTACTGTTAGAACTTTGCCTTCATCAATGCTGATATCAGATGGAAGAGCTTCAATTTTAGGCGGAATTCCTTTATGGAACAATGACAAAAAAAAGGTCTTAGAATCACTGAAAAAAATAAAGA,False
1470,-319,9.4329405,-9.646152,5.176731e-09,8.8664255,-9.393047,1.1749304e-08,10.597253,-9.91903,1.2299615e-09,11.830953,-11.969799,4.6074995e-11,9.5004425,-9.695353,4.606511e-09,4.5617163e-09,ENST00000589355.1,-319,GTGGGTGATACGGCTTTCGGGTGAGAAGGTTCTGGAGATTTCACTCGTTTTGGAGACTTAACTGCTTCTGGGGATTTCACCCGAGGCTCTGGGGATTTGACTCTTGGTGGTGATGTCACAGCCTTTTCAGTTACCCTGGCCTTTTGAATAGTCAGAGTGAACTCTGCTTCTTGTTTCCCTTCACTGTTTTCTACCACCACGCTGTAATTGCCCTCATCGGAAGCCTGGACTGAAGAGATCTCAAAGATGCAGAGTGTTCATATGAGGAGAGACTTTCCCTTGTCTCCGTCATCTGTGATTTCACTTCCCTGACAGAAGACGAAGCTTCCATCTCAGATGTTTTCTTAAATGATGAAACAGCATACGCCTCTGTTCTTGTCAGCTCAGGGAAAACAGATCTGGGGACCTCTTCATCTCTGCGTTGGGAAGCATAGGTGGTATAATCCCCTCCTGTCACGTCCAACGTTGCATAGTCAGAAGCTTCGCCCTTGTAGTTGG,False
1471,-317,9.37988,-9.600485,5.7138902e-09,8.995513,-9.534235,8.96671e-09,10.321166,-9.645239,2.1315765e-09,11.866991,-12.003623,4.2965954e-11,9.457064,-9.652482,5.021452e-09,4.3753188e-09,ENST00000587576.1,-317,GGATATGTGAGAATACCAGCATGTCAAGGCTGGGAATCATCCTTAGGCATCACCTAGCCAGTCCTGCCTCTCATTTTAAGGCTCTGCTTTTAGGGAATCTGACTTAAGACGGAAAACTTGCTGAATAAATTAATGAAGACCCAGGATTTTTCTCTGGAGAATGAAAACTGACAGTACATTTGCTTCAGCTTTGGTCACCTGTACCTACATTAAGGAGGACCATGTTACTTCTGGGGTAGGCTCACCCGTGAAAGCACAGGCTACTGTTAGAACTTTGCCTTCATCAATGCTGATATCAGATGGAAGAGCTTCAATTTTAGGCGGAATTCCTTTATGGAACAATGACAAAAAAAAGGTCTTAGAATCACTGAAAAAAATAAAGATTTGCTTTCTACTGAA,False
1472,-1367,9.677307,-9.870806,3.2386382e-09,9.618902,-9.86548,3.4517564e-09,9.410369,-8.914969,1.1000354e-08,13.449988,-13.548784,1.8818389e-12,10.135466,-9.812991,2.1701798e-09,3.972562e-09,ENST00000428772.5,-1367,CGCCCGTTTTACCCGCGGGAAAGCCGAGGCCCGGTGCTGTATTCTGCCGCCCATTTTACCCGCGGGGAAGCTGAGGCCCAGTGCTGTTTAATATCTTACTCATGTTCACTTGATGAGAAAGTGACAGATCTGAGACAAACCCAGAAAGGGACCAGCTTGACGAAGCTTCTGCTTTTGTGACTGTCTCCTAATGAAACCAGAGCACCTCAGAAGATCAAGGCTTCCAAATTCTCCTGGGGGAACAGACGTCAGCCATTCAGCACAAAGGAAACTTCCTTCTCTGTATGTCAGAGGAAGACATAATTGTGCCATTTCCTTCTTGAAGAAGTTTACAAACATTTGCAAGTTGTCAAAAATAATTAGTCTAAAATTGTTTCATAAACCGTGGAATGAAACAGGACGTGCCTTGTTGAGATCAAAGGGCTTCTGTTACCTTCTTGTAAACTCAAATGAAATTCTTTTGAAAGTAAA,False
1473,-930,10.376677,-10.554482,8.12293e-10,8.96079,-9.287319,1.1883584e-08,9.999208,-9.501341,3.3964016e-09,13.420797,-13.555483,1.9246438e-12,10.071369,-9.7162485,2.5488673e-09,3.7286143e-09,ENST00000421257.1,-930,GGCGGTGCTGGGGTGCACCAGGGCAGCAGCTACAGGCCCTGCTGAAAGGGTTGACAATGAAGACTCTCAGGCCACCGTAACTCATGGAGAAGCCCTGAGCATCTGGCCCGCTTGGTAAATTCTGCTATGTCTCCTCCAGCCCTGACCAAACTTCAAATATGAGGAAAATAAACATTGTCATATATCAACCGGCCAGTTCCCAGCAATTCCTGCCTGCGTGCCCATGCAAGGGGAGGTCTGGTGCTGCCTCCTGTAGTAACTACCTGTGGAGCCAGCTGAACTCATTTTCCCCTGAACTTCAGAAAGTGCCAGAATCACCCCAGAGCACTTGAGTACTTGCCCTGTGAAGACAGCAAGGAAATGGGAGAGGATTTGAAGGATTTGCTTAAGAGCGGCTTTGAAGTCCTCCAACAGGGTGAGAGAGCCAGCTCAGCACAGACCCAGCCTAGAGAAGGAGCATTTTTCTAGTGGGCTCATCTTTAATTTGCAACTATGGCACAAAGGAAGGAGCAGCTGTGGAGACCAGGGCATTGGTGAAATGAAAGCATATTGTTTCCCTCCATCTTCCCCACCCTGGGGAGGCCAGGGTTTCTCCAAGGCAGACACTCTCTAAGTGAAATCTATGGAATTTTGGAAACAAGATAAAAGACATACTCGACTGCAATGCACATACTCACCGTGGAGCCCGGCACGCAGGGTAAAGACTCGCTGGGTTTGCATTGCACATTCTCACTGAGGAGCCCGGCACGCAGGGTTCAGACTCGCTGGTTTTGGGTTGGTGGACTTCATTTTCTTTCACGCTGCTGCTTGCCCAGTGGGTGTAGA,False
1474,-886,9.821326,-10.057996,2.3255202e-09,8.942389,-9.461361,1.0170754e-08,11.203406,-10.484331,3.8118492e-10,12.244254,-12.398662,1.9848043e-11,10.014652,-10.19582,1.6699501e-09,2.9134515e-09,ENST00000585451.5,-886,CCCACTCTCCCAGGCCCAAATTGGATCTCAGCGCCTGGGAGCTCCAACTTTAGCAAGTGCGAAATCCTGTCTTCGGTTTTGGAATTTTCATCCGCACAGACTATATCAGCCACGGATAGGATATGTGAGAATACCAGCATGTCAAGGCTGGGAATCATCCTTAGGCATCACCTAGCCAGTCCTGCCTCTCATTTTAAGCTTCTTCCTTTGGTGAACTGAATGAGGCACCAGGATACACATGAACTGCCACTGGACATGAACTGCACACAATAAAAACCCGGCATTGAAAACGGGCTGGCTGCCCTTCAGAAGTGACAGTGTCCTGAAGCGGGGTGATGATGGCAGGTGGATAAACAGGCATTTCCTGATCAGGAGACACAACTTCTGGAACTAAAGAAAGAAACCACAAGATTTGTCATGATTAAGTCACCATAGAGACCTCACAGAAGGGAGCATGACATCAATTCCAGAGTGGGACAGCTCAACCTCAAACACCACATTTTGAGTTTCTGTACAGGTTGTCTTTTTCCCGTCGATGACAAAGCTGTATTCTCCCTGGTCCTCCTTGGTTACATCCTTGACCGTGAGGTTCTGACGTCCACGACGAGATGTAATTGTATATTTGCCATTGGATTTAAGCTCCACATCATTATGATACCATTTTCCTTCTATATTTTCTGGGGATACAATGCACTCTAATTCTCCTGAATATGATTCTGGAACTTCTATGTCCTGAAGTTCTTTCACAAACTCAACAACTGCACCTGAAGTGTATAACAGAAAGATAAATCAATTTTTTTGGAGAGGTATGCATCTAGACTTAGGATAGAGATGATGTCTTGTATGTCTTTTATCTCCCCCATACTATCAGGTGTATTCTTAATATCTACCCGCTGATGGGCTGAGAGATAAATTTTCAATAAGAAGCAGTTATTTTATTTTAATTTTT,False
1475,-1369,10.791464,-10.980129,3.505236e-10,9.263089,-9.461454,7.379614e-09,10.047562,-9.586328,2.9724234e-09,14.098634,-14.194317,5.1585553e-13,10.049884,-9.712777,2.6132767e-09,2.6632707e-09,ENST00000427691.5,-1369,CGGTGCTGTATTCTGCCGCCCATTTTACCCGCGGGGAAGCTGAGGCCCAGTGCTGTTTAATATCTTACTCATGTTCACTTGATGAGAAAGTGACAGATCTGAGACAAACCCAGATCGACAGAAAAGAAATGAGTCAACGATGGTGCAGGTGATCTGTGCAGTGCTGTGCAGGGGATGGGTCAAAGCTGTGATGCTGGCATGCAACTAACTCACCATTAAAGGGACCAGCTTGACGAAGCTTCTGCTTTTGTGACTGTCTCCTAATGGGAGAAGTGAAATTCTACCTCACTTTTTTAAAAGAAGAGCCTGGAATTGGCCTATCCGTCTTTTTCCCCGTTGGATCACAGAGCAGAAAGGAAGCTAAGACCTCTAGTACAGTGTTCAATGGAACTGGTGAGAAAAGACGTCCTTGCTGTGTTCCTGATATGAAGAGGAAAGCAGTCCTTCTCCATTAAATGCTGACAACATGAGCCTCCCGTGGTCGGAACGGGCTTGTGAAGGCGGTGCTGGGGTGCACCAGGGCAGCAGCTACAG,False
1476,-675,9.412928,-9.755129,4.7360778e-09,9.281261,-9.723648,5.575357e-09,13.243615,-12.882817,4.5023013e-12,9.895796,-10.259008,1.7655488e-09,11.487599,-11.605736,9.347434e-11,2.4349922e-09,ENST00000595435.5,-675,CGCGGGCCGCCGGGCCGGGGTCGCCGCCCGGGCTCGGTCAGTCGGTACCTTCATGAAGGTCTCTACCGCGCCTTTGGCCGTGTCCAGCCTCGTCCCAAATGCCGTGGGAGGGAAGGCACTCTCTGTCAAGCTGCTGTCACCTTACCTGAAGTAAGGAGTCCACGCCTGCATGTCCGAGGAAAACAGTTTTCTCAAACACATTAGTTGAAAAACTGAAGACGCTGCCTAAAATACAAGCTGAGTTAGAGACAGCCCTTGTAAGACTAGAAAAAGAAATGGAAACTAAGTAACATGAATTAACATAGTCCAGGGTCACAAAGCAACATGGAACAAGAACCTGGATCTGAATTCAGAGGCAGAATGCTGGGCCTGAGAATCAGGAGAGTCAATGGTATTAGTGCTTGTCCGGAAGCCATCATGCTTCAAAACCAAGAAGAGCTGATTTTCCAGTTGGAGTCTAAAGGTTGGGTTTCCCAAGAAGTAGATTCTGAGACAGAGAGTTGTGTGCAGGCGTCTATTGAGAAAACACTTGTGAGGGCATGAGGAAGTAGGACAGCGGCAGAGTTTGGCCTGAGGAAAGGCCTTGTGAGGACATAACCAGGAAGAGAGTCCTCACCAGAACCTGACCATACCTGCACCCTGATCTCAAGCTTCCAGCTTCCAGAACCATGAGAAATCAATGTTTGTTGTTTTAGCCACCCAGTCTACAGAAATTTGTTATAGCCACCCTAGCTGACTACCACATTGGACATCACAGC,False
1477,-898,9.69987,-9.920773,3.012054e-09,9.376857,-9.918913,4.1682533e-09,10.775126,-10.0474,9.055062e-10,12.7123,-12.834144,8.041191e-12,9.648368,-9.852359,3.3957992e-09,2.2979307e-09,ENST00000590807.5,-898,CTCTGTGACTGGCTTGCTTGATGGTTAGGGTCTGATCGCTGCCTGAGACACCATATCGGTACTCCTCAGAGTTGGTGTATATTTAGTTTTTTATTAGGAAAAATGACCATCATGAATGCTGTTACATCTTTGCCTATAATACTCAGCAGAATCTTACCATTTTCTGCGAGGATAGTCACTGGATCAGAAGGTTCAGAAGAGAATAGACGCCTTGATGGCTCCTCTGGCAGTTCTTGATGACCATGGATGAGCTAATGGCTGTGGTCTCAATGGTGGCTTCTTGAGGAGCATGCAGAGAAATTGCTTTAGCCTCTGATAAATAAAACAGACTGCGAGGAAAATTACAGCGAGGAAATTACAGACATCATCTCCTTTGAACAGGGAAAAGGTAACAGGTTGTAATTGCAGTGGAAGGGGAGACCAAACATTCAAAGATTGCTGAAGAGCCAACGAACTCTGATTCTGTCAAGATGATGTCTTTGATTTCTTTCACAAACTTCAGTGGCACAGCCTTTAGCTGTTTAGGAAAATGCAAGAAGACATATGTAGATGAGACAAAGATAGACCATGTCTATACATGTATGAAATGGATGGGAGACAAAGGAAGCAACACTCATGAGCCAGGACCATAAAAGCCACAGAAATATAAGAAATGAATGGGACTACTCTCTGATCATTGAAAAAGAGAGACAGAACATTCGATGGAGGCAGAAAGAGCAAGGAGTCAG,False
1478,-903,9.96945,-10.203762,1.7333462e-09,9.2018,-9.715491,6.0858976e-09,10.528792,-9.852015,1.4084078e-09,12.216365,-12.36791,2.1046765e-11,10.02536,-10.225193,1.6043404e-09,2.170608e-09,ENST00000589907.5,-903,AACACCTGGAGATGAAGACAAGGAAGATGTCAGTTTCTACATTAAGTAACAAACTAGAAAGAAAACAACTTTTTTTCTCCTTCACAAAAACATACCAAATGGGAACTGCGCAACCATCTTTGGAGATGTGAGAGGCTCTGAAATGCCAAATCGGTTTTCAGCACGGACCCGGAAGATGTACTCCTGGCCTGGGATCAGCTTTCCAACCCTGCAGGAAGTTTTTGTGACTGAAGCTAGAGCCGTGACCCAGTCACCTCGGCTTACATCACACTTCTCCACTATATAATTGGTGATGTTACTGCCTCCGTCCTCCAGAGGGATGTGCCATGACAGGGAGCAAGCATCAGCGTCTATATCAGAAATGTCAAATGGAGGCTGAGGGGGGCCGGGGGCATCTACATGAACCAAGAGGAAAGAAATAGAATAGACGCCTTGATGGCTCCTCTGGCAGTTCTTGATGACCATGGATGAGCTAATGGCTGTGGTCTCAATGGTGGCTTCTTGAGTTACATCTTTGAGAGGGGTGAGGAATTTGAGCCGGATTCCTATCAAGAAAAAAAAGAAAGAA,False
1479,-883,10.293246,-10.540096,8.957646e-10,9.423974,-9.94476,3.874945e-09,11.131953,-10.393709,4.4825382e-10,12.075384,-12.230443,2.7804365e-11,10.574523,-10.771156,5.3664717e-10,1.156683e-09,ENST00000592750.5,-883,GGAGCGCCTCTGACTGACTTCCCCCATGTGTCCGTGTGGCCACACCGTGCTACTTTCAGAGGCAGTGGGCTTTTCGCTAAGGGATAAAAAGAAGTAAAACCTTGCCTTTAGCGCAGCTCTCCTTCACTGGGCAGATTGCTCTCCCTCCCCACTCTCCCAGGCCCAAATTGGATCTCAGCGCCTGGGAGCTCCAACTTTAGCAAGTGCGAAATCCTGTCTTCGGTTTTGGAATTTTCATCCGCACAGACTATATCAGCCACGGATAGGATATGTGAGAATACCAGCATGTCAAGGCTGGGAATCATCCTTAGGCATCACCTAGCCAGTCCTGCCTCTCATTTTAAGAGAATAGACGCCTTGATGGCTCCTCTGGCAGTTCTTGATGACCATGGATGAGCTAATGGCTGTGGTCTCAATGGTGGCTTCTTGAGGTTCTCCACAGGCAACCCATTTATCAGAACCACGTGGACATCTTTCAACTATCCTGGACAACAACCATGTTATTTCTTAGCCATTGGACTTCCACCTTATCTTTATTGAGTTCTGCTAAAAAGACAACATCAGCACCAGGGGCTTCAAGAATATCTTGTGGAGGCCTGATGATCTCAACAGGAATTTC,False
1480,-685,11.564815,-11.908106,6.3950005e-11,9.384843,-9.815929,4.583645e-09,12.370799,-11.943547,2.7568527e-11,11.440579,-11.725253,8.693743e-11,13.013851,-13.148649,4.342806e-12,9.532888e-10,ENST00000596303.5,-685,CCGTGGGAGGGAAGGCACTCTCTGTCAAGCTGCTGTCACCTTACCTGAAGTAAGGAGTCCACGCCTGCATGTCCGAGGAAAACAGTTTTCTCAAACACATTAGTTGAAAAACTGAAGACGCTGCCTAAAATACAAGCTGAGTTAGAGACAGCCCTTGTAAGACTAGAAAAAGAAATGGAAACTAAGTAACATGAATTAACATAGTCCAGGGTCACAAAGCAACATGGAACAAGAACCTGGATCTGAATTCAGAGGCAGAATGCTGGAATCTAAGCCAGAATGAGGTTACTGCCTAGGCAAAGAAGAAGACAGCTCATCACAGAAATGAGTGGCAGATGTGTTCACAGTACTACAATCCAAGGCATGATTTTGTGCTGTCCTTGGAAAGCACCAAACTAAAGAAGATCCTACAGAACATAGATGATCCCATCCCGGACCATATCCTCAAGTGACCGGCTCCTGTGTCCACGTGGCCTTGCCAAAAGGCAGCTAGACGTTCTCAGGGATTTCCCAGAAGGCAAATATTCCTTTCCTCATAAAATTTGCGTATGGTGCTCA,False
1481,-929,10.36447,-10.57548,8.0518503e-10,11.454524,-11.725872,8.56804e-11,10.052165,-9.575241,2.9917508e-09,14.513416,-14.630379,2.2029805e-13,11.292119,-10.93132,2.2309168e-10,8.211857e-10,ENST00000457508.1,-929,AATGAGGTGGGGAGGTTGGAAACAAAAGGCCTTCTCCACCCCAGCTTGACCAACCCAAAAGCTGGAAGGCAAGGAAGACCTAGATCGACAGAAAAGAAATGAGTCAACGATGGTGCAGAAAGGGACCAGCTTGACGAAGCTTCTGCTTTTGTGACTGTCTCCTAATGAAACCAGAGCACCTCAGAAGATCAAGGCTTCCAAATTCTCCTGGGGGAACAGACGTCAGCCATTCAGCACAAAGGAAACTTCCTTCTCTGTATGTCAGAGGAAGACATAATTGTGCCATTTCCTTCTTGAAGAAGTTTACAAACATTTGCAAGTTGTCAAAAATAATTAGTCTAAAATTGTTTCATAAACCGTGGAATGAAACAGGACGTGCCTTGTTGAGATCAAAGGGCTTCTGTTACCTTCTTGTAAACTCAAATGAAATTCTTTTGAAAGTAAA,False
1482,-678,11.457758,-11.786633,8.036917e-11,9.488189,-9.924077,3.709882e-09,12.7163105,-12.302368,1.3630944e-11,10.976011,-11.264281,2.1936336e-10,12.57708,-12.710008,1.0422163e-11,8.067335e-10,ENST00000593709.5,-678,GCGTCAGGGCCGCCGGCCTCTCCTTGGCTGTTGGAGAGCCATAGAATACCTGTTTCAGAGCTGAAGGGGACCTGAGCCCATGATAATCCATTACCTCGTGAGAAAGCGGAAAAACTGACTTCAGCTTGCCCAGATGGCGCAGAGAATGGGTTTCCCGTAACCCCGCCTGTGTCTTTCCTTCAGCCTCGTCCCAAATGCCGTGGGAGGGAAGGCACTCTCTGTCAAGCTGCTGTCACCTTACCTGAAGTAAGGAGTCCACGCCTGCATGTCCGAGGAAAACAGTTTTCTCAAACACATTAGTTGAAAAACTGAAGACGCTGCCTAAAATACAAGCTGAGTTAGAGACAGCCCTTGTAAGACTAGGCCTTCAGGGGAGTCTAGAACTATGCCACTGACTCTCCTGGTCTCCAGTTTTTCAACTTCAAATCTTGGGATTTAGTCTCGATGATCATAAAAAGAAATGGAAACTAAGTAACATGAATTAACATAGTCCAGGGTCACAAAGCAACATGGAACAAGAACCTGGATCTGAATTCAGAGGCAGAATGCTGGGCCTGAGAATCAGGAGAGTCAATGGTATTAGTGCTTGTCCGGAAGCCATCATGCTTCAAAACCAAGAAGAGCTGATTTTCCAGTTGGAGTCTAAAG,False
1483,-682,9.938708,-10.294551,1.632327e-09,10.431977,-10.895482,5.46515e-10,14.256993,-13.88769,5.9830016e-13,11.263961,-11.641426,1.1280191e-10,12.391594,-12.523431,1.5119682e-11,4.6147242e-10,ENST00000601572.5,-682,CCGTGGGAGGGAAGGCACTCTCTGTCAAGCTGCTGTCACCTTACCTGAAGTAAGGAGTCCACGCCTGCATGTCCGAGGAAAACAGTTTTCTCAAACACATTAGTTGAAAAACTGAAGACGCTGCCTAAAATACAAGCTGAGTTAGAGACAGCCCTTGTAAGACTAGGTCTTGAGCCTACTTGCCTTCAGATTGGAACTTTACCATCTGCTCTCCTGGTTCTCAGGCCTTCAGGGGAGTCTAGAACTATGCCACTGACTCTCCTGGTCTCCAGTTTTTCAACTTCAAATCTTGGGATTTAGTCTCGATGATCATAGGAAATCAGAAGTGGAGAGGATGTATGCAGAGGGAGCTGTGAGAAGTGGACAGCTGCCCACACTAACCAGTGAGACTAAAGACCCAGCCAAGTTCTTCAGGGAGATTGCTTTGGTAGCTATGGGAATAATATGGACAAGCAAGCAAGTCATCTGGACTCTTGATGGGCTGAGATGCCACGCTGGCAAGCAGGTGGTCAACCTCTAGGAGATTCAACAAGCATGCCTGTGAGGGTTCAGAGCGCTGTGTCAGGAATGTGATGGGAAGTAACAGGCAAAGGCAAAATATTACTGGTATTAAGGAAATGGCGTTAAAGAAAACGGACACTTCACTGTCTACTTGTGTCAGAGCTTCCCCATGGTCATTTAATCTAACACGCCTGTAAGCTAAGTGTTCCTACTTTTTCAGAAAAAGAAATGGAAACTAAGTAACATGAATTAACATAGTCCAGGGTCACAAAGCAACATGGAACAAGAACCTGGATCTGAATTCAGAGGCAGAATGCTGGGTAAGT,False
1484,-677,11.645095,-11.973626,5.5273862e-11,9.776065,-10.217005,2.0754898e-09,12.868889,-12.445367,1.0142823e-11,11.439625,-11.728232,8.67615e-11,12.533411,-12.671217,1.1317986e-11,4.477972e-10,ENST00000594959.5,-677,GGGCCGCCGGGCCGGGGTCGCCGCCCGGGCTCGGTCAGTCGGTACCTTCATGAAGGTCTCTACCGCGCCTTTGGCCGTGTCCAGAGCCATAGAATACCTGTTTCAGAGCTGAAGGGGACCTGAGCCCATGATAATCCATTACCTCGTGAGAAAGCGGAAAAACTGACTTCAGCTTGCCCAGATGGCGCAGAGAATGGGTTTCCCGTAACCCCGCCTGTGTCTTTCCTTCAGCCTCGTCCCAAATGCCGTGGGAGGGAAGGCACTCTCTGTCAAGCTGCTGTCACCTTACCTGAAGTAAGGAGTCCACGCCTGCATGTCCGAGGAAAACAGTTTTCTCAAACACATTAGTTGAAAAACTGAAGACGCTGCCTAAAATACAAGCTGAGTTAGAGACAGCCCTTGTAAGACTAGAAAAAGAAATGGAAACTAAGTAACATGAATTAACATAGTCCAGGGTCACAAAGCAACATGGAACAAGAACCTGGATCTGAATTCAGAGGCAGAATGCTGGAATCTAAGCCAGAATGAGGTTACTGCCTAGGCAAAGAAGAAGACAGCTCATCACAGGCCTGAGAATCAGGAGAGTCAATGGTATTAGTGCTTGTCCGGAAGCCATCATGCTTCAAAACCAAGAAGAGCTGATTTTCCAGTTGGAGTCTAAAGGAAAGGCCTTGTGAGGACATAACCAGGAAGAGAGTCCTCACCAGAACCTGACCATACCTGCACCCTGATCTCAAGCTTCCAGCTTCCAGAACCATGAGAAATCAATGTTTGTTGTTTTAGCCACCCAGTCTACAGAAATTTGTTATAGCCACCCTAGCTGACTACC,False
1485,-689,11.506358,-11.856582,7.138454e-11,10.239503,-10.650371,8.465317e-10,12.619916,-12.197977,1.6661941e-11,10.719819,-10.998033,3.6987663e-10,12.1867,-12.312725,2.2910542e-11,2.6547306e-10,ENST00000594358.5,-689,CCGTGGGAGGGAAGGCACTCTCTGTCAAGCTGCTGTCACCTTACCTGAAGTAAGGAGTCCACGCCTGCATGTCCGAGGAAAACAGTTTTCTCAAACACATTAGTTGAAAAACTGAAGACGCTGCCTAAAATACAAGCTGAGTTAGAGACAGCCCTTGTAAGACTAGAAAAAGAAATGGAAACTAAGTAACATGAATTAACATAGTCCAGGGTCACAAAGCAACATGGAACAAGAACCTGGATCTGAATTCAGAGGCAGAATGCTGGGTAAGTATGACGATGCTTATTGTTGGCCCACCTGTGGGAATTGGGGGTTAGGGACAGGTTTCCCAACCTTGTGATGACTATAGGAACCGGGATTCAAGGGAGACACAGGCATAAAGGAAGATGTCAGGGAGACCATCAACAAAGTATCATGTAAGGCAGGAATTTGCTCACAGGAAAATGGGAAGGATAAAAGGGGACGTTAGTGAGAATGTCATTTTAATATTCAGTTCACTAATCTCCAAAGACCGATGTTCTAAAAGAAAGTGTGAATAAAATAGTTTAACATCTTATTATGCAATATCTATCACTGATGATAGGCACATAAGGAGTTCTCGTTACATCTACTTAATTTGCCAGATTAACTGATGCTCCTTGTTCCTTCTTTCTTTACTTTTTCTTTTTAGAGATAGGGT,False
1486,-124,10.397569,-10.696896,6.899077e-10,11.33682,-11.734619,9.5543656e-11,13.282343,-12.909494,4.2172524e-12,11.934085,-12.246255,3.152186e-11,11.357327,-11.509933,1.1718584e-10,1.8767525e-10,ENST00000598905.1,-124,GCCGCGTCCGCGCGCGCGGGGCGGCCGCGGCGGTGAGCCTGCGCGTCAGGGCCGCCGGCCTCTCCTTGGCTGTTGGAGAGCCATAGAATACCTGTTTCAGAGCTGAAGGGGACCTGAGCCCATGATAATCCATTACCTCGTGAGAAAGCGGAAAAACTGACTTCAGCTTGCCCAGATGGCGCAGAGAATGGGTTTCCCGTAACCCCGCCTGTGTCTTTCCTTCAGCCTCGTCCCAAATGCCGTGGGAGGGAAGGCACTCTCTGTCAAGCTGCTGTCACCTTACCTGAAGTAAGGAGTCCACGCCTGCATGTCCGAGGAAAACAGTTTTCTCAAACACATTAGTTGAAAAACTGAAGACGCTGCCTAAAATACAAGCTGAGTTAGAGACAGCCCTTGTAAGACTAGGTAGGTATTTACAGGGCCTCTCCCACTAGCTTTGTTTTTCCAGAGTTTGTTCTTTATCCGGAAATTCTTAATTTGCCTACTGATCATTTAAAGAAAGGGTTCTATTAACATTGACACAGAAGAGACACTTTGTGGCACTTTTTAAAAATCTGAGTCTCGTGACTTGGTATAACTTCTGAAACTTACTGTTAATTTATAGCAGAGCTATTTGAGTAATATGCTCTTCTATGAGTATGAACAATAGAAGAAGTGTGATTTTTAAAGTGATTTGGACTACAAAATAAGAGCATGGAATATAGGCTTTACAGCCAGTACTTGCTGAGGATGTACTGTGTATTAGGTGTGGTGCATATAAAAAATAAATAAAATGTGGTCCCTGTCTTCAAAGAGCTTATGTTTTCTAGGAAAATGCTACATATTACTAGCTACTCCAAGGCAGAAAGTTGTTAGACACCAAATCAGAAAAAATAAAAATGTATTACCTTGGGGTGATGCAGGAAC,False
1487,-687,11.931686,-12.226397,3.2231304e-11,10.428712,-10.82107,5.906588e-10,13.054305,-12.67502,6.6972487e-12,11.63894,-11.9533825,5.675239e-11,11.497747,-11.655743,8.8017094e-11,1.5487137e-10,ENST00000595997.5,-687,CCGTGGGAGGGAAGGCACTCTCTGTCAAGCTGCTGTCACCTTACCTGAAGTAAGGAGTCCACGCCTGCATGTCCGAGGAAAACAGTTTTCTCAAACACATTAGTTGAAAAACTGAAGACGCTGCCTAAAATACAAGCTGAGTTAGAGACAGCCCTTGTAAGACTAGAACACATAAAAGCACTGTGGAAGTGGCAACAGGGAAGGTGAGAAGAGGATTATCAAAGACATTGTGATGATAGAATGGACAGGACTTGGTGAACTGAGTTGATGCAGGCAGAATCATGATATTGTGTGATTAAAGCCATCTTGTGTCATATAAGGTCTTGAGCCTACTTGCCTTCAGATTGGAACTTTACCATCTGCTCTCCTGGTTCTCAGGCCTTCAGGGGAGTCTAGAACTATGCCACTGACTCTCCTGGTCTCCAGTTTTTC,False
1488,-676,10.469416,-10.789619,5.8521893e-10,12.572926,-12.951256,8.222216e-12,15.438155,-15.145932,5.2179466e-14,13.06301,-13.507131,2.8889129e-12,12.22798,-12.268812,2.2970926e-11,1.2387062e-10,ENST00000596050.5,-676,GCGGGCCGCCGGGCCGGGGTCGCCGCCCGGGCTCGGTCAGTCGGTACCTTCATGAAGGTCTCTACCGCGCCTTTGGCCGTGTCCAGCCTCGTCCCAAATGCCGTGGGAGGGAAGGCACTCTCTGTCAAGCTGCTGTCACCTTACCTGAAGTAAGGAGTCCACGCCTGCATGTCCGAGGAAAACAGTTTTCTCAAACACATTAGTTGAAAAACTGAAGACGCTGCCTAAAATACAAGCTGAGTTAGAGACAGCCCTTGTAAGACTAGGTCTTGAGCCTACTTGCCTTCAGATTGGAACTTTACCATCTGCTCTCCTGGTTCTCAGGCCTTCAGGGGAGTCTAGAACTATGCCACTGACTCTCCTGGTCTCCAGTTTTTCAACTTCAAATCTTGGGATTTAGTCTCGATGATCATAAAAAGAAATGGAAACTAAGTAACATGAATTAACATAGTCCAGGGTCACAAAGCAACATGGAACAAGAACCTGGATCTGAATTCAGAGGCAGAATGCTGGGCCTGAGAATCAGGAGAGTCAATGGTATTAGTGCTTGTCCGGAAGCCATCATGCTTCAAAACCAAGAAGAGCTGATTTTCCAGTTGGAGTCTAAAGGAAAGGCCTTGTGAGGACATAACCAGGAAGAGAGTCCTCACCAGAACCTGACCATACCTGCACCCTGATCTCAAGCTTCCAGCTTCCAGAACCATGAGAAATCAATGTTTGTTGTTTTAGCCACCCAGTCTACAGAAATTTGTTATAGCCACCCTAGCTGACTACCACATTGGACATCACAGC,False
1489,-683,11.216409,-11.536522,1.3137968e-10,11.09765,-11.544443,1.4677891e-10,13.098968,-12.699341,6.2508145e-12,11.655909,-11.973011,5.471301e-11,11.90073,-12.048792,3.9705874e-11,7.576566e-11,ENST00000594488.5,-683,CCGTGGGAGGGAAGGCACTCTCTGTCAAGCTGCTGTCACCTTACCTGAAGTAAGGAGTCCACGCCTGCATGTCCGAGGAAAACAGTTTTCTCAAACACATTAGTTGAAAAACTGAAGACGCTGCCTAAAATACAAGCTGAGTTAGAGACAGCCCTTGTAAGACTAGAAAAAGAAATGGAAACTAAGTAACATGAATTAACATAGTCCAGGGTCACAAAGCAACATGGAACAAGAACCTGGATCTGAATTCAGAGGCAGAATGCTGGCTCCTTCAGGAGGTATCCAAAGGCATTGTTATGGTGGGAGATGACAGCTCCATGCCTGTTATTGCCTCTGAAGACCATGCAGGACACCATGTGGAGATAGAAGACGGTGACATTGAGAATCCTGACCTTATGCTGGCCTAGGCTAATGTGTGTGTTTGTGTCTTAGTTTTTAACAAAAAAGTTTATAAAGTAAATAAATAGAAAATAGCATATAGAATAAGGATATAAAGAAGGGAAA,False
1490,-692,11.034742,-11.35389,1.8912107e-10,11.588904,-12.02056,5.578787e-11,13.222119,-12.843335,4.7853856e-12,12.019845,-12.336066,2.644613e-11,11.928762,-12.06567,3.7962113e-11,6.282051e-11,ENST00000602089.5,-692,CCGTGGGAGGGAAGGCACTCTCTGTCAAGCTGCTGTCACCTTACCTGAAGTAAGGAGTCCACGCCTGCATGTCCGAGGAAAACAGTTTTCTCAAACACATTAGTTGAAAAACTGAAGACGCTGCCTAAAATACAAGCTGAGTTAGAGACAGCCCTTGTAAGACTAGAAAAAGAAATGGAAACTAAGTAACATGAATTAACATAGTCCAGGGTCACAAAGCAACATGGAACAAGAACCTGGATCTGAATTCAGAGGCAGAATGCTGGGAAAGGCCTTGTGAGGACATAACCAGGAAGAGAGTCCTCACCAGAACCTGACCATACCTGCACCCTGATCTCAAGCTTCCAGCTTCCAGAACCATGAGAAATCAATGTTTGTTGTTTTAGCCACCCAGTCTACAGAAATTTGTTATAGCCACCCTAGCTGACTACCACATTGGACATCACAGCAAACACTACAACCAGTAAGTCTCTGCTTGTATTAACTGGAACATTTCCAAAGCCTGTCCTACTCAGGATAAATGCACAAAAGAAAAATTAGTAGTTGACGGCAGAATTCTTAAGAGAGCAGTTTTGCATTTTTTACCAAGTAATACTTATTTAACTTCTAGGGCAGTAAAGTAAGAGAAATTGTTACTCTCCACCTCCTGCCATCATGAATTTAGGAAATGTAGAAAGTTATTCTGTTAATAAAGATGTGAACTTGCTGTTGAAGAGAAAA,False
1491,-691,12.4677305,-12.773251,1.0913921e-11,11.237656,-11.650187,1.1479856e-10,13.175261,-12.7982235,5.2463736e-12,12.581836,-12.917897,8.425713e-12,12.006525,-12.147663,3.2357082e-11,3.434833e-11,ENST00000596180.5,-691,CCGTGGGAGGGAAGGCACTCTCTGTCAAGCTGCTGTCACCTTACCTGAAGTAAGGAGTCCACGCCTGCATGTCCGAGGAAAACAGTTTTCTCAAACACATTAGTTGAAAAACTGAAGACGCTGCCTAAAATACAAGCTGAGTTAGAGACAGCCCTTGTAAGACTAGAAAAAGAAATGGAAACTAAGTAACATGAATTAACATAGTCCAGGGTCACAAAGCAACATGGAACAAGAACCTGGATCTGAATTCAGAGGCAGAATGCTGGGCCTGAGAATCAGGAGAGTCAATGGTATTAGTGCTTGTCCGGAAGCCATCATGCTTCAAAACCAAGAAGAGCTGATTTTCCAGTTGGAGTCTAAAGGTGAGGTGATGCCGCGCCCTGCTTCGACTCACACTTGGTGTGCTGCACCCACTGTCCTGCACCCACGGTCCGACAATCCCCAGTGAAATGAACCCAGTACCTCAGTTGGAAATGCAGAAATCATTTGTCTTCTGTGTGCCTCACGCTGGGAGCTGAAGACTGGAGCTGTTCCTATTCGGCCATCTTGGCTAGCCAAAAACTACCGCAATTTCTTTATCCAGTCTATCACTGATGGACATTTGGGTTGGTTCCAAGTCTTTGCTATTGTGAATAGTGCCACAATAAACATATGTGTGCATGTGTCTTAA,False
1492,-686,11.456195,-11.767068,8.208525e-11,13.240754,-13.642885,2.1114625e-12,14.411281,-14.06692,4.2862204e-13,12.030727,-12.36428,2.5432122e-11,12.076961,-12.201634,2.857197e-11,2.7725886e-11,ENST00000599315.5,-686,CCGTGGGAGGGAAGGCACTCTCTGTCAAGCTGCTGTCACCTTACCTGAAGTAAGGAGTCCACGCCTGCATGTCCGAGGAAAACAGTTTTCTCAAACACATTAGTTGAAAAACTGAAGACGCTGCCTAAAATACAAGCTGAGTTAGAGACAGCCCTTGTAAGACTAGAAAAAGAAATGGAAACTAAGTAACATGAATTAACATAGTCCAGGGTCACAAAGCAACATGGAACAAGAACCTGGATCTGAATTCAGAGGCAGAATGCTGGGAAAGGCCTTGTGAGGACATAACCAGGAAGAGAGTCCTCACCAGAACCTGACCATACCTGCACCCTGATCTCAAGCTTCCAGCTTCCAGAACCATGAGAAATCAATGTTTGTTGTTTTAGCCACCCAGTCTACAGAAATTTGTTATAGCCACCCTAGCTGACTACCACATTGGACATCACAGCAAACACTACAACCACAAGTCCAGTTGGCTCCACAAGCTTGAGCTCACCATTTCTCACCAGCTCCACCGCTACCTCCAAATAAAAGAAATGGCTGAAATCCTTTGGAACCAATATGACCAACTGGAGTCGGTGCAGAAGGAGCTTGCTGACAACGCAGCCTGAATTTCCACCCTATGTTTCATACCAACTCCCCCTGAATTTGCACATGTGATACATGAGATAGCATGAAGAGATAACTGAGCATGCCCAAGGACTTTCCAGACTTCTGCTTTCCTTCCACCAATCACCTGCTAATCTCAGAATCCACCCCCTGAAACTTTTCTAATAAAAA,False
1493,-688,12.00626,-12.334814,2.6841444e-11,12.85398,-13.248404,4.6118933e-12,13.735442,-13.3604,1.7077535e-12,11.792915,-12.124143,4.1016076e-11,12.98395,-13.09199,4.7354746e-12,1.5782528e-11,ENST00000593429.5,-688,CCGTGGGAGGGAAGGCACTCTCTGTCAAGCTGCTGTCACCTTACCTGAAGTAAGGAGTCCACGCCTGCATGTCCGAGGAAAACAGTTTTCTCAAACACATTAGTTGAAAAACTGAAGACGCTGCCTAAAATACAAGCTGAGTTAGAGACAGCCCTTGTAAGACTAGAAAAAGAAATGGAAACTAAGTAACATGAATTAACATAGTCCAGGGTCACAAAGCAACATGGAACAAGAACCTGGATCTGAATTCAGAGGCAGAATGCTGGAAAGCCAGTTAAACATTTACTAGCACACCACTAGGCATAGACAGACTGAAGCAACCTCTTAAGGTGGTAGCTAAGAGAACTCACACCCAGACCCTACTCTCTCAAGGCAGAGGGAGGACGAAACTCAACCAGGAAGCCAGAGAACACAGGAGCCACTCTACATGCTCTACACAAACCATCCCCTGGAAAAGATAGCAGGGTACAGACTAGAACCGCATAGTAAGGCTACCTATCATGAATGCACTCCTGCCTGGGTGACAGAATGGCTCTCCAGTGTCTTCTTCAAGCAAGTGTGTCGACAGTGATTCAAGTAACTGAAAGAGAAACCAACAAAGTATCATTTGTCGCAATATCTCAATTATTCTCTTTTAACCATCCTTATCACTCTTGATTTTCC,False
1494,-681,11.868005,-12.173666,3.6210507e-11,12.052987,-12.501229,2.1688991e-11,13.529329,-13.141209,2.6129587e-12,13.907186,-14.234218,6.0026615e-13,12.616953,-12.783783,9.302519e-12,1.4083047e-11,ENST00000597745.5,-681,CCGTGGGAGGGAAGGCACTCTCTGTCAAGCTGCTGTCACCTTACCTGAAGTAAGGAGTCCACGCCTGCATGTCCGAGGAAAACAGTTTTCTCAAACACATTAGTTGAAAAACTGAAGACGCTGCCTAAAATACAAGCTGAGTTAGAGACAGCCCTTGTAAGACTAGAAAAAGAAATGGAAACTAAGTAACATGAATTAACATAGTCCAGGGTCACAAAGCAACATGGAACAAGAACCTGGATCTGAATTCAGAGGCAGAATGCTGGAGATAGGGTCTTGTTCTGTCGCCCAGGCTTGGGTGCAATGGCATGATCACAGCTCACTGCAGCCTCGAACTCCTGGGCTCTAGTGATTCTCTTGCCTCAGCCTCCCTTGTAGTTGGACTACAGGCCTGAGAATCAGGAGAGTCAATGGTATTAGTGCTTGTCCGGAAGCCATCATGCTTCAAAACCAAGAAGAGCTGATTTTCCAGTTGGAGTCTAAAGTGACTTGCTGAGGTTGGTACTATTTATCATTCCCATTTTCACTGACAAGGAAGAGAAAAGTTAAAGAACTACTTGAGATTACCCAGCTGGCACATGGCCAGGCGAAGATTGGAACAAAGCCTGCGGAGCTCAGAACCTGTGCAGTTGACTGTCACATTATATCACTCTTACCTCCCAGCGATCTACAGTAAAGCCCCCACCAAGGGACTGAGGAGAGAGGGAAGGCTTCAGGAAACTTGGACTAGAGAGTACGCTGTAAAG,False
1495,-679,13.057002,-13.360017,3.366933e-12,11.835985,-12.243702,3.485979e-11,13.231703,-12.852036,4.6986763e-12,13.027966,-13.363143,3.455308e-12,12.516718,-12.6608,1.1629026e-11,1.1601946e-11,ENST00000434512.1,-679,CAGCCTCGTCCCAAATGCCGTGGGAGGGAAGGCACTCTCTGTCAAGCTGCTGTCACCTTACCTGAAGTAAGGAGTCCACGCCTGCATGTCCGAGGAAAACAGTTTTCTCAAACACATTAGTTGAAAAACTGAAGACGCTGCCTAAAATACAAGCTGAGTTAGAGACAGCCCTTGTAAGACTAGGAAAGGCCTTGTGAGGACATAACCAGGAAGAGAGTCCTCACCAGAACCTGACCATACCTGCACCCTGATCTCAAGCTTCCAGCTTCCAGAACCATGAGAAATCAATGTTTGTTGTTTTAGCCACCCAGTCTACAGAAATTTGTTATAGCCACCCTAGCTGACTACCACATTGGACATCACAGCAAACACTACAACCAGTAAGTCTCTGCTTGTATTAACTGGAACATTTCCAAAGCCTGTCCTACTCAGGATAAATGCACAAAAGAAAAATTAGTAGTTGACG,False
1496,-680,12.438279,-12.7179,1.1879826e-11,11.880504,-12.266261,3.2598178e-11,13.432771,-13.039545,3.185803e-12,14.71526,-15.052498,1.1803946e-13,12.7447405,-12.894805,7.3263375e-12,1.1021637e-11,ENST00000600477.5,-680,CCGTGGGAGGGAAGGCACTCTCTGTCAAGCTGCTGTCACCTTACCTGAAGTAAGGAGTCCACGCCTGCATGTCCGAGGAAAACAGTTTTCTCAAACACATTAGTTGAAAAACTGAAGACGCTGCCTAAAATACAAGCTGAGTTAGAGACAGCCCTTGTAAGACTAGGCTCAAACTGTAATACTGGCTCTTCTCAGGTCTTGAGCCTACTTGCCTTCAGATTGGAACTTTACCATCTGCTCTCCTGGTTCTCAGGCCTTCAGGGGAGTCTAGAACTATGCCACTGACTCTCCTGGTCTCCAGTTTTTCAACTTCAAATCTTGGGATTTAGTCTCGATGATCATAAAAAGAAATGGAAACTAAGTAACATGAATTAACATAGTCCAGGGTCACAAAGCAACATGGAACAAGAACCTGGATCTGAATTCAGAGGCAGAATGCTGGAATCTAAGCCAGAATGAGGTTACTGCCTAGGCAAAGAAGAAGACAGCTCATCACAGGCTCAGCCAATTCATTGAGGCTCTTCATGTTACTCTGGAATCACAAAATGTAAGAATAAAAGGGGTAGAAAGTC,False
1497,-690,12.172432,-12.477417,1.9710908e-11,12.069737,-12.502607,2.1299325e-11,13.619773,-13.231912,2.1800255e-12,13.726107,-14.051821,8.633749e-13,12.62828,-12.775125,9.27773e-12,1.0666273e-11,ENST00000598864.5,-690,CCGTGGGAGGGAAGGCACTCTCTGTCAAGCTGCTGTCACCTTACCTGAAGTAAGGAGTCCACGCCTGCATGTCCGAGGAAAACAGTTTTCTCAAACACATTAGTTGAAAAACTGAAGACGCTGCCTAAAATACAAGCTGAGTTAGAGACAGCCCTTGTAAGACTAGAAAAAGAAATGGAAACTAAGTAACATGAATTAACATAGTCCAGGGTCACAAAGCAACATGGAACAAGAACCTGGATCTGAATTCAGAGGCAGAATGCTGGAATCTAAGCCAGAATGAGGTTACTGCCTAGGCAAAGAAGAAGACAGCTCATCACAGGTTTAGGAATGAAGACAGATCTGCTGGGTTAGGTTGTAAGTGACAGTCTCAGAGCACAGCCAATCTGATTCTAAAATGAGCACATGAGGATGTAAGTATTCAAGACAGATCCACAACCAAAAAGTTAGTTCAAGACAAAGACTGCTGACTAGACTCAGTACTCAAGATCCAGCATACCCACCCATTCTGGGAGAATGCAAGCAATCACCAGTACTTTACATGGATGGAATGCTCAGGTCAAGAAATTCCAACAGTAAGAATCCAGAACCTGGAAGTGAAAGTACAAAGCAGAAAGAATTGACTATGTCCGTATACTTTCTCAACCATATCTCATGTGTAATCCACTTGGCAGGAAGGGGTAAGGTTTTCTTTTTAGTGTTGGTCTCTTGTTTACTAAAATGACGATATTTAGGAGAGCATGTCCCATTCCTCTGATTCCATACCATCTTCCTTATCCAGTTGGTAGG,False
1498,-125,12.2064905,-12.52447,1.817524e-11,12.468421,-12.882328,9.779332e-12,14.052857,-13.677611,9.053374e-13,12.225652,-12.561694,1.7178786e-11,12.9059515,-13.028673,5.4542625e-12,1.0298591e-11,ENST00000601318.1,-125,CCGTGGGAGGGAAGGCACTCTCTGTCAAGCTGCTGTCACCTTACCTGAAGTAAGGAGTCCACGCCTGCATGTCCGAGGAAAACAGTTTTCTCAAACACATTAGTTGAAAAACTGAAGACGCTGCCTAAAATACAAGCTGAGTTAGAGACAGCCCTTGTAAGACTAGGAAAGGCCTTGTGAGGACATAACCAGGAAGAGAGTCCTCACCAGAACCTGACCATACCTGCACCCTGATCTCAAGCTTCCAGCTTCCAGAACCATGAGAAATCAATGTTTGTTGTTTTAGCCACCCAGTCTACAGAAATTTGTTATAGCCACCCTAGCTGACTACCACATTGGACATCACAGCAAACACTACAACCAATAAAAGAAATGGCTGAAATCCTTTGGAACCAATATGACCAACTGGAGTCGGTGCAGAAGGAGCTTGCTGACAACGCAGCCTGAATTTCCACCCTATGTTTCATACCAACTCCCCCTGAATTTGCACATGTGATACATGAGATAGCATGAAGAGATAACTGAGCATGCCCAAGGACTTTCCAGACTTCTGCTTTCCTTCCACCAATCACCTGCTAATCTCAGAATCCACCCCCTGAAACTTTTCTAATAAAAATACTGTTTTGAAGGCAGCACAGGGAGACA,False
